# T	Cv
1.000000e+01 4.388380e-01
5.000000e+00 1.295258e+00
3.333333e+00 2.073856e+00
2.500000e+00 2.593777e+00
2.000000e+00 2.865824e+00
1.666667e+00 2.962771e+00
1.428571e+00 2.955980e+00
1.250000e+00 2.897091e+00
1.111111e+00 2.818278e+00
1.000000e+00 2.737428e+00
9.090909e-01 2.663241e+00
8.333333e-01 2.599003e+00
7.692308e-01 2.545066e+00
7.142857e-01 2.500362e+00
6.666667e-01 2.463275e+00
6.250000e-01 2.432114e+00
5.882353e-01 2.405346e+00
5.555556e-01 2.381682e+00
5.263158e-01 2.360105e+00
5.000000e-01 2.339848e+00
4.761905e-01 2.320354e+00
4.545455e-01 2.301244e+00
4.347826e-01 2.282271e+00
4.166667e-01 2.263291e+00
4.000000e-01 2.244228e+00
3.846154e-01 2.225055e+00
3.703704e-01 2.205772e+00
3.571429e-01 2.186401e+00
3.448276e-01 2.166973e+00
3.333333e-01 2.147525e+00
3.225806e-01 2.128095e+00
3.125000e-01 2.108724e+00
3.030303e-01 2.089450e+00
2.941176e-01 2.070310e+00
2.857143e-01 2.051337e+00
2.777778e-01 2.032563e+00
2.702703e-01 2.014014e+00
2.631579e-01 1.995716e+00
2.564103e-01 1.977690e+00
2.500000e-01 1.959954e+00
2.439024e-01 1.942524e+00
2.380952e-01 1.925414e+00
2.325581e-01 1.908634e+00
2.272727e-01 1.892192e+00
2.222222e-01 1.876097e+00
2.173913e-01 1.860353e+00
2.127660e-01 1.844964e+00
2.083333e-01 1.829933e+00
2.040816e-01 1.815260e+00
2.000000e-01 1.800948e+00
1.960784e-01 1.786994e+00
1.923077e-01 1.773398e+00
1.886792e-01 1.760159e+00
1.851852e-01 1.747274e+00
1.818182e-01 1.734740e+00
1.785714e-01 1.722555e+00
1.754386e-01 1.710715e+00
1.724138e-01 1.699217e+00
1.694915e-01 1.688058e+00
1.666667e-01 1.677233e+00
1.639344e-01 1.666739e+00
1.612903e-01 1.656572e+00
1.587302e-01 1.646727e+00
1.562500e-01 1.637200e+00
1.538462e-01 1.627987e+00
1.515152e-01 1.619082e+00
1.492537e-01 1.610483e+00
1.470588e-01 1.602183e+00
1.449275e-01 1.594178e+00
1.428571e-01 1.586464e+00
1.408451e-01 1.579036e+00
1.388889e-01 1.571889e+00
1.369863e-01 1.565019e+00
1.351351e-01 1.558421e+00
1.333333e-01 1.552090e+00
1.315789e-01 1.546023e+00
1.298701e-01 1.540215e+00
1.282051e-01 1.534662e+00
1.265823e-01 1.529360e+00
1.250000e-01 1.524305e+00
1.234568e-01 1.519492e+00
1.219512e-01 1.514916e+00
1.204819e-01 1.510575e+00
1.190476e-01 1.506463e+00
1.176471e-01 1.502575e+00
1.162791e-01 1.498908e+00
1.149425e-01 1.495455e+00
1.136364e-01 1.492213e+00
1.123596e-01 1.489177e+00
1.111111e-01 1.486342e+00
1.098901e-01 1.483702e+00
1.086957e-01 1.481255e+00
1.075269e-01 1.478995e+00
1.063830e-01 1.476917e+00
1.052632e-01 1.475019e+00
1.041667e-01 1.473295e+00
1.030928e-01 1.471743e+00
1.020408e-01 1.470358e+00
1.010101e-01 1.469137e+00
1.000000e-01 1.468077e+00
9.900990e-02 1.467174e+00
9.803922e-02 1.466425e+00
9.708738e-02 1.465828e+00
9.615385e-02 1.465380e+00
9.523810e-02 1.465077e+00
9.433962e-02 1.464916e+00
9.345794e-02 1.464895e+00
9.259259e-02 1.465012e+00
9.174312e-02 1.465262e+00
9.090909e-02 1.465644e+00
9.009009e-02 1.466155e+00
8.928571e-02 1.466791e+00
8.849558e-02 1.467550e+00
8.771930e-02 1.468430e+00
8.695652e-02 1.469427e+00
8.620690e-02 1.470539e+00
8.547009e-02 1.471762e+00
8.474576e-02 1.473094e+00
8.403361e-02 1.474533e+00
8.333333e-02 1.476074e+00
8.264463e-02 1.477716e+00
8.196721e-02 1.479456e+00
8.130081e-02 1.481290e+00
8.064516e-02 1.483216e+00
8.000000e-02 1.485231e+00
7.936508e-02 1.487332e+00
7.874016e-02 1.489515e+00
7.812500e-02 1.491779e+00
7.751938e-02 1.494120e+00
7.692308e-02 1.496536e+00
7.633588e-02 1.499022e+00
7.575758e-02 1.501577e+00
7.518797e-02 1.504198e+00
7.462687e-02 1.506881e+00
7.407407e-02 1.509623e+00
7.352941e-02 1.512423e+00
7.299270e-02 1.515276e+00
7.246377e-02 1.518180e+00
7.194245e-02 1.521132e+00
7.142857e-02 1.524129e+00
7.092199e-02 1.527168e+00
7.042254e-02 1.530248e+00
6.993007e-02 1.533364e+00
6.944444e-02 1.536515e+00
6.896552e-02 1.539698e+00
6.849315e-02 1.542911e+00
6.802721e-02 1.546150e+00
6.756757e-02 1.549415e+00
6.711409e-02 1.552703e+00
6.666667e-02 1.556011e+00
6.622517e-02 1.559338e+00
6.578947e-02 1.562683e+00
6.535948e-02 1.566043e+00
6.493506e-02 1.569417e+00
6.451613e-02 1.572804e+00
6.410256e-02 1.576202e+00
6.369427e-02 1.579610e+00
6.329114e-02 1.583027e+00
6.289308e-02 1.586453e+00
6.250000e-02 1.589886e+00
6.211180e-02 1.593326e+00
6.172840e-02 1.596773e+00
6.134969e-02 1.600225e+00
6.097561e-02 1.603684e+00
6.060606e-02 1.607148e+00
6.024096e-02 1.610617e+00
5.988024e-02 1.614092e+00
5.952381e-02 1.617573e+00
5.917160e-02 1.621059e+00
5.882353e-02 1.624551e+00
5.847953e-02 1.628049e+00
5.813953e-02 1.631552e+00
5.780347e-02 1.635061e+00
5.747126e-02 1.638576e+00
5.714286e-02 1.642097e+00
5.681818e-02 1.645623e+00
5.649718e-02 1.649155e+00
5.617978e-02 1.652691e+00
5.586592e-02 1.656232e+00
5.555556e-02 1.659776e+00
5.524862e-02 1.663324e+00
5.494505e-02 1.666873e+00
5.464481e-02 1.670425e+00
5.434783e-02 1.673976e+00
5.405405e-02 1.677528e+00
5.376344e-02 1.681078e+00
5.347594e-02 1.684626e+00
5.319149e-02 1.688170e+00
5.291005e-02 1.691710e+00
5.263158e-02 1.695245e+00
5.235602e-02 1.698774e+00
5.208333e-02 1.702296e+00
5.181347e-02 1.705811e+00
5.154639e-02 1.709317e+00
5.128205e-02 1.712816e+00
5.102041e-02 1.716304e+00
5.076142e-02 1.719784e+00
5.050505e-02 1.723254e+00
5.025126e-02 1.726713e+00
5.000000e-02 1.730162e+00
4.975124e-02 1.733601e+00
4.950495e-02 1.737029e+00
4.926108e-02 1.740446e+00
4.901961e-02 1.743852e+00
4.878049e-02 1.747247e+00
4.854369e-02 1.750630e+00
4.830918e-02 1.754001e+00
4.807692e-02 1.757361e+00
4.784689e-02 1.760709e+00
4.761905e-02 1.764044e+00
4.739336e-02 1.767366e+00
4.716981e-02 1.770675e+00
4.694836e-02 1.773971e+00
4.672897e-02 1.777253e+00
4.651163e-02 1.780520e+00
4.629630e-02 1.783773e+00
4.608295e-02 1.787010e+00
4.587156e-02 1.790231e+00
4.566210e-02 1.793436e+00
4.545455e-02 1.796623e+00
4.524887e-02 1.799793e+00
4.504505e-02 1.802944e+00
4.484305e-02 1.806076e+00
4.464286e-02 1.809188e+00
4.444444e-02 1.812279e+00
4.424779e-02 1.815349e+00
4.405286e-02 1.818396e+00
4.385965e-02 1.821420e+00
4.366812e-02 1.824420e+00
4.347826e-02 1.827394e+00
4.329004e-02 1.830342e+00
4.310345e-02 1.833263e+00
4.291845e-02 1.836156e+00
4.273504e-02 1.839018e+00
4.255319e-02 1.841851e+00
4.237288e-02 1.844651e+00
4.219409e-02 1.847418e+00
4.201681e-02 1.850152e+00
4.184100e-02 1.852849e+00
4.166667e-02 1.855510e+00
4.149378e-02 1.858134e+00
4.132231e-02 1.860718e+00
4.115226e-02 1.863262e+00
4.098361e-02 1.865766e+00
4.081633e-02 1.868227e+00
4.065041e-02 1.870645e+00
4.048583e-02 1.873019e+00
4.032258e-02 1.875348e+00
4.016064e-02 1.877632e+00
4.000000e-02 1.879870e+00
3.984064e-02 1.882061e+00
3.968254e-02 1.884206e+00
3.952569e-02 1.886303e+00
3.937008e-02 1.888353e+00
3.921569e-02 1.890356e+00
3.906250e-02 1.892312e+00
3.891051e-02 1.894220e+00
3.875969e-02 1.896083e+00
3.861004e-02 1.897898e+00
3.846154e-02 1.899669e+00
3.831418e-02 1.901394e+00
3.816794e-02 1.903075e+00
3.802281e-02 1.904712e+00
3.787879e-02 1.906307e+00
3.773585e-02 1.907860e+00
3.759398e-02 1.909372e+00
3.745318e-02 1.910844e+00
3.731343e-02 1.912278e+00
3.717472e-02 1.913674e+00
3.703704e-02 1.915034e+00
3.690037e-02 1.916358e+00
3.676471e-02 1.917647e+00
3.663004e-02 1.918904e+00
3.649635e-02 1.920128e+00
3.636364e-02 1.921321e+00
3.623188e-02 1.922483e+00
3.610108e-02 1.923617e+00
3.597122e-02 1.924722e+00
3.584229e-02 1.925800e+00
3.571429e-02 1.926851e+00
3.558719e-02 1.927877e+00
3.546099e-02 1.928879e+00
3.533569e-02 1.929856e+00
3.521127e-02 1.930810e+00
3.508772e-02 1.931742e+00
3.496503e-02 1.932652e+00
3.484321e-02 1.933541e+00
3.472222e-02 1.934410e+00
3.460208e-02 1.935259e+00
3.448276e-02 1.936089e+00
3.436426e-02 1.936900e+00
3.424658e-02 1.937693e+00
3.412969e-02 1.938469e+00
3.401361e-02 1.939228e+00
3.389831e-02 1.939971e+00
3.378378e-02 1.940698e+00
3.367003e-02 1.941410e+00
3.355705e-02 1.942108e+00
3.344482e-02 1.942792e+00
3.333333e-02 1.943462e+00
3.322259e-02 1.944120e+00
3.311258e-02 1.944767e+00
3.300330e-02 1.945402e+00
3.289474e-02 1.946027e+00
3.278689e-02 1.946642e+00
3.267974e-02 1.947249e+00
3.257329e-02 1.947848e+00
3.246753e-02 1.948439e+00
3.236246e-02 1.949025e+00
3.225806e-02 1.949605e+00
3.215434e-02 1.950180e+00
3.205128e-02 1.950752e+00
3.194888e-02 1.951321e+00
3.184713e-02 1.951888e+00
3.174603e-02 1.952455e+00
3.164557e-02 1.953021e+00
3.154574e-02 1.953589e+00
3.144654e-02 1.954158e+00
3.134796e-02 1.954729e+00
3.125000e-02 1.955304e+00
3.115265e-02 1.955884e+00
3.105590e-02 1.956468e+00
3.095975e-02 1.957058e+00
3.086420e-02 1.957655e+00
3.076923e-02 1.958260e+00
3.067485e-02 1.958872e+00
3.058104e-02 1.959493e+00
3.048780e-02 1.960123e+00
3.039514e-02 1.960764e+00
3.030303e-02 1.961414e+00
3.021148e-02 1.962076e+00
3.012048e-02 1.962749e+00
3.003003e-02 1.963434e+00
2.994012e-02 1.964131e+00
2.985075e-02 1.964841e+00
2.976190e-02 1.965563e+00
2.967359e-02 1.966299e+00
2.958580e-02 1.967047e+00
2.949853e-02 1.967809e+00
2.941176e-02 1.968584e+00
2.932551e-02 1.969372e+00
2.923977e-02 1.970173e+00
2.915452e-02 1.970988e+00
2.906977e-02 1.971815e+00
2.898551e-02 1.972655e+00
2.890173e-02 1.973506e+00
2.881844e-02 1.974370e+00
2.873563e-02 1.975244e+00
2.865330e-02 1.976130e+00
2.857143e-02 1.977025e+00
2.849003e-02 1.977930e+00
2.840909e-02 1.978843e+00
2.832861e-02 1.979764e+00
2.824859e-02 1.980692e+00
2.816901e-02 1.981627e+00
2.808989e-02 1.982566e+00
2.801120e-02 1.983509e+00
2.793296e-02 1.984455e+00
2.785515e-02 1.985402e+00
2.777778e-02 1.986351e+00
2.770083e-02 1.987298e+00
2.762431e-02 1.988244e+00
2.754821e-02 1.989187e+00
2.747253e-02 1.990126e+00
2.739726e-02 1.991059e+00
2.732240e-02 1.991985e+00
2.724796e-02 1.992902e+00
2.717391e-02 1.993811e+00
2.710027e-02 1.994708e+00
2.702703e-02 1.995594e+00
2.695418e-02 1.996466e+00
2.688172e-02 1.997324e+00
2.680965e-02 1.998167e+00
2.673797e-02 1.998992e+00
2.666667e-02 1.999800e+00
2.659574e-02 2.000589e+00
2.652520e-02 2.001358e+00
2.645503e-02 2.002106e+00
2.638522e-02 2.002833e+00
2.631579e-02 2.003537e+00
2.624672e-02 2.004217e+00
2.617801e-02 2.004874e+00
2.610966e-02 2.005506e+00
2.604167e-02 2.006113e+00
2.597403e-02 2.006694e+00
2.590674e-02 2.007249e+00
2.583979e-02 2.007777e+00
2.577320e-02 2.008279e+00
2.570694e-02 2.008754e+00
2.564103e-02 2.009201e+00
2.557545e-02 2.009621e+00
2.551020e-02 2.010013e+00
2.544529e-02 2.010379e+00
2.538071e-02 2.010717e+00
2.531646e-02 2.011028e+00
2.525253e-02 2.011312e+00
2.518892e-02 2.011569e+00
2.512563e-02 2.011800e+00
2.506266e-02 2.012005e+00
2.500000e-02 2.012184e+00
2.493766e-02 2.012339e+00
2.487562e-02 2.012469e+00
2.481390e-02 2.012575e+00
2.475248e-02 2.012657e+00
2.469136e-02 2.012717e+00
2.463054e-02 2.012754e+00
2.457002e-02 2.012771e+00
2.450980e-02 2.012766e+00
2.444988e-02 2.012742e+00
2.439024e-02 2.012699e+00
2.433090e-02 2.012637e+00
2.427184e-02 2.012559e+00
2.421308e-02 2.012463e+00
2.415459e-02 2.012352e+00
2.409639e-02 2.012226e+00
2.403846e-02 2.012086e+00
2.398082e-02 2.011933e+00
2.392344e-02 2.011768e+00
2.386635e-02 2.011592e+00
2.380952e-02 2.011405e+00
2.375297e-02 2.011209e+00
2.369668e-02 2.011004e+00
2.364066e-02 2.010791e+00
2.358491e-02 2.010570e+00
2.352941e-02 2.010344e+00
2.347418e-02 2.010111e+00
2.341920e-02 2.009873e+00
2.336449e-02 2.009631e+00
2.331002e-02 2.009385e+00
2.325581e-02 2.009135e+00
2.320186e-02 2.008882e+00
2.314815e-02 2.008627e+00
2.309469e-02 2.008369e+00
2.304147e-02 2.008109e+00
2.298851e-02 2.007847e+00
2.293578e-02 2.007583e+00
2.288330e-02 2.007316e+00
2.283105e-02 2.007048e+00
2.277904e-02 2.006777e+00
2.272727e-02 2.006504e+00
2.267574e-02 2.006227e+00
2.262443e-02 2.005947e+00
2.257336e-02 2.005663e+00
2.252252e-02 2.005375e+00
2.247191e-02 2.005080e+00
2.242152e-02 2.004780e+00
2.237136e-02 2.004473e+00
2.232143e-02 2.004158e+00
2.227171e-02 2.003835e+00
2.222222e-02 2.003501e+00
2.217295e-02 2.003157e+00
2.212389e-02 2.002802e+00
2.207506e-02 2.002434e+00
2.202643e-02 2.002053e+00
2.197802e-02 2.001657e+00
2.192982e-02 2.001246e+00
2.188184e-02 2.000820e+00
2.183406e-02 2.000377e+00
2.178649e-02 1.999917e+00
2.173913e-02 1.999439e+00
2.169197e-02 1.998943e+00
2.164502e-02 1.998430e+00
2.159827e-02 1.997897e+00
2.155172e-02 1.997347e+00
2.150538e-02 1.996778e+00
2.145923e-02 1.996191e+00
2.141328e-02 1.995587e+00
2.136752e-02 1.994965e+00
2.132196e-02 1.994326e+00
2.127660e-02 1.993672e+00
2.123142e-02 1.993002e+00
2.118644e-02 1.992318e+00
2.114165e-02 1.991621e+00
2.109705e-02 1.990911e+00
2.105263e-02 1.990190e+00
2.100840e-02 1.989458e+00
2.096436e-02 1.988717e+00
2.092050e-02 1.987968e+00
2.087683e-02 1.987212e+00
2.083333e-02 1.986451e+00
2.079002e-02 1.985684e+00
2.074689e-02 1.984914e+00
2.070393e-02 1.984142e+00
2.066116e-02 1.983368e+00
2.061856e-02 1.982594e+00
2.057613e-02 1.981820e+00
2.053388e-02 1.981048e+00
2.049180e-02 1.980278e+00
2.044990e-02 1.979512e+00
2.040816e-02 1.978749e+00
2.036660e-02 1.977991e+00
2.032520e-02 1.977239e+00
2.028398e-02 1.976493e+00
2.024291e-02 1.975753e+00
2.020202e-02 1.975020e+00
2.016129e-02 1.974295e+00
2.012072e-02 1.973578e+00
2.008032e-02 1.972869e+00
2.004008e-02 1.972170e+00
2.000000e-02 1.971479e+00
1.996008e-02 1.970797e+00
1.992032e-02 1.970124e+00
1.988072e-02 1.969462e+00
1.984127e-02 1.968808e+00
1.980198e-02 1.968165e+00
1.976285e-02 1.967531e+00
1.972387e-02 1.966908e+00
1.968504e-02 1.966294e+00
1.964637e-02 1.965689e+00
1.960784e-02 1.965095e+00
1.956947e-02 1.964510e+00
1.953125e-02 1.963935e+00
1.949318e-02 1.963368e+00
1.945525e-02 1.962812e+00
1.941748e-02 1.962264e+00
1.937984e-02 1.961725e+00
1.934236e-02 1.961194e+00
1.930502e-02 1.960672e+00
1.926782e-02 1.960159e+00
1.923077e-02 1.959653e+00
1.919386e-02 1.959155e+00
1.915709e-02 1.958664e+00
1.912046e-02 1.958181e+00
1.908397e-02 1.957704e+00
1.904762e-02 1.957235e+00
1.901141e-02 1.956772e+00
1.897533e-02 1.956315e+00
1.893939e-02 1.955863e+00
1.890359e-02 1.955418e+00
1.886792e-02 1.954978e+00
1.883239e-02 1.954543e+00
1.879699e-02 1.954113e+00
1.876173e-02 1.953688e+00
1.872659e-02 1.953267e+00
1.869159e-02 1.952850e+00
1.865672e-02 1.952438e+00
1.862197e-02 1.952029e+00
1.858736e-02 1.951623e+00
1.855288e-02 1.951222e+00
1.851852e-02 1.950823e+00
1.848429e-02 1.950427e+00
1.845018e-02 1.950034e+00
1.841621e-02 1.949644e+00
1.838235e-02 1.949256e+00
1.834862e-02 1.948870e+00
1.831502e-02 1.948487e+00
1.828154e-02 1.948106e+00
1.824818e-02 1.947727e+00
1.821494e-02 1.947350e+00
1.818182e-02 1.946975e+00
1.814882e-02 1.946601e+00
1.811594e-02 1.946229e+00
1.808318e-02 1.945858e+00
1.805054e-02 1.945490e+00
1.801802e-02 1.945122e+00
1.798561e-02 1.944756e+00
1.795332e-02 1.944391e+00
1.792115e-02 1.944027e+00
1.788909e-02 1.943665e+00
1.785714e-02 1.943303e+00
1.782531e-02 1.942943e+00
1.779359e-02 1.942583e+00
1.776199e-02 1.942225e+00
1.773050e-02 1.941868e+00
1.769912e-02 1.941511e+00
1.766784e-02 1.941155e+00
1.763668e-02 1.940800e+00
1.760563e-02 1.940446e+00
1.757469e-02 1.940092e+00
1.754386e-02 1.939739e+00
1.751313e-02 1.939387e+00
1.748252e-02 1.939035e+00
1.745201e-02 1.938683e+00
1.742160e-02 1.938332e+00
1.739130e-02 1.937981e+00
1.736111e-02 1.937631e+00
1.733102e-02 1.937280e+00
1.730104e-02 1.936930e+00
1.727116e-02 1.936580e+00
1.724138e-02 1.936230e+00
1.721170e-02 1.935880e+00
1.718213e-02 1.935531e+00
1.715266e-02 1.935181e+00
1.712329e-02 1.934831e+00
1.709402e-02 1.934481e+00
1.706485e-02 1.934130e+00
1.703578e-02 1.933780e+00
1.700680e-02 1.933430e+00
1.697793e-02 1.933079e+00
1.694915e-02 1.932728e+00
1.692047e-02 1.932377e+00
1.689189e-02 1.932026e+00
1.686341e-02 1.931676e+00
1.683502e-02 1.931325e+00
1.680672e-02 1.930974e+00
1.677852e-02 1.930623e+00
1.675042e-02 1.930272e+00
1.672241e-02 1.929922e+00
1.669449e-02 1.929572e+00
1.666667e-02 1.929223e+00
1.663894e-02 1.928874e+00
1.661130e-02 1.928526e+00
1.658375e-02 1.928178e+00
1.655629e-02 1.927832e+00
1.652893e-02 1.927486e+00
1.650165e-02 1.927142e+00
1.647446e-02 1.926799e+00
1.644737e-02 1.926458e+00
1.642036e-02 1.926118e+00
1.639344e-02 1.925780e+00
1.636661e-02 1.925443e+00
1.633987e-02 1.925109e+00
1.631321e-02 1.924777e+00
1.628664e-02 1.924448e+00
1.626016e-02 1.924121e+00
1.623377e-02 1.923797e+00
1.620746e-02 1.923475e+00
1.618123e-02 1.923157e+00
1.615509e-02 1.922841e+00
1.612903e-02 1.922529e+00
1.610306e-02 1.922220e+00
1.607717e-02 1.921915e+00
1.605136e-02 1.921613e+00
1.602564e-02 1.921315e+00
1.600000e-02 1.921021e+00
1.597444e-02 1.920731e+00
1.594896e-02 1.920444e+00
1.592357e-02 1.920162e+00
1.589825e-02 1.919884e+00
1.587302e-02 1.919610e+00
1.584786e-02 1.919339e+00
1.582278e-02 1.919073e+00
1.579779e-02 1.918812e+00
1.577287e-02 1.918554e+00
1.574803e-02 1.918300e+00
1.572327e-02 1.918049e+00
1.569859e-02 1.917803e+00
1.567398e-02 1.917560e+00
1.564945e-02 1.917320e+00
1.562500e-02 1.917084e+00
1.560062e-02 1.916850e+00
1.557632e-02 1.916619e+00
1.555210e-02 1.916390e+00
1.552795e-02 1.916163e+00
1.550388e-02 1.915938e+00
1.547988e-02 1.915714e+00
1.545595e-02 1.915490e+00
1.543210e-02 1.915267e+00
1.540832e-02 1.915043e+00
1.538462e-02 1.914819e+00
1.536098e-02 1.914593e+00
1.533742e-02 1.914365e+00
1.531394e-02 1.914134e+00
1.529052e-02 1.913900e+00
1.526718e-02 1.913662e+00
1.524390e-02 1.913420e+00
1.522070e-02 1.913173e+00
1.519757e-02 1.912919e+00
1.517451e-02 1.912660e+00
1.515152e-02 1.912393e+00
1.512859e-02 1.912119e+00
1.510574e-02 1.911837e+00
1.508296e-02 1.911546e+00
1.506024e-02 1.911246e+00
1.503759e-02 1.910936e+00
1.501502e-02 1.910617e+00
1.499250e-02 1.910287e+00
1.497006e-02 1.909947e+00
1.494768e-02 1.909596e+00
1.492537e-02 1.909235e+00
1.490313e-02 1.908863e+00
1.488095e-02 1.908481e+00
1.485884e-02 1.908088e+00
1.483680e-02 1.907685e+00
1.481481e-02 1.907271e+00
1.479290e-02 1.906849e+00
1.477105e-02 1.906417e+00
1.474926e-02 1.905976e+00
1.472754e-02 1.905528e+00
1.470588e-02 1.905072e+00
1.468429e-02 1.904609e+00
1.466276e-02 1.904140e+00
1.464129e-02 1.903666e+00
1.461988e-02 1.903187e+00
1.459854e-02 1.902705e+00
1.457726e-02 1.902220e+00
1.455604e-02 1.901733e+00
1.453488e-02 1.901245e+00
1.451379e-02 1.900757e+00
1.449275e-02 1.900270e+00
1.447178e-02 1.899785e+00
1.445087e-02 1.899302e+00
1.443001e-02 1.898823e+00
1.440922e-02 1.898349e+00
1.438849e-02 1.897880e+00
1.436782e-02 1.897417e+00
1.434720e-02 1.896961e+00
1.432665e-02 1.896512e+00
1.430615e-02 1.896072e+00
1.428571e-02 1.895642e+00
1.426534e-02 1.895221e+00
1.424501e-02 1.894811e+00
1.422475e-02 1.894412e+00
1.420455e-02 1.894026e+00
1.418440e-02 1.893651e+00
1.416431e-02 1.893290e+00
1.414427e-02 1.892942e+00
1.412429e-02 1.892609e+00
1.410437e-02 1.892290e+00
1.408451e-02 1.891986e+00
1.406470e-02 1.891697e+00
1.404494e-02 1.891425e+00
1.402525e-02 1.891169e+00
1.400560e-02 1.890930e+00
1.398601e-02 1.890708e+00
1.396648e-02 1.890503e+00
1.394700e-02 1.890317e+00
1.392758e-02 1.890149e+00
1.390821e-02 1.890000e+00
1.388889e-02 1.889871e+00
1.386963e-02 1.889761e+00
1.385042e-02 1.889672e+00
1.383126e-02 1.889603e+00
1.381215e-02 1.889556e+00
1.379310e-02 1.889532e+00
1.377410e-02 1.889531e+00
1.375516e-02 1.889553e+00
1.373626e-02 1.889601e+00
1.371742e-02 1.889674e+00
1.369863e-02 1.889775e+00
1.367989e-02 1.889905e+00
1.366120e-02 1.890066e+00
1.364256e-02 1.890259e+00
1.362398e-02 1.890488e+00
1.360544e-02 1.890754e+00
1.358696e-02 1.891062e+00
1.356852e-02 1.891415e+00
1.355014e-02 1.891817e+00
1.353180e-02 1.892275e+00
1.351351e-02 1.892793e+00
1.349528e-02 1.893381e+00
1.347709e-02 1.894047e+00
1.345895e-02 1.894802e+00
1.344086e-02 1.895659e+00
1.342282e-02 1.896633e+00
1.340483e-02 1.897745e+00
1.338688e-02 1.899015e+00
1.336898e-02 1.900473e+00
1.335113e-02 1.902150e+00
1.333333e-02 1.904089e+00
1.331558e-02 1.906338e+00
1.329787e-02 1.908957e+00
1.328021e-02 1.912018e+00
1.326260e-02 1.915609e+00
1.324503e-02 1.919835e+00
1.322751e-02 1.924822e+00
1.321004e-02 1.930718e+00
1.319261e-02 1.937693e+00
1.317523e-02 1.945939e+00
1.315789e-02 1.955661e+00
1.314060e-02 1.967059e+00
1.312336e-02 1.980305e+00
1.310616e-02 1.995495e+00
1.308901e-02 2.012582e+00
1.307190e-02 2.031297e+00
1.305483e-02 2.051067e+00
1.303781e-02 2.070956e+00
1.302083e-02 2.089692e+00
1.300390e-02 2.105794e+00
1.298701e-02 2.117830e+00
1.297017e-02 2.124733e+00
1.295337e-02 2.126063e+00
1.293661e-02 2.122100e+00
1.291990e-02 2.113734e+00
1.290323e-02 2.102209e+00
1.288660e-02 2.088829e+00
1.287001e-02 2.074741e+00
1.285347e-02 2.060816e+00
1.283697e-02 2.047626e+00
1.282051e-02 2.035491e+00
1.280410e-02 2.024541e+00
1.278772e-02 2.014776e+00
1.277139e-02 2.006128e+00
1.275510e-02 1.998491e+00
1.273885e-02 1.991745e+00
1.272265e-02 1.985778e+00
1.270648e-02 1.980484e+00
1.269036e-02 1.975772e+00
1.267427e-02 1.971562e+00
1.265823e-02 1.967790e+00
1.264223e-02 1.964399e+00
1.262626e-02 1.961343e+00
1.261034e-02 1.958583e+00
1.259446e-02 1.956088e+00
1.257862e-02 1.953829e+00
1.256281e-02 1.951783e+00
1.254705e-02 1.949931e+00
1.253133e-02 1.948254e+00
1.251564e-02 1.946739e+00
1.250000e-02 1.945370e+00
1.248439e-02 1.944138e+00
1.246883e-02 1.943030e+00
1.245330e-02 1.942039e+00
1.243781e-02 1.941154e+00
1.242236e-02 1.940369e+00
1.240695e-02 1.939676e+00
1.239157e-02 1.939069e+00
1.237624e-02 1.938542e+00
1.236094e-02 1.938089e+00
1.234568e-02 1.937706e+00
1.233046e-02 1.937387e+00
1.231527e-02 1.937130e+00
1.230012e-02 1.936929e+00
1.228501e-02 1.936780e+00
1.226994e-02 1.936682e+00
1.225490e-02 1.936630e+00
1.223990e-02 1.936621e+00
1.222494e-02 1.936654e+00
1.221001e-02 1.936724e+00
1.219512e-02 1.936830e+00
1.218027e-02 1.936970e+00
1.216545e-02 1.937141e+00
1.215067e-02 1.937342e+00
1.213592e-02 1.937571e+00
1.212121e-02 1.937825e+00
1.210654e-02 1.938103e+00
1.209190e-02 1.938405e+00
1.207729e-02 1.938727e+00
1.206273e-02 1.939070e+00
1.204819e-02 1.939431e+00
1.203369e-02 1.939809e+00
1.201923e-02 1.940203e+00
1.200480e-02 1.940612e+00
1.199041e-02 1.941036e+00
1.197605e-02 1.941471e+00
1.196172e-02 1.941919e+00
1.194743e-02 1.942378e+00
1.193317e-02 1.942846e+00
1.191895e-02 1.943323e+00
1.190476e-02 1.943809e+00
1.189061e-02 1.944302e+00
1.187648e-02 1.944801e+00
1.186240e-02 1.945307e+00
1.184834e-02 1.945817e+00
1.183432e-02 1.946331e+00
1.182033e-02 1.946850e+00
1.180638e-02 1.947371e+00
1.179245e-02 1.947894e+00
1.177856e-02 1.948419e+00
1.176471e-02 1.948945e+00
1.175088e-02 1.949472e+00
1.173709e-02 1.949998e+00
1.172333e-02 1.950523e+00
1.170960e-02 1.951047e+00
1.169591e-02 1.951569e+00
1.168224e-02 1.952089e+00
1.166861e-02 1.952606e+00
1.165501e-02 1.953119e+00
1.164144e-02 1.953628e+00
1.162791e-02 1.954133e+00
1.161440e-02 1.954633e+00
1.160093e-02 1.955127e+00
1.158749e-02 1.955615e+00
1.157407e-02 1.956097e+00
1.156069e-02 1.956572e+00
1.154734e-02 1.957040e+00
1.153403e-02 1.957500e+00
1.152074e-02 1.957952e+00
1.150748e-02 1.958395e+00
1.149425e-02 1.958830e+00
1.148106e-02 1.959255e+00
1.146789e-02 1.959670e+00
1.145475e-02 1.960076e+00
1.144165e-02 1.960471e+00
1.142857e-02 1.960856e+00
1.141553e-02 1.961230e+00
1.140251e-02 1.961592e+00
1.138952e-02 1.961943e+00
1.137656e-02 1.962283e+00
1.136364e-02 1.962611e+00
1.135074e-02 1.962926e+00
1.133787e-02 1.963230e+00
1.132503e-02 1.963521e+00
1.131222e-02 1.963800e+00
1.129944e-02 1.964066e+00
1.128668e-02 1.964320e+00
1.127396e-02 1.964561e+00
1.126126e-02 1.964790e+00
1.124859e-02 1.965006e+00
1.123596e-02 1.965209e+00
1.122334e-02 1.965400e+00
1.121076e-02 1.965579e+00
1.119821e-02 1.965745e+00
1.118568e-02 1.965900e+00
1.117318e-02 1.966042e+00
1.116071e-02 1.966173e+00
1.114827e-02 1.966292e+00
1.113586e-02 1.966400e+00
1.112347e-02 1.966497e+00
1.111111e-02 1.966583e+00
1.109878e-02 1.966658e+00
1.108647e-02 1.966724e+00
1.107420e-02 1.966780e+00
1.106195e-02 1.966826e+00
1.104972e-02 1.966863e+00
1.103753e-02 1.966892e+00
1.102536e-02 1.966912e+00
1.101322e-02 1.966924e+00
1.100110e-02 1.966928e+00
1.098901e-02 1.966925e+00
1.097695e-02 1.966916e+00
1.096491e-02 1.966900e+00
1.095290e-02 1.966878e+00
1.094092e-02 1.966850e+00
1.092896e-02 1.966817e+00
1.091703e-02 1.966779e+00
1.090513e-02 1.966737e+00
1.089325e-02 1.966691e+00
1.088139e-02 1.966641e+00
1.086957e-02 1.966587e+00
1.085776e-02 1.966530e+00
1.084599e-02 1.966471e+00
1.083424e-02 1.966409e+00
1.082251e-02 1.966345e+00
1.081081e-02 1.966279e+00
1.079914e-02 1.966212e+00
1.078749e-02 1.966143e+00
1.077586e-02 1.966073e+00
1.076426e-02 1.966002e+00
1.075269e-02 1.965931e+00
1.074114e-02 1.965858e+00
1.072961e-02 1.965786e+00
1.071811e-02 1.965713e+00
1.070664e-02 1.965640e+00
1.069519e-02 1.965567e+00
1.068376e-02 1.965494e+00
1.067236e-02 1.965421e+00
1.066098e-02 1.965347e+00
1.064963e-02 1.965274e+00
1.063830e-02 1.965201e+00
1.062699e-02 1.965128e+00
1.061571e-02 1.965055e+00
1.060445e-02 1.964982e+00
1.059322e-02 1.964909e+00
1.058201e-02 1.964835e+00
1.057082e-02 1.964761e+00
1.055966e-02 1.964686e+00
1.054852e-02 1.964611e+00
1.053741e-02 1.964535e+00
1.052632e-02 1.964458e+00
1.051525e-02 1.964380e+00
1.050420e-02 1.964301e+00
1.049318e-02 1.964220e+00
1.048218e-02 1.964138e+00
1.047120e-02 1.964054e+00
1.046025e-02 1.963968e+00
1.044932e-02 1.963880e+00
1.043841e-02 1.963790e+00
1.042753e-02 1.963698e+00
1.041667e-02 1.963602e+00
1.040583e-02 1.963505e+00
1.039501e-02 1.963404e+00
1.038422e-02 1.963300e+00
1.037344e-02 1.963193e+00
1.036269e-02 1.963083e+00
1.035197e-02 1.962970e+00
1.034126e-02 1.962854e+00
1.033058e-02 1.962734e+00
1.031992e-02 1.962610e+00
1.030928e-02 1.962483e+00
1.029866e-02 1.962353e+00
1.028807e-02 1.962219e+00
1.027749e-02 1.962082e+00
1.026694e-02 1.961942e+00
1.025641e-02 1.961798e+00
1.024590e-02 1.961651e+00
1.023541e-02 1.961501e+00
1.022495e-02 1.961348e+00
1.021450e-02 1.961193e+00
1.020408e-02 1.961035e+00
1.019368e-02 1.960874e+00
1.018330e-02 1.960712e+00
1.017294e-02 1.960547e+00
1.016260e-02 1.960381e+00
1.015228e-02 1.960214e+00
1.014199e-02 1.960046e+00
1.013171e-02 1.959877e+00
1.012146e-02 1.959707e+00
1.011122e-02 1.959538e+00
1.010101e-02 1.959370e+00
1.009082e-02 1.959202e+00
1.008065e-02 1.959035e+00
1.007049e-02 1.958870e+00
1.006036e-02 1.958708e+00
1.005025e-02 1.958547e+00
1.004016e-02 1.958391e+00
1.003009e-02 1.958237e+00
1.002004e-02 1.958088e+00
1.001001e-02 1.957944e+00
1.000000e-02 1.957805e+00
9.990010e-03 1.957671e+00
9.980040e-03 1.957545e+00
9.970090e-03 1.957425e+00
9.960159e-03 1.957312e+00
9.950249e-03 1.957208e+00
9.940358e-03 1.957113e+00
9.930487e-03 1.957028e+00
9.920635e-03 1.956952e+00
9.910803e-03 1.956888e+00
9.900990e-03 1.956835e+00
9.891197e-03 1.956795e+00
9.881423e-03 1.956768e+00
9.871668e-03 1.956755e+00
9.861933e-03 1.956756e+00
9.852217e-03 1.956774e+00
9.842520e-03 1.956808e+00
9.832842e-03 1.956860e+00
9.823183e-03 1.956931e+00
9.813543e-03 1.957022e+00
9.803922e-03 1.957133e+00
9.794319e-03 1.957267e+00
9.784736e-03 1.957425e+00
9.775171e-03 1.957608e+00
9.765625e-03 1.957817e+00
9.756098e-03 1.958055e+00
9.746589e-03 1.958324e+00
9.737098e-03 1.958625e+00
9.727626e-03 1.958962e+00
9.718173e-03 1.959335e+00
9.708738e-03 1.959750e+00
9.699321e-03 1.960208e+00
9.689922e-03 1.960714e+00
9.680542e-03 1.961272e+00
9.671180e-03 1.961886e+00
9.661836e-03 1.962561e+00
9.652510e-03 1.963304e+00
9.643202e-03 1.964121e+00
9.633911e-03 1.965019e+00
9.624639e-03 1.966007e+00
9.615385e-03 1.967094e+00
9.606148e-03 1.968290e+00
9.596929e-03 1.969605e+00
9.587728e-03 1.971054e+00
9.578544e-03 1.972647e+00
9.569378e-03 1.974400e+00
9.560229e-03 1.976326e+00
9.551098e-03 1.978437e+00
9.541985e-03 1.980748e+00
9.532888e-03 1.983267e+00
9.523810e-03 1.985999e+00
9.514748e-03 1.988943e+00
9.505703e-03 1.992090e+00
9.496676e-03 1.995415e+00
9.487666e-03 1.998881e+00
9.478673e-03 2.002432e+00
9.469697e-03 2.005990e+00
9.460738e-03 2.009460e+00
9.451796e-03 2.012729e+00
9.442871e-03 2.015676e+00
9.433962e-03 2.018182e+00
9.425071e-03 2.020143e+00
9.416196e-03 2.021484e+00
9.407338e-03 2.022167e+00
9.398496e-03 2.022199e+00
9.389671e-03 2.021629e+00
9.380863e-03 2.020539e+00
9.372071e-03 2.019034e+00
9.363296e-03 2.017227e+00
9.354537e-03 2.015229e+00
9.345794e-03 2.013138e+00
9.337068e-03 2.011036e+00
9.328358e-03 2.008987e+00
9.319664e-03 2.007038e+00
9.310987e-03 2.005219e+00
9.302326e-03 2.003550e+00
9.293680e-03 2.002039e+00
9.285051e-03 2.000687e+00
9.276438e-03 1.999493e+00
9.267841e-03 1.998449e+00
9.259259e-03 1.997547e+00
9.250694e-03 1.996779e+00
9.242144e-03 1.996136e+00
9.233610e-03 1.995609e+00
9.225092e-03 1.995191e+00
9.216590e-03 1.994874e+00
9.208103e-03 1.994653e+00
9.199632e-03 1.994521e+00
9.191176e-03 1.994475e+00
9.182736e-03 1.994511e+00
9.174312e-03 1.994628e+00
9.165903e-03 1.994824e+00
9.157509e-03 1.995100e+00
9.149131e-03 1.995455e+00
9.140768e-03 1.995893e+00
9.132420e-03 1.996418e+00
9.124088e-03 1.997034e+00
9.115770e-03 1.997749e+00
9.107468e-03 1.998572e+00
9.099181e-03 1.999514e+00
9.090909e-03 2.000589e+00
9.082652e-03 2.001813e+00
9.074410e-03 2.003206e+00
9.066183e-03 2.004788e+00
9.057971e-03 2.006584e+00
9.049774e-03 2.008617e+00
9.041591e-03 2.010908e+00
9.033424e-03 2.013475e+00
9.025271e-03 2.016323e+00
9.017133e-03 2.019437e+00
9.009009e-03 2.022774e+00
9.000900e-03 2.026251e+00
8.992806e-03 2.029735e+00
8.984726e-03 2.033044e+00
8.976661e-03 2.035952e+00
8.968610e-03 2.038218e+00
8.960573e-03 2.039624e+00
8.952551e-03 2.040028e+00
8.944544e-03 2.039396e+00
8.936550e-03 2.037819e+00
8.928571e-03 2.035492e+00
8.920607e-03 2.032671e+00
8.912656e-03 2.029618e+00
8.904720e-03 2.026557e+00
8.896797e-03 2.023655e+00
8.888889e-03 2.021015e+00
8.880995e-03 2.018685e+00
8.873114e-03 2.016669e+00
8.865248e-03 2.014949e+00
8.857396e-03 2.013489e+00
8.849558e-03 2.012251e+00
8.841733e-03 2.011195e+00
8.833922e-03 2.010282e+00
8.826125e-03 2.009481e+00
8.818342e-03 2.008763e+00
8.810573e-03 2.008104e+00
8.802817e-03 2.007485e+00
8.795075e-03 2.006889e+00
8.787346e-03 2.006304e+00
8.779631e-03 2.005717e+00
8.771930e-03 2.005120e+00
8.764242e-03 2.004505e+00
8.756567e-03 2.003866e+00
8.748906e-03 2.003199e+00
8.741259e-03 2.002499e+00
8.733624e-03 2.001762e+00
8.726003e-03 2.000986e+00
8.718396e-03 2.000169e+00
8.710801e-03 1.999309e+00
8.703220e-03 1.998405e+00
8.695652e-03 1.997455e+00
8.688097e-03 1.996458e+00
8.680556e-03 1.995414e+00
8.673027e-03 1.994323e+00
8.665511e-03 1.993184e+00
8.658009e-03 1.991997e+00
8.650519e-03 1.990762e+00
8.643042e-03 1.989480e+00
8.635579e-03 1.988150e+00
8.628128e-03 1.986773e+00
8.620690e-03 1.985349e+00
8.613264e-03 1.983879e+00
8.605852e-03 1.982363e+00
8.598452e-03 1.980802e+00
8.591065e-03 1.979196e+00
8.583691e-03 1.977546e+00
8.576329e-03 1.975853e+00
8.568980e-03 1.974117e+00
8.561644e-03 1.972338e+00
8.554320e-03 1.970518e+00
8.547009e-03 1.968657e+00
8.539710e-03 1.966755e+00
8.532423e-03 1.964813e+00
8.525149e-03 1.962832e+00
8.517888e-03 1.960812e+00
8.510638e-03 1.958753e+00
8.503401e-03 1.956657e+00
8.496177e-03 1.954524e+00
8.488964e-03 1.952353e+00
8.481764e-03 1.950147e+00
8.474576e-03 1.947904e+00
8.467401e-03 1.945625e+00
8.460237e-03 1.943311e+00
8.453085e-03 1.940963e+00
8.445946e-03 1.938580e+00
8.438819e-03 1.936163e+00
8.431703e-03 1.933712e+00
8.424600e-03 1.931228e+00
8.417508e-03 1.928710e+00
8.410429e-03 1.926161e+00
8.403361e-03 1.923579e+00
8.396306e-03 1.920965e+00
8.389262e-03 1.918319e+00
8.382230e-03 1.915643e+00
8.375209e-03 1.912936e+00
8.368201e-03 1.910199e+00
8.361204e-03 1.907433e+00
8.354219e-03 1.904638e+00
8.347245e-03 1.901814e+00
8.340284e-03 1.898963e+00
8.333333e-03 1.896084e+00
