# T	Cv
1.000000e+01 3.948144e-01
5.000000e+00 1.197461e+00
3.333333e+00 1.962190e+00
2.500000e+00 2.497631e+00
2.000000e+00 2.792412e+00
1.666667e+00 2.905658e+00
1.428571e+00 2.904218e+00
1.250000e+00 2.840352e+00
1.111111e+00 2.748855e+00
1.000000e+00 2.650559e+00
9.090909e-01 2.556728e+00
8.333333e-01 2.472618e+00
7.692308e-01 2.399969e+00
7.142857e-01 2.338606e+00
6.666667e-01 2.287420e+00
6.250000e-01 2.244943e+00
5.882353e-01 2.209656e+00
5.555556e-01 2.180157e+00
5.263158e-01 2.155224e+00
5.000000e-01 2.133839e+00
4.761905e-01 2.115176e+00
4.545455e-01 2.098582e+00
4.347826e-01 2.083552e+00
4.166667e-01 2.069700e+00
4.000000e-01 2.056738e+00
3.846154e-01 2.044456e+00
3.703704e-01 2.032700e+00
3.571429e-01 2.021365e+00
3.448276e-01 2.010379e+00
3.333333e-01 1.999696e+00
3.225806e-01 1.989287e+00
3.125000e-01 1.979139e+00
3.030303e-01 1.969246e+00
2.941176e-01 1.959609e+00
2.857143e-01 1.950234e+00
2.777778e-01 1.941126e+00
2.702703e-01 1.932293e+00
2.631579e-01 1.923742e+00
2.564103e-01 1.915476e+00
2.500000e-01 1.907498e+00
2.439024e-01 1.899806e+00
2.380952e-01 1.892394e+00
2.325581e-01 1.885253e+00
2.272727e-01 1.878372e+00
2.222222e-01 1.871736e+00
2.173913e-01 1.865327e+00
2.127660e-01 1.859129e+00
2.083333e-01 1.853127e+00
2.040816e-01 1.847308e+00
2.000000e-01 1.841660e+00
1.960784e-01 1.836177e+00
1.923077e-01 1.830854e+00
1.886792e-01 1.825689e+00
1.851852e-01 1.820683e+00
1.818182e-01 1.815838e+00
1.785714e-01 1.811156e+00
1.754386e-01 1.806640e+00
1.724138e-01 1.802293e+00
1.694915e-01 1.798120e+00
1.666667e-01 1.794122e+00
1.639344e-01 1.790303e+00
1.612903e-01 1.786665e+00
1.587302e-01 1.783209e+00
1.562500e-01 1.779937e+00
1.538462e-01 1.776850e+00
1.515152e-01 1.773949e+00
1.492537e-01 1.771234e+00
1.470588e-01 1.768705e+00
1.449275e-01 1.766363e+00
1.428571e-01 1.764205e+00
1.408451e-01 1.762233e+00
1.388889e-01 1.760444e+00
1.369863e-01 1.758837e+00
1.351351e-01 1.757410e+00
1.333333e-01 1.756161e+00
1.315789e-01 1.755088e+00
1.298701e-01 1.754189e+00
1.282051e-01 1.753459e+00
1.265823e-01 1.752897e+00
1.250000e-01 1.752499e+00
1.234568e-01 1.752261e+00
1.219512e-01 1.752180e+00
1.204819e-01 1.752251e+00
1.190476e-01 1.752470e+00
1.176471e-01 1.752834e+00
1.162791e-01 1.753338e+00
1.149425e-01 1.753977e+00
1.136364e-01 1.754748e+00
1.123596e-01 1.755646e+00
1.111111e-01 1.756666e+00
1.098901e-01 1.757805e+00
1.086957e-01 1.759059e+00
1.075269e-01 1.760423e+00
1.063830e-01 1.761893e+00
1.052632e-01 1.763466e+00
1.041667e-01 1.765138e+00
1.030928e-01 1.766905e+00
1.020408e-01 1.768765e+00
1.010101e-01 1.770713e+00
1.000000e-01 1.772746e+00
9.900990e-02 1.774863e+00
9.803922e-02 1.777058e+00
9.708738e-02 1.779331e+00
9.615385e-02 1.781677e+00
9.523810e-02 1.784095e+00
9.433962e-02 1.786581e+00
9.345794e-02 1.789134e+00
9.259259e-02 1.791751e+00
9.174312e-02 1.794429e+00
9.090909e-02 1.797167e+00
9.009009e-02 1.799961e+00
8.928571e-02 1.802811e+00
8.849558e-02 1.805715e+00
8.771930e-02 1.808670e+00
8.695652e-02 1.811675e+00
8.620690e-02 1.814728e+00
8.547009e-02 1.817828e+00
8.474576e-02 1.820975e+00
8.403361e-02 1.824166e+00
8.333333e-02 1.827401e+00
8.264463e-02 1.830680e+00
8.196721e-02 1.834000e+00
8.130081e-02 1.837363e+00
8.064516e-02 1.840768e+00
8.000000e-02 1.844214e+00
7.936508e-02 1.847701e+00
7.874016e-02 1.851229e+00
7.812500e-02 1.854798e+00
7.751938e-02 1.858408e+00
7.692308e-02 1.862059e+00
7.633588e-02 1.865750e+00
7.575758e-02 1.869483e+00
7.518797e-02 1.873257e+00
7.462687e-02 1.877072e+00
7.407407e-02 1.880928e+00
7.352941e-02 1.884825e+00
7.299270e-02 1.888764e+00
7.246377e-02 1.892745e+00
7.194245e-02 1.896767e+00
7.142857e-02 1.900831e+00
7.092199e-02 1.904936e+00
7.042254e-02 1.909083e+00
6.993007e-02 1.913272e+00
6.944444e-02 1.917503e+00
6.896552e-02 1.921775e+00
6.849315e-02 1.926089e+00
6.802721e-02 1.930443e+00
6.756757e-02 1.934839e+00
6.711409e-02 1.939276e+00
6.666667e-02 1.943754e+00
6.622517e-02 1.948271e+00
6.578947e-02 1.952828e+00
6.535948e-02 1.957425e+00
6.493506e-02 1.962060e+00
6.451613e-02 1.966732e+00
6.410256e-02 1.971442e+00
6.369427e-02 1.976189e+00
6.329114e-02 1.980971e+00
6.289308e-02 1.985787e+00
6.250000e-02 1.990636e+00
6.211180e-02 1.995518e+00
6.172840e-02 2.000431e+00
6.134969e-02 2.005373e+00
6.097561e-02 2.010343e+00
6.060606e-02 2.015339e+00
6.024096e-02 2.020361e+00
5.988024e-02 2.025406e+00
5.952381e-02 2.030472e+00
5.917160e-02 2.035559e+00
5.882353e-02 2.040664e+00
5.847953e-02 2.045785e+00
5.813953e-02 2.050920e+00
5.780347e-02 2.056068e+00
5.747126e-02 2.061227e+00
5.714286e-02 2.066394e+00
5.681818e-02 2.071568e+00
5.649718e-02 2.076747e+00
5.617978e-02 2.081929e+00
5.586592e-02 2.087111e+00
5.555556e-02 2.092293e+00
5.524862e-02 2.097470e+00
5.494505e-02 2.102643e+00
5.464481e-02 2.107807e+00
5.434783e-02 2.112962e+00
5.405405e-02 2.118104e+00
5.376344e-02 2.123233e+00
5.347594e-02 2.128345e+00
5.319149e-02 2.133437e+00
5.291005e-02 2.138509e+00
5.263158e-02 2.143556e+00
5.235602e-02 2.148578e+00
5.208333e-02 2.153570e+00
5.181347e-02 2.158531e+00
5.154639e-02 2.163459e+00
5.128205e-02 2.168350e+00
5.102041e-02 2.173202e+00
5.076142e-02 2.178013e+00
5.050505e-02 2.182779e+00
5.025126e-02 2.187499e+00
5.000000e-02 2.192170e+00
4.975124e-02 2.196789e+00
4.950495e-02 2.201355e+00
4.926108e-02 2.205864e+00
4.901961e-02 2.210315e+00
4.878049e-02 2.214706e+00
4.854369e-02 2.219034e+00
4.830918e-02 2.223297e+00
4.807692e-02 2.227494e+00
4.784689e-02 2.231623e+00
4.761905e-02 2.235682e+00
4.739336e-02 2.239669e+00
4.716981e-02 2.243582e+00
4.694836e-02 2.247420e+00
4.672897e-02 2.251182e+00
4.651163e-02 2.254866e+00
4.629630e-02 2.258469e+00
4.608295e-02 2.261992e+00
4.587156e-02 2.265433e+00
4.566210e-02 2.268790e+00
4.545455e-02 2.272061e+00
4.524887e-02 2.275247e+00
4.504505e-02 2.278345e+00
4.484305e-02 2.281354e+00
4.464286e-02 2.284274e+00
4.444444e-02 2.287105e+00
4.424779e-02 2.289844e+00
4.405286e-02 2.292492e+00
4.385965e-02 2.295049e+00
4.366812e-02 2.297514e+00
4.347826e-02 2.299887e+00
4.329004e-02 2.302170e+00
4.310345e-02 2.304361e+00
4.291845e-02 2.306464e+00
4.273504e-02 2.308477e+00
4.255319e-02 2.310404e+00
4.237288e-02 2.312244e+00
4.219409e-02 2.314000e+00
4.201681e-02 2.315675e+00
4.184100e-02 2.317269e+00
4.166667e-02 2.318785e+00
4.149378e-02 2.320227e+00
4.132231e-02 2.321595e+00
4.115226e-02 2.322894e+00
4.098361e-02 2.324125e+00
4.081633e-02 2.325292e+00
4.065041e-02 2.326398e+00
4.048583e-02 2.327445e+00
4.032258e-02 2.328437e+00
4.016064e-02 2.329375e+00
4.000000e-02 2.330264e+00
3.984064e-02 2.331106e+00
3.968254e-02 2.331904e+00
3.952569e-02 2.332660e+00
3.937008e-02 2.333377e+00
3.921569e-02 2.334057e+00
3.906250e-02 2.334704e+00
3.891051e-02 2.335319e+00
3.875969e-02 2.335904e+00
3.861004e-02 2.336463e+00
3.846154e-02 2.336996e+00
3.831418e-02 2.337506e+00
3.816794e-02 2.337994e+00
3.802281e-02 2.338462e+00
3.787879e-02 2.338912e+00
3.773585e-02 2.339346e+00
3.759398e-02 2.339764e+00
3.745318e-02 2.340168e+00
3.731343e-02 2.340560e+00
3.717472e-02 2.340939e+00
3.703704e-02 2.341308e+00
3.690037e-02 2.341667e+00
3.676471e-02 2.342018e+00
3.663004e-02 2.342360e+00
3.649635e-02 2.342694e+00
3.636364e-02 2.343022e+00
3.623188e-02 2.343343e+00
3.610108e-02 2.343659e+00
3.597122e-02 2.343970e+00
3.584229e-02 2.344275e+00
3.571429e-02 2.344576e+00
3.558719e-02 2.344872e+00
3.546099e-02 2.345165e+00
3.533569e-02 2.345453e+00
3.521127e-02 2.345739e+00
3.508772e-02 2.346020e+00
3.496503e-02 2.346299e+00
3.484321e-02 2.346574e+00
3.472222e-02 2.346846e+00
3.460208e-02 2.347116e+00
3.448276e-02 2.347383e+00
3.436426e-02 2.347647e+00
3.424658e-02 2.347909e+00
3.412969e-02 2.348168e+00
3.401361e-02 2.348425e+00
3.389831e-02 2.348681e+00
3.378378e-02 2.348934e+00
3.367003e-02 2.349186e+00
3.355705e-02 2.349437e+00
3.344482e-02 2.349686e+00
3.333333e-02 2.349935e+00
3.322259e-02 2.350183e+00
3.311258e-02 2.350431e+00
3.300330e-02 2.350679e+00
3.289474e-02 2.350928e+00
3.278689e-02 2.351178e+00
3.267974e-02 2.351429e+00
3.257329e-02 2.351683e+00
3.246753e-02 2.351938e+00
3.236246e-02 2.352197e+00
3.225806e-02 2.352459e+00
3.215434e-02 2.352726e+00
3.205128e-02 2.352997e+00
3.194888e-02 2.353273e+00
3.184713e-02 2.353554e+00
3.174603e-02 2.353842e+00
3.164557e-02 2.354137e+00
3.154574e-02 2.354439e+00
3.144654e-02 2.354750e+00
3.134796e-02 2.355068e+00
3.125000e-02 2.355396e+00
3.115265e-02 2.355733e+00
3.105590e-02 2.356081e+00
3.095975e-02 2.356439e+00
3.086420e-02 2.356807e+00
3.076923e-02 2.357187e+00
3.067485e-02 2.357579e+00
3.058104e-02 2.357983e+00
3.048780e-02 2.358399e+00
3.039514e-02 2.358827e+00
3.030303e-02 2.359269e+00
3.021148e-02 2.359723e+00
3.012048e-02 2.360191e+00
3.003003e-02 2.360672e+00
2.994012e-02 2.361167e+00
2.985075e-02 2.361675e+00
2.976190e-02 2.362196e+00
2.967359e-02 2.362731e+00
2.958580e-02 2.363280e+00
2.949853e-02 2.363842e+00
2.941176e-02 2.364417e+00
2.932551e-02 2.365006e+00
2.923977e-02 2.365607e+00
2.915452e-02 2.366221e+00
2.906977e-02 2.366848e+00
2.898551e-02 2.367487e+00
2.890173e-02 2.368138e+00
2.881844e-02 2.368801e+00
2.873563e-02 2.369475e+00
2.865330e-02 2.370160e+00
2.857143e-02 2.370856e+00
2.849003e-02 2.371563e+00
2.840909e-02 2.372279e+00
2.832861e-02 2.373006e+00
2.824859e-02 2.373741e+00
2.816901e-02 2.374485e+00
2.808989e-02 2.375238e+00
2.801120e-02 2.375998e+00
2.793296e-02 2.376766e+00
2.785515e-02 2.377540e+00
2.777778e-02 2.378321e+00
2.770083e-02 2.379108e+00
2.762431e-02 2.379901e+00
2.754821e-02 2.380698e+00
2.747253e-02 2.381499e+00
2.739726e-02 2.382304e+00
2.732240e-02 2.383111e+00
2.724796e-02 2.383921e+00
2.717391e-02 2.384732e+00
2.710027e-02 2.385544e+00
2.702703e-02 2.386356e+00
2.695418e-02 2.387167e+00
2.688172e-02 2.387976e+00
2.680965e-02 2.388783e+00
2.673797e-02 2.389585e+00
2.666667e-02 2.390383e+00
2.659574e-02 2.391175e+00
2.652520e-02 2.391961e+00
2.645503e-02 2.392738e+00
2.638522e-02 2.393506e+00
2.631579e-02 2.394264e+00
2.624672e-02 2.395010e+00
2.617801e-02 2.395743e+00
2.610966e-02 2.396463e+00
2.604167e-02 2.397168e+00
2.597403e-02 2.397856e+00
2.590674e-02 2.398528e+00
2.583979e-02 2.399181e+00
2.577320e-02 2.399814e+00
2.570694e-02 2.400428e+00
2.564103e-02 2.401021e+00
2.557545e-02 2.401593e+00
2.551020e-02 2.402142e+00
2.544529e-02 2.402669e+00
2.538071e-02 2.403174e+00
2.531646e-02 2.403656e+00
2.525253e-02 2.404115e+00
2.518892e-02 2.404552e+00
2.512563e-02 2.404967e+00
2.506266e-02 2.405361e+00
2.500000e-02 2.405734e+00
2.493766e-02 2.406088e+00
2.487562e-02 2.406423e+00
2.481390e-02 2.406741e+00
2.475248e-02 2.407043e+00
2.469136e-02 2.407331e+00
2.463054e-02 2.407606e+00
2.457002e-02 2.407869e+00
2.450980e-02 2.408124e+00
2.444988e-02 2.408370e+00
2.439024e-02 2.408611e+00
2.433090e-02 2.408848e+00
2.427184e-02 2.409082e+00
2.421308e-02 2.409316e+00
2.415459e-02 2.409551e+00
2.409639e-02 2.409788e+00
2.403846e-02 2.410030e+00
2.398082e-02 2.410277e+00
2.392344e-02 2.410531e+00
2.386635e-02 2.410793e+00
2.380952e-02 2.411065e+00
2.375297e-02 2.411346e+00
2.369668e-02 2.411639e+00
2.364066e-02 2.411943e+00
2.358491e-02 2.412260e+00
2.352941e-02 2.412590e+00
2.347418e-02 2.412933e+00
2.341920e-02 2.413290e+00
2.336449e-02 2.413661e+00
2.331002e-02 2.414045e+00
2.325581e-02 2.414444e+00
2.320186e-02 2.414857e+00
2.314815e-02 2.415285e+00
2.309469e-02 2.415726e+00
2.304147e-02 2.416182e+00
2.298851e-02 2.416652e+00
2.293578e-02 2.417136e+00
2.288330e-02 2.417635e+00
2.283105e-02 2.418147e+00
2.277904e-02 2.418673e+00
2.272727e-02 2.419214e+00
2.267574e-02 2.419769e+00
2.262443e-02 2.420338e+00
2.257336e-02 2.420921e+00
2.252252e-02 2.421519e+00
2.247191e-02 2.422132e+00
2.242152e-02 2.422760e+00
2.237136e-02 2.423402e+00
2.232143e-02 2.424060e+00
2.227171e-02 2.424734e+00
2.222222e-02 2.425423e+00
2.217295e-02 2.426128e+00
2.212389e-02 2.426850e+00
2.207506e-02 2.427588e+00
2.202643e-02 2.428344e+00
2.197802e-02 2.429116e+00
2.192982e-02 2.429906e+00
2.188184e-02 2.430713e+00
2.183406e-02 2.431538e+00
2.178649e-02 2.432381e+00
2.173913e-02 2.433242e+00
2.169197e-02 2.434121e+00
2.164502e-02 2.435019e+00
2.159827e-02 2.435935e+00
2.155172e-02 2.436870e+00
2.150538e-02 2.437824e+00
2.145923e-02 2.438796e+00
2.141328e-02 2.439788e+00
2.136752e-02 2.440798e+00
2.132196e-02 2.441826e+00
2.127660e-02 2.442874e+00
2.123142e-02 2.443940e+00
2.118644e-02 2.445024e+00
2.114165e-02 2.446127e+00
2.109705e-02 2.447248e+00
2.105263e-02 2.448387e+00
2.100840e-02 2.449544e+00
2.096436e-02 2.450719e+00
2.092050e-02 2.451911e+00
2.087683e-02 2.453121e+00
2.083333e-02 2.454347e+00
2.079002e-02 2.455590e+00
2.074689e-02 2.456850e+00
2.070393e-02 2.458126e+00
2.066116e-02 2.459417e+00
2.061856e-02 2.460724e+00
2.057613e-02 2.462045e+00
2.053388e-02 2.463381e+00
2.049180e-02 2.464732e+00
2.044990e-02 2.466095e+00
2.040816e-02 2.467472e+00
2.036660e-02 2.468861e+00
2.032520e-02 2.470262e+00
2.028398e-02 2.471674e+00
2.024291e-02 2.473097e+00
2.020202e-02 2.474529e+00
2.016129e-02 2.475971e+00
2.012072e-02 2.477421e+00
2.008032e-02 2.478879e+00
2.004008e-02 2.480344e+00
2.000000e-02 2.481815e+00
1.996008e-02 2.483291e+00
1.992032e-02 2.484771e+00
1.988072e-02 2.486254e+00
1.984127e-02 2.487739e+00
1.980198e-02 2.489226e+00
1.976285e-02 2.490714e+00
1.972387e-02 2.492201e+00
1.968504e-02 2.493686e+00
1.964637e-02 2.495170e+00
1.960784e-02 2.496650e+00
1.956947e-02 2.498125e+00
1.953125e-02 2.499596e+00
1.949318e-02 2.501061e+00
1.945525e-02 2.502519e+00
1.941748e-02 2.503970e+00
1.937984e-02 2.505412e+00
1.934236e-02 2.506847e+00
1.930502e-02 2.508272e+00
1.926782e-02 2.509687e+00
1.923077e-02 2.511092e+00
1.919386e-02 2.512487e+00
1.915709e-02 2.513872e+00
1.912046e-02 2.515246e+00
1.908397e-02 2.516610e+00
1.904762e-02 2.517963e+00
1.901141e-02 2.519306e+00
1.897533e-02 2.520638e+00
1.893939e-02 2.521961e+00
1.890359e-02 2.523275e+00
1.886792e-02 2.524580e+00
1.883239e-02 2.525877e+00
1.879699e-02 2.527166e+00
1.876173e-02 2.528449e+00
1.872659e-02 2.529725e+00
1.869159e-02 2.530997e+00
1.865672e-02 2.532264e+00
1.862197e-02 2.533528e+00
1.858736e-02 2.534790e+00
1.855288e-02 2.536051e+00
1.851852e-02 2.537311e+00
1.848429e-02 2.538571e+00
1.845018e-02 2.539834e+00
1.841621e-02 2.541099e+00
1.838235e-02 2.542368e+00
1.834862e-02 2.543642e+00
1.831502e-02 2.544921e+00
1.828154e-02 2.546207e+00
1.824818e-02 2.547500e+00
1.821494e-02 2.548801e+00
1.818182e-02 2.550112e+00
1.814882e-02 2.551432e+00
1.811594e-02 2.552763e+00
1.808318e-02 2.554105e+00
1.805054e-02 2.555458e+00
1.801802e-02 2.556824e+00
1.798561e-02 2.558203e+00
1.795332e-02 2.559595e+00
1.792115e-02 2.561000e+00
1.788909e-02 2.562419e+00
1.785714e-02 2.563853e+00
1.782531e-02 2.565300e+00
1.779359e-02 2.566761e+00
1.776199e-02 2.568237e+00
1.773050e-02 2.569727e+00
1.769912e-02 2.571232e+00
1.766784e-02 2.572750e+00
1.763668e-02 2.574282e+00
1.760563e-02 2.575828e+00
1.757469e-02 2.577387e+00
1.754386e-02 2.578959e+00
1.751313e-02 2.580544e+00
1.748252e-02 2.582141e+00
1.745201e-02 2.583749e+00
1.742160e-02 2.585368e+00
1.739130e-02 2.586998e+00
1.736111e-02 2.588638e+00
1.733102e-02 2.590287e+00
1.730104e-02 2.591944e+00
1.727116e-02 2.593609e+00
1.724138e-02 2.595281e+00
1.721170e-02 2.596960e+00
1.718213e-02 2.598644e+00
1.715266e-02 2.600333e+00
1.712329e-02 2.602025e+00
1.709402e-02 2.603721e+00
1.706485e-02 2.605419e+00
1.703578e-02 2.607118e+00
1.700680e-02 2.608818e+00
1.697793e-02 2.610517e+00
1.694915e-02 2.612216e+00
1.692047e-02 2.613912e+00
1.689189e-02 2.615605e+00
1.686341e-02 2.617295e+00
1.683502e-02 2.618981e+00
1.680672e-02 2.620661e+00
1.677852e-02 2.622335e+00
1.675042e-02 2.624003e+00
1.672241e-02 2.625663e+00
1.669449e-02 2.627315e+00
1.666667e-02 2.628959e+00
1.663894e-02 2.630593e+00
1.661130e-02 2.632218e+00
1.658375e-02 2.633832e+00
1.655629e-02 2.635436e+00
1.652893e-02 2.637029e+00
1.650165e-02 2.638610e+00
1.647446e-02 2.640180e+00
1.644737e-02 2.641738e+00
1.642036e-02 2.643284e+00
1.639344e-02 2.644817e+00
1.636661e-02 2.646339e+00
1.633987e-02 2.647849e+00
1.631321e-02 2.649347e+00
1.628664e-02 2.650832e+00
1.626016e-02 2.652307e+00
1.623377e-02 2.653770e+00
1.620746e-02 2.655223e+00
1.618123e-02 2.656665e+00
1.615509e-02 2.658098e+00
1.612903e-02 2.659521e+00
1.610306e-02 2.660936e+00
1.607717e-02 2.662344e+00
1.605136e-02 2.663744e+00
1.602564e-02 2.665140e+00
1.600000e-02 2.666530e+00
1.597444e-02 2.667916e+00
1.594896e-02 2.669300e+00
1.592357e-02 2.670683e+00
1.589825e-02 2.672066e+00
1.587302e-02 2.673450e+00
1.584786e-02 2.674837e+00
1.582278e-02 2.676228e+00
1.579779e-02 2.677625e+00
1.577287e-02 2.679029e+00
1.574803e-02 2.680441e+00
1.572327e-02 2.681864e+00
1.569859e-02 2.683298e+00
1.567398e-02 2.684746e+00
1.564945e-02 2.686207e+00
1.562500e-02 2.687685e+00
1.560062e-02 2.689178e+00
1.557632e-02 2.690690e+00
1.555210e-02 2.692220e+00
1.552795e-02 2.693768e+00
1.550388e-02 2.695335e+00
1.547988e-02 2.696920e+00
1.545595e-02 2.698522e+00
1.543210e-02 2.700141e+00
1.540832e-02 2.701773e+00
1.538462e-02 2.703416e+00
1.536098e-02 2.705066e+00
1.533742e-02 2.706720e+00
1.531394e-02 2.708371e+00
1.529052e-02 2.710013e+00
1.526718e-02 2.711639e+00
1.524390e-02 2.713241e+00
1.522070e-02 2.714808e+00
1.519757e-02 2.716332e+00
1.517451e-02 2.717800e+00
1.515152e-02 2.719201e+00
1.512859e-02 2.720523e+00
1.510574e-02 2.721754e+00
1.508296e-02 2.722881e+00
1.506024e-02 2.723893e+00
1.503759e-02 2.724779e+00
1.501502e-02 2.725529e+00
1.499250e-02 2.726135e+00
1.497006e-02 2.726591e+00
1.494768e-02 2.726893e+00
1.492537e-02 2.727039e+00
1.490313e-02 2.727028e+00
1.488095e-02 2.726864e+00
1.485884e-02 2.726550e+00
1.483680e-02 2.726095e+00
1.481481e-02 2.725506e+00
1.479290e-02 2.724793e+00
1.477105e-02 2.723967e+00
1.474926e-02 2.723038e+00
1.472754e-02 2.722017e+00
1.470588e-02 2.720916e+00
1.468429e-02 2.719744e+00
1.466276e-02 2.718513e+00
1.464129e-02 2.717229e+00
1.461988e-02 2.715901e+00
1.459854e-02 2.714535e+00
1.457726e-02 2.713135e+00
1.455604e-02 2.711707e+00
1.453488e-02 2.710252e+00
1.451379e-02 2.708772e+00
1.449275e-02 2.707268e+00
1.447178e-02 2.705740e+00
1.445087e-02 2.704188e+00
1.443001e-02 2.702609e+00
1.440922e-02 2.701003e+00
1.438849e-02 2.699368e+00
1.436782e-02 2.697702e+00
1.434720e-02 2.696003e+00
1.432665e-02 2.694269e+00
1.430615e-02 2.692498e+00
1.428571e-02 2.690689e+00
1.426534e-02 2.688841e+00
1.424501e-02 2.686952e+00
1.422475e-02 2.685022e+00
1.420455e-02 2.683051e+00
1.418440e-02 2.681039e+00
1.416431e-02 2.678985e+00
1.414427e-02 2.676891e+00
1.412429e-02 2.674758e+00
1.410437e-02 2.672587e+00
1.408451e-02 2.670378e+00
1.406470e-02 2.668135e+00
1.404494e-02 2.665858e+00
1.402525e-02 2.663549e+00
1.400560e-02 2.661211e+00
1.398601e-02 2.658844e+00
1.396648e-02 2.656452e+00
1.394700e-02 2.654035e+00
1.392758e-02 2.651597e+00
1.390821e-02 2.649138e+00
1.388889e-02 2.646660e+00
1.386963e-02 2.644165e+00
1.385042e-02 2.641654e+00
1.383126e-02 2.639129e+00
1.381215e-02 2.636591e+00
1.379310e-02 2.634040e+00
1.377410e-02 2.631478e+00
1.375516e-02 2.628905e+00
1.373626e-02 2.626323e+00
1.371742e-02 2.623730e+00
1.369863e-02 2.621128e+00
1.367989e-02 2.618517e+00
1.366120e-02 2.615897e+00
1.364256e-02 2.613267e+00
1.362398e-02 2.610628e+00
1.360544e-02 2.607979e+00
1.358696e-02 2.605320e+00
1.356852e-02 2.602650e+00
1.355014e-02 2.599969e+00
1.353180e-02 2.597276e+00
1.351351e-02 2.594570e+00
1.349528e-02 2.591850e+00
1.347709e-02 2.589116e+00
1.345895e-02 2.586367e+00
1.344086e-02 2.583601e+00
1.342282e-02 2.580817e+00
1.340483e-02 2.578016e+00
1.338688e-02 2.575195e+00
1.336898e-02 2.572353e+00
1.335113e-02 2.569490e+00
1.333333e-02 2.566604e+00
1.331558e-02 2.563694e+00
1.329787e-02 2.560760e+00
1.328021e-02 2.557800e+00
1.326260e-02 2.554813e+00
1.324503e-02 2.551799e+00
1.322751e-02 2.548757e+00
1.321004e-02 2.545685e+00
1.319261e-02 2.542584e+00
1.317523e-02 2.539453e+00
1.315789e-02 2.536290e+00
1.314060e-02 2.533096e+00
1.312336e-02 2.529871e+00
1.310616e-02 2.526613e+00
1.308901e-02 2.523323e+00
1.307190e-02 2.520002e+00
1.305483e-02 2.516648e+00
1.303781e-02 2.513261e+00
1.302083e-02 2.509843e+00
1.300390e-02 2.506394e+00
1.298701e-02 2.502913e+00
1.297017e-02 2.499401e+00
1.295337e-02 2.495859e+00
1.293661e-02 2.492287e+00
1.291990e-02 2.488686e+00
1.290323e-02 2.485056e+00
1.288660e-02 2.481398e+00
1.287001e-02 2.477713e+00
1.285347e-02 2.474001e+00
1.283697e-02 2.470263e+00
1.282051e-02 2.466500e+00
1.280410e-02 2.462713e+00
1.278772e-02 2.458902e+00
1.277139e-02 2.455068e+00
1.275510e-02 2.451211e+00
1.273885e-02 2.447333e+00
1.272265e-02 2.443435e+00
1.270648e-02 2.439516e+00
1.269036e-02 2.435577e+00
1.267427e-02 2.431620e+00
1.265823e-02 2.427644e+00
1.264223e-02 2.423650e+00
1.262626e-02 2.419639e+00
1.261034e-02 2.415612e+00
1.259446e-02 2.411568e+00
1.257862e-02 2.407509e+00
1.256281e-02 2.403435e+00
1.254705e-02 2.399346e+00
1.253133e-02 2.395243e+00
1.251564e-02 2.391127e+00
1.250000e-02 2.386997e+00
1.248439e-02 2.382854e+00
1.246883e-02 2.378699e+00
1.245330e-02 2.374533e+00
1.243781e-02 2.370354e+00
1.242236e-02 2.366165e+00
1.240695e-02 2.361965e+00
1.239157e-02 2.357755e+00
1.237624e-02 2.353535e+00
1.236094e-02 2.349305e+00
1.234568e-02 2.345066e+00
1.233046e-02 2.340818e+00
1.231527e-02 2.336562e+00
1.230012e-02 2.332298e+00
1.228501e-02 2.328026e+00
1.226994e-02 2.323747e+00
1.225490e-02 2.319461e+00
1.223990e-02 2.315167e+00
1.222494e-02 2.310868e+00
1.221001e-02 2.306562e+00
1.219512e-02 2.302251e+00
1.218027e-02 2.297934e+00
1.216545e-02 2.293612e+00
1.215067e-02 2.289285e+00
1.213592e-02 2.284954e+00
1.212121e-02 2.280619e+00
1.210654e-02 2.276280e+00
1.209190e-02 2.271937e+00
1.207729e-02 2.267593e+00
1.206273e-02 2.263245e+00
1.204819e-02 2.258896e+00
1.203369e-02 2.254545e+00
1.201923e-02 2.250194e+00
1.200480e-02 2.245842e+00
1.199041e-02 2.241491e+00
1.197605e-02 2.237141e+00
1.196172e-02 2.232792e+00
1.194743e-02 2.228445e+00
1.193317e-02 2.224102e+00
1.191895e-02 2.219762e+00
1.190476e-02 2.215427e+00
1.189061e-02 2.211097e+00
1.187648e-02 2.206774e+00
1.186240e-02 2.202457e+00
1.184834e-02 2.198148e+00
1.183432e-02 2.193848e+00
1.182033e-02 2.189558e+00
1.180638e-02 2.185277e+00
1.179245e-02 2.181009e+00
1.177856e-02 2.176752e+00
1.176471e-02 2.172509e+00
1.175088e-02 2.168279e+00
1.173709e-02 2.164065e+00
1.172333e-02 2.159866e+00
1.170960e-02 2.155683e+00
1.169591e-02 2.151518e+00
1.168224e-02 2.147371e+00
1.166861e-02 2.143242e+00
1.165501e-02 2.139134e+00
1.164144e-02 2.135045e+00
1.162791e-02 2.130978e+00
1.161440e-02 2.126932e+00
1.160093e-02 2.122909e+00
1.158749e-02 2.118909e+00
1.157407e-02 2.114932e+00
1.156069e-02 2.110979e+00
1.154734e-02 2.107051e+00
1.153403e-02 2.103148e+00
1.152074e-02 2.099271e+00
1.150748e-02 2.095420e+00
1.149425e-02 2.091595e+00
1.148106e-02 2.087797e+00
1.146789e-02 2.084027e+00
1.145475e-02 2.080284e+00
1.144165e-02 2.076570e+00
1.142857e-02 2.072884e+00
1.141553e-02 2.069227e+00
1.140251e-02 2.065599e+00
1.138952e-02 2.062000e+00
1.137656e-02 2.058432e+00
1.136364e-02 2.054893e+00
1.135074e-02 2.051385e+00
1.133787e-02 2.047908e+00
1.132503e-02 2.044462e+00
1.131222e-02 2.041047e+00
1.129944e-02 2.037665e+00
1.128668e-02 2.034314e+00
1.127396e-02 2.030996e+00
1.126126e-02 2.027711e+00
1.124859e-02 2.024460e+00
1.123596e-02 2.021242e+00
1.122334e-02 2.018058e+00
1.121076e-02 2.014909e+00
1.119821e-02 2.011796e+00
1.118568e-02 2.008717e+00
1.117318e-02 2.005676e+00
1.116071e-02 2.002671e+00
1.114827e-02 1.999703e+00
1.113586e-02 1.996774e+00
1.112347e-02 1.993883e+00
1.111111e-02 1.991032e+00
1.109878e-02 1.988221e+00
1.108647e-02 1.985451e+00
1.107420e-02 1.982723e+00
1.106195e-02 1.980038e+00
1.104972e-02 1.977397e+00
1.103753e-02 1.974801e+00
1.102536e-02 1.972251e+00
1.101322e-02 1.969748e+00
1.100110e-02 1.967293e+00
1.098901e-02 1.964888e+00
1.097695e-02 1.962534e+00
1.096491e-02 1.960232e+00
1.095290e-02 1.957984e+00
1.094092e-02 1.955791e+00
1.092896e-02 1.953655e+00
1.091703e-02 1.951577e+00
1.090513e-02 1.949560e+00
1.089325e-02 1.947604e+00
1.088139e-02 1.945712e+00
1.086957e-02 1.943886e+00
1.085776e-02 1.942127e+00
1.084599e-02 1.940437e+00
1.083424e-02 1.938819e+00
1.082251e-02 1.937274e+00
1.081081e-02 1.935803e+00
1.079914e-02 1.934410e+00
1.078749e-02 1.933095e+00
1.077586e-02 1.931861e+00
1.076426e-02 1.930709e+00
1.075269e-02 1.929640e+00
1.074114e-02 1.928655e+00
1.072961e-02 1.927755e+00
1.071811e-02 1.926942e+00
1.070664e-02 1.926214e+00
1.069519e-02 1.925572e+00
1.068376e-02 1.925015e+00
1.067236e-02 1.924541e+00
1.066098e-02 1.924149e+00
1.064963e-02 1.923835e+00
1.063830e-02 1.923595e+00
1.062699e-02 1.923424e+00
1.061571e-02 1.923317e+00
1.060445e-02 1.923267e+00
1.059322e-02 1.923264e+00
1.058201e-02 1.923298e+00
1.057082e-02 1.923360e+00
1.055966e-02 1.923434e+00
1.054852e-02 1.923509e+00
1.053741e-02 1.923566e+00
1.052632e-02 1.923589e+00
1.051525e-02 1.923559e+00
1.050420e-02 1.923457e+00
1.049318e-02 1.923260e+00
1.048218e-02 1.922947e+00
1.047120e-02 1.922496e+00
1.046025e-02 1.921882e+00
1.044932e-02 1.921084e+00
1.043841e-02 1.920080e+00
1.042753e-02 1.918847e+00
1.041667e-02 1.917366e+00
1.040583e-02 1.915620e+00
1.039501e-02 1.913591e+00
1.038422e-02 1.911266e+00
1.037344e-02 1.908636e+00
1.036269e-02 1.905693e+00
1.035197e-02 1.902433e+00
1.034126e-02 1.898856e+00
1.033058e-02 1.894964e+00
1.031992e-02 1.890764e+00
1.030928e-02 1.886265e+00
1.029866e-02 1.881479e+00
1.028807e-02 1.876422e+00
1.027749e-02 1.871109e+00
1.026694e-02 1.865560e+00
1.025641e-02 1.859796e+00
1.024590e-02 1.853836e+00
1.023541e-02 1.847702e+00
1.022495e-02 1.841416e+00
1.021450e-02 1.835000e+00
1.020408e-02 1.828475e+00
1.019368e-02 1.821860e+00
1.018330e-02 1.815176e+00
1.017294e-02 1.808441e+00
1.016260e-02 1.801672e+00
1.015228e-02 1.794885e+00
1.014199e-02 1.788094e+00
1.013171e-02 1.781313e+00
1.012146e-02 1.774554e+00
1.011122e-02 1.767827e+00
1.010101e-02 1.761143e+00
1.009082e-02 1.754508e+00
1.008065e-02 1.747931e+00
1.007049e-02 1.741418e+00
1.006036e-02 1.734973e+00
1.005025e-02 1.728602e+00
1.004016e-02 1.722308e+00
1.003009e-02 1.716094e+00
1.002004e-02 1.709962e+00
1.001001e-02 1.703913e+00
1.000000e-02 1.697950e+00
9.990010e-03 1.692072e+00
9.980040e-03 1.686280e+00
9.970090e-03 1.680573e+00
9.960159e-03 1.674952e+00
9.950249e-03 1.669416e+00
9.940358e-03 1.663963e+00
9.930487e-03 1.658593e+00
9.920635e-03 1.653305e+00
9.910803e-03 1.648096e+00
9.900990e-03 1.642965e+00
9.891197e-03 1.637911e+00
9.881423e-03 1.632932e+00
9.871668e-03 1.628025e+00
9.861933e-03 1.623190e+00
9.852217e-03 1.618424e+00
9.842520e-03 1.613726e+00
9.832842e-03 1.609093e+00
9.823183e-03 1.604523e+00
9.813543e-03 1.600015e+00
9.803922e-03 1.595567e+00
9.794319e-03 1.591176e+00
9.784736e-03 1.586842e+00
9.775171e-03 1.582562e+00
9.765625e-03 1.578334e+00
9.756098e-03 1.574157e+00
9.746589e-03 1.570029e+00
9.737098e-03 1.565949e+00
9.727626e-03 1.561915e+00
9.718173e-03 1.557925e+00
9.708738e-03 1.553978e+00
9.699321e-03 1.550073e+00
9.689922e-03 1.546208e+00
9.680542e-03 1.542383e+00
9.671180e-03 1.538595e+00
9.661836e-03 1.534843e+00
9.652510e-03 1.531128e+00
9.643202e-03 1.527446e+00
9.633911e-03 1.523798e+00
9.624639e-03 1.520182e+00
9.615385e-03 1.516598e+00
9.606148e-03 1.513045e+00
9.596929e-03 1.509521e+00
9.587728e-03 1.506025e+00
9.578544e-03 1.502558e+00
9.569378e-03 1.499118e+00
9.560229e-03 1.495705e+00
9.551098e-03 1.492317e+00
9.541985e-03 1.488955e+00
9.532888e-03 1.485617e+00
9.523810e-03 1.482303e+00
9.514748e-03 1.479013e+00
9.505703e-03 1.475745e+00
9.496676e-03 1.472499e+00
9.487666e-03 1.469274e+00
9.478673e-03 1.466071e+00
9.469697e-03 1.462888e+00
9.460738e-03 1.459726e+00
9.451796e-03 1.456582e+00
9.442871e-03 1.453458e+00
9.433962e-03 1.450353e+00
9.425071e-03 1.447265e+00
9.416196e-03 1.444195e+00
9.407338e-03 1.441142e+00
9.398496e-03 1.438107e+00
9.389671e-03 1.435087e+00
9.380863e-03 1.432084e+00
9.372071e-03 1.429096e+00
9.363296e-03 1.426123e+00
9.354537e-03 1.423165e+00
9.345794e-03 1.420222e+00
9.337068e-03 1.417292e+00
9.328358e-03 1.414377e+00
9.319664e-03 1.411474e+00
9.310987e-03 1.408585e+00
9.302326e-03 1.405709e+00
9.293680e-03 1.402845e+00
9.285051e-03 1.399993e+00
9.276438e-03 1.397153e+00
9.267841e-03 1.394324e+00
9.259259e-03 1.391507e+00
9.250694e-03 1.388700e+00
9.242144e-03 1.385905e+00
9.233610e-03 1.383120e+00
9.225092e-03 1.380345e+00
9.216590e-03 1.377580e+00
9.208103e-03 1.374825e+00
9.199632e-03 1.372080e+00
9.191176e-03 1.369344e+00
9.182736e-03 1.366617e+00
9.174312e-03 1.363900e+00
9.165903e-03 1.361191e+00
9.157509e-03 1.358491e+00
9.149131e-03 1.355800e+00
9.140768e-03 1.353117e+00
9.132420e-03 1.350442e+00
9.124088e-03 1.347776e+00
9.115770e-03 1.345117e+00
9.107468e-03 1.342467e+00
9.099181e-03 1.339824e+00
9.090909e-03 1.337189e+00
9.082652e-03 1.334562e+00
9.074410e-03 1.331942e+00
9.066183e-03 1.329329e+00
9.057971e-03 1.326724e+00
9.049774e-03 1.324126e+00
9.041591e-03 1.321535e+00
9.033424e-03 1.318952e+00
9.025271e-03 1.316375e+00
9.017133e-03 1.313805e+00
9.009009e-03 1.311243e+00
9.000900e-03 1.308687e+00
8.992806e-03 1.306137e+00
8.984726e-03 1.303595e+00
8.976661e-03 1.301059e+00
8.968610e-03 1.298529e+00
8.960573e-03 1.296006e+00
8.952551e-03 1.293490e+00
8.944544e-03 1.290980e+00
8.936550e-03 1.288476e+00
8.928571e-03 1.285979e+00
8.920607e-03 1.283488e+00
8.912656e-03 1.281003e+00
8.904720e-03 1.278525e+00
8.896797e-03 1.276053e+00
8.888889e-03 1.273586e+00
8.880995e-03 1.271126e+00
8.873114e-03 1.268672e+00
8.865248e-03 1.266224e+00
8.857396e-03 1.263782e+00
8.849558e-03 1.261346e+00
8.841733e-03 1.258916e+00
8.833922e-03 1.256492e+00
8.826125e-03 1.254074e+00
8.818342e-03 1.251662e+00
8.810573e-03 1.249256e+00
8.802817e-03 1.246856e+00
8.795075e-03 1.244462e+00
8.787346e-03 1.242074e+00
8.779631e-03 1.239692e+00
8.771930e-03 1.237315e+00
8.764242e-03 1.234945e+00
8.756567e-03 1.232581e+00
8.748906e-03 1.230223e+00
8.741259e-03 1.227871e+00
8.733624e-03 1.225525e+00
8.726003e-03 1.223185e+00
8.718396e-03 1.220851e+00
8.710801e-03 1.218524e+00
8.703220e-03 1.216203e+00
8.695652e-03 1.213888e+00
8.688097e-03 1.211579e+00
8.680556e-03 1.209277e+00
8.673027e-03 1.206982e+00
8.665511e-03 1.204693e+00
8.658009e-03 1.202410e+00
8.650519e-03 1.200135e+00
8.643042e-03 1.197866e+00
8.635579e-03 1.195603e+00
8.628128e-03 1.193348e+00
8.620690e-03 1.191100e+00
8.613264e-03 1.188858e+00
8.605852e-03 1.186624e+00
8.598452e-03 1.184397e+00
8.591065e-03 1.182177e+00
8.583691e-03 1.179965e+00
8.576329e-03 1.177760e+00
8.568980e-03 1.175563e+00
8.561644e-03 1.173373e+00
8.554320e-03 1.171191e+00
8.547009e-03 1.169016e+00
8.539710e-03 1.166850e+00
8.532423e-03 1.164691e+00
8.525149e-03 1.162541e+00
8.517888e-03 1.160399e+00
8.510638e-03 1.158265e+00
8.503401e-03 1.156139e+00
8.496177e-03 1.154022e+00
8.488964e-03 1.151913e+00
8.481764e-03 1.149813e+00
8.474576e-03 1.147722e+00
8.467401e-03 1.145639e+00
8.460237e-03 1.143566e+00
8.453085e-03 1.141501e+00
8.445946e-03 1.139446e+00
8.438819e-03 1.137399e+00
8.431703e-03 1.135362e+00
8.424600e-03 1.133335e+00
8.417508e-03 1.131317e+00
8.410429e-03 1.129309e+00
8.403361e-03 1.127310e+00
8.396306e-03 1.125321e+00
8.389262e-03 1.123342e+00
8.382230e-03 1.121373e+00
8.375209e-03 1.119415e+00
8.368201e-03 1.117466e+00
8.361204e-03 1.115528e+00
8.354219e-03 1.113601e+00
8.347245e-03 1.111684e+00
8.340284e-03 1.109777e+00
8.333333e-03 1.107882e+00
