# T	Cv
1.000000e+01 2.925280e-01
5.000000e+00 9.722264e-01
3.333333e+00 1.720720e+00
2.500000e+00 2.325645e+00
2.000000e+00 2.716316e+00
1.666667e+00 2.911590e+00
1.428571e+00 2.963270e+00
1.250000e+00 2.923874e+00
1.111111e+00 2.834743e+00
1.000000e+00 2.724538e+00
9.090909e-01 2.611493e+00
8.333333e-01 2.506357e+00
7.692308e-01 2.414887e+00
7.142857e-01 2.339699e+00
6.666667e-01 2.281520e+00
6.250000e-01 2.240002e+00
5.882353e-01 2.214240e+00
5.555556e-01 2.203074e+00
5.263158e-01 2.205276e+00
5.000000e-01 2.219646e+00
4.761905e-01 2.245062e+00
4.545455e-01 2.280501e+00
4.347826e-01 2.325041e+00
4.166667e-01 2.377854e+00
4.000000e-01 2.438197e+00
3.846154e-01 2.505397e+00
3.703704e-01 2.578840e+00
3.571429e-01 2.657960e+00
3.448276e-01 2.742227e+00
3.333333e-01 2.831138e+00
3.225806e-01 2.924211e+00
3.125000e-01 3.020975e+00
3.030303e-01 3.120970e+00
2.941176e-01 3.223741e+00
2.857143e-01 3.328839e+00
2.777778e-01 3.435829e+00
2.702703e-01 3.544301e+00
2.631579e-01 3.653906e+00
2.564103e-01 3.764426e+00
2.500000e-01 3.875901e+00
2.439024e-01 3.988812e+00
2.380952e-01 4.104119e+00
2.325581e-01 4.222609e+00
2.272727e-01 4.343441e+00
2.222222e-01 4.463393e+00
2.173913e-01 4.578481e+00
2.127660e-01 4.686548e+00
2.083333e-01 4.787744e+00
2.040816e-01 4.883077e+00
2.000000e-01 4.973305e+00
1.960784e-01 5.058708e+00
1.923077e-01 5.139234e+00
1.886792e-01 5.214678e+00
1.851852e-01 5.284795e+00
1.818182e-01 5.349365e+00
1.785714e-01 5.408209e+00
1.754386e-01 5.461195e+00
1.724138e-01 5.508236e+00
1.694915e-01 5.549287e+00
1.666667e-01 5.584339e+00
1.639344e-01 5.613419e+00
1.612903e-01 5.636591e+00
1.587302e-01 5.653948e+00
1.562500e-01 5.665617e+00
1.538462e-01 5.671754e+00
1.515152e-01 5.672539e+00
1.492537e-01 5.668175e+00
1.470588e-01 5.658882e+00
1.449275e-01 5.644896e+00
1.428571e-01 5.626460e+00
1.408451e-01 5.603827e+00
1.388889e-01 5.577250e+00
1.369863e-01 5.546982e+00
1.351351e-01 5.513277e+00
1.333333e-01 5.476381e+00
1.315789e-01 5.436533e+00
1.298701e-01 5.393967e+00
1.282051e-01 5.348906e+00
1.265823e-01 5.301562e+00
1.250000e-01 5.252141e+00
1.234568e-01 5.200837e+00
1.219512e-01 5.147834e+00
1.204819e-01 5.093305e+00
1.190476e-01 5.037411e+00
1.176471e-01 4.980301e+00
1.162791e-01 4.922109e+00
1.149425e-01 4.862953e+00
1.136364e-01 4.802939e+00
1.123596e-01 4.742160e+00
1.111111e-01 4.680697e+00
1.098901e-01 4.618624e+00
1.086957e-01 4.556007e+00
1.075269e-01 4.492911e+00
1.063830e-01 4.429394e+00
1.052632e-01 4.365518e+00
1.041667e-01 4.301342e+00
1.030928e-01 4.236929e+00
1.020408e-01 4.172343e+00
1.010101e-01 4.107653e+00
1.000000e-01 4.042929e+00
9.900990e-02 3.978242e+00
9.803922e-02 3.913657e+00
9.708738e-02 3.849239e+00
9.615385e-02 3.785044e+00
9.523810e-02 3.721119e+00
9.433962e-02 3.657508e+00
9.345794e-02 3.594251e+00
9.259259e-02 3.531389e+00
9.174312e-02 3.468968e+00
9.090909e-02 3.407038e+00
9.009009e-02 3.345653e+00
8.928571e-02 3.284866e+00
8.849558e-02 3.224726e+00
8.771930e-02 3.165274e+00
8.695652e-02 3.106543e+00
8.620690e-02 3.048563e+00
8.547009e-02 2.991360e+00
8.474576e-02 2.934962e+00
8.403361e-02 2.879393e+00
8.333333e-02 2.824678e+00
8.264463e-02 2.770839e+00
8.196721e-02 2.717893e+00
8.130081e-02 2.665851e+00
8.064516e-02 2.614719e+00
8.000000e-02 2.564499e+00
7.936508e-02 2.515187e+00
7.874016e-02 2.466775e+00
7.812500e-02 2.419251e+00
7.751938e-02 2.372602e+00
7.692308e-02 2.326808e+00
7.633588e-02 2.281851e+00
7.575758e-02 2.237709e+00
7.518797e-02 2.194360e+00
7.462687e-02 2.151780e+00
7.407407e-02 2.109948e+00
7.352941e-02 2.068844e+00
7.299270e-02 2.028453e+00
7.246377e-02 1.988763e+00
7.194245e-02 1.949767e+00
7.142857e-02 1.911468e+00
7.092199e-02 1.873873e+00
7.042254e-02 1.836992e+00
6.993007e-02 1.800839e+00
6.944444e-02 1.765425e+00
6.896552e-02 1.730754e+00
6.849315e-02 1.696825e+00
6.802721e-02 1.663626e+00
6.756757e-02 1.631137e+00
6.711409e-02 1.599332e+00
6.666667e-02 1.568177e+00
6.622517e-02 1.537638e+00
6.578947e-02 1.507678e+00
6.535948e-02 1.478260e+00
6.493506e-02 1.449349e+00
6.451613e-02 1.420918e+00
6.410256e-02 1.392940e+00
6.369427e-02 1.365400e+00
6.329114e-02 1.338292e+00
6.289308e-02 1.311617e+00
6.250000e-02 1.285386e+00
6.211180e-02 1.259616e+00
6.172840e-02 1.234325e+00
6.134969e-02 1.209533e+00
6.097561e-02 1.185256e+00
6.060606e-02 1.161507e+00
6.024096e-02 1.138291e+00
5.988024e-02 1.115608e+00
5.952381e-02 1.093450e+00
5.917160e-02 1.071802e+00
5.882353e-02 1.050641e+00
5.847953e-02 1.029941e+00
5.813953e-02 1.009670e+00
5.780347e-02 9.897981e-01
5.747126e-02 9.702967e-01
5.714286e-02 9.511424e-01
5.681818e-02 9.323176e-01
5.649718e-02 9.138113e-01
5.617978e-02 8.956183e-01
5.586592e-02 8.777387e-01
5.555556e-02 8.601766e-01
5.524862e-02 8.429385e-01
5.494505e-02 8.260294e-01
5.464481e-02 8.094466e-01
5.434783e-02 7.931720e-01
5.405405e-02 7.771700e-01
5.376344e-02 7.613968e-01
5.347594e-02 7.458228e-01
5.319149e-02 7.304504e-01
5.291005e-02 7.153134e-01
5.263158e-02 7.004581e-01
5.235602e-02 6.859240e-01
5.208333e-02 6.717340e-01
5.181347e-02 6.578949e-01
5.154639e-02 6.444012e-01
5.128205e-02 6.312391e-01
5.102041e-02 6.183897e-01
5.076142e-02 6.058315e-01
5.050505e-02 5.935425e-01
5.025126e-02 5.815024e-01
5.000000e-02 5.696946e-01
4.975124e-02 5.581076e-01
4.950495e-02 5.467360e-01
4.926108e-02 5.355789e-01
4.901961e-02 5.246394e-01
4.878049e-02 5.139219e-01
4.854369e-02 5.034313e-01
4.830918e-02 4.931715e-01
4.807692e-02 4.831454e-01
4.784689e-02 4.733539e-01
4.761905e-02 4.637960e-01
4.739336e-02 4.544689e-01
4.716981e-02 4.453685e-01
4.694836e-02 4.364894e-01
4.672897e-02 4.278256e-01
4.651163e-02 4.193709e-01
4.629630e-02 4.111190e-01
4.608295e-02 4.030639e-01
4.587156e-02 3.951998e-01
4.566210e-02 3.875213e-01
4.545455e-02 3.800234e-01
4.524887e-02 3.727014e-01
4.504505e-02 3.655512e-01
4.484305e-02 3.585689e-01
4.464286e-02 3.517510e-01
4.444444e-02 3.450944e-01
4.424779e-02 3.385961e-01
4.405286e-02 3.322537e-01
4.385965e-02 3.260648e-01
4.366812e-02 3.200274e-01
4.347826e-02 3.141395e-01
4.329004e-02 3.083992e-01
4.310345e-02 3.028045e-01
4.291845e-02 2.973532e-01
4.273504e-02 2.920420e-01
4.255319e-02 2.868666e-01
4.237288e-02 2.818211e-01
4.219409e-02 2.768971e-01
4.201681e-02 2.720841e-01
4.184100e-02 2.673704e-01
4.166667e-02 2.627441e-01
4.149378e-02 2.581961e-01
4.132231e-02 2.537220e-01
4.115226e-02 2.493228e-01
4.098361e-02 2.450044e-01
4.081633e-02 2.407749e-01
4.065041e-02 2.366427e-01
4.048583e-02 2.326139e-01
4.032258e-02 2.286923e-01
4.016064e-02 2.248790e-01
4.000000e-02 2.211732e-01
3.984064e-02 2.175729e-01
3.968254e-02 2.140754e-01
3.952569e-02 2.106780e-01
3.937008e-02 2.073777e-01
3.921569e-02 2.041720e-01
3.906250e-02 2.010585e-01
3.891051e-02 1.980350e-01
3.875969e-02 1.950997e-01
3.861004e-02 1.922508e-01
3.846154e-02 1.894868e-01
3.831418e-02 1.868064e-01
3.816794e-02 1.842085e-01
3.802281e-02 1.816919e-01
3.787879e-02 1.792557e-01
3.773585e-02 1.768993e-01
3.759398e-02 1.746218e-01
3.745318e-02 1.724228e-01
3.731343e-02 1.703017e-01
3.717472e-02 1.682584e-01
3.703704e-02 1.662926e-01
3.690037e-02 1.644043e-01
3.676471e-02 1.625935e-01
3.663004e-02 1.608604e-01
3.649635e-02 1.592054e-01
3.636364e-02 1.576291e-01
3.623188e-02 1.561320e-01
3.610108e-02 1.547152e-01
3.597122e-02 1.533796e-01
3.584229e-02 1.521265e-01
3.571429e-02 1.509574e-01
3.558719e-02 1.498742e-01
3.546099e-02 1.488787e-01
3.533569e-02 1.479732e-01
3.521127e-02 1.471604e-01
3.508772e-02 1.464431e-01
3.496503e-02 1.458245e-01
3.484321e-02 1.453083e-01
3.472222e-02 1.448983e-01
3.460208e-02 1.445989e-01
3.448276e-02 1.444149e-01
3.436426e-02 1.443515e-01
3.424658e-02 1.444143e-01
3.412969e-02 1.446094e-01
3.401361e-02 1.449432e-01
3.389831e-02 1.454227e-01
3.378378e-02 1.460551e-01
3.367003e-02 1.468480e-01
3.355705e-02 1.478092e-01
3.344482e-02 1.489467e-01
3.333333e-02 1.502683e-01
3.322259e-02 1.517817e-01
3.311258e-02 1.534940e-01
3.300330e-02 1.554116e-01
3.289474e-02 1.575393e-01
3.278689e-02 1.598806e-01
3.267974e-02 1.624360e-01
3.257329e-02 1.652033e-01
3.246753e-02 1.681757e-01
3.236246e-02 1.713417e-01
3.225806e-02 1.746832e-01
3.215434e-02 1.781746e-01
3.205128e-02 1.817814e-01
3.194888e-02 1.854589e-01
3.184713e-02 1.891513e-01
3.174603e-02 1.927905e-01
3.164557e-02 1.962960e-01
3.154574e-02 1.995757e-01
3.144654e-02 2.025269e-01
3.134796e-02 2.050393e-01
3.125000e-02 2.069993e-01
3.115265e-02 2.082952e-01
3.105590e-02 2.088243e-01
3.095975e-02 2.085003e-01
3.086420e-02 2.072610e-01
3.076923e-02 2.050751e-01
3.067485e-02 2.019467e-01
3.058104e-02 1.979181e-01
3.048780e-02 1.930682e-01
3.039514e-02 1.875082e-01
3.030303e-02 1.813742e-01
3.021148e-02 1.748178e-01
3.012048e-02 1.679961e-01
3.003003e-02 1.610620e-01
2.994012e-02 1.541558e-01
2.985075e-02 1.473995e-01
2.976190e-02 1.408930e-01
2.967359e-02 1.347127e-01
2.958580e-02 1.289123e-01
2.949853e-02 1.235246e-01
2.941176e-02 1.185646e-01
2.932551e-02 1.140325e-01
2.923977e-02 1.099175e-01
2.915452e-02 1.062003e-01
2.906977e-02 1.028561e-01
2.898551e-02 9.985682e-02
2.890173e-02 9.717277e-02
2.881844e-02 9.477411e-02
2.873563e-02 9.263172e-02
2.865330e-02 9.071798e-02
2.857143e-02 8.900711e-02
2.849003e-02 8.747543e-02
2.840909e-02 8.610151e-02
2.832861e-02 8.486604e-02
2.824859e-02 8.375189e-02
2.816901e-02 8.274387e-02
2.808989e-02 8.182865e-02
2.801120e-02 8.099455e-02
2.793296e-02 8.023143e-02
2.785515e-02 7.953046e-02
2.777778e-02 7.888401e-02
2.770083e-02 7.828552e-02
2.762431e-02 7.772928e-02
2.754821e-02 7.721044e-02
2.747253e-02 7.672481e-02
2.739726e-02 7.626878e-02
2.732240e-02 7.583928e-02
2.724796e-02 7.543366e-02
2.717391e-02 7.504964e-02
2.710027e-02 7.468528e-02
2.702703e-02 7.433891e-02
2.695418e-02 7.400908e-02
2.688172e-02 7.369455e-02
2.680965e-02 7.339426e-02
2.673797e-02 7.310728e-02
2.666667e-02 7.283281e-02
2.659574e-02 7.257016e-02
2.652520e-02 7.231874e-02
2.645503e-02 7.207801e-02
2.638522e-02 7.184753e-02
2.631579e-02 7.162692e-02
2.624672e-02 7.141583e-02
2.617801e-02 7.121398e-02
2.610966e-02 7.102111e-02
2.604167e-02 7.083701e-02
2.597403e-02 7.066153e-02
2.590674e-02 7.049450e-02
2.583979e-02 7.033584e-02
2.577320e-02 7.018544e-02
2.570694e-02 7.004326e-02
2.564103e-02 6.990929e-02
2.557545e-02 6.978352e-02
2.551020e-02 6.966598e-02
2.544529e-02 6.955675e-02
2.538071e-02 6.945591e-02
2.531646e-02 6.936358e-02
2.525253e-02 6.927993e-02
2.518892e-02 6.920514e-02
2.512563e-02 6.913944e-02
2.506266e-02 6.908310e-02
2.500000e-02 6.903642e-02
2.493766e-02 6.899977e-02
2.487562e-02 6.897353e-02
2.481390e-02 6.895817e-02
2.475248e-02 6.895420e-02
2.469136e-02 6.896220e-02
2.463054e-02 6.898283e-02
2.457002e-02 6.901679e-02
2.450980e-02 6.906491e-02
2.444988e-02 6.912808e-02
2.439024e-02 6.920732e-02
2.433090e-02 6.930374e-02
2.427184e-02 6.941861e-02
2.421308e-02 6.955331e-02
2.415459e-02 6.970939e-02
2.409639e-02 6.988860e-02
2.403846e-02 7.009285e-02
2.398082e-02 7.032431e-02
2.392344e-02 7.058539e-02
2.386635e-02 7.087877e-02
2.380952e-02 7.120748e-02
2.375297e-02 7.157487e-02
2.369668e-02 7.198475e-02
2.364066e-02 7.244134e-02
2.358491e-02 7.294942e-02
2.352941e-02 7.351436e-02
2.347418e-02 7.414220e-02
2.341920e-02 7.483978e-02
2.336449e-02 7.561478e-02
2.331002e-02 7.647593e-02
2.325581e-02 7.743311e-02
2.320186e-02 7.849751e-02
2.314815e-02 7.968184e-02
2.309469e-02 8.100058e-02
2.304147e-02 8.247020e-02
2.298851e-02 8.410947e-02
2.293578e-02 8.593983e-02
2.288330e-02 8.798575e-02
2.283105e-02 9.027525e-02
2.277904e-02 9.284032e-02
2.272727e-02 9.571764e-02
2.267574e-02 9.894914e-02
2.262443e-02 1.025828e-01
2.257336e-02 1.066734e-01
2.252252e-02 1.112835e-01
2.247191e-02 1.164843e-01
2.242152e-02 1.223565e-01
2.237136e-02 1.289909e-01
2.232143e-02 1.364895e-01
2.227171e-02 1.449653e-01
2.222222e-02 1.545417e-01
2.217295e-02 1.653517e-01
2.212389e-02 1.775342e-01
2.207506e-02 1.912291e-01
2.202643e-02 2.065690e-01
2.197802e-02 2.236668e-01
2.192982e-02 2.425982e-01
2.188184e-02 2.633777e-01
2.183406e-02 2.859286e-01
2.178649e-02 3.100458e-01
2.173913e-02 3.353557e-01
2.169197e-02 3.612777e-01
2.164502e-02 3.869960e-01
2.159827e-02 4.114559e-01
2.155172e-02 4.333978e-01
2.150538e-02 4.514449e-01
2.145923e-02 4.642472e-01
2.141328e-02 4.706718e-01
2.136752e-02 4.700079e-01
2.132196e-02 4.621353e-01
2.127660e-02 4.476050e-01
2.123142e-02 4.275950e-01
2.118644e-02 4.037473e-01
2.114165e-02 3.779264e-01
2.109705e-02 3.519667e-01
2.105263e-02 3.274694e-01
2.100840e-02 3.056841e-01
2.096436e-02 2.874774e-01
2.092050e-02 2.733672e-01
2.087683e-02 2.635950e-01
2.083333e-02 2.582064e-01
2.079002e-02 2.571243e-01
2.074689e-02 2.602025e-01
2.070393e-02 2.672582e-01
2.066116e-02 2.780835e-01
2.061856e-02 2.924372e-01
2.057613e-02 3.100208e-01
2.053388e-02 3.304398e-01
2.049180e-02 3.531569e-01
2.044990e-02 3.774419e-01
2.040816e-02 4.023287e-01
2.036660e-02 4.265953e-01
2.032520e-02 4.487835e-01
2.028398e-02 4.672767e-01
2.024291e-02 4.804471e-01
2.020202e-02 4.868654e-01
2.016129e-02 4.855418e-01
2.012072e-02 4.761433e-01
2.008032e-02 4.591178e-01
2.004008e-02 4.356742e-01
2.000000e-02 4.076084e-01
1.996008e-02 3.770199e-01
1.992032e-02 3.460010e-01
1.988072e-02 3.163799e-01
1.984127e-02 2.895668e-01
1.980198e-02 2.665117e-01
1.976285e-02 2.477458e-01
1.972387e-02 2.334703e-01
1.968504e-02 2.236548e-01
1.964637e-02 2.181252e-01
1.960784e-02 2.166258e-01
1.956947e-02 2.188555e-01
1.953125e-02 2.244777e-01
1.949318e-02 2.331094e-01
1.945525e-02 2.442930e-01
1.941748e-02 2.574600e-01
1.937984e-02 2.718927e-01
1.934236e-02 2.866988e-01
1.930502e-02 3.008132e-01
1.926782e-02 3.130413e-01
1.923077e-02 3.221571e-01
1.919386e-02 3.270490e-01
1.915709e-02 3.268949e-01
1.912046e-02 3.213219e-01
1.908397e-02 3.105003e-01
1.904762e-02 2.951339e-01
1.901141e-02 2.763394e-01
1.897533e-02 2.554486e-01
1.893939e-02 2.337922e-01
1.890359e-02 2.125230e-01
1.886792e-02 1.925123e-01
1.883239e-02 1.743219e-01
1.879699e-02 1.582341e-01
1.876173e-02 1.443122e-01
1.872659e-02 1.324679e-01
1.869159e-02 1.225227e-01
1.865672e-02 1.142547e-01
1.862197e-02 1.074316e-01
1.858736e-02 1.018306e-01
1.855288e-02 9.724978e-02
1.851852e-02 9.351231e-02
1.848429e-02 9.046746e-02
1.845018e-02 8.798886e-02
1.841621e-02 8.597194e-02
1.838235e-02 8.433087e-02
1.834862e-02 8.299573e-02
1.831502e-02 8.190965e-02
1.828154e-02 8.102665e-02
1.824818e-02 8.030945e-02
1.821494e-02 7.972792e-02
1.818182e-02 7.925765e-02
1.814882e-02 7.887888e-02
1.811594e-02 7.857555e-02
1.808318e-02 7.833459e-02
1.805054e-02 7.814536e-02
1.801802e-02 7.799912e-02
1.798561e-02 7.788873e-02
1.795332e-02 7.780828e-02
1.792115e-02 7.775288e-02
1.788909e-02 7.771845e-02
1.785714e-02 7.770158e-02
1.782531e-02 7.769937e-02
1.779359e-02 7.770936e-02
1.776199e-02 7.772941e-02
1.773050e-02 7.775763e-02
1.769912e-02 7.779235e-02
1.766784e-02 7.783206e-02
1.763668e-02 7.787533e-02
1.760563e-02 7.792083e-02
1.757469e-02 7.796731e-02
1.754386e-02 7.801352e-02
1.751313e-02 7.805825e-02
1.748252e-02 7.810035e-02
1.745201e-02 7.813865e-02
1.742160e-02 7.817203e-02
1.739130e-02 7.819942e-02
1.736111e-02 7.821980e-02
1.733102e-02 7.823221e-02
1.730104e-02 7.823580e-02
1.727116e-02 7.822977e-02
1.724138e-02 7.821346e-02
1.721170e-02 7.818633e-02
1.718213e-02 7.814794e-02
1.715266e-02 7.809795e-02
1.712329e-02 7.803619e-02
1.709402e-02 7.796252e-02
1.706485e-02 7.787695e-02
1.703578e-02 7.777954e-02
1.700680e-02 7.767042e-02
1.697793e-02 7.754976e-02
1.694915e-02 7.741780e-02
1.692047e-02 7.727474e-02
1.689189e-02 7.712084e-02
1.686341e-02 7.695637e-02
1.683502e-02 7.678153e-02
1.680672e-02 7.659660e-02
1.677852e-02 7.640179e-02
1.675042e-02 7.619734e-02
1.672241e-02 7.598348e-02
1.669449e-02 7.576045e-02
1.666667e-02 7.552850e-02
1.663894e-02 7.528792e-02
1.661130e-02 7.503898e-02
1.658375e-02 7.478200e-02
1.655629e-02 7.451737e-02
1.652893e-02 7.424547e-02
1.650165e-02 7.396672e-02
1.647446e-02 7.368159e-02
1.644737e-02 7.339059e-02
1.642036e-02 7.309424e-02
1.639344e-02 7.279314e-02
1.636661e-02 7.248787e-02
1.633987e-02 7.217909e-02
1.631321e-02 7.186748e-02
1.628664e-02 7.155382e-02
1.626016e-02 7.123890e-02
1.623377e-02 7.092362e-02
1.620746e-02 7.060901e-02
1.618123e-02 7.029623e-02
1.615509e-02 6.998659e-02
1.612903e-02 6.968167e-02
1.610306e-02 6.938331e-02
1.607717e-02 6.909371e-02
1.605136e-02 6.881547e-02
1.602564e-02 6.855174e-02
1.600000e-02 6.830625e-02
1.597444e-02 6.808348e-02
1.594896e-02 6.788875e-02
1.592357e-02 6.772828e-02
1.589825e-02 6.760933e-02
1.587302e-02 6.754017e-02
1.584786e-02 6.753012e-02
1.582278e-02 6.758917e-02
1.579779e-02 6.772766e-02
1.577287e-02 6.795553e-02
1.574803e-02 6.828120e-02
1.572327e-02 6.871002e-02
1.569859e-02 6.924242e-02
1.567398e-02 6.987177e-02
1.564945e-02 7.058243e-02
1.562500e-02 7.134817e-02
1.560062e-02 7.213168e-02
1.557632e-02 7.288504e-02
1.555210e-02 7.355113e-02
1.552795e-02 7.406606e-02
1.550388e-02 7.436243e-02
1.547988e-02 7.437485e-02
1.545595e-02 7.404843e-02
1.543210e-02 7.335039e-02
1.540832e-02 7.228137e-02
1.538462e-02 7.088144e-02
1.536098e-02 6.922616e-02
1.533742e-02 6.741298e-02
1.531394e-02 6.554284e-02
1.529052e-02 6.370380e-02
1.526718e-02 6.196112e-02
1.524390e-02 6.035504e-02
1.522070e-02 5.890384e-02
1.519757e-02 5.760947e-02
1.517451e-02 5.646358e-02
1.515152e-02 5.545229e-02
1.512859e-02 5.455985e-02
1.510574e-02 5.377065e-02
1.508296e-02 5.307059e-02
1.506024e-02 5.244748e-02
1.503759e-02 5.189122e-02
1.501502e-02 5.139367e-02
1.499250e-02 5.094847e-02
1.497006e-02 5.055080e-02
1.494768e-02 5.019714e-02
1.492537e-02 4.988512e-02
1.490313e-02 4.961333e-02
1.488095e-02 4.938118e-02
1.485884e-02 4.918887e-02
1.483680e-02 4.903719e-02
1.481481e-02 4.892763e-02
1.479290e-02 4.886224e-02
1.477105e-02 4.884369e-02
1.474926e-02 4.887521e-02
1.472754e-02 4.896072e-02
1.470588e-02 4.910471e-02
1.468429e-02 4.931245e-02
1.466276e-02 4.958991e-02
1.464129e-02 4.994388e-02
1.461988e-02 5.038205e-02
1.459854e-02 5.091300e-02
1.457726e-02 5.154634e-02
1.455604e-02 5.229271e-02
1.453488e-02 5.316382e-02
1.451379e-02 5.417238e-02
1.449275e-02 5.533214e-02
1.447178e-02 5.665763e-02
1.445087e-02 5.816395e-02
1.443001e-02 5.986629e-02
1.440922e-02 6.177938e-02
1.438849e-02 6.391652e-02
1.436782e-02 6.628842e-02
1.434720e-02 6.890174e-02
1.432665e-02 7.175716e-02
1.430615e-02 7.484730e-02
1.428571e-02 7.815453e-02
1.426534e-02 8.164905e-02
1.424501e-02 8.528758e-02
1.422475e-02 8.901366e-02
1.420455e-02 9.275992e-02
1.418440e-02 9.645347e-02
1.416431e-02 1.000242e-01
1.414427e-02 1.034164e-01
1.412429e-02 1.066009e-01
1.410437e-02 1.095874e-01
1.408451e-02 1.124310e-01
1.406470e-02 1.152305e-01
1.404494e-02 1.181147e-01
1.402525e-02 1.212121e-01
1.400560e-02 1.246030e-01
1.398601e-02 1.282529e-01
1.396648e-02 1.319355e-01
1.394700e-02 1.351675e-01
1.392758e-02 1.372024e-01
1.390821e-02 1.371455e-01
1.388889e-02 1.342207e-01
1.386963e-02 1.281114e-01
1.385042e-02 1.191815e-01
1.383126e-02 1.084002e-01
1.381215e-02 9.699325e-02
1.379310e-02 8.604432e-02
1.377410e-02 7.625861e-02
1.375516e-02 6.793918e-02
1.373626e-02 6.109218e-02
1.371742e-02 5.555967e-02
1.369863e-02 5.112258e-02
1.367989e-02 4.756177e-02
1.366120e-02 4.468590e-02
1.364256e-02 4.233949e-02
1.362398e-02 4.040110e-02
1.360544e-02 3.877805e-02
1.358696e-02 3.740029e-02
1.356852e-02 3.621514e-02
1.355014e-02 3.518289e-02
1.353180e-02 3.427351e-02
1.351351e-02 3.346406e-02
1.349528e-02 3.273697e-02
1.347709e-02 3.207858e-02
1.345895e-02 3.147819e-02
1.344086e-02 3.092735e-02
1.342282e-02 3.041926e-02
1.340483e-02 2.994844e-02
1.338688e-02 2.951040e-02
1.336898e-02 2.910147e-02
1.335113e-02 2.871853e-02
1.333333e-02 2.835899e-02
1.331558e-02 2.802063e-02
1.329787e-02 2.770157e-02
1.328021e-02 2.740017e-02
1.326260e-02 2.711499e-02
1.324503e-02 2.684481e-02
1.322751e-02 2.658853e-02
1.321004e-02 2.634517e-02
1.319261e-02 2.611388e-02
1.317523e-02 2.589390e-02
1.315789e-02 2.568455e-02
1.314060e-02 2.548521e-02
1.312336e-02 2.529531e-02
1.310616e-02 2.511442e-02
1.308901e-02 2.494200e-02
1.307190e-02 2.477774e-02
1.305483e-02 2.462123e-02
1.303781e-02 2.447217e-02
1.302083e-02 2.433024e-02
1.300390e-02 2.419523e-02
1.298701e-02 2.406687e-02
1.297017e-02 2.394494e-02
1.295337e-02 2.382932e-02
1.293661e-02 2.371980e-02
1.291990e-02 2.361626e-02
1.290323e-02 2.351860e-02
1.288660e-02 2.342670e-02
1.287001e-02 2.334047e-02
1.285347e-02 2.325990e-02
1.283697e-02 2.318490e-02
1.282051e-02 2.311545e-02
1.280410e-02 2.305157e-02
1.278772e-02 2.299323e-02
1.277139e-02 2.294046e-02
1.275510e-02 2.289332e-02
1.273885e-02 2.285183e-02
1.272265e-02 2.281609e-02
1.270648e-02 2.278615e-02
1.269036e-02 2.276213e-02
1.267427e-02 2.274417e-02
1.265823e-02 2.273234e-02
1.264223e-02 2.272684e-02
1.262626e-02 2.272783e-02
1.261034e-02 2.273550e-02
1.259446e-02 2.275001e-02
1.257862e-02 2.277163e-02
1.256281e-02 2.280057e-02
1.254705e-02 2.283712e-02
1.253133e-02 2.288154e-02
1.251564e-02 2.293414e-02
1.250000e-02 2.299526e-02
1.248439e-02 2.306523e-02
1.246883e-02 2.314444e-02
1.245330e-02 2.323330e-02
1.243781e-02 2.333220e-02
1.242236e-02 2.344167e-02
1.240695e-02 2.356213e-02
1.239157e-02 2.369413e-02
1.237624e-02 2.383822e-02
1.236094e-02 2.399498e-02
1.234568e-02 2.416505e-02
1.233046e-02 2.434906e-02
1.231527e-02 2.454774e-02
1.230012e-02 2.476181e-02
1.228501e-02 2.499205e-02
1.226994e-02 2.523930e-02
1.225490e-02 2.550440e-02
1.223990e-02 2.578831e-02
1.222494e-02 2.609198e-02
1.221001e-02 2.641639e-02
1.219512e-02 2.676266e-02
1.218027e-02 2.713189e-02
1.216545e-02 2.752522e-02
1.215067e-02 2.794393e-02
1.213592e-02 2.838926e-02
1.212121e-02 2.886255e-02
1.210654e-02 2.936519e-02
1.209190e-02 2.989860e-02
1.207729e-02 3.046428e-02
1.206273e-02 3.106373e-02
1.204819e-02 3.169853e-02
1.203369e-02 3.237028e-02
1.201923e-02 3.308059e-02
1.200480e-02 3.383110e-02
1.199041e-02 3.462346e-02
1.197605e-02 3.545931e-02
1.196172e-02 3.634024e-02
1.194743e-02 3.726783e-02
1.193317e-02 3.824357e-02
1.191895e-02 3.926882e-02
1.190476e-02 4.034486e-02
1.189061e-02 4.147278e-02
1.187648e-02 4.265343e-02
1.186240e-02 4.388742e-02
1.184834e-02 4.517503e-02
1.183432e-02 4.651607e-02
1.182033e-02 4.790999e-02
1.180638e-02 4.935559e-02
1.179245e-02 5.085099e-02
1.177856e-02 5.239360e-02
1.176471e-02 5.397991e-02
1.175088e-02 5.560530e-02
1.173709e-02 5.726408e-02
1.172333e-02 5.894920e-02
1.170960e-02 6.065214e-02
1.169591e-02 6.236277e-02
1.168224e-02 6.406922e-02
1.166861e-02 6.575783e-02
1.165501e-02 6.741294e-02
1.164144e-02 6.901710e-02
1.162791e-02 7.055094e-02
1.161440e-02 7.199346e-02
1.160093e-02 7.332227e-02
1.158749e-02 7.451404e-02
1.157407e-02 7.554501e-02
1.156069e-02 7.639179e-02
1.154734e-02 7.703214e-02
1.153403e-02 7.744592e-02
1.152074e-02 7.761610e-02
1.150748e-02 7.752967e-02
1.149425e-02 7.717863e-02
1.148106e-02 7.656052e-02
1.146789e-02 7.567895e-02
1.145475e-02 7.454364e-02
1.144165e-02 7.317024e-02
1.142857e-02 7.157968e-02
1.141553e-02 6.979733e-02
1.140251e-02 6.785194e-02
1.138952e-02 6.577429e-02
1.137656e-02 6.359608e-02
1.136364e-02 6.134866e-02
1.135074e-02 5.906199e-02
1.133787e-02 5.676389e-02
1.132503e-02 5.447928e-02
1.131222e-02 5.222997e-02
1.129944e-02 5.003438e-02
1.128668e-02 4.790757e-02
1.127396e-02 4.586146e-02
1.126126e-02 4.390497e-02
1.124859e-02 4.204441e-02
1.123596e-02 4.028386e-02
1.122334e-02 3.862537e-02
1.121076e-02 3.706953e-02
1.119821e-02 3.561558e-02
1.118568e-02 3.426187e-02
1.117318e-02 3.300601e-02
1.116071e-02 3.184518e-02
1.114827e-02 3.077629e-02
1.113586e-02 2.979616e-02
1.112347e-02 2.890164e-02
1.111111e-02 2.808976e-02
1.109878e-02 2.735778e-02
1.108647e-02 2.670320e-02
1.107420e-02 2.612384e-02
1.106195e-02 2.561779e-02
1.104972e-02 2.518337e-02
1.103753e-02 2.481898e-02
1.102536e-02 2.452308e-02
1.101322e-02 2.429377e-02
1.100110e-02 2.412884e-02
1.098901e-02 2.402525e-02
1.097695e-02 2.397894e-02
1.096491e-02 2.398455e-02
1.095290e-02 2.403506e-02
1.094092e-02 2.412170e-02
1.092896e-02 2.423393e-02
1.091703e-02 2.435954e-02
1.090513e-02 2.448514e-02
1.089325e-02 2.459675e-02
1.088139e-02 2.468068e-02
1.086957e-02 2.472460e-02
1.085776e-02 2.471844e-02
1.084599e-02 2.465535e-02
1.083424e-02 2.453221e-02
1.082251e-02 2.434991e-02
1.081081e-02 2.411318e-02
1.079914e-02 2.382994e-02
1.078749e-02 2.351057e-02
1.077586e-02 2.316692e-02
1.076426e-02 2.281131e-02
1.075269e-02 2.245570e-02
1.074114e-02 2.211109e-02
1.072961e-02 2.178698e-02
1.071811e-02 2.149126e-02
1.070664e-02 2.123012e-02
1.069519e-02 2.100827e-02
1.068376e-02 2.082892e-02
1.067236e-02 2.069438e-02
1.066098e-02 2.060597e-02
1.064963e-02 2.056453e-02
1.063830e-02 2.057051e-02
1.062699e-02 2.062421e-02
1.061571e-02 2.072591e-02
1.060445e-02 2.087596e-02
1.059322e-02 2.107497e-02
1.058201e-02 2.132375e-02
1.057082e-02 2.162343e-02
1.055966e-02 2.197553e-02
1.054852e-02 2.238180e-02
1.053741e-02 2.284453e-02
1.052632e-02 2.336624e-02
1.051525e-02 2.394996e-02
1.050420e-02 2.459905e-02
1.049318e-02 2.531729e-02
1.048218e-02 2.610883e-02
1.047120e-02 2.697828e-02
1.046025e-02 2.793053e-02
1.044932e-02 2.897095e-02
1.043841e-02 3.010512e-02
1.042753e-02 3.133901e-02
1.041667e-02 3.267875e-02
1.040583e-02 3.413065e-02
1.039501e-02 3.570098e-02
1.038422e-02 3.739593e-02
1.037344e-02 3.922126e-02
1.036269e-02 4.118223e-02
1.035197e-02 4.328311e-02
1.034126e-02 4.552694e-02
1.033058e-02 4.791510e-02
1.031992e-02 5.044672e-02
1.030928e-02 5.311823e-02
1.029866e-02 5.592277e-02
1.028807e-02 5.884961e-02
1.027749e-02 6.188350e-02
1.026694e-02 6.500424e-02
1.025641e-02 6.818623e-02
1.024590e-02 7.139822e-02
1.023541e-02 7.460335e-02
1.022495e-02 7.775943e-02
1.021450e-02 8.081963e-02
1.020408e-02 8.373361e-02
1.019368e-02 8.644901e-02
1.018330e-02 8.891348e-02
1.017294e-02 9.107691e-02
1.016260e-02 9.289403e-02
1.015228e-02 9.432706e-02
1.014199e-02 9.534814e-02
1.013171e-02 9.594139e-02
1.012146e-02 9.610461e-02
1.011122e-02 9.584978e-02
1.010101e-02 9.520306e-02
1.009082e-02 9.420356e-02
1.008065e-02 9.290133e-02
1.007049e-02 9.135453e-02
1.006036e-02 8.962621e-02
1.005025e-02 8.778060e-02
1.004016e-02 8.587941e-02
1.003009e-02 8.397856e-02
1.002004e-02 8.212487e-02
1.001001e-02 8.035379e-02
1.000000e-02 7.868728e-02
9.990010e-03 7.713289e-02
9.980040e-03 7.568349e-02
9.970090e-03 7.431788e-02
9.960159e-03 7.300278e-02
9.950249e-03 7.169577e-02
9.940358e-03 7.034949e-02
9.930487e-03 6.891685e-02
9.920635e-03 6.735669e-02
9.910803e-03 6.563950e-02
9.900990e-03 6.375195e-02
9.891197e-03 6.169990e-02
9.881423e-03 5.950872e-02
9.871668e-03 5.722149e-02
9.861933e-03 5.489431e-02
9.852217e-03 5.259087e-02
9.842520e-03 5.037630e-02
9.832842e-03 4.831140e-02
9.823183e-03 4.644876e-02
9.813543e-03 4.482986e-02
9.803922e-03 4.348396e-02
9.794319e-03 4.242832e-02
9.784736e-03 4.166881e-02
9.775171e-03 4.120120e-02
9.765625e-03 4.101221e-02
9.756098e-03 4.108044e-02
9.746589e-03 4.137698e-02
9.737098e-03 4.186587e-02
9.727626e-03 4.250435e-02
9.718173e-03 4.324340e-02
9.708738e-03 4.402853e-02
9.699321e-03 4.480150e-02
9.689922e-03 4.550245e-02
9.680542e-03 4.607342e-02
9.671180e-03 4.646237e-02
9.661836e-03 4.662756e-02
9.652510e-03 4.654186e-02
9.643202e-03 4.619588e-02
9.633911e-03 4.559966e-02
9.624639e-03 4.478193e-02
9.615385e-03 4.378748e-02
9.606148e-03 4.267281e-02
9.596929e-03 4.150060e-02
9.587728e-03 4.033448e-02
9.578544e-03 3.923432e-02
9.569378e-03 3.825297e-02
9.560229e-03 3.743429e-02
9.551098e-03 3.681264e-02
9.541985e-03 3.641350e-02
9.532888e-03 3.625448e-02
9.523810e-03 3.634683e-02
9.514748e-03 3.669706e-02
9.505703e-03 3.730801e-02
9.496676e-03 3.818003e-02
9.487666e-03 3.931153e-02
9.478673e-03 4.069930e-02
9.469697e-03 4.233821e-02
9.460738e-03 4.422100e-02
9.451796e-03 4.633729e-02
9.442871e-03 4.867256e-02
9.433962e-03 5.120680e-02
9.425071e-03 5.391309e-02
9.416196e-03 5.675596e-02
9.407338e-03 5.969004e-02
9.398496e-03 6.265905e-02
9.389671e-03 6.559524e-02
9.380863e-03 6.841989e-02
9.372071e-03 7.104513e-02
9.363296e-03 7.337683e-02
9.354537e-03 7.531941e-02
9.345794e-03 7.678163e-02
9.337068e-03 7.768347e-02
9.328358e-03 7.796300e-02
9.319664e-03 7.758267e-02
9.310987e-03 7.653386e-02
9.302326e-03 7.483923e-02
9.293680e-03 7.255210e-02
9.285051e-03 6.975310e-02
9.276438e-03 6.654424e-02
9.267841e-03 6.304137e-02
9.259259e-03 5.936569e-02
9.250694e-03 5.563550e-02
9.242144e-03 5.195917e-02
9.233610e-03 4.842992e-02
9.225092e-03 4.512281e-02
9.216590e-03 4.209363e-02
9.208103e-03 3.938015e-02
9.199632e-03 3.700391e-02
9.191176e-03 3.497357e-02
9.182736e-03 3.328779e-02
9.174312e-03 3.193842e-02
9.165903e-03 3.091318e-02
9.157509e-03 3.019791e-02
9.149131e-03 2.977810e-02
9.140768e-03 2.964026e-02
9.132420e-03 2.977270e-02
9.124088e-03 3.016588e-02
9.115770e-03 3.081278e-02
9.107468e-03 3.170885e-02
9.099181e-03 3.285196e-02
9.090909e-03 3.424204e-02
9.082652e-03 3.588091e-02
9.074410e-03 3.777181e-02
9.066183e-03 3.991892e-02
9.057971e-03 4.232680e-02
9.049774e-03 4.499973e-02
9.041591e-03 4.794103e-02
9.033424e-03 5.115210e-02
9.025271e-03 5.463156e-02
9.017133e-03 5.837415e-02
9.009009e-03 6.236975e-02
9.000900e-03 6.660214e-02
8.992806e-03 7.104814e-02
8.984726e-03 7.567678e-02
8.976661e-03 8.044874e-02
8.968610e-03 8.531657e-02
8.960573e-03 9.022491e-02
8.952551e-03 9.511244e-02
8.944544e-03 9.991338e-02
8.936550e-03 1.045609e-01
8.928571e-03 1.089897e-01
8.920607e-03 1.131401e-01
8.912656e-03 1.169603e-01
8.904720e-03 1.204085e-01
8.896797e-03 1.234530e-01
8.888889e-03 1.260715e-01
8.880995e-03 1.282477e-01
8.873114e-03 1.299675e-01
8.865248e-03 1.312155e-01
8.857396e-03 1.319711e-01
8.849558e-03 1.322074e-01
8.841733e-03 1.318921e-01
8.833922e-03 1.309912e-01
8.826125e-03 1.294744e-01
8.818342e-03 1.273217e-01
8.810573e-03 1.245292e-01
8.802817e-03 1.211135e-01
8.795075e-03 1.171128e-01
8.787346e-03 1.125858e-01
8.779631e-03 1.076085e-01
8.771930e-03 1.022701e-01
8.764242e-03 9.666899e-02
8.756567e-03 9.090905e-02
8.748906e-03 8.509590e-02
8.741259e-03 7.933310e-02
8.733624e-03 7.371786e-02
8.726003e-03 6.833658e-02
8.718396e-03 6.326129e-02
8.710801e-03 5.854688e-02
8.703220e-03 5.423033e-02
8.695652e-03 5.033142e-02
8.688097e-03 4.685451e-02
8.680556e-03 4.379187e-02
8.673027e-03 4.112665e-02
8.665511e-03 3.883591e-02
8.658009e-03 3.689366e-02
8.650519e-03 3.527300e-02
8.643042e-03 3.394766e-02
8.635579e-03 3.289360e-02
8.628128e-03 3.208947e-02
8.620690e-03 3.151739e-02
8.613264e-03 3.116314e-02
8.605852e-03 3.101642e-02
8.598452e-03 3.107095e-02
8.591065e-03 3.132443e-02
8.583691e-03 3.177876e-02
8.576329e-03 3.244004e-02
8.568980e-03 3.331868e-02
8.561644e-03 3.442955e-02
8.554320e-03 3.579212e-02
8.547009e-03 3.743064e-02
8.539710e-03 3.937436e-02
8.532423e-03 4.165778e-02
8.525149e-03 4.432088e-02
8.517888e-03 4.740954e-02
8.510638e-03 5.097572e-02
8.503401e-03 5.507721e-02
8.496177e-03 5.977636e-02
8.488964e-03 6.513515e-02
8.481764e-03 7.120373e-02
8.474576e-03 7.799691e-02
8.467401e-03 8.545308e-02
8.460237e-03 9.337704e-02
8.453085e-03 1.013818e-01
8.445946e-03 1.088674e-01
8.438819e-03 1.150819e-01
8.431703e-03 1.192769e-01
8.424600e-03 1.209089e-01
8.417508e-03 1.197903e-01
8.410429e-03 1.161188e-01
8.403361e-03 1.103867e-01
8.396306e-03 1.032298e-01
8.389262e-03 9.528634e-02
8.382230e-03 8.710240e-02
8.375209e-03 7.909177e-02
8.368201e-03 7.153402e-02
8.361204e-03 6.459405e-02
8.354219e-03 5.834877e-02
8.347245e-03 5.281266e-02
8.340284e-03 4.795953e-02
8.333333e-03 4.373868e-02
