# T	Cv
1.000000e+01 2.816654e-01
5.000000e+00 9.484984e-01
3.333333e+00 1.696717e+00
2.500000e+00 2.312049e+00
2.000000e+00 2.716875e+00
1.666667e+00 2.925201e+00
1.428571e+00 2.987116e+00
1.250000e+00 2.955360e+00
1.111111e+00 2.872229e+00
1.000000e+00 2.767416e+00
9.090909e-01 2.660006e+00
8.333333e-01 2.561364e+00
7.692308e-01 2.477665e+00
7.142857e-01 2.411784e+00
6.666667e-01 2.364598e+00
6.250000e-01 2.335837e+00
5.882353e-01 2.324616e+00
5.555556e-01 2.329762e+00
5.263158e-01 2.350002e+00
5.000000e-01 2.384067e+00
4.761905e-01 2.430742e+00
4.545455e-01 2.488892e+00
4.347826e-01 2.557460e+00
4.166667e-01 2.635464e+00
4.000000e-01 2.721985e+00
3.846154e-01 2.816160e+00
3.703704e-01 2.917165e+00
3.571429e-01 3.024209e+00
3.448276e-01 3.136526e+00
3.333333e-01 3.253368e+00
3.225806e-01 3.373999e+00
3.125000e-01 3.497700e+00
3.030303e-01 3.623761e+00
2.941176e-01 3.751488e+00
2.857143e-01 3.880208e+00
2.777778e-01 4.009280e+00
2.702703e-01 4.138198e+00
2.631579e-01 4.266897e+00
2.564103e-01 4.396392e+00
2.500000e-01 4.528969e+00
2.439024e-01 4.665414e+00
2.380952e-01 4.800437e+00
2.325581e-01 4.926171e+00
2.272727e-01 5.040593e+00
2.222222e-01 5.145762e+00
2.173913e-01 5.243422e+00
2.127660e-01 5.334231e+00
2.083333e-01 5.418236e+00
2.040816e-01 5.495259e+00
2.000000e-01 5.565080e+00
1.960784e-01 5.627512e+00
1.923077e-01 5.682432e+00
1.886792e-01 5.729786e+00
1.851852e-01 5.769589e+00
1.818182e-01 5.801925e+00
1.785714e-01 5.826938e+00
1.754386e-01 5.844820e+00
1.724138e-01 5.855793e+00
1.694915e-01 5.860089e+00
1.666667e-01 5.857937e+00
1.639344e-01 5.849557e+00
1.612903e-01 5.835174e+00
1.587302e-01 5.815022e+00
1.562500e-01 5.789342e+00
1.538462e-01 5.758367e+00
1.515152e-01 5.722327e+00
1.492537e-01 5.681478e+00
1.470588e-01 5.636144e+00
1.449275e-01 5.586739e+00
1.428571e-01 5.533722e+00
1.408451e-01 5.477555e+00
1.388889e-01 5.418666e+00
1.369863e-01 5.357428e+00
1.351351e-01 5.294162e+00
1.333333e-01 5.229136e+00
1.315789e-01 5.162582e+00
1.298701e-01 5.094707e+00
1.282051e-01 5.025692e+00
1.265823e-01 4.955694e+00
1.250000e-01 4.884841e+00
1.234568e-01 4.813226e+00
1.219512e-01 4.740903e+00
1.204819e-01 4.667892e+00
1.190476e-01 4.594186e+00
1.176471e-01 4.519768e+00
1.162791e-01 4.444632e+00
1.149425e-01 4.368802e+00
1.136364e-01 4.292340e+00
1.123596e-01 4.215357e+00
1.111111e-01 4.137994e+00
1.098901e-01 4.060418e+00
1.086957e-01 3.982795e+00
1.075269e-01 3.905282e+00
1.063830e-01 3.828014e+00
1.052632e-01 3.751105e+00
1.041667e-01 3.674654e+00
1.030928e-01 3.598751e+00
1.020408e-01 3.523482e+00
1.010101e-01 3.448936e+00
1.000000e-01 3.375196e+00
9.900990e-02 3.302343e+00
9.803922e-02 3.230447e+00
9.708738e-02 3.159567e+00
9.615385e-02 3.089752e+00
9.523810e-02 3.021039e+00
9.433962e-02 2.953458e+00
9.345794e-02 2.887029e+00
9.259259e-02 2.821770e+00
9.174312e-02 2.757689e+00
9.090909e-02 2.694792e+00
9.009009e-02 2.633081e+00
8.928571e-02 2.572554e+00
8.849558e-02 2.513206e+00
8.771930e-02 2.455031e+00
8.695652e-02 2.398019e+00
8.620690e-02 2.342158e+00
8.547009e-02 2.287437e+00
8.474576e-02 2.233842e+00
8.403361e-02 2.181358e+00
8.333333e-02 2.129971e+00
8.264463e-02 2.079664e+00
8.196721e-02 2.030421e+00
8.130081e-02 1.982228e+00
8.064516e-02 1.935067e+00
8.000000e-02 1.888925e+00
7.936508e-02 1.843786e+00
7.874016e-02 1.799637e+00
7.812500e-02 1.756465e+00
7.751938e-02 1.714260e+00
7.692308e-02 1.673009e+00
7.633588e-02 1.632703e+00
7.575758e-02 1.593335e+00
7.518797e-02 1.554895e+00
7.462687e-02 1.517375e+00
7.407407e-02 1.480769e+00
7.352941e-02 1.445070e+00
7.299270e-02 1.410271e+00
7.246377e-02 1.376366e+00
7.194245e-02 1.343350e+00
7.142857e-02 1.311216e+00
7.092199e-02 1.279959e+00
7.042254e-02 1.249574e+00
6.993007e-02 1.220055e+00
6.944444e-02 1.191392e+00
6.896552e-02 1.163568e+00
6.849315e-02 1.136559e+00
6.802721e-02 1.110321e+00
6.756757e-02 1.084789e+00
6.711409e-02 1.059874e+00
6.666667e-02 1.035467e+00
6.622517e-02 1.011453e+00
6.578947e-02 9.877348e-01
6.535948e-02 9.642491e-01
6.493506e-02 9.409793e-01
6.451613e-02 9.179514e-01
6.410256e-02 8.952199e-01
6.369427e-02 8.728490e-01
6.329114e-02 8.508976e-01
6.289308e-02 8.294113e-01
6.250000e-02 8.084203e-01
6.211180e-02 7.879414e-01
6.172840e-02 7.679821e-01
6.134969e-02 7.485437e-01
6.097561e-02 7.296245e-01
6.060606e-02 7.112211e-01
6.024096e-02 6.933291e-01
5.988024e-02 6.759436e-01
5.952381e-02 6.590595e-01
5.917160e-02 6.426711e-01
5.882353e-02 6.267727e-01
5.847953e-02 6.113583e-01
5.813953e-02 5.964219e-01
5.780347e-02 5.819572e-01
5.747126e-02 5.679574e-01
5.714286e-02 5.544151e-01
5.681818e-02 5.413208e-01
5.649718e-02 5.286629e-01
5.617978e-02 5.164258e-01
5.586592e-02 5.045891e-01
5.555556e-02 4.931273e-01
5.524862e-02 4.820095e-01
5.494505e-02 4.712014e-01
5.464481e-02 4.606676e-01
5.434783e-02 4.503752e-01
5.405405e-02 4.402970e-01
5.376344e-02 4.304112e-01
5.347594e-02 4.206980e-01
5.319149e-02 4.111337e-01
5.291005e-02 4.016893e-01
5.263158e-02 3.923385e-01
5.235602e-02 3.830720e-01
5.208333e-02 3.739040e-01
5.181347e-02 3.648635e-01
5.154639e-02 3.559805e-01
5.128205e-02 3.472768e-01
5.102041e-02 3.387681e-01
5.076142e-02 3.304691e-01
5.050505e-02 3.223928e-01
5.025126e-02 3.145459e-01
5.000000e-02 3.069238e-01
4.975124e-02 2.995132e-01
4.950495e-02 2.922989e-01
4.926108e-02 2.852713e-01
4.901961e-02 2.784308e-01
4.878049e-02 2.717854e-01
4.854369e-02 2.653439e-01
4.830918e-02 2.591103e-01
4.807692e-02 2.530832e-01
4.784689e-02 2.472561e-01
4.761905e-02 2.416208e-01
4.739336e-02 2.361681e-01
4.716981e-02 2.308896e-01
4.694836e-02 2.257771e-01
4.672897e-02 2.208234e-01
4.651163e-02 2.160216e-01
4.629630e-02 2.113653e-01
4.608295e-02 2.068486e-01
4.587156e-02 2.024662e-01
4.566210e-02 1.982131e-01
4.545455e-02 1.940851e-01
4.524887e-02 1.900782e-01
4.504505e-02 1.861889e-01
4.484305e-02 1.824135e-01
4.464286e-02 1.787485e-01
4.444444e-02 1.751906e-01
4.424779e-02 1.717363e-01
4.405286e-02 1.683822e-01
4.385965e-02 1.651252e-01
4.366812e-02 1.619623e-01
4.347826e-02 1.588903e-01
4.329004e-02 1.559067e-01
4.310345e-02 1.530086e-01
4.291845e-02 1.501936e-01
4.273504e-02 1.474593e-01
4.255319e-02 1.448034e-01
4.237288e-02 1.422239e-01
4.219409e-02 1.397185e-01
4.201681e-02 1.372856e-01
4.184100e-02 1.349231e-01
4.166667e-02 1.326293e-01
4.149378e-02 1.304024e-01
4.132231e-02 1.282410e-01
4.115226e-02 1.261432e-01
4.098361e-02 1.241076e-01
4.081633e-02 1.221324e-01
4.065041e-02 1.202162e-01
4.048583e-02 1.183574e-01
4.032258e-02 1.165543e-01
4.016064e-02 1.148053e-01
4.000000e-02 1.131087e-01
3.984064e-02 1.114630e-01
3.968254e-02 1.098662e-01
3.952569e-02 1.083168e-01
3.937008e-02 1.068131e-01
3.921569e-02 1.053531e-01
3.906250e-02 1.039353e-01
3.891051e-02 1.025579e-01
3.875969e-02 1.012191e-01
3.861004e-02 9.991745e-02
3.846154e-02 9.865125e-02
3.831418e-02 9.741904e-02
3.816794e-02 9.621941e-02
3.802281e-02 9.505103e-02
3.787879e-02 9.391265e-02
3.773585e-02 9.280309e-02
3.759398e-02 9.172117e-02
3.745318e-02 9.066563e-02
3.731343e-02 8.963512e-02
3.717472e-02 8.862805e-02
3.703704e-02 8.764260e-02
3.690037e-02 8.667677e-02
3.676471e-02 8.572856e-02
3.663004e-02 8.479622e-02
3.649635e-02 8.387856e-02
3.636364e-02 8.297519e-02
3.623188e-02 8.208648e-02
3.610108e-02 8.121340e-02
3.597122e-02 8.035727e-02
3.584229e-02 7.951938e-02
3.571429e-02 7.870082e-02
3.558719e-02 7.790236e-02
3.546099e-02 7.712446e-02
3.533569e-02 7.636733e-02
3.521127e-02 7.563093e-02
3.508772e-02 7.491510e-02
3.496503e-02 7.421960e-02
3.484321e-02 7.354410e-02
3.472222e-02 7.288826e-02
3.460208e-02 7.225169e-02
3.448276e-02 7.163403e-02
3.436426e-02 7.103485e-02
3.424658e-02 7.045377e-02
3.412969e-02 6.989036e-02
3.401361e-02 6.934420e-02
3.389831e-02 6.881487e-02
3.378378e-02 6.830192e-02
3.367003e-02 6.780492e-02
3.355705e-02 6.732342e-02
3.344482e-02 6.685698e-02
3.333333e-02 6.640515e-02
3.322259e-02 6.596749e-02
3.311258e-02 6.554355e-02
3.300330e-02 6.513290e-02
3.289474e-02 6.473510e-02
3.278689e-02 6.434972e-02
3.267974e-02 6.397634e-02
3.257329e-02 6.361456e-02
3.246753e-02 6.326397e-02
3.236246e-02 6.292418e-02
3.225806e-02 6.259482e-02
3.215434e-02 6.227551e-02
3.205128e-02 6.196589e-02
3.194888e-02 6.166562e-02
3.184713e-02 6.137438e-02
3.174603e-02 6.109183e-02
3.164557e-02 6.081768e-02
3.154574e-02 6.055161e-02
3.144654e-02 6.029335e-02
3.134796e-02 6.004262e-02
3.125000e-02 5.979915e-02
3.115265e-02 5.956268e-02
3.105590e-02 5.933297e-02
3.095975e-02 5.910977e-02
3.086420e-02 5.889287e-02
3.076923e-02 5.868202e-02
3.067485e-02 5.847702e-02
3.058104e-02 5.827767e-02
3.048780e-02 5.808376e-02
3.039514e-02 5.789509e-02
3.030303e-02 5.771148e-02
3.021148e-02 5.753276e-02
3.012048e-02 5.735873e-02
3.003003e-02 5.718925e-02
2.994012e-02 5.702413e-02
2.985075e-02 5.686324e-02
2.976190e-02 5.670640e-02
2.967359e-02 5.655348e-02
2.958580e-02 5.640434e-02
2.949853e-02 5.625883e-02
2.941176e-02 5.611684e-02
2.932551e-02 5.597822e-02
2.923977e-02 5.584286e-02
2.915452e-02 5.571063e-02
2.906977e-02 5.558143e-02
2.898551e-02 5.545514e-02
2.890173e-02 5.533165e-02
2.881844e-02 5.521087e-02
2.873563e-02 5.509269e-02
2.865330e-02 5.497702e-02
2.857143e-02 5.486376e-02
2.849003e-02 5.475283e-02
2.840909e-02 5.464413e-02
2.832861e-02 5.453760e-02
2.824859e-02 5.443314e-02
2.816901e-02 5.433068e-02
2.808989e-02 5.423014e-02
2.801120e-02 5.413146e-02
2.793296e-02 5.403456e-02
2.785515e-02 5.393938e-02
2.777778e-02 5.384585e-02
2.770083e-02 5.375391e-02
2.762431e-02 5.366351e-02
2.754821e-02 5.357457e-02
2.747253e-02 5.348706e-02
2.739726e-02 5.340090e-02
2.732240e-02 5.331606e-02
2.724796e-02 5.323248e-02
2.717391e-02 5.315011e-02
2.710027e-02 5.306891e-02
2.702703e-02 5.298883e-02
2.695418e-02 5.290983e-02
2.688172e-02 5.283187e-02
2.680965e-02 5.275491e-02
2.673797e-02 5.267891e-02
2.666667e-02 5.260383e-02
2.659574e-02 5.252963e-02
2.652520e-02 5.245629e-02
2.645503e-02 5.238377e-02
2.638522e-02 5.231203e-02
2.631579e-02 5.224106e-02
2.624672e-02 5.217081e-02
2.617801e-02 5.210126e-02
2.610966e-02 5.203238e-02
2.604167e-02 5.196415e-02
2.597403e-02 5.189654e-02
2.590674e-02 5.182953e-02
2.583979e-02 5.176309e-02
2.577320e-02 5.169720e-02
2.570694e-02 5.163185e-02
2.564103e-02 5.156701e-02
2.557545e-02 5.150266e-02
2.551020e-02 5.143879e-02
2.544529e-02 5.137537e-02
2.538071e-02 5.131239e-02
2.531646e-02 5.124983e-02
2.525253e-02 5.118768e-02
2.518892e-02 5.112593e-02
2.512563e-02 5.106456e-02
2.506266e-02 5.100356e-02
2.500000e-02 5.094291e-02
2.493766e-02 5.088260e-02
2.487562e-02 5.082264e-02
2.481390e-02 5.076299e-02
2.475248e-02 5.070366e-02
2.469136e-02 5.064463e-02
2.463054e-02 5.058591e-02
2.457002e-02 5.052747e-02
2.450980e-02 5.046932e-02
2.444988e-02 5.041145e-02
2.439024e-02 5.035385e-02
2.433090e-02 5.029652e-02
2.427184e-02 5.023945e-02
2.421308e-02 5.018265e-02
2.415459e-02 5.012610e-02
2.409639e-02 5.006981e-02
2.403846e-02 5.001378e-02
2.398082e-02 4.995800e-02
2.392344e-02 4.990247e-02
2.386635e-02 4.984720e-02
2.380952e-02 4.979219e-02
2.375297e-02 4.973744e-02
2.369668e-02 4.968294e-02
2.364066e-02 4.962872e-02
2.358491e-02 4.957477e-02
2.352941e-02 4.952109e-02
2.347418e-02 4.946770e-02
2.341920e-02 4.941460e-02
2.336449e-02 4.936180e-02
2.331002e-02 4.930930e-02
2.325581e-02 4.925714e-02
2.320186e-02 4.920529e-02
2.314815e-02 4.915380e-02
2.309469e-02 4.910267e-02
2.304147e-02 4.905191e-02
2.298851e-02 4.900156e-02
2.293578e-02 4.895161e-02
2.288330e-02 4.890210e-02
2.283105e-02 4.885305e-02
2.277904e-02 4.880449e-02
2.272727e-02 4.875643e-02
2.267574e-02 4.870892e-02
2.262443e-02 4.866198e-02
2.257336e-02 4.861566e-02
2.252252e-02 4.856997e-02
2.247191e-02 4.852497e-02
2.242152e-02 4.848071e-02
2.237136e-02 4.843722e-02
2.232143e-02 4.839455e-02
2.227171e-02 4.835276e-02
2.222222e-02 4.831190e-02
2.217295e-02 4.827204e-02
2.212389e-02 4.823322e-02
2.207506e-02 4.819551e-02
2.202643e-02 4.815898e-02
2.197802e-02 4.812369e-02
2.192982e-02 4.808970e-02
2.188184e-02 4.805707e-02
2.183406e-02 4.802587e-02
2.178649e-02 4.799614e-02
2.173913e-02 4.796795e-02
2.169197e-02 4.794133e-02
2.164502e-02 4.791631e-02
2.159827e-02 4.789291e-02
2.155172e-02 4.787116e-02
2.150538e-02 4.785103e-02
2.145923e-02 4.783251e-02
2.141328e-02 4.781557e-02
2.136752e-02 4.780015e-02
2.132196e-02 4.778619e-02
2.127660e-02 4.777362e-02
2.123142e-02 4.776236e-02
2.118644e-02 4.775232e-02
2.114165e-02 4.774343e-02
2.109705e-02 4.773561e-02
2.105263e-02 4.772881e-02
2.100840e-02 4.772299e-02
2.096436e-02 4.771814e-02
2.092050e-02 4.771429e-02
2.087683e-02 4.771150e-02
2.083333e-02 4.770988e-02
2.079002e-02 4.770957e-02
2.074689e-02 4.771077e-02
2.070393e-02 4.771372e-02
2.066116e-02 4.771870e-02
2.061856e-02 4.772604e-02
2.057613e-02 4.773612e-02
2.053388e-02 4.774930e-02
2.049180e-02 4.776605e-02
2.044990e-02 4.778680e-02
2.040816e-02 4.781201e-02
2.036660e-02 4.784215e-02
2.032520e-02 4.787764e-02
2.028398e-02 4.791889e-02
2.024291e-02 4.796623e-02
2.020202e-02 4.801988e-02
2.016129e-02 4.807993e-02
2.012072e-02 4.814631e-02
2.008032e-02 4.821869e-02
2.004008e-02 4.829654e-02
2.000000e-02 4.837902e-02
1.996008e-02 4.846506e-02
1.992032e-02 4.855336e-02
1.988072e-02 4.864248e-02
1.984127e-02 4.873101e-02
1.980198e-02 4.881769e-02
1.976285e-02 4.890172e-02
1.972387e-02 4.898283e-02
1.968504e-02 4.906152e-02
1.964637e-02 4.913907e-02
1.960784e-02 4.921755e-02
1.956947e-02 4.929965e-02
1.953125e-02 4.938851e-02
1.949318e-02 4.948748e-02
1.945525e-02 4.959992e-02
1.941748e-02 4.972905e-02
1.937984e-02 4.987790e-02
1.934236e-02 5.004927e-02
1.930502e-02 5.024578e-02
1.926782e-02 5.047000e-02
1.923077e-02 5.072447e-02
1.919386e-02 5.101188e-02
1.915709e-02 5.133514e-02
1.912046e-02 5.169748e-02
1.908397e-02 5.210257e-02
1.904762e-02 5.255455e-02
1.901141e-02 5.305818e-02
1.897533e-02 5.361892e-02
1.893939e-02 5.424301e-02
1.890359e-02 5.493763e-02
1.886792e-02 5.571101e-02
1.883239e-02 5.657256e-02
1.879699e-02 5.753310e-02
1.876173e-02 5.860504e-02
1.872659e-02 5.980265e-02
1.869159e-02 6.114230e-02
1.865672e-02 6.264292e-02
1.862197e-02 6.432627e-02
1.858736e-02 6.621765e-02
1.855288e-02 6.834636e-02
1.851852e-02 7.074663e-02
1.848429e-02 7.345847e-02
1.845018e-02 7.652896e-02
1.841621e-02 8.001356e-02
1.838235e-02 8.397789e-02
1.834862e-02 8.849969e-02
1.831502e-02 9.367114e-02
1.828154e-02 9.960157e-02
1.824818e-02 1.064204e-01
1.821494e-02 1.142807e-01
1.818182e-02 1.233626e-01
1.814882e-02 1.338773e-01
1.811594e-02 1.460706e-01
1.808318e-02 1.602256e-01
1.805054e-02 1.766635e-01
1.801802e-02 1.957412e-01
1.798561e-02 2.178420e-01
1.795332e-02 2.433572e-01
1.792115e-02 2.726515e-01
1.788909e-02 3.060065e-01
1.785714e-02 3.435348e-01
1.782531e-02 3.850581e-01
1.779359e-02 4.299502e-01
1.776199e-02 4.769578e-01
1.773050e-02 5.240389e-01
1.769912e-02 5.682860e-01
1.766784e-02 6.060328e-01
1.763668e-02 6.332332e-01
1.760563e-02 6.461371e-01
1.757469e-02 6.421444e-01
1.754386e-02 6.205697e-01
1.751313e-02 5.829912e-01
1.748252e-02 5.329880e-01
1.745201e-02 4.753381e-01
1.742160e-02 4.149929e-01
1.739130e-02 3.562007e-01
1.736111e-02 3.020108e-01
1.733102e-02 2.541813e-01
1.730104e-02 2.133702e-01
1.727116e-02 1.794483e-01
1.724138e-02 1.518131e-01
1.721170e-02 1.296388e-01
1.718213e-02 1.120474e-01
1.715266e-02 9.820921e-02
1.712329e-02 8.739190e-02
1.709402e-02 7.897712e-02
1.706485e-02 7.245778e-02
1.703578e-02 6.742613e-02
1.700680e-02 6.355849e-02
1.697793e-02 6.059952e-02
1.694915e-02 5.834807e-02
1.692047e-02 5.664507e-02
1.689189e-02 5.536387e-02
1.686341e-02 5.440295e-02
1.683502e-02 5.368092e-02
1.680672e-02 5.313360e-02
1.677852e-02 5.271243e-02
1.675042e-02 5.238359e-02
1.672241e-02 5.212674e-02
1.669449e-02 5.193269e-02
1.666667e-02 5.180002e-02
1.663894e-02 5.173130e-02
1.661130e-02 5.173003e-02
1.658375e-02 5.179901e-02
1.655629e-02 5.194012e-02
1.652893e-02 5.215505e-02
1.650165e-02 5.244645e-02
1.647446e-02 5.281932e-02
1.644737e-02 5.328222e-02
1.642036e-02 5.384827e-02
1.639344e-02 5.453406e-02
1.636661e-02 5.535332e-02
1.633987e-02 5.630034e-02
1.631321e-02 5.732839e-02
1.628664e-02 5.835362e-02
1.626016e-02 5.931493e-02
1.623377e-02 6.023737e-02
1.620746e-02 6.121390e-02
1.618123e-02 6.233616e-02
1.615509e-02 6.365895e-02
1.612903e-02 6.520860e-02
1.610306e-02 6.700243e-02
1.607717e-02 6.906142e-02
1.605136e-02 7.141579e-02
1.602564e-02 7.410667e-02
1.600000e-02 7.718665e-02
1.597444e-02 8.072015e-02
1.594896e-02 8.478453e-02
1.592357e-02 8.947185e-02
1.589825e-02 9.489154e-02
1.587302e-02 1.011738e-01
1.584786e-02 1.084742e-01
1.582278e-02 1.169782e-01
1.579779e-02 1.269085e-01
1.577287e-02 1.385313e-01
1.574803e-02 1.521656e-01
1.572327e-02 1.681927e-01
1.569859e-02 1.870660e-01
1.567398e-02 2.093217e-01
1.564945e-02 2.355864e-01
1.562500e-02 2.665804e-01
1.560062e-02 3.031116e-01
1.557632e-02 3.460508e-01
1.555210e-02 3.962793e-01
1.552795e-02 4.545927e-01
1.550388e-02 5.215441e-01
1.547988e-02 5.972153e-01
1.545595e-02 6.809194e-01
1.543210e-02 7.708775e-01
1.540832e-02 8.639717e-01
1.538462e-02 9.557439e-01
1.536098e-02 1.040826e+00
1.533742e-02 1.113885e+00
1.531394e-02 1.170901e+00
1.529052e-02 1.210275e+00
1.526718e-02 1.233132e+00
1.524390e-02 1.242450e+00
1.522070e-02 1.241306e+00
1.519757e-02 1.231082e+00
1.517451e-02 1.210606e+00
1.515152e-02 1.176730e+00
1.512859e-02 1.126119e+00
1.510574e-02 1.057394e+00
1.508296e-02 9.725531e-01
1.506024e-02 8.769673e-01
1.503759e-02 7.780721e-01
1.501502e-02 6.835045e-01
1.499250e-02 5.995585e-01
1.497006e-02 5.304200e-01
1.494768e-02 4.781389e-01
1.492537e-02 4.430274e-01
1.490313e-02 4.241489e-01
1.488095e-02 4.196844e-01
1.485884e-02 4.270948e-01
1.483680e-02 4.431154e-01
1.481481e-02 4.636952e-01
1.479290e-02 4.840577e-01
1.477105e-02 4.990611e-01
1.474926e-02 5.039475e-01
1.472754e-02 4.953533e-01
1.470588e-02 4.722044e-01
1.468429e-02 4.360342e-01
1.466276e-02 3.904951e-01
1.464129e-02 3.402597e-01
1.461988e-02 2.898171e-01
1.459854e-02 2.426261e-01
1.457726e-02 2.008013e-01
1.455604e-02 1.652295e-01
1.453488e-02 1.358998e-01
1.451379e-02 1.122642e-01
1.449275e-02 9.352735e-02
1.447178e-02 7.884086e-02
1.445087e-02 6.741207e-02
1.443001e-02 5.855375e-02
1.440922e-02 5.169709e-02
1.438849e-02 4.638546e-02
1.436782e-02 4.225968e-02
1.434720e-02 3.904112e-02
1.432665e-02 3.651553e-02
1.430615e-02 3.451920e-02
1.428571e-02 3.292742e-02
1.426534e-02 3.164539e-02
1.424501e-02 3.060111e-02
1.422475e-02 2.973983e-02
1.420455e-02 2.901997e-02
1.418440e-02 2.840984e-02
1.416431e-02 2.788526e-02
1.414427e-02 2.742781e-02
1.412429e-02 2.702333e-02
1.410437e-02 2.666095e-02
1.408451e-02 2.633234e-02
1.406470e-02 2.603100e-02
1.404494e-02 2.575192e-02
1.402525e-02 2.549119e-02
1.400560e-02 2.524573e-02
1.398601e-02 2.501313e-02
1.396648e-02 2.479148e-02
1.394700e-02 2.457926e-02
1.392758e-02 2.437526e-02
1.390821e-02 2.417850e-02
1.388889e-02 2.398820e-02
1.386963e-02 2.380371e-02
1.385042e-02 2.362452e-02
1.383126e-02 2.345016e-02
1.381215e-02 2.328032e-02
1.379310e-02 2.311468e-02
1.377410e-02 2.295298e-02
1.375516e-02 2.279501e-02
1.373626e-02 2.264059e-02
1.371742e-02 2.248955e-02
1.369863e-02 2.234175e-02
1.367989e-02 2.219706e-02
1.366120e-02 2.205536e-02
1.364256e-02 2.191656e-02
1.362398e-02 2.178057e-02
1.360544e-02 2.164728e-02
1.358696e-02 2.151662e-02
1.356852e-02 2.138852e-02
1.355014e-02 2.126290e-02
1.353180e-02 2.113969e-02
1.351351e-02 2.101882e-02
1.349528e-02 2.090024e-02
1.347709e-02 2.078388e-02
1.345895e-02 2.066970e-02
1.344086e-02 2.055760e-02
1.342282e-02 2.044758e-02
1.340483e-02 2.033955e-02
1.338688e-02 2.023346e-02
1.336898e-02 2.012928e-02
1.335113e-02 2.002694e-02
1.333333e-02 1.992642e-02
1.331558e-02 1.982765e-02
1.329787e-02 1.973057e-02
1.328021e-02 1.963518e-02
1.326260e-02 1.954140e-02
1.324503e-02 1.944920e-02
1.322751e-02 1.935854e-02
1.321004e-02 1.926938e-02
1.319261e-02 1.918167e-02
1.317523e-02 1.909539e-02
1.315789e-02 1.901049e-02
1.314060e-02 1.892694e-02
1.312336e-02 1.884470e-02
1.310616e-02 1.876372e-02
1.308901e-02 1.868399e-02
1.307190e-02 1.860545e-02
1.305483e-02 1.852811e-02
1.303781e-02 1.845190e-02
1.302083e-02 1.837678e-02
1.300390e-02 1.830276e-02
1.298701e-02 1.822979e-02
1.297017e-02 1.815784e-02
1.295337e-02 1.808687e-02
1.293661e-02 1.801686e-02
1.291990e-02 1.794780e-02
1.290323e-02 1.787965e-02
1.288660e-02 1.781238e-02
1.287001e-02 1.774597e-02
1.285347e-02 1.768039e-02
1.283697e-02 1.761564e-02
1.282051e-02 1.755166e-02
1.280410e-02 1.748847e-02
1.278772e-02 1.742600e-02
1.277139e-02 1.736425e-02
1.275510e-02 1.730322e-02
1.273885e-02 1.724286e-02
1.272265e-02 1.718316e-02
1.270648e-02 1.712413e-02
1.269036e-02 1.706569e-02
1.267427e-02 1.700789e-02
1.265823e-02 1.695065e-02
1.264223e-02 1.689400e-02
1.262626e-02 1.683791e-02
1.261034e-02 1.678234e-02
1.259446e-02 1.672733e-02
1.257862e-02 1.667280e-02
1.256281e-02 1.661877e-02
1.254705e-02 1.656524e-02
1.253133e-02 1.651216e-02
1.251564e-02 1.645955e-02
1.250000e-02 1.640737e-02
1.248439e-02 1.635562e-02
1.246883e-02 1.630429e-02
1.245330e-02 1.625338e-02
1.243781e-02 1.620285e-02
1.242236e-02 1.615271e-02
1.240695e-02 1.610295e-02
1.239157e-02 1.605355e-02
1.237624e-02 1.600451e-02
1.236094e-02 1.595580e-02
1.234568e-02 1.590743e-02
1.233046e-02 1.585940e-02
1.231527e-02 1.581168e-02
1.230012e-02 1.576427e-02
1.228501e-02 1.571717e-02
1.226994e-02 1.567036e-02
1.225490e-02 1.562384e-02
1.223990e-02 1.557760e-02
1.222494e-02 1.553163e-02
1.221001e-02 1.548594e-02
1.219512e-02 1.544050e-02
1.218027e-02 1.539532e-02
1.216545e-02 1.535039e-02
1.215067e-02 1.530571e-02
1.213592e-02 1.526125e-02
1.212121e-02 1.521703e-02
1.210654e-02 1.517304e-02
1.209190e-02 1.512929e-02
1.207729e-02 1.508574e-02
1.206273e-02 1.504242e-02
1.204819e-02 1.499928e-02
1.203369e-02 1.495638e-02
1.201923e-02 1.491366e-02
1.200480e-02 1.487115e-02
1.199041e-02 1.482883e-02
1.197605e-02 1.478671e-02
1.196172e-02 1.474475e-02
1.194743e-02 1.470301e-02
1.193317e-02 1.466143e-02
1.191895e-02 1.462005e-02
1.190476e-02 1.457882e-02
1.189061e-02 1.453778e-02
1.187648e-02 1.449691e-02
1.186240e-02 1.445620e-02
1.184834e-02 1.441567e-02
1.183432e-02 1.437528e-02
1.182033e-02 1.433508e-02
1.180638e-02 1.429501e-02
1.179245e-02 1.425512e-02
1.177856e-02 1.421537e-02
1.176471e-02 1.417579e-02
1.175088e-02 1.413635e-02
1.173709e-02 1.409707e-02
1.172333e-02 1.405793e-02
1.170960e-02 1.401893e-02
1.169591e-02 1.398009e-02
1.168224e-02 1.394139e-02
1.166861e-02 1.390284e-02
1.165501e-02 1.386442e-02
1.164144e-02 1.382615e-02
1.162791e-02 1.378800e-02
1.161440e-02 1.375002e-02
1.160093e-02 1.371215e-02
1.158749e-02 1.367442e-02
1.157407e-02 1.363684e-02
1.156069e-02 1.359939e-02
1.154734e-02 1.356206e-02
1.153403e-02 1.352488e-02
1.152074e-02 1.348782e-02
1.150748e-02 1.345090e-02
1.149425e-02 1.341410e-02
1.148106e-02 1.337744e-02
1.146789e-02 1.334090e-02
1.145475e-02 1.330450e-02
1.144165e-02 1.326822e-02
1.142857e-02 1.323208e-02
1.141553e-02 1.319604e-02
1.140251e-02 1.316015e-02
1.138952e-02 1.312437e-02
1.137656e-02 1.308873e-02
1.136364e-02 1.305322e-02
1.135074e-02 1.301781e-02
1.133787e-02 1.298254e-02
1.132503e-02 1.294740e-02
1.131222e-02 1.291237e-02
1.129944e-02 1.287748e-02
1.128668e-02 1.284268e-02
1.127396e-02 1.280804e-02
1.126126e-02 1.277350e-02
1.124859e-02 1.273910e-02
1.123596e-02 1.270481e-02
1.122334e-02 1.267063e-02
1.121076e-02 1.263660e-02
1.119821e-02 1.260268e-02
1.118568e-02 1.256888e-02
1.117318e-02 1.253518e-02
1.116071e-02 1.250163e-02
1.114827e-02 1.246820e-02
1.113586e-02 1.243488e-02
1.112347e-02 1.240166e-02
1.111111e-02 1.236860e-02
1.109878e-02 1.233563e-02
1.108647e-02 1.230280e-02
1.107420e-02 1.227009e-02
1.106195e-02 1.223748e-02
1.104972e-02 1.220501e-02
1.103753e-02 1.217265e-02
1.102536e-02 1.214041e-02
1.101322e-02 1.210830e-02
1.100110e-02 1.207629e-02
1.098901e-02 1.204441e-02
1.097695e-02 1.201266e-02
1.096491e-02 1.198102e-02
1.095290e-02 1.194949e-02
1.094092e-02 1.191810e-02
1.092896e-02 1.188680e-02
1.091703e-02 1.185565e-02
1.090513e-02 1.182461e-02
1.089325e-02 1.179368e-02
1.088139e-02 1.176288e-02
1.086957e-02 1.173220e-02
1.085776e-02 1.170163e-02
1.084599e-02 1.167118e-02
1.083424e-02 1.164086e-02
1.082251e-02 1.161065e-02
1.081081e-02 1.158057e-02
1.079914e-02 1.155059e-02
1.078749e-02 1.152075e-02
1.077586e-02 1.149102e-02
1.076426e-02 1.146141e-02
1.075269e-02 1.143193e-02
1.074114e-02 1.140256e-02
1.072961e-02 1.137331e-02
1.071811e-02 1.134417e-02
1.070664e-02 1.131517e-02
1.069519e-02 1.128627e-02
1.068376e-02 1.125752e-02
1.067236e-02 1.122886e-02
1.066098e-02 1.120033e-02
1.064963e-02 1.117193e-02
1.063830e-02 1.114363e-02
1.062699e-02 1.111547e-02
1.061571e-02 1.108742e-02
1.060445e-02 1.105948e-02
1.059322e-02 1.103169e-02
1.058201e-02 1.100399e-02
1.057082e-02 1.097643e-02
1.055966e-02 1.094898e-02
1.054852e-02 1.092166e-02
1.053741e-02 1.089445e-02
1.052632e-02 1.086737e-02
1.051525e-02 1.084041e-02
1.050420e-02 1.081356e-02
1.049318e-02 1.078683e-02
1.048218e-02 1.076025e-02
1.047120e-02 1.073377e-02
1.046025e-02 1.070742e-02
1.044932e-02 1.068117e-02
1.043841e-02 1.065506e-02
1.042753e-02 1.062907e-02
1.041667e-02 1.060319e-02
1.040583e-02 1.057746e-02
1.039501e-02 1.055182e-02
1.038422e-02 1.052632e-02
1.037344e-02 1.050094e-02
1.036269e-02 1.047568e-02
1.035197e-02 1.045054e-02
1.034126e-02 1.042552e-02
1.033058e-02 1.040064e-02
1.031992e-02 1.037587e-02
1.030928e-02 1.035121e-02
1.029866e-02 1.032670e-02
1.028807e-02 1.030230e-02
1.027749e-02 1.027800e-02
1.026694e-02 1.025386e-02
1.025641e-02 1.022984e-02
1.024590e-02 1.020592e-02
1.023541e-02 1.018214e-02
1.022495e-02 1.015847e-02
1.021450e-02 1.013494e-02
1.020408e-02 1.011154e-02
1.019368e-02 1.008822e-02
1.018330e-02 1.006509e-02
1.017294e-02 1.004204e-02
1.016260e-02 1.001913e-02
1.015228e-02 9.996328e-03
1.014199e-02 9.973678e-03
1.013171e-02 9.951134e-03
1.012146e-02 9.928723e-03
1.011122e-02 9.906439e-03
1.010101e-02 9.884271e-03
1.009082e-02 9.862247e-03
1.008065e-02 9.840327e-03
1.007049e-02 9.818556e-03
1.006036e-02 9.796895e-03
1.005025e-02 9.775366e-03
1.004016e-02 9.753966e-03
1.003009e-02 9.732708e-03
1.002004e-02 9.711546e-03
1.001001e-02 9.690539e-03
1.000000e-02 9.669652e-03
9.990010e-03 9.648887e-03
9.980040e-03 9.628265e-03
9.970090e-03 9.607758e-03
9.960159e-03 9.587392e-03
9.950249e-03 9.567154e-03
9.940358e-03 9.547032e-03
9.930487e-03 9.527061e-03
9.920635e-03 9.507218e-03
9.910803e-03 9.487511e-03
9.900990e-03 9.467911e-03
9.891197e-03 9.448454e-03
9.881423e-03 9.429163e-03
9.871668e-03 9.409952e-03
9.861933e-03 9.390923e-03
9.852217e-03 9.371994e-03
9.842520e-03 9.353233e-03
9.832842e-03 9.334573e-03
9.823183e-03 9.316067e-03
9.813543e-03 9.297694e-03
9.803922e-03 9.279456e-03
9.794319e-03 9.261361e-03
9.784736e-03 9.243410e-03
9.775171e-03 9.225591e-03
9.765625e-03 9.207921e-03
9.756098e-03 9.190368e-03
9.746589e-03 9.172971e-03
9.737098e-03 9.155742e-03
9.727626e-03 9.138607e-03
9.718173e-03 9.121654e-03
9.708738e-03 9.104831e-03
9.699321e-03 9.088153e-03
9.689922e-03 9.071611e-03
9.680542e-03 9.055266e-03
9.671180e-03 9.039006e-03
9.661836e-03 9.022921e-03
9.652510e-03 9.007021e-03
9.643202e-03 8.991225e-03
9.633911e-03 8.975608e-03
9.624639e-03 8.960124e-03
9.615385e-03 8.944815e-03
9.606148e-03 8.929682e-03
9.596929e-03 8.914660e-03
9.587728e-03 8.899833e-03
9.578544e-03 8.885157e-03
9.569378e-03 8.870646e-03
9.560229e-03 8.856308e-03
9.551098e-03 8.842127e-03
9.541985e-03 8.828111e-03
9.532888e-03 8.814282e-03
9.523810e-03 8.800611e-03
9.514748e-03 8.787124e-03
9.505703e-03 8.773799e-03
9.496676e-03 8.760672e-03
9.487666e-03 8.747702e-03
9.478673e-03 8.734931e-03
9.469697e-03 8.722359e-03
9.460738e-03 8.709962e-03
9.451796e-03 8.697755e-03
9.442871e-03 8.685747e-03
9.433962e-03 8.673936e-03
9.425071e-03 8.662300e-03
9.416196e-03 8.650919e-03
9.407338e-03 8.639698e-03
9.398496e-03 8.628712e-03
9.389671e-03 8.617932e-03
9.380863e-03 8.607354e-03
9.372071e-03 8.597034e-03
9.363296e-03 8.586917e-03
9.354537e-03 8.577024e-03
9.345794e-03 8.567389e-03
9.337068e-03 8.557964e-03
9.328358e-03 8.548809e-03
9.319664e-03 8.539897e-03
9.310987e-03 8.531200e-03
9.302326e-03 8.522834e-03
9.293680e-03 8.514667e-03
9.285051e-03 8.506817e-03
9.276438e-03 8.499217e-03
9.267841e-03 8.491919e-03
9.259259e-03 8.484922e-03
9.250694e-03 8.478209e-03
9.242144e-03 8.471800e-03
9.233610e-03 8.465698e-03
9.225092e-03 8.459929e-03
9.216590e-03 8.454488e-03
9.208103e-03 8.449419e-03
9.199632e-03 8.444675e-03
9.191176e-03 8.440295e-03
9.182736e-03 8.436257e-03
9.174312e-03 8.432656e-03
9.165903e-03 8.429405e-03
9.157509e-03 8.426584e-03
9.149131e-03 8.424165e-03
9.140768e-03 8.422207e-03
9.132420e-03 8.420667e-03
9.124088e-03 8.419607e-03
9.115770e-03 8.419004e-03
9.107468e-03 8.418920e-03
9.099181e-03 8.419323e-03
9.090909e-03 8.420269e-03
9.082652e-03 8.421757e-03
9.074410e-03 8.423817e-03
9.066183e-03 8.426459e-03
9.057971e-03 8.429727e-03
9.049774e-03 8.433612e-03
9.041591e-03 8.438186e-03
9.033424e-03 8.443426e-03
9.025271e-03 8.449355e-03
9.017133e-03 8.456083e-03
9.009009e-03 8.463533e-03
9.000900e-03 8.471818e-03
8.992806e-03 8.480936e-03
8.984726e-03 8.490918e-03
8.976661e-03 8.501843e-03
8.968610e-03 8.513672e-03
8.960573e-03 8.526552e-03
8.952551e-03 8.540461e-03
8.944544e-03 8.555432e-03
8.936550e-03 8.571570e-03
8.928571e-03 8.588896e-03
8.920607e-03 8.607502e-03
8.912656e-03 8.627377e-03
8.904720e-03 8.648641e-03
8.896797e-03 8.671357e-03
8.888889e-03 8.695620e-03
8.880995e-03 8.721447e-03
8.873114e-03 8.748944e-03
8.865248e-03 8.778216e-03
8.857396e-03 8.809359e-03
8.849558e-03 8.842437e-03
8.841733e-03 8.877610e-03
8.833922e-03 8.914931e-03
8.826125e-03 8.954551e-03
8.818342e-03 8.996613e-03
8.810573e-03 9.041236e-03
8.802817e-03 9.088545e-03
8.795075e-03 9.138746e-03
8.787346e-03 9.191974e-03
8.779631e-03 9.248415e-03
8.771930e-03 9.308278e-03
8.764242e-03 9.371744e-03
8.756567e-03 9.439061e-03
8.748906e-03 9.510445e-03
8.741259e-03 9.586202e-03
8.733624e-03 9.666557e-03
8.726003e-03 9.751828e-03
8.718396e-03 9.842341e-03
8.710801e-03 9.938460e-03
8.703220e-03 1.004055e-02
8.695652e-03 1.014898e-02
8.688097e-03 1.026429e-02
8.680556e-03 1.038686e-02
8.673027e-03 1.051726e-02
8.665511e-03 1.065606e-02
8.658009e-03 1.080385e-02
8.650519e-03 1.096129e-02
8.643042e-03 1.112916e-02
8.635579e-03 1.130821e-02
8.628128e-03 1.149931e-02
8.620690e-03 1.170341e-02
8.613264e-03 1.192157e-02
8.605852e-03 1.215489e-02
8.598452e-03 1.240464e-02
8.591065e-03 1.267215e-02
8.583691e-03 1.295892e-02
8.576329e-03 1.326661e-02
8.568980e-03 1.359702e-02
8.561644e-03 1.395209e-02
8.554320e-03 1.433400e-02
8.547009e-03 1.474512e-02
8.539710e-03 1.518809e-02
8.532423e-03 1.566573e-02
8.525149e-03 1.618115e-02
8.517888e-03 1.673776e-02
8.510638e-03 1.733921e-02
8.503401e-03 1.798951e-02
8.496177e-03 1.869289e-02
8.488964e-03 1.945388e-02
8.481764e-03 2.027720e-02
8.474576e-03 2.116784e-02
8.467401e-03 2.213068e-02
8.460237e-03 2.317062e-02
8.453085e-03 2.429219e-02
8.445946e-03 2.549929e-02
8.438819e-03 2.679477e-02
8.431703e-03 2.817992e-02
8.424600e-03 2.965385e-02
8.417508e-03 3.121252e-02
8.410429e-03 3.284787e-02
8.403361e-03 3.454683e-02
8.396306e-03 3.629000e-02
8.389262e-03 3.805074e-02
8.382230e-03 3.979431e-02
8.375209e-03 4.147771e-02
8.368201e-03 4.305005e-02
8.361204e-03 4.445445e-02
8.354219e-03 4.563079e-02
8.347245e-03 4.652046e-02
8.340284e-03 4.707170e-02
8.333333e-03 4.724570e-02
