# T	Cv
1.000000e+01 4.842105e-01
5.000000e+00 1.396480e+00
3.333333e+00 2.193161e+00
2.500000e+00 2.705029e+00
2.000000e+00 2.963764e+00
1.666667e+00 3.053883e+00
1.428571e+00 3.049902e+00
1.250000e+00 3.002175e+00
1.111111e+00 2.940111e+00
1.000000e+00 2.878829e+00
9.090909e-01 2.824813e+00
8.333333e-01 2.779797e+00
7.692308e-01 2.743175e+00
7.142857e-01 2.713382e+00
6.666667e-01 2.688635e+00
6.250000e-01 2.667297e+00
5.882353e-01 2.648020e+00
5.555556e-01 2.629776e+00
5.263158e-01 2.611830e+00
5.000000e-01 2.593695e+00
4.761905e-01 2.575080e+00
4.545455e-01 2.555836e+00
4.347826e-01 2.535919e+00
4.166667e-01 2.515355e+00
4.000000e-01 2.494213e+00
3.846154e-01 2.472586e+00
3.703704e-01 2.450578e+00
3.571429e-01 2.428295e+00
3.448276e-01 2.405837e+00
3.333333e-01 2.383301e+00
3.225806e-01 2.360772e+00
3.125000e-01 2.338326e+00
3.030303e-01 2.316031e+00
2.941176e-01 2.293945e+00
2.857143e-01 2.272119e+00
2.777778e-01 2.250593e+00
2.702703e-01 2.229404e+00
2.631579e-01 2.208579e+00
2.564103e-01 2.188143e+00
2.500000e-01 2.168112e+00
2.439024e-01 2.148500e+00
2.380952e-01 2.129319e+00
2.325581e-01 2.110573e+00
2.272727e-01 2.092266e+00
2.222222e-01 2.074399e+00
2.173913e-01 2.056971e+00
2.127660e-01 2.039978e+00
2.083333e-01 2.023415e+00
2.040816e-01 2.007276e+00
2.000000e-01 1.991553e+00
1.960784e-01 1.976238e+00
1.923077e-01 1.961321e+00
1.886792e-01 1.946794e+00
1.851852e-01 1.932647e+00
1.818182e-01 1.918869e+00
1.785714e-01 1.905452e+00
1.754386e-01 1.892386e+00
1.724138e-01 1.879661e+00
1.694915e-01 1.867269e+00
1.666667e-01 1.855200e+00
1.639344e-01 1.843447e+00
1.612903e-01 1.832002e+00
1.587302e-01 1.820858e+00
1.562500e-01 1.810007e+00
1.538462e-01 1.799442e+00
1.515152e-01 1.789159e+00
1.492537e-01 1.779151e+00
1.470588e-01 1.769413e+00
1.449275e-01 1.759939e+00
1.428571e-01 1.750726e+00
1.408451e-01 1.741769e+00
1.388889e-01 1.733064e+00
1.369863e-01 1.724608e+00
1.351351e-01 1.716396e+00
1.333333e-01 1.708426e+00
1.315789e-01 1.700695e+00
1.298701e-01 1.693199e+00
1.282051e-01 1.685936e+00
1.265823e-01 1.678903e+00
1.250000e-01 1.672097e+00
1.234568e-01 1.665515e+00
1.219512e-01 1.659153e+00
1.204819e-01 1.653008e+00
1.190476e-01 1.647076e+00
1.176471e-01 1.641352e+00
1.162791e-01 1.635832e+00
1.149425e-01 1.630510e+00
1.136364e-01 1.625379e+00
1.123596e-01 1.620434e+00
1.111111e-01 1.615667e+00
1.098901e-01 1.611070e+00
1.086957e-01 1.606635e+00
1.075269e-01 1.602352e+00
1.063830e-01 1.598214e+00
1.052632e-01 1.594210e+00
1.041667e-01 1.590332e+00
1.030928e-01 1.586570e+00
1.020408e-01 1.582916e+00
1.010101e-01 1.579361e+00
1.000000e-01 1.575897e+00
9.900990e-02 1.572517e+00
9.803922e-02 1.569213e+00
9.708738e-02 1.565979e+00
9.615385e-02 1.562809e+00
9.523810e-02 1.559698e+00
9.433962e-02 1.556643e+00
9.345794e-02 1.553638e+00
9.259259e-02 1.550680e+00
9.174312e-02 1.547766e+00
9.090909e-02 1.544894e+00
9.009009e-02 1.542061e+00
8.928571e-02 1.539266e+00
8.849558e-02 1.536506e+00
8.771930e-02 1.533781e+00
8.695652e-02 1.531088e+00
8.620690e-02 1.528428e+00
8.547009e-02 1.525799e+00
8.474576e-02 1.523200e+00
8.403361e-02 1.520631e+00
8.333333e-02 1.518092e+00
8.264463e-02 1.515581e+00
8.196721e-02 1.513099e+00
8.130081e-02 1.510646e+00
8.064516e-02 1.508221e+00
8.000000e-02 1.505825e+00
7.936508e-02 1.503457e+00
7.874016e-02 1.501117e+00
7.812500e-02 1.498806e+00
7.751938e-02 1.496524e+00
7.692308e-02 1.494270e+00
7.633588e-02 1.492045e+00
7.575758e-02 1.489850e+00
7.518797e-02 1.487684e+00
7.462687e-02 1.485548e+00
7.407407e-02 1.483442e+00
7.352941e-02 1.481366e+00
7.299270e-02 1.479320e+00
7.246377e-02 1.477306e+00
7.194245e-02 1.475323e+00
7.142857e-02 1.473372e+00
7.092199e-02 1.471453e+00
7.042254e-02 1.469568e+00
6.993007e-02 1.467716e+00
6.944444e-02 1.465898e+00
6.896552e-02 1.464115e+00
6.849315e-02 1.462368e+00
6.802721e-02 1.460658e+00
6.756757e-02 1.458985e+00
6.711409e-02 1.457351e+00
6.666667e-02 1.455757e+00
6.622517e-02 1.454204e+00
6.578947e-02 1.452692e+00
6.535948e-02 1.451224e+00
6.493506e-02 1.449801e+00
6.451613e-02 1.448423e+00
6.410256e-02 1.447092e+00
6.369427e-02 1.445810e+00
6.329114e-02 1.444578e+00
6.289308e-02 1.443398e+00
6.250000e-02 1.442271e+00
6.211180e-02 1.441198e+00
6.172840e-02 1.440181e+00
6.134969e-02 1.439222e+00
6.097561e-02 1.438322e+00
6.060606e-02 1.437483e+00
6.024096e-02 1.436707e+00
5.988024e-02 1.435994e+00
5.952381e-02 1.435347e+00
5.917160e-02 1.434768e+00
5.882353e-02 1.434257e+00
5.847953e-02 1.433816e+00
5.813953e-02 1.433447e+00
5.780347e-02 1.433151e+00
5.747126e-02 1.432931e+00
5.714286e-02 1.432786e+00
5.681818e-02 1.432718e+00
5.649718e-02 1.432729e+00
5.617978e-02 1.432820e+00
5.586592e-02 1.432992e+00
5.555556e-02 1.433245e+00
5.524862e-02 1.433581e+00
5.494505e-02 1.434001e+00
5.464481e-02 1.434503e+00
5.434783e-02 1.435090e+00
5.405405e-02 1.435761e+00
5.376344e-02 1.436515e+00
5.347594e-02 1.437353e+00
5.319149e-02 1.438274e+00
5.291005e-02 1.439276e+00
5.263158e-02 1.440358e+00
5.235602e-02 1.441519e+00
5.208333e-02 1.442757e+00
5.181347e-02 1.444069e+00
5.154639e-02 1.445453e+00
5.128205e-02 1.446906e+00
5.102041e-02 1.448424e+00
5.076142e-02 1.450004e+00
5.050505e-02 1.451642e+00
5.025126e-02 1.453334e+00
5.000000e-02 1.455075e+00
4.975124e-02 1.456861e+00
4.950495e-02 1.458688e+00
4.926108e-02 1.460550e+00
4.901961e-02 1.462444e+00
4.878049e-02 1.464364e+00
4.854369e-02 1.466306e+00
4.830918e-02 1.468267e+00
4.807692e-02 1.470241e+00
4.784689e-02 1.472226e+00
4.761905e-02 1.474219e+00
4.739336e-02 1.476215e+00
4.716981e-02 1.478213e+00
4.694836e-02 1.480212e+00
4.672897e-02 1.482208e+00
4.651163e-02 1.484202e+00
4.629630e-02 1.486192e+00
4.608295e-02 1.488179e+00
4.587156e-02 1.490161e+00
4.566210e-02 1.492141e+00
4.545455e-02 1.494118e+00
4.524887e-02 1.496093e+00
4.504505e-02 1.498068e+00
4.484305e-02 1.500044e+00
4.464286e-02 1.502024e+00
4.444444e-02 1.504007e+00
4.424779e-02 1.505998e+00
4.405286e-02 1.507996e+00
4.385965e-02 1.510004e+00
4.366812e-02 1.512024e+00
4.347826e-02 1.514058e+00
4.329004e-02 1.516107e+00
4.310345e-02 1.518172e+00
4.291845e-02 1.520256e+00
4.273504e-02 1.522359e+00
4.255319e-02 1.524483e+00
4.237288e-02 1.526629e+00
4.219409e-02 1.528798e+00
4.201681e-02 1.530990e+00
4.184100e-02 1.533207e+00
4.166667e-02 1.535448e+00
4.149378e-02 1.537714e+00
4.132231e-02 1.540006e+00
4.115226e-02 1.542323e+00
4.098361e-02 1.544665e+00
4.081633e-02 1.547033e+00
4.065041e-02 1.549426e+00
4.048583e-02 1.551844e+00
4.032258e-02 1.554287e+00
4.016064e-02 1.556753e+00
4.000000e-02 1.559243e+00
3.984064e-02 1.561755e+00
3.968254e-02 1.564289e+00
3.952569e-02 1.566844e+00
3.937008e-02 1.569420e+00
3.921569e-02 1.572015e+00
3.906250e-02 1.574629e+00
3.891051e-02 1.577260e+00
3.875969e-02 1.579908e+00
3.861004e-02 1.582572e+00
3.846154e-02 1.585251e+00
3.831418e-02 1.587943e+00
3.816794e-02 1.590649e+00
3.802281e-02 1.593366e+00
3.787879e-02 1.596095e+00
3.773585e-02 1.598834e+00
3.759398e-02 1.601583e+00
3.745318e-02 1.604340e+00
3.731343e-02 1.607106e+00
3.717472e-02 1.609878e+00
3.703704e-02 1.612658e+00
3.690037e-02 1.615444e+00
3.676471e-02 1.618236e+00
3.663004e-02 1.621033e+00
3.649635e-02 1.623836e+00
3.636364e-02 1.626643e+00
3.623188e-02 1.629455e+00
3.610108e-02 1.632271e+00
3.597122e-02 1.635092e+00
3.584229e-02 1.637917e+00
3.571429e-02 1.640746e+00
3.558719e-02 1.643579e+00
3.546099e-02 1.646417e+00
3.533569e-02 1.649259e+00
3.521127e-02 1.652106e+00
3.508772e-02 1.654958e+00
3.496503e-02 1.657814e+00
3.484321e-02 1.660675e+00
3.472222e-02 1.663542e+00
3.460208e-02 1.666415e+00
3.448276e-02 1.669293e+00
3.436426e-02 1.672178e+00
3.424658e-02 1.675069e+00
3.412969e-02 1.677968e+00
3.401361e-02 1.680874e+00
3.389831e-02 1.683789e+00
3.378378e-02 1.686712e+00
3.367003e-02 1.689645e+00
3.355705e-02 1.692587e+00
3.344482e-02 1.695540e+00
3.333333e-02 1.698504e+00
3.322259e-02 1.701480e+00
3.311258e-02 1.704467e+00
3.300330e-02 1.707466e+00
3.289474e-02 1.710478e+00
3.278689e-02 1.713502e+00
3.267974e-02 1.716540e+00
3.257329e-02 1.719591e+00
3.246753e-02 1.722654e+00
3.236246e-02 1.725731e+00
3.225806e-02 1.728822e+00
3.215434e-02 1.731925e+00
3.205128e-02 1.735040e+00
3.194888e-02 1.738169e+00
3.184713e-02 1.741309e+00
3.174603e-02 1.744462e+00
3.164557e-02 1.747626e+00
3.154574e-02 1.750801e+00
3.144654e-02 1.753987e+00
3.134796e-02 1.757183e+00
3.125000e-02 1.760389e+00
3.115265e-02 1.763603e+00
3.105590e-02 1.766827e+00
3.095975e-02 1.770058e+00
3.086420e-02 1.773298e+00
3.076923e-02 1.776544e+00
3.067485e-02 1.779796e+00
3.058104e-02 1.783054e+00
3.048780e-02 1.786318e+00
3.039514e-02 1.789586e+00
3.030303e-02 1.792858e+00
3.021148e-02 1.796133e+00
3.012048e-02 1.799411e+00
3.003003e-02 1.802691e+00
2.994012e-02 1.805973e+00
2.985075e-02 1.809256e+00
2.976190e-02 1.812539e+00
2.967359e-02 1.815821e+00
2.958580e-02 1.819103e+00
2.949853e-02 1.822382e+00
2.941176e-02 1.825660e+00
2.932551e-02 1.828935e+00
2.923977e-02 1.832206e+00
2.915452e-02 1.835472e+00
2.906977e-02 1.838734e+00
2.898551e-02 1.841990e+00
2.890173e-02 1.845240e+00
2.881844e-02 1.848483e+00
2.873563e-02 1.851719e+00
2.865330e-02 1.854946e+00
2.857143e-02 1.858164e+00
2.849003e-02 1.861372e+00
2.840909e-02 1.864571e+00
2.832861e-02 1.867758e+00
2.824859e-02 1.870933e+00
2.816901e-02 1.874097e+00
2.808989e-02 1.877247e+00
2.801120e-02 1.880383e+00
2.793296e-02 1.883506e+00
2.785515e-02 1.886613e+00
2.777778e-02 1.889705e+00
2.770083e-02 1.892780e+00
2.762431e-02 1.895839e+00
2.754821e-02 1.898880e+00
2.747253e-02 1.901903e+00
2.739726e-02 1.904908e+00
2.732240e-02 1.907894e+00
2.724796e-02 1.910860e+00
2.717391e-02 1.913805e+00
2.710027e-02 1.916730e+00
2.702703e-02 1.919634e+00
2.695418e-02 1.922517e+00
2.688172e-02 1.925377e+00
2.680965e-02 1.928215e+00
2.673797e-02 1.931030e+00
2.666667e-02 1.933822e+00
2.659574e-02 1.936591e+00
2.652520e-02 1.939336e+00
2.645503e-02 1.942056e+00
2.638522e-02 1.944753e+00
2.631579e-02 1.947425e+00
2.624672e-02 1.950072e+00
2.617801e-02 1.952694e+00
2.610966e-02 1.955291e+00
2.604167e-02 1.957863e+00
2.597403e-02 1.960409e+00
2.590674e-02 1.962930e+00
2.583979e-02 1.965426e+00
2.577320e-02 1.967895e+00
2.570694e-02 1.970339e+00
2.564103e-02 1.972758e+00
2.557545e-02 1.975151e+00
2.551020e-02 1.977518e+00
2.544529e-02 1.979860e+00
2.538071e-02 1.982176e+00
2.531646e-02 1.984466e+00
2.525253e-02 1.986732e+00
2.518892e-02 1.988972e+00
2.512563e-02 1.991188e+00
2.506266e-02 1.993378e+00
2.500000e-02 1.995544e+00
2.493766e-02 1.997685e+00
2.487562e-02 1.999803e+00
2.481390e-02 2.001896e+00
2.475248e-02 2.003966e+00
2.469136e-02 2.006013e+00
2.463054e-02 2.008036e+00
2.457002e-02 2.010037e+00
2.450980e-02 2.012016e+00
2.444988e-02 2.013973e+00
2.439024e-02 2.015908e+00
2.433090e-02 2.017823e+00
2.427184e-02 2.019717e+00
2.421308e-02 2.021590e+00
2.415459e-02 2.023444e+00
2.409639e-02 2.025279e+00
2.403846e-02 2.027096e+00
2.398082e-02 2.028894e+00
2.392344e-02 2.030675e+00
2.386635e-02 2.032438e+00
2.380952e-02 2.034185e+00
2.375297e-02 2.035916e+00
2.369668e-02 2.037632e+00
2.364066e-02 2.039333e+00
2.358491e-02 2.041020e+00
2.352941e-02 2.042693e+00
2.347418e-02 2.044353e+00
2.341920e-02 2.046001e+00
2.336449e-02 2.047636e+00
2.331002e-02 2.049261e+00
2.325581e-02 2.050874e+00
2.320186e-02 2.052477e+00
2.314815e-02 2.054069e+00
2.309469e-02 2.055652e+00
2.304147e-02 2.057226e+00
2.298851e-02 2.058791e+00
2.293578e-02 2.060348e+00
2.288330e-02 2.061896e+00
2.283105e-02 2.063435e+00
2.277904e-02 2.064966e+00
2.272727e-02 2.066488e+00
2.267574e-02 2.068002e+00
2.262443e-02 2.069506e+00
2.257336e-02 2.071000e+00
2.252252e-02 2.072484e+00
2.247191e-02 2.073956e+00
2.242152e-02 2.075416e+00
2.237136e-02 2.076863e+00
2.232143e-02 2.078295e+00
2.227171e-02 2.079711e+00
2.222222e-02 2.081110e+00
2.217295e-02 2.082491e+00
2.212389e-02 2.083852e+00
2.207506e-02 2.085192e+00
2.202643e-02 2.086510e+00
2.197802e-02 2.087806e+00
2.192982e-02 2.089078e+00
2.188184e-02 2.090327e+00
2.183406e-02 2.091553e+00
2.178649e-02 2.092756e+00
2.173913e-02 2.093936e+00
2.169197e-02 2.095096e+00
2.164502e-02 2.096235e+00
2.159827e-02 2.097356e+00
2.155172e-02 2.098461e+00
2.150538e-02 2.099550e+00
2.145923e-02 2.100627e+00
2.141328e-02 2.101693e+00
2.136752e-02 2.102751e+00
2.132196e-02 2.103801e+00
2.127660e-02 2.104846e+00
2.123142e-02 2.105888e+00
2.118644e-02 2.106929e+00
2.114165e-02 2.107969e+00
2.109705e-02 2.109011e+00
2.105263e-02 2.110055e+00
2.100840e-02 2.111104e+00
2.096436e-02 2.112157e+00
2.092050e-02 2.113216e+00
2.087683e-02 2.114281e+00
2.083333e-02 2.115354e+00
2.079002e-02 2.116436e+00
2.074689e-02 2.117526e+00
2.070393e-02 2.118626e+00
2.066116e-02 2.119736e+00
2.061856e-02 2.120857e+00
2.057613e-02 2.121988e+00
2.053388e-02 2.123131e+00
2.049180e-02 2.124285e+00
2.044990e-02 2.125451e+00
2.040816e-02 2.126628e+00
2.036660e-02 2.127817e+00
2.032520e-02 2.129017e+00
2.028398e-02 2.130228e+00
2.024291e-02 2.131449e+00
2.020202e-02 2.132679e+00
2.016129e-02 2.133917e+00
2.012072e-02 2.135162e+00
2.008032e-02 2.136411e+00
2.004008e-02 2.137664e+00
2.000000e-02 2.138916e+00
1.996008e-02 2.140167e+00
1.992032e-02 2.141411e+00
1.988072e-02 2.142647e+00
1.984127e-02 2.143869e+00
1.980198e-02 2.145075e+00
1.976285e-02 2.146258e+00
1.972387e-02 2.147414e+00
1.968504e-02 2.148539e+00
1.964637e-02 2.149628e+00
1.960784e-02 2.150674e+00
1.956947e-02 2.151675e+00
1.953125e-02 2.152624e+00
1.949318e-02 2.153518e+00
1.945525e-02 2.154353e+00
1.941748e-02 2.155126e+00
1.937984e-02 2.155834e+00
1.934236e-02 2.156477e+00
1.930502e-02 2.157052e+00
1.926782e-02 2.157559e+00
1.923077e-02 2.158000e+00
1.919386e-02 2.158374e+00
1.915709e-02 2.158684e+00
1.912046e-02 2.158931e+00
1.908397e-02 2.159117e+00
1.904762e-02 2.159245e+00
1.901141e-02 2.159317e+00
1.897533e-02 2.159335e+00
1.893939e-02 2.159301e+00
1.890359e-02 2.159216e+00
1.886792e-02 2.159083e+00
1.883239e-02 2.158901e+00
1.879699e-02 2.158671e+00
1.876173e-02 2.158395e+00
1.872659e-02 2.158072e+00
1.869159e-02 2.157703e+00
1.865672e-02 2.157287e+00
1.862197e-02 2.156825e+00
1.858736e-02 2.156318e+00
1.855288e-02 2.155765e+00
1.851852e-02 2.155169e+00
1.848429e-02 2.154529e+00
1.845018e-02 2.153848e+00
1.841621e-02 2.153127e+00
1.838235e-02 2.152368e+00
1.834862e-02 2.151574e+00
1.831502e-02 2.150747e+00
1.828154e-02 2.149891e+00
1.824818e-02 2.149008e+00
1.821494e-02 2.148101e+00
1.818182e-02 2.147174e+00
1.814882e-02 2.146230e+00
1.811594e-02 2.145270e+00
1.808318e-02 2.144300e+00
1.805054e-02 2.143320e+00
1.801802e-02 2.142335e+00
1.798561e-02 2.141345e+00
1.795332e-02 2.140353e+00
1.792115e-02 2.139361e+00
1.788909e-02 2.138371e+00
1.785714e-02 2.137383e+00
1.782531e-02 2.136399e+00
1.779359e-02 2.135421e+00
1.776199e-02 2.134447e+00
1.773050e-02 2.133480e+00
1.769912e-02 2.132519e+00
1.766784e-02 2.131565e+00
1.763668e-02 2.130618e+00
1.760563e-02 2.129676e+00
1.757469e-02 2.128741e+00
1.754386e-02 2.127812e+00
1.751313e-02 2.126887e+00
1.748252e-02 2.125968e+00
1.745201e-02 2.125052e+00
1.742160e-02 2.124140e+00
1.739130e-02 2.123230e+00
1.736111e-02 2.122321e+00
1.733102e-02 2.121413e+00
1.730104e-02 2.120505e+00
1.727116e-02 2.119596e+00
1.724138e-02 2.118684e+00
1.721170e-02 2.117769e+00
1.718213e-02 2.116850e+00
1.715266e-02 2.115925e+00
1.712329e-02 2.114993e+00
1.709402e-02 2.114054e+00
1.706485e-02 2.113106e+00
1.703578e-02 2.112148e+00
1.700680e-02 2.111178e+00
1.697793e-02 2.110197e+00
1.694915e-02 2.109202e+00
1.692047e-02 2.108193e+00
1.689189e-02 2.107168e+00
1.686341e-02 2.106127e+00
1.683502e-02 2.105069e+00
1.680672e-02 2.103991e+00
1.677852e-02 2.102895e+00
1.675042e-02 2.101777e+00
1.672241e-02 2.100639e+00
1.669449e-02 2.099477e+00
1.666667e-02 2.098293e+00
1.663894e-02 2.097085e+00
1.661130e-02 2.095852e+00
1.658375e-02 2.094593e+00
1.655629e-02 2.093308e+00
1.652893e-02 2.091995e+00
1.650165e-02 2.090656e+00
1.647446e-02 2.089288e+00
1.644737e-02 2.087891e+00
1.642036e-02 2.086465e+00
1.639344e-02 2.085010e+00
1.636661e-02 2.083524e+00
1.633987e-02 2.082008e+00
1.631321e-02 2.080461e+00
1.628664e-02 2.078884e+00
1.626016e-02 2.077275e+00
1.623377e-02 2.075635e+00
1.620746e-02 2.073963e+00
1.618123e-02 2.072260e+00
1.615509e-02 2.070526e+00
1.612903e-02 2.068760e+00
1.610306e-02 2.066963e+00
1.607717e-02 2.065135e+00
1.605136e-02 2.063276e+00
1.602564e-02 2.061386e+00
1.600000e-02 2.059466e+00
1.597444e-02 2.057516e+00
1.594896e-02 2.055536e+00
1.592357e-02 2.053527e+00
1.589825e-02 2.051489e+00
1.587302e-02 2.049423e+00
1.584786e-02 2.047329e+00
1.582278e-02 2.045207e+00
1.579779e-02 2.043060e+00
1.577287e-02 2.040886e+00
1.574803e-02 2.038687e+00
1.572327e-02 2.036463e+00
1.569859e-02 2.034216e+00
1.567398e-02 2.031945e+00
1.564945e-02 2.029651e+00
1.562500e-02 2.027336e+00
1.560062e-02 2.025000e+00
1.557632e-02 2.022644e+00
1.555210e-02 2.020268e+00
1.552795e-02 2.017873e+00
1.550388e-02 2.015461e+00
1.547988e-02 2.013031e+00
1.545595e-02 2.010585e+00
1.543210e-02 2.008124e+00
1.540832e-02 2.005647e+00
1.538462e-02 2.003157e+00
1.536098e-02 2.000653e+00
1.533742e-02 1.998137e+00
1.531394e-02 1.995608e+00
1.529052e-02 1.993069e+00
1.526718e-02 1.990519e+00
1.524390e-02 1.987959e+00
1.522070e-02 1.985390e+00
1.519757e-02 1.982812e+00
1.517451e-02 1.980227e+00
1.515152e-02 1.977634e+00
1.512859e-02 1.975034e+00
1.510574e-02 1.972428e+00
1.508296e-02 1.969816e+00
1.506024e-02 1.967200e+00
1.503759e-02 1.964578e+00
1.501502e-02 1.961952e+00
1.499250e-02 1.959323e+00
1.497006e-02 1.956690e+00
1.494768e-02 1.954054e+00
1.492537e-02 1.951416e+00
1.490313e-02 1.948775e+00
1.488095e-02 1.946133e+00
1.485884e-02 1.943490e+00
1.483680e-02 1.940845e+00
1.481481e-02 1.938200e+00
1.479290e-02 1.935555e+00
1.477105e-02 1.932909e+00
1.474926e-02 1.930264e+00
1.472754e-02 1.927620e+00
1.470588e-02 1.924976e+00
1.468429e-02 1.922334e+00
1.466276e-02 1.919693e+00
1.464129e-02 1.917054e+00
1.461988e-02 1.914417e+00
1.459854e-02 1.911782e+00
1.457726e-02 1.909150e+00
1.455604e-02 1.906521e+00
1.453488e-02 1.903895e+00
1.451379e-02 1.901273e+00
1.449275e-02 1.898654e+00
1.447178e-02 1.896039e+00
1.445087e-02 1.893429e+00
1.443001e-02 1.890823e+00
1.440922e-02 1.888223e+00
1.438849e-02 1.885627e+00
1.436782e-02 1.883038e+00
1.434720e-02 1.880455e+00
1.432665e-02 1.877878e+00
1.430615e-02 1.875309e+00
1.428571e-02 1.872747e+00
1.426534e-02 1.870193e+00
1.424501e-02 1.867647e+00
1.422475e-02 1.865112e+00
1.420455e-02 1.862586e+00
1.418440e-02 1.860070e+00
1.416431e-02 1.857567e+00
1.414427e-02 1.855076e+00
1.412429e-02 1.852598e+00
1.410437e-02 1.850135e+00
1.408451e-02 1.847688e+00
1.406470e-02 1.845257e+00
1.404494e-02 1.842846e+00
1.402525e-02 1.840454e+00
1.400560e-02 1.838084e+00
1.398601e-02 1.835739e+00
1.396648e-02 1.833419e+00
1.394700e-02 1.831128e+00
1.392758e-02 1.828867e+00
1.390821e-02 1.826641e+00
1.388889e-02 1.824451e+00
1.386963e-02 1.822302e+00
1.385042e-02 1.820197e+00
1.383126e-02 1.818140e+00
1.381215e-02 1.816136e+00
1.379310e-02 1.814189e+00
1.377410e-02 1.812304e+00
1.375516e-02 1.810488e+00
1.373626e-02 1.808746e+00
1.371742e-02 1.807085e+00
1.369863e-02 1.805511e+00
1.367989e-02 1.804032e+00
1.366120e-02 1.802656e+00
1.364256e-02 1.801390e+00
1.362398e-02 1.800242e+00
1.360544e-02 1.799221e+00
1.358696e-02 1.798334e+00
1.356852e-02 1.797591e+00
1.355014e-02 1.796997e+00
1.353180e-02 1.796560e+00
1.351351e-02 1.796285e+00
1.349528e-02 1.796176e+00
1.347709e-02 1.796233e+00
1.345895e-02 1.796455e+00
1.344086e-02 1.796837e+00
1.342282e-02 1.797368e+00
1.340483e-02 1.798032e+00
1.338688e-02 1.798810e+00
1.336898e-02 1.799670e+00
1.335113e-02 1.800578e+00
1.333333e-02 1.801489e+00
1.331558e-02 1.802350e+00
1.329787e-02 1.803101e+00
1.328021e-02 1.803675e+00
1.326260e-02 1.804002e+00
1.324503e-02 1.804006e+00
1.322751e-02 1.803616e+00
1.321004e-02 1.802763e+00
1.319261e-02 1.801385e+00
1.317523e-02 1.799436e+00
1.315789e-02 1.796882e+00
1.314060e-02 1.793709e+00
1.312336e-02 1.789920e+00
1.310616e-02 1.785542e+00
1.308901e-02 1.780616e+00
1.307190e-02 1.775200e+00
1.305483e-02 1.769367e+00
1.303781e-02 1.763193e+00
1.302083e-02 1.756762e+00
1.300390e-02 1.750156e+00
1.298701e-02 1.743452e+00
1.297017e-02 1.736721e+00
1.295337e-02 1.730027e+00
1.293661e-02 1.723421e+00
1.291990e-02 1.716944e+00
1.290323e-02 1.710628e+00
1.288660e-02 1.704495e+00
1.287001e-02 1.698557e+00
1.285347e-02 1.692820e+00
1.283697e-02 1.687284e+00
1.282051e-02 1.681942e+00
1.280410e-02 1.676785e+00
1.278772e-02 1.671801e+00
1.277139e-02 1.666974e+00
1.275510e-02 1.662289e+00
1.273885e-02 1.657729e+00
1.272265e-02 1.653278e+00
1.270648e-02 1.648920e+00
1.269036e-02 1.644639e+00
1.267427e-02 1.640421e+00
1.265823e-02 1.636251e+00
1.264223e-02 1.632119e+00
1.262626e-02 1.628013e+00
1.261034e-02 1.623923e+00
1.259446e-02 1.619841e+00
1.257862e-02 1.615762e+00
1.256281e-02 1.611678e+00
1.254705e-02 1.607586e+00
1.253133e-02 1.603484e+00
1.251564e-02 1.599368e+00
1.250000e-02 1.595238e+00
1.248439e-02 1.591093e+00
1.246883e-02 1.586935e+00
1.245330e-02 1.582764e+00
1.243781e-02 1.578582e+00
1.242236e-02 1.574390e+00
1.240695e-02 1.570191e+00
1.239157e-02 1.565987e+00
1.237624e-02 1.561781e+00
1.236094e-02 1.557576e+00
1.234568e-02 1.553373e+00
1.233046e-02 1.549176e+00
1.231527e-02 1.544986e+00
1.230012e-02 1.540806e+00
1.228501e-02 1.536637e+00
1.226994e-02 1.532482e+00
1.225490e-02 1.528342e+00
1.223990e-02 1.524219e+00
1.222494e-02 1.520113e+00
1.221001e-02 1.516025e+00
1.219512e-02 1.511958e+00
1.218027e-02 1.507910e+00
1.216545e-02 1.503883e+00
1.215067e-02 1.499877e+00
1.213592e-02 1.495892e+00
1.212121e-02 1.491929e+00
1.210654e-02 1.487987e+00
1.209190e-02 1.484066e+00
1.207729e-02 1.480166e+00
1.206273e-02 1.476286e+00
1.204819e-02 1.472428e+00
1.203369e-02 1.468589e+00
1.201923e-02 1.464770e+00
1.200480e-02 1.460971e+00
1.199041e-02 1.457191e+00
1.197605e-02 1.453429e+00
1.196172e-02 1.449685e+00
1.194743e-02 1.445959e+00
1.193317e-02 1.442250e+00
1.191895e-02 1.438559e+00
1.190476e-02 1.434883e+00
1.189061e-02 1.431224e+00
1.187648e-02 1.427581e+00
1.186240e-02 1.423952e+00
1.184834e-02 1.420339e+00
1.183432e-02 1.416741e+00
1.182033e-02 1.413157e+00
1.180638e-02 1.409587e+00
1.179245e-02 1.406031e+00
1.177856e-02 1.402489e+00
1.176471e-02 1.398960e+00
1.175088e-02 1.395445e+00
1.173709e-02 1.391943e+00
1.172333e-02 1.388454e+00
1.170960e-02 1.384978e+00
1.169591e-02 1.381515e+00
1.168224e-02 1.378064e+00
1.166861e-02 1.374627e+00
1.165501e-02 1.371202e+00
1.164144e-02 1.367790e+00
1.162791e-02 1.364391e+00
1.161440e-02 1.361005e+00
1.160093e-02 1.357631e+00
1.158749e-02 1.354271e+00
1.157407e-02 1.350924e+00
1.156069e-02 1.347590e+00
1.154734e-02 1.344269e+00
1.153403e-02 1.340962e+00
1.152074e-02 1.337668e+00
1.150748e-02 1.334389e+00
1.149425e-02 1.331123e+00
1.148106e-02 1.327872e+00
1.146789e-02 1.324635e+00
1.145475e-02 1.321413e+00
1.144165e-02 1.318206e+00
1.142857e-02 1.315014e+00
1.141553e-02 1.311837e+00
1.140251e-02 1.308676e+00
1.138952e-02 1.305531e+00
1.137656e-02 1.302403e+00
1.136364e-02 1.299290e+00
1.135074e-02 1.296195e+00
1.133787e-02 1.293116e+00
1.132503e-02 1.290055e+00
1.131222e-02 1.287010e+00
1.129944e-02 1.283983e+00
1.128668e-02 1.280974e+00
1.127396e-02 1.277983e+00
1.126126e-02 1.275009e+00
1.124859e-02 1.272053e+00
1.123596e-02 1.269115e+00
1.122334e-02 1.266195e+00
1.121076e-02 1.263292e+00
1.119821e-02 1.260407e+00
1.118568e-02 1.257538e+00
1.117318e-02 1.254686e+00
1.116071e-02 1.251850e+00
1.114827e-02 1.249030e+00
1.113586e-02 1.246225e+00
1.112347e-02 1.243434e+00
1.111111e-02 1.240656e+00
1.109878e-02 1.237891e+00
1.108647e-02 1.235138e+00
1.107420e-02 1.232395e+00
1.106195e-02 1.229662e+00
1.104972e-02 1.226937e+00
1.103753e-02 1.224219e+00
1.102536e-02 1.221507e+00
1.101322e-02 1.218800e+00
1.100110e-02 1.216097e+00
1.098901e-02 1.213396e+00
1.097695e-02 1.210697e+00
1.096491e-02 1.207999e+00
1.095290e-02 1.205300e+00
1.094092e-02 1.202600e+00
1.092896e-02 1.199899e+00
1.091703e-02 1.197195e+00
1.090513e-02 1.194488e+00
1.089325e-02 1.191778e+00
1.088139e-02 1.189064e+00
1.086957e-02 1.186347e+00
1.085776e-02 1.183627e+00
1.084599e-02 1.180904e+00
1.083424e-02 1.178178e+00
1.082251e-02 1.175450e+00
1.081081e-02 1.172719e+00
1.079914e-02 1.169988e+00
1.078749e-02 1.167256e+00
1.077586e-02 1.164524e+00
1.076426e-02 1.161794e+00
1.075269e-02 1.159065e+00
1.074114e-02 1.156339e+00
1.072961e-02 1.153617e+00
1.071811e-02 1.150899e+00
1.070664e-02 1.148186e+00
1.069519e-02 1.145480e+00
1.068376e-02 1.142780e+00
1.067236e-02 1.140089e+00
1.066098e-02 1.137406e+00
1.064963e-02 1.134732e+00
1.063830e-02 1.132069e+00
1.062699e-02 1.129415e+00
1.061571e-02 1.126774e+00
1.060445e-02 1.124143e+00
1.059322e-02 1.121525e+00
1.058201e-02 1.118920e+00
1.057082e-02 1.116328e+00
1.055966e-02 1.113749e+00
1.054852e-02 1.111183e+00
1.053741e-02 1.108632e+00
1.052632e-02 1.106095e+00
1.051525e-02 1.103571e+00
1.050420e-02 1.101063e+00
1.049318e-02 1.098569e+00
1.048218e-02 1.096090e+00
1.047120e-02 1.093625e+00
1.046025e-02 1.091175e+00
1.044932e-02 1.088740e+00
1.043841e-02 1.086320e+00
1.042753e-02 1.083915e+00
1.041667e-02 1.081524e+00
1.040583e-02 1.079148e+00
1.039501e-02 1.076787e+00
1.038422e-02 1.074440e+00
1.037344e-02 1.072107e+00
1.036269e-02 1.069789e+00
1.035197e-02 1.067486e+00
1.034126e-02 1.065196e+00
1.033058e-02 1.062921e+00
1.031992e-02 1.060660e+00
1.030928e-02 1.058412e+00
1.029866e-02 1.056179e+00
1.028807e-02 1.053959e+00
1.027749e-02 1.051753e+00
1.026694e-02 1.049561e+00
1.025641e-02 1.047382e+00
1.024590e-02 1.045216e+00
1.023541e-02 1.043064e+00
1.022495e-02 1.040925e+00
1.021450e-02 1.038799e+00
1.020408e-02 1.036686e+00
1.019368e-02 1.034587e+00
1.018330e-02 1.032500e+00
1.017294e-02 1.030425e+00
1.016260e-02 1.028364e+00
1.015228e-02 1.026315e+00
1.014199e-02 1.024279e+00
1.013171e-02 1.022256e+00
1.012146e-02 1.020245e+00
1.011122e-02 1.018246e+00
1.010101e-02 1.016260e+00
1.009082e-02 1.014287e+00
1.008065e-02 1.012326e+00
1.007049e-02 1.010377e+00
1.006036e-02 1.008440e+00
1.005025e-02 1.006516e+00
1.004016e-02 1.004604e+00
1.003009e-02 1.002705e+00
1.002004e-02 1.000817e+00
1.001001e-02 9.989422e-01
1.000000e-02 9.970795e-01
9.990010e-03 9.952292e-01
9.980040e-03 9.933912e-01
9.970090e-03 9.915657e-01
9.960159e-03 9.897527e-01
9.950249e-03 9.879522e-01
9.940358e-03 9.861644e-01
9.930487e-03 9.843893e-01
9.920635e-03 9.826270e-01
9.910803e-03 9.808776e-01
9.900990e-03 9.791413e-01
9.891197e-03 9.774182e-01
9.881423e-03 9.757084e-01
9.871668e-03 9.740123e-01
9.861933e-03 9.723299e-01
9.852217e-03 9.706614e-01
9.842520e-03 9.690073e-01
9.832842e-03 9.673676e-01
9.823183e-03 9.657427e-01
9.813543e-03 9.641330e-01
9.803922e-03 9.625388e-01
9.794319e-03 9.609604e-01
9.784736e-03 9.593985e-01
9.775171e-03 9.578534e-01
9.765625e-03 9.563256e-01
9.756098e-03 9.548157e-01
9.746589e-03 9.533244e-01
9.737098e-03 9.518522e-01
9.727626e-03 9.504001e-01
9.718173e-03 9.489687e-01
9.708738e-03 9.475590e-01
9.699321e-03 9.461718e-01
9.689922e-03 9.448084e-01
9.680542e-03 9.434698e-01
9.671180e-03 9.421571e-01
9.661836e-03 9.408719e-01
9.652510e-03 9.396156e-01
9.643202e-03 9.383898e-01
9.633911e-03 9.371961e-01
9.624639e-03 9.360367e-01
9.615385e-03 9.349136e-01
9.606148e-03 9.338289e-01
9.596929e-03 9.327853e-01
9.587728e-03 9.317854e-01
9.578544e-03 9.308322e-01
9.569378e-03 9.299290e-01
9.560229e-03 9.290793e-01
9.551098e-03 9.282868e-01
9.541985e-03 9.275560e-01
9.532888e-03 9.268913e-01
9.523810e-03 9.262979e-01
9.514748e-03 9.257812e-01
9.505703e-03 9.253473e-01
9.496676e-03 9.250027e-01
9.487666e-03 9.247547e-01
9.478673e-03 9.246109e-01
9.469697e-03 9.245801e-01
9.460738e-03 9.246714e-01
9.451796e-03 9.248950e-01
9.442871e-03 9.252618e-01
9.433962e-03 9.257838e-01
9.425071e-03 9.264738e-01
9.416196e-03 9.273457e-01
9.407338e-03 9.284143e-01
9.398496e-03 9.296956e-01
9.389671e-03 9.312065e-01
9.380863e-03 9.329648e-01
9.372071e-03 9.349892e-01
9.363296e-03 9.372991e-01
9.354537e-03 9.399143e-01
9.345794e-03 9.428547e-01
9.337068e-03 9.461397e-01
9.328358e-03 9.497878e-01
9.319664e-03 9.538159e-01
9.310987e-03 9.582380e-01
9.302326e-03 9.630644e-01
9.293680e-03 9.682999e-01
9.285051e-03 9.739426e-01
9.276438e-03 9.799820e-01
9.267841e-03 9.863969e-01
9.259259e-03 9.931531e-01
9.250694e-03 1.000202e+00
9.242144e-03 1.007480e+00
9.233610e-03 1.014903e+00
9.225092e-03 1.022372e+00
9.216590e-03 1.029768e+00
9.208103e-03 1.036960e+00
9.199632e-03 1.043802e+00
9.191176e-03 1.050142e+00
9.182736e-03 1.055830e+00
9.174312e-03 1.060721e+00
9.165903e-03 1.064688e+00
9.157509e-03 1.067625e+00
9.149131e-03 1.069459e+00
9.140768e-03 1.070154e+00
9.132420e-03 1.069708e+00
9.124088e-03 1.068162e+00
9.115770e-03 1.065589e+00
9.107468e-03 1.062092e+00
9.099181e-03 1.057795e+00
9.090909e-03 1.052837e+00
9.082652e-03 1.047363e+00
9.074410e-03 1.041516e+00
9.066183e-03 1.035431e+00
9.057971e-03 1.029231e+00
9.049774e-03 1.023025e+00
9.041591e-03 1.016906e+00
9.033424e-03 1.010948e+00
9.025271e-03 1.005211e+00
9.017133e-03 9.997410e-01
9.009009e-03 9.945701e-01
9.000900e-03 9.897201e-01
8.992806e-03 9.852043e-01
8.984726e-03 9.810285e-01
8.976661e-03 9.771932e-01
8.968610e-03 9.736950e-01
8.960573e-03 9.705274e-01
8.952551e-03 9.676822e-01
8.944544e-03 9.651498e-01
8.936550e-03 9.629199e-01
8.928571e-03 9.609823e-01
8.920607e-03 9.593267e-01
8.912656e-03 9.579431e-01
8.904720e-03 9.568220e-01
8.896797e-03 9.559543e-01
8.888889e-03 9.553313e-01
8.880995e-03 9.549450e-01
8.873114e-03 9.547875e-01
8.865248e-03 9.548513e-01
8.857396e-03 9.551291e-01
8.849558e-03 9.556135e-01
8.841733e-03 9.562970e-01
8.833922e-03 9.571721e-01
8.826125e-03 9.582308e-01
8.818342e-03 9.594644e-01
8.810573e-03 9.608637e-01
8.802817e-03 9.624186e-01
8.795075e-03 9.641183e-01
8.787346e-03 9.659505e-01
8.779631e-03 9.679022e-01
8.771930e-03 9.699587e-01
8.764242e-03 9.721044e-01
8.756567e-03 9.743220e-01
8.748906e-03 9.765929e-01
8.741259e-03 9.788975e-01
8.733624e-03 9.812147e-01
8.726003e-03 9.835221e-01
8.718396e-03 9.857967e-01
8.710801e-03 9.880147e-01
8.703220e-03 9.901516e-01
8.695652e-03 9.921830e-01
8.688097e-03 9.940843e-01
8.680556e-03 9.958318e-01
8.673027e-03 9.974026e-01
8.665511e-03 9.987748e-01
8.658009e-03 9.999285e-01
8.650519e-03 1.000846e+00
8.643042e-03 1.001511e+00
8.635579e-03 1.001912e+00
8.628128e-03 1.002038e+00
8.620690e-03 1.001883e+00
8.613264e-03 1.001443e+00
8.605852e-03 1.000718e+00
8.598452e-03 9.997113e-01
8.591065e-03 9.984290e-01
8.583691e-03 9.968804e-01
8.576329e-03 9.950777e-01
8.568980e-03 9.930354e-01
8.561644e-03 9.907702e-01
8.554320e-03 9.883008e-01
8.547009e-03 9.856474e-01
8.539710e-03 9.828312e-01
8.532423e-03 9.798745e-01
8.525149e-03 9.768000e-01
8.517888e-03 9.736308e-01
8.510638e-03 9.703900e-01
8.503401e-03 9.671006e-01
8.496177e-03 9.637853e-01
8.488964e-03 9.604665e-01
8.481764e-03 9.571662e-01
8.474576e-03 9.539060e-01
8.467401e-03 9.507070e-01
8.460237e-03 9.475899e-01
8.453085e-03 9.445750e-01
8.445946e-03 9.416820e-01
8.438819e-03 9.389305e-01
8.431703e-03 9.363391e-01
8.424600e-03 9.339255e-01
8.417508e-03 9.317058e-01
8.410429e-03 9.296943e-01
8.403361e-03 9.279017e-01
8.396306e-03 9.263341e-01
8.389262e-03 9.249911e-01
8.382230e-03 9.238638e-01
8.375209e-03 9.229322e-01
8.368201e-03 9.221631e-01
8.361204e-03 9.215081e-01
8.354219e-03 9.209035e-01
8.347245e-03 9.202710e-01
8.340284e-03 9.195217e-01
8.333333e-03 9.185632e-01
