# Finite Temperature Data for Kitaev Ladder
# chi_max = 30, h = 0.1000
# Columns: T | Sigmax | Sigmay | Sigmaz | S1 | S2 | Wp | Cv
# 
2.000000e+01	-9.041237e-03	-9.041194e-03	-8.953816e-03	3.018413e-05	3.018413e-05	1.196505e-07	7.662322e-02
1.000000e+01	-1.281668e-02	-1.281659e-02	-1.262564e-02	1.525456e-04	1.525456e-04	1.340683e-06	2.919670e-01
6.666667e+00	-1.610170e-02	-1.610158e-02	-1.577337e-02	4.639308e-04	4.639308e-04	7.111052e-06	6.130118e-01
5.000000e+00	-1.892532e-02	-1.892516e-02	-1.843131e-02	1.070347e-03	1.070347e-03	2.501693e-05	9.984712e-01
4.000000e+00	-2.132917e-02	-2.132898e-02	-2.064641e-02	2.071551e-03	2.071551e-03	6.781771e-05	1.407108e+00
3.333333e+00	-2.336160e-02	-2.336138e-02	-2.247204e-02	3.548634e-03	3.548634e-03	1.533521e-04	1.804013e+00
2.857143e+00	-2.507259e-02	-2.507235e-02	-2.396271e-02	5.557457e-03	5.557457e-03	3.034336e-04	2.163848e+00
