# Finite Temperature Data for Kitaev Ladder
# chi_max = 30, h = 0.1000
# Columns: T | Sigmax | Sigmay | Sigmaz | S1 | S2 | Wp | Cv
# 
2.000000e+01	-9.041237e-03	-9.041194e-03	-8.953816e-03	3.018413e-05	3.018413e-05	1.196505e-07	7.662322e-02
1.000000e+01	-1.281668e-02	-1.281659e-02	-1.262564e-02	1.525456e-04	1.525456e-04	1.340683e-06	2.919670e-01
6.666667e+00	-1.610170e-02	-1.610158e-02	-1.577337e-02	4.639308e-04	4.639308e-04	7.111052e-06	6.130118e-01
5.000000e+00	-1.892532e-02	-1.892516e-02	-1.843131e-02	1.070347e-03	1.070347e-03	2.501693e-05	9.984712e-01
4.000000e+00	-2.132917e-02	-2.132898e-02	-2.064641e-02	2.071551e-03	2.071551e-03	6.781771e-05	1.407108e+00
3.333333e+00	-2.336160e-02	-2.336138e-02	-2.247204e-02	3.548634e-03	3.548634e-03	1.533521e-04	1.804013e+00
2.857143e+00	-2.507259e-02	-2.507235e-02	-2.396271e-02	5.557457e-03	5.557457e-03	3.034336e-04	2.163848e+00
2.500000e+00	-2.651011e-02	-2.650986e-02	-2.517029e-02	8.127393e-03	8.127393e-03	5.421013e-04	2.471315e+00
2.222222e+00	-2.771793e-02	-2.771767e-02	-2.614180e-02	1.126383e-02	1.126383e-02	8.937308e-04	2.719815e+00
2.000000e+00	-2.873450e-02	-2.873424e-02	-2.691833e-02	1.495276e-02	1.495276e-02	1.381442e-03	2.909284e+00
1.818182e+00	-2.959272e-02	-2.959246e-02	-2.753484e-02	1.916606e-02	1.916606e-02	2.025890e-03	3.043962e+00
1.666667e+00	-3.032021e-02	-3.031996e-02	-2.802055e-02	2.386626e-02	2.386626e-02	2.844232e-03	3.130504e+00
1.538462e+00	-3.093985e-02	-3.093961e-02	-2.839954e-02	2.901062e-02	2.901062e-02	3.849695e-03	3.176560e+00
1.428571e+00	-3.147038e-02	-3.147015e-02	-2.869143e-02	3.455441e-02	3.455441e-02	5.051694e-03	3.189830e+00
1.333333e+00	-3.192710e-02	-3.192689e-02	-2.891214e-02	4.045332e-02	4.045332e-02	6.456137e-03	3.177494e+00
1.250000e+00	-3.232243e-02	-3.232225e-02	-2.907454e-02	4.666497e-02	4.666497e-02	8.065835e-03	3.145914e+00
1.176471e+00	-3.266646e-02	-3.266630e-02	-2.918899e-02	5.314999e-02	5.314999e-02	9.880984e-03	3.100530e+00
1.111111e+00	-3.296734e-02	-3.296721e-02	-2.926383e-02	5.987250e-02	5.987250e-02	1.189966e-02	3.045862e+00
1.052632e+00	-3.323173e-02	-3.323164e-02	-2.930579e-02	6.680029e-02	6.680029e-02	1.411830e-02	2.985579e+00
1.000000e+00	-3.346503e-02	-3.346498e-02	-2.932032e-02	7.390483e-02	7.390483e-02	1.653211e-02	2.922600e+00
9.523810e-01	-3.367165e-02	-3.367164e-02	-2.931181e-02	8.116108e-02	8.116108e-02	1.913545e-02	2.859203e+00
9.090909e-01	-3.385521e-02	-3.385526e-02	-2.928382e-02	8.854725e-02	8.854725e-02	2.192217e-02	2.797130e+00
8.695652e-01	-3.401870e-02	-3.401880e-02	-2.923927e-02	9.604450e-02	9.604450e-02	2.488579e-02	2.737684e+00
8.333333e-01	-3.416457e-02	-3.416473e-02	-2.918055e-02	1.036366e-01	1.036366e-01	2.801978e-02	2.681813e+00
8.000000e-01	-3.429487e-02	-3.429510e-02	-2.910959e-02	1.113097e-01	1.113097e-01	3.131766e-02	2.630186e+00
7.692308e-01	-3.441133e-02	-3.441163e-02	-2.902802e-02	1.190519e-01	1.190519e-01	3.477315e-02	2.583247e+00
7.407407e-01	-3.451537e-02	-3.451575e-02	-2.893717e-02	1.268532e-01	1.268532e-01	3.838019e-02	2.541269e+00
7.142857e-01	-3.460822e-02	-3.460868e-02	-2.883815e-02	1.347050e-01	1.347050e-01	4.213305e-02	2.504394e+00
6.896552e-01	-3.469092e-02	-3.469146e-02	-2.873190e-02	1.426001e-01	1.426001e-01	4.602635e-02	2.472664e+00
6.666667e-01	-3.476434e-02	-3.476497e-02	-2.861921e-02	1.505321e-01	1.505321e-01	5.005504e-02	2.446046e+00
6.451613e-01	-3.482925e-02	-3.482998e-02	-2.850074e-02	1.584961e-01	1.584961e-01	5.421444e-02	2.424454e+00
6.250000e-01	-3.488631e-02	-3.488714e-02	-2.837706e-02	1.664873e-01	1.664873e-01	5.850019e-02	2.407764e+00
6.060606e-01	-3.493609e-02	-3.493702e-02	-2.824867e-02	1.745022e-01	1.745022e-01	6.290828e-02	2.395824e+00
5.882353e-01	-3.497909e-02	-3.498014e-02	-2.811598e-02	1.825374e-01	1.825374e-01	6.743500e-02	2.388466e+00
5.714286e-01	-3.501576e-02	-3.501692e-02	-2.797937e-02	1.905901e-01	1.905901e-01	7.207692e-02	2.385515e+00
5.555556e-01	-3.504649e-02	-3.504775e-02	-2.783916e-02	1.986578e-01	1.986578e-01	7.683087e-02	2.386787e+00
5.405405e-01	-3.507161e-02	-3.507300e-02	-2.769565e-02	2.067385e-01	2.067385e-01	8.169392e-02	2.392100e+00
5.263158e-01	-3.509145e-02	-3.509295e-02	-2.754909e-02	2.148300e-01	2.148300e-01	8.666332e-02	2.401274e+00
5.128205e-01	-3.510628e-02	-3.510791e-02	-2.739971e-02	2.229308e-01	2.229308e-01	9.173654e-02	2.414132e+00
5.000000e-01	-3.511636e-02	-3.511811e-02	-2.724772e-02	2.310392e-01	2.310392e-01	9.691116e-02	2.430501e+00
4.878049e-01	-3.512191e-02	-3.512378e-02	-2.709332e-02	2.391537e-01	2.391537e-01	1.021849e-01	2.450217e+00
4.761905e-01	-3.512314e-02	-3.512514e-02	-2.693669e-02	2.472730e-01	2.472730e-01	1.075557e-01	2.473120e+00
4.651163e-01	-3.512025e-02	-3.512238e-02	-2.677799e-02	2.553955e-01	2.553955e-01	1.130214e-01	2.499057e+00
4.545455e-01	-3.511342e-02	-3.511567e-02	-2.661737e-02	2.635200e-01	2.635200e-01	1.185801e-01	2.527880e+00
4.444444e-01	-3.510280e-02	-3.510518e-02	-2.645499e-02	2.716452e-01	2.716452e-01	1.242298e-01	2.559448e+00
4.347826e-01	-3.508855e-02	-3.509105e-02	-2.629098e-02	2.797698e-01	2.797698e-01	1.299687e-01	2.593628e+00
4.255319e-01	-3.507081e-02	-3.507344e-02	-2.612548e-02	2.878925e-01	2.878925e-01	1.357948e-01	2.630287e+00
4.166667e-01	-3.504971e-02	-3.505247e-02	-2.595861e-02	2.960118e-01	2.960118e-01	1.417063e-01	2.669302e+00
4.081633e-01	-3.502539e-02	-3.502827e-02	-2.579049e-02	3.041266e-01	3.041266e-01	1.477014e-01	2.710551e+00
4.000000e-01	-3.499797e-02	-3.500095e-02	-2.562124e-02	3.122352e-01	3.122352e-01	1.537783e-01	2.753918e+00
3.921569e-01	-3.496754e-02	-3.497065e-02	-2.545098e-02	3.203365e-01	3.203365e-01	1.599349e-01	2.799289e+00
3.846154e-01	-3.493424e-02	-3.493745e-02	-2.527982e-02	3.284289e-01	3.284289e-01	1.661696e-01	2.846554e+00
3.773585e-01	-3.489815e-02	-3.490147e-02	-2.510786e-02	3.365109e-01	3.365109e-01	1.724803e-01	2.895606e+00
3.703704e-01	-3.485938e-02	-3.486281e-02	-2.493521e-02	3.445811e-01	3.445811e-01	1.788650e-01	2.946340e+00
3.636364e-01	-3.481803e-02	-3.482156e-02	-2.476198e-02	3.526378e-01	3.526378e-01	1.853218e-01	2.998653e+00
3.571429e-01	-3.477419e-02	-3.477781e-02	-2.458827e-02	3.606796e-01	3.606796e-01	1.918486e-01	3.052444e+00
3.508772e-01	-3.472795e-02	-3.473166e-02	-2.441417e-02	3.687048e-01	3.687048e-01	1.984434e-01	3.107613e+00
3.448276e-01	-3.467940e-02	-3.468319e-02	-2.423978e-02	3.767117e-01	3.767117e-01	2.051039e-01	3.164062e+00
3.389831e-01	-3.462863e-02	-3.463249e-02	-2.406521e-02	3.846988e-01	3.846988e-01	2.118281e-01	3.221695e+00
3.333333e-01	-3.457572e-02	-3.457965e-02	-2.389054e-02	3.926643e-01	3.926643e-01	2.186135e-01	3.280416e+00
3.278689e-01	-3.452075e-02	-3.452474e-02	-2.371586e-02	4.006066e-01	4.006066e-01	2.254580e-01	3.340128e+00
3.225806e-01	-3.446380e-02	-3.446785e-02	-2.354128e-02	4.085239e-01	4.085239e-01	2.323592e-01	3.400738e+00
3.174603e-01	-3.440497e-02	-3.440905e-02	-2.336687e-02	4.164144e-01	4.164144e-01	2.393146e-01	3.462153e+00
3.125000e-01	-3.434431e-02	-3.434844e-02	-2.319272e-02	4.242765e-01	4.242765e-01	2.463218e-01	3.524280e+00
3.076923e-01	-3.428192e-02	-3.428607e-02	-2.301892e-02	4.321084e-01	4.321084e-01	2.533783e-01	3.587026e+00
3.030303e-01	-3.421786e-02	-3.422202e-02	-2.284556e-02	4.399083e-01	4.399083e-01	2.604816e-01	3.650301e+00
2.985075e-01	-3.415222e-02	-3.415638e-02	-2.267271e-02	4.476745e-01	4.476745e-01	2.676289e-01	3.714016e+00
2.941176e-01	-3.408507e-02	-3.408922e-02	-2.250046e-02	4.554053e-01	4.554053e-01	2.748178e-01	3.778081e+00
2.898551e-01	-3.401647e-02	-3.402060e-02	-2.232889e-02	4.630988e-01	4.630988e-01	2.820454e-01	3.842410e+00
2.857143e-01	-3.394652e-02	-3.395060e-02	-2.215807e-02	4.707534e-01	4.707534e-01	2.893091e-01	3.906916e+00
2.816901e-01	-3.387526e-02	-3.387929e-02	-2.198808e-02	4.783672e-01	4.783672e-01	2.966061e-01	3.971517e+00
2.777778e-01	-3.380279e-02	-3.380674e-02	-2.181900e-02	4.859388e-01	4.859388e-01	3.039336e-01	4.036131e+00
2.739726e-01	-3.372916e-02	-3.373302e-02	-2.165089e-02	4.934662e-01	4.934662e-01	3.112889e-01	4.100680e+00
2.702703e-01	-3.365445e-02	-3.365819e-02	-2.148382e-02	5.009480e-01	5.009480e-01	3.186692e-01	4.165094e+00
2.666667e-01	-3.357872e-02	-3.358233e-02	-2.131787e-02	5.083825e-01	5.083825e-01	3.260717e-01	4.229315e+00
2.631579e-01	-3.350205e-02	-3.350550e-02	-2.115309e-02	5.157682e-01	5.157682e-01	3.334936e-01	4.293304e+00
2.597403e-01	-3.342449e-02	-3.342777e-02	-2.098955e-02	5.231036e-01	5.231036e-01	3.409322e-01	4.357059e+00
2.564103e-01	-3.334612e-02	-3.334919e-02	-2.082731e-02	5.303873e-01	5.303873e-01	3.483850e-01	4.420631e+00
2.531646e-01	-3.326700e-02	-3.326985e-02	-2.066643e-02	5.376182e-01	5.376182e-01	3.558495e-01	4.484146e+00
2.500000e-01	-3.318719e-02	-3.318978e-02	-2.050695e-02	5.447953e-01	5.447953e-01	3.633235e-01	4.547818e+00
2.469136e-01	-3.310675e-02	-3.310907e-02	-2.034894e-02	5.519179e-01	5.519179e-01	3.708049e-01	4.611932e+00
2.439024e-01	-3.302575e-02	-3.302777e-02	-2.019243e-02	5.589853e-01	5.589853e-01	3.782920e-01	4.676777e+00
2.409639e-01	-3.294424e-02	-3.294593e-02	-2.003747e-02	5.659971e-01	5.659971e-01	3.857831e-01	4.742520e+00
2.380952e-01	-3.286228e-02	-3.286360e-02	-1.988409e-02	5.729530e-01	5.729530e-01	3.932766e-01	4.809040e+00
2.352941e-01	-3.277991e-02	-3.278085e-02	-1.973235e-02	5.798524e-01	5.798524e-01	4.007705e-01	4.875819e+00
2.325581e-01	-3.269719e-02	-3.269770e-02	-1.958227e-02	5.866942e-01	5.866942e-01	4.082626e-01	4.941944e+00
2.298851e-01	-3.261416e-02	-3.261422e-02	-1.943389e-02	5.934771e-01	5.934771e-01	4.157499e-01	5.006322e+00
2.272727e-01	-3.253088e-02	-3.253044e-02	-1.928726e-02	6.001994e-01	6.001994e-01	4.232291e-01	5.068028e+00
2.247191e-01	-3.244739e-02	-3.244641e-02	-1.914241e-02	6.068593e-01	6.068593e-01	4.306966e-01	5.126569e+00
2.222222e-01	-3.236375e-02	-3.236218e-02	-1.899939e-02	6.134549e-01	6.134549e-01	4.381488e-01	5.181903e+00
2.197802e-01	-3.227999e-02	-3.227780e-02	-1.885823e-02	6.199845e-01	6.199845e-01	4.455821e-01	5.234264e+00
2.173913e-01	-3.219618e-02	-3.219331e-02	-1.871896e-02	6.264467e-01	6.264467e-01	4.529933e-01	5.283981e+00
2.150538e-01	-3.211236e-02	-3.210878e-02	-1.858161e-02	6.328400e-01	6.328400e-01	4.603793e-01	5.331350e+00
2.127660e-01	-3.202857e-02	-3.202424e-02	-1.844621e-02	6.391633e-01	6.391633e-01	4.677372e-01	5.376597e+00
2.105263e-01	-3.194488e-02	-3.193975e-02	-1.831277e-02	6.454154e-01	6.454154e-01	4.750640e-01	5.419870e+00
2.083333e-01	-3.186132e-02	-3.185535e-02	-1.818132e-02	6.515954e-01	6.515954e-01	4.823573e-01	5.461257e+00
2.061856e-01	-3.177793e-02	-3.177109e-02	-1.805187e-02	6.577025e-01	6.577025e-01	4.896144e-01	5.500803e+00
2.040816e-01	-3.169478e-02	-3.168702e-02	-1.792444e-02	6.637359e-01	6.637359e-01	4.968330e-01	5.538524e+00
2.020202e-01	-3.161188e-02	-3.160317e-02	-1.779904e-02	6.696948e-01	6.696948e-01	5.040105e-01	5.574418e+00
2.000000e-01	-3.152929e-02	-3.151959e-02	-1.767567e-02	6.755787e-01	6.755787e-01	5.111449e-01	5.608474e+00
1.980198e-01	-3.144705e-02	-3.143633e-02	-1.755435e-02	6.813870e-01	6.813870e-01	5.182339e-01	5.640677e+00
1.960784e-01	-3.136519e-02	-3.135340e-02	-1.743508e-02	6.871193e-01	6.871193e-01	5.252755e-01	5.671012e+00
1.941748e-01	-3.128374e-02	-3.127087e-02	-1.731786e-02	6.927751e-01	6.927751e-01	5.322677e-01	5.699466e+00
1.923077e-01	-3.120275e-02	-3.118875e-02	-1.720270e-02	6.983542e-01	6.983542e-01	5.392086e-01	5.726026e+00
1.904762e-01	-3.112224e-02	-3.110708e-02	-1.708959e-02	7.038562e-01	7.038562e-01	5.460964e-01	5.750686e+00
1.886792e-01	-3.104225e-02	-3.102590e-02	-1.697854e-02	7.092809e-01	7.092809e-01	5.529295e-01	5.773442e+00
1.869159e-01	-3.096281e-02	-3.094523e-02	-1.686954e-02	7.146282e-01	7.146282e-01	5.597060e-01	5.794297e+00
1.851852e-01	-3.088393e-02	-3.086511e-02	-1.676259e-02	7.198980e-01	7.198980e-01	5.664246e-01	5.813254e+00
1.834862e-01	-3.080566e-02	-3.078555e-02	-1.665768e-02	7.250904e-01	7.250904e-01	5.730837e-01	5.830324e+00
1.818182e-01	-3.072802e-02	-3.070660e-02	-1.655481e-02	7.302052e-01	7.302052e-01	5.796820e-01	5.845520e+00
1.801802e-01	-3.065102e-02	-3.062827e-02	-1.645396e-02	7.352426e-01	7.352426e-01	5.862182e-01	5.858861e+00
1.785714e-01	-3.057470e-02	-3.055058e-02	-1.635512e-02	7.402027e-01	7.402027e-01	5.926911e-01	5.870368e+00
1.769912e-01	-3.049908e-02	-3.047356e-02	-1.625828e-02	7.450858e-01	7.450858e-01	5.990996e-01	5.880065e+00
1.754386e-01	-3.042416e-02	-3.039724e-02	-1.616343e-02	7.498921e-01	7.498921e-01	6.054426e-01	5.887981e+00
1.739130e-01	-3.034998e-02	-3.032162e-02	-1.607055e-02	7.546219e-01	7.546219e-01	6.117192e-01	5.894143e+00
1.724138e-01	-3.027655e-02	-3.024674e-02	-1.597963e-02	7.592755e-01	7.592755e-01	6.179285e-01	5.898584e+00
1.709402e-01	-3.020389e-02	-3.017260e-02	-1.589065e-02	7.638534e-01	7.638534e-01	6.240698e-01	5.901334e+00
1.694915e-01	-3.013200e-02	-3.009922e-02	-1.580359e-02	7.683560e-01	7.683560e-01	6.301422e-01	5.902425e+00
1.680672e-01	-3.006091e-02	-3.002663e-02	-1.571844e-02	7.727837e-01	7.727837e-01	6.361453e-01	5.901888e+00
1.666667e-01	-2.999062e-02	-2.995483e-02	-1.563517e-02	7.771371e-01	7.771371e-01	6.420784e-01	5.899751e+00
1.652893e-01	-2.992114e-02	-2.988384e-02	-1.555376e-02	7.814168e-01	7.814168e-01	6.479410e-01	5.896043e+00
1.639344e-01	-2.985249e-02	-2.981366e-02	-1.547420e-02	7.856234e-01	7.856234e-01	6.537327e-01	5.890790e+00
1.626016e-01	-2.978467e-02	-2.974433e-02	-1.539645e-02	7.897574e-01	7.897574e-01	6.594531e-01	5.884017e+00
1.612903e-01	-2.971770e-02	-2.967583e-02	-1.532050e-02	7.938196e-01	7.938196e-01	6.651020e-01	5.875751e+00
1.600000e-01	-2.965156e-02	-2.960819e-02	-1.524632e-02	7.978106e-01	7.978106e-01	6.706792e-01	5.866017e+00
1.587302e-01	-2.958628e-02	-2.954141e-02	-1.517388e-02	8.017311e-01	8.017311e-01	6.761843e-01	5.854842e+00
1.574803e-01	-2.952184e-02	-2.947550e-02	-1.510317e-02	8.055818e-01	8.055818e-01	6.816174e-01	5.842257e+00
1.562500e-01	-2.945827e-02	-2.941047e-02	-1.503414e-02	8.093635e-01	8.093635e-01	6.869783e-01	5.828292e+00
1.550388e-01	-2.939555e-02	-2.934632e-02	-1.496679e-02	8.130770e-01	8.130770e-01	6.922671e-01	5.812983e+00
1.538462e-01	-2.933369e-02	-2.928306e-02	-1.490107e-02	8.167229e-01	8.167229e-01	6.974837e-01	5.796365e+00
1.526718e-01	-2.927269e-02	-2.922068e-02	-1.483696e-02	8.203021e-01	8.203021e-01	7.026282e-01	5.778478e+00
1.515152e-01	-2.921255e-02	-2.915920e-02	-1.477443e-02	8.238154e-01	8.238154e-01	7.077009e-01	5.759362e+00
1.503759e-01	-2.915326e-02	-2.909862e-02	-1.471346e-02	8.272636e-01	8.272636e-01	7.127018e-01	5.739059e+00
1.492537e-01	-2.909484e-02	-2.903893e-02	-1.465401e-02	8.306477e-01	8.306477e-01	7.176312e-01	5.717614e+00
1.481481e-01	-2.903726e-02	-2.898013e-02	-1.459605e-02	8.339683e-01	8.339683e-01	7.224894e-01	5.695068e+00
1.470588e-01	-2.898054e-02	-2.892222e-02	-1.453956e-02	8.372265e-01	8.372265e-01	7.272766e-01	5.671465e+00
1.459854e-01	-2.892467e-02	-2.886521e-02	-1.448451e-02	8.404231e-01	8.404231e-01	7.319934e-01	5.646850e+00
1.449275e-01	-2.886963e-02	-2.880908e-02	-1.443085e-02	8.435591e-01	8.435591e-01	7.366400e-01	5.621267e+00
1.438849e-01	-2.881544e-02	-2.875383e-02	-1.437858e-02	8.466352e-01	8.466352e-01	7.412169e-01	5.594760e+00
1.428571e-01	-2.876209e-02	-2.869946e-02	-1.432764e-02	8.496525e-01	8.496525e-01	7.457246e-01	5.567377e+00
1.418440e-01	-2.870956e-02	-2.864596e-02	-1.427802e-02	8.526118e-01	8.526118e-01	7.501636e-01	5.539164e+00
1.408451e-01	-2.865786e-02	-2.859332e-02	-1.422968e-02	8.555142e-01	8.555142e-01	7.545345e-01	5.510172e+00
1.398601e-01	-2.860697e-02	-2.854153e-02	-1.418260e-02	8.583605e-01	8.583605e-01	7.588377e-01	5.480452e+00
1.388889e-01	-2.855689e-02	-2.849060e-02	-1.413674e-02	8.611517e-01	8.611517e-01	7.630740e-01	5.450052e+00
1.379310e-01	-2.850762e-02	-2.844050e-02	-1.409207e-02	8.638887e-01	8.638887e-01	7.672440e-01	5.419024e+00
1.369863e-01	-2.845914e-02	-2.839123e-02	-1.404857e-02	8.665724e-01	8.665724e-01	7.713482e-01	5.387415e+00
1.360544e-01	-2.841145e-02	-2.834278e-02	-1.400622e-02	8.692038e-01	8.692038e-01	7.753873e-01	5.355270e+00
1.351351e-01	-2.836455e-02	-2.829514e-02	-1.396497e-02	8.717837e-01	8.717837e-01	7.793621e-01	5.322631e+00
1.342282e-01	-2.831841e-02	-2.824831e-02	-1.392481e-02	8.743131e-01	8.743131e-01	7.832732e-01	5.289534e+00
1.333333e-01	-2.827304e-02	-2.820226e-02	-1.388571e-02	8.767928e-01	8.767928e-01	7.871213e-01	5.256014e+00
1.324503e-01	-2.822842e-02	-2.815699e-02	-1.384764e-02	8.792238e-01	8.792238e-01	7.909071e-01	5.222101e+00
1.315789e-01	-2.818454e-02	-2.811250e-02	-1.381059e-02	8.816069e-01	8.816069e-01	7.946312e-01	5.187821e+00
1.307190e-01	-2.814141e-02	-2.806876e-02	-1.377451e-02	8.839429e-01	8.839429e-01	7.982945e-01	5.153198e+00
1.298701e-01	-2.809900e-02	-2.802577e-02	-1.373940e-02	8.862328e-01	8.862328e-01	8.018977e-01	5.118251e+00
1.290323e-01	-2.805731e-02	-2.798352e-02	-1.370522e-02	8.884773e-01	8.884773e-01	8.054414e-01	5.083000e+00
1.282051e-01	-2.801634e-02	-2.794201e-02	-1.367195e-02	8.906772e-01	8.906772e-01	8.089263e-01	5.047462e+00
1.273885e-01	-2.797606e-02	-2.790121e-02	-1.363958e-02	8.928334e-01	8.928334e-01	8.123532e-01	5.011650e+00
1.265823e-01	-2.793648e-02	-2.786112e-02	-1.360807e-02	8.949467e-01	8.949467e-01	8.157228e-01	4.975582e+00
1.257862e-01	-2.789758e-02	-2.782173e-02	-1.357741e-02	8.970179e-01	8.970179e-01	8.190358e-01	4.939272e+00
1.250000e-01	-2.785936e-02	-2.778303e-02	-1.354758e-02	8.990477e-01	8.990477e-01	8.222930e-01	4.902736e+00
1.242236e-01	-2.782180e-02	-2.774501e-02	-1.351855e-02	9.010368e-01	9.010368e-01	8.254950e-01	4.865989e+00
1.234568e-01	-2.778490e-02	-2.770765e-02	-1.349030e-02	9.029862e-01	9.029862e-01	8.286426e-01	4.829048e+00
1.226994e-01	-2.774865e-02	-2.767096e-02	-1.346282e-02	9.048964e-01	9.048964e-01	8.317365e-01	4.791929e+00
1.219512e-01	-2.771304e-02	-2.763492e-02	-1.343609e-02	9.067683e-01	9.067683e-01	8.347774e-01	4.754650e+00
1.212121e-01	-2.767806e-02	-2.759952e-02	-1.341008e-02	9.086026e-01	9.086026e-01	8.377660e-01	4.717229e+00
1.204819e-01	-2.764370e-02	-2.756475e-02	-1.338477e-02	9.104000e-01	9.104000e-01	8.407031e-01	4.679681e+00
1.197605e-01	-2.760995e-02	-2.753060e-02	-1.336016e-02	9.121611e-01	9.121611e-01	8.435894e-01	4.642021e+00
1.190476e-01	-2.757680e-02	-2.749706e-02	-1.333621e-02	9.138867e-01	9.138867e-01	8.464256e-01	4.604264e+00
1.183432e-01	-2.754425e-02	-2.746412e-02	-1.331292e-02	9.155775e-01	9.155775e-01	8.492123e-01	4.566422e+00
1.176471e-01	-2.751229e-02	-2.743178e-02	-1.329026e-02	9.172341e-01	9.172341e-01	8.519503e-01	4.528502e+00
1.169591e-01	-2.748090e-02	-2.740001e-02	-1.326821e-02	9.188571e-01	9.188571e-01	8.546402e-01	4.490513e+00
1.162791e-01	-2.745008e-02	-2.736882e-02	-1.324677e-02	9.204473e-01	9.204473e-01	8.572827e-01	4.452458e+00
1.156069e-01	-2.741983e-02	-2.733819e-02	-1.322591e-02	9.220051e-01	9.220051e-01	8.598785e-01	4.414339e+00
1.149425e-01	-2.739012e-02	-2.730811e-02	-1.320562e-02	9.235313e-01	9.235313e-01	8.624282e-01	4.376158e+00
1.142857e-01	-2.736095e-02	-2.727858e-02	-1.318589e-02	9.250264e-01	9.250264e-01	8.649324e-01	4.337912e+00
1.136364e-01	-2.733232e-02	-2.724957e-02	-1.316669e-02	9.264909e-01	9.264909e-01	8.673918e-01	4.299602e+00
1.129944e-01	-2.730422e-02	-2.722110e-02	-1.314801e-02	9.279255e-01	9.279255e-01	8.698071e-01	4.261225e+00
1.123596e-01	-2.727663e-02	-2.719314e-02	-1.312985e-02	9.293307e-01	9.293307e-01	8.721788e-01	4.222783e+00
1.117318e-01	-2.724955e-02	-2.716568e-02	-1.311218e-02	9.307071e-01	9.307071e-01	8.745075e-01	4.184275e+00
1.111111e-01	-2.722298e-02	-2.713872e-02	-1.309500e-02	9.320552e-01	9.320552e-01	8.767939e-01	4.145706e+00
1.104972e-01	-2.719689e-02	-2.711226e-02	-1.307829e-02	9.333756e-01	9.333756e-01	8.790386e-01	4.107081e+00
1.098901e-01	-2.717130e-02	-2.708627e-02	-1.306204e-02	9.346687e-01	9.346687e-01	8.812422e-01	4.068406e+00
1.092896e-01	-2.714618e-02	-2.706076e-02	-1.304623e-02	9.359350e-01	9.359350e-01	8.834053e-01	4.029692e+00
1.086957e-01	-2.712153e-02	-2.703571e-02	-1.303087e-02	9.371752e-01	9.371752e-01	8.855285e-01	3.990951e+00
1.081081e-01	-2.709734e-02	-2.701112e-02	-1.301592e-02	9.383897e-01	9.383897e-01	8.876124e-01	3.952195e+00
1.075269e-01	-2.707361e-02	-2.698698e-02	-1.300139e-02	9.395790e-01	9.395790e-01	8.896577e-01	3.913440e+00
1.069519e-01	-2.705032e-02	-2.696329e-02	-1.298727e-02	9.407436e-01	9.407436e-01	8.916649e-01	3.874701e+00
1.063830e-01	-2.702748e-02	-2.694003e-02	-1.297354e-02	9.418839e-01	9.418839e-01	8.936346e-01	3.835995e+00
1.058201e-01	-2.700507e-02	-2.691720e-02	-1.296019e-02	9.430006e-01	9.430006e-01	8.955675e-01	3.797340e+00
1.052632e-01	-2.698309e-02	-2.689479e-02	-1.294722e-02	9.440940e-01	9.440940e-01	8.974641e-01	3.758753e+00
1.047120e-01	-2.696152e-02	-2.687280e-02	-1.293462e-02	9.451645e-01	9.451645e-01	8.993251e-01	3.720253e+00
1.041667e-01	-2.694037e-02	-2.685123e-02	-1.292237e-02	9.462128e-01	9.462128e-01	9.011510e-01	3.681855e+00
1.036269e-01	-2.691962e-02	-2.683005e-02	-1.291046e-02	9.472392e-01	9.472392e-01	9.029424e-01	3.643578e+00
1.030928e-01	-2.689927e-02	-2.680928e-02	-1.289890e-02	9.482441e-01	9.482441e-01	9.047000e-01	3.605437e+00
1.025641e-01	-2.687932e-02	-2.678891e-02	-1.288767e-02	9.492281e-01	9.492281e-01	9.064243e-01	3.567447e+00
1.020408e-01	-2.685975e-02	-2.676892e-02	-1.287676e-02	9.501915e-01	9.501915e-01	9.081158e-01	3.529623e+00
1.015228e-01	-2.684055e-02	-2.674932e-02	-1.286616e-02	9.511348e-01	9.511348e-01	9.097753e-01	3.491976e+00
1.010101e-01	-2.682173e-02	-2.673010e-02	-1.285587e-02	9.520584e-01	9.520584e-01	9.114031e-01	3.454519e+00
1.005025e-01	-2.680328e-02	-2.671125e-02	-1.284587e-02	9.529627e-01	9.529627e-01	9.129999e-01	3.417261e+00
