# T	Cv
1.000000e+01 4.633804e-01
5.000000e+00 1.349961e+00
3.333333e+00 2.137887e+00
2.500000e+00 2.652501e+00
2.000000e+00 2.916139e+00
1.666667e+00 3.008206e+00
1.428571e+00 3.001954e+00
1.250000e+00 2.948406e+00
1.111111e+00 2.878247e+00
1.000000e+00 2.807829e+00
9.090909e-01 2.744598e+00
8.333333e-01 2.690940e+00
7.692308e-01 2.646630e+00
7.142857e-01 2.610283e+00
6.666667e-01 2.580153e+00
6.250000e-01 2.554548e+00
5.882353e-01 2.532017e+00
5.555556e-01 2.511401e+00
5.263158e-01 2.491832e+00
5.000000e-01 2.472696e+00
4.761905e-01 2.453584e+00
4.545455e-01 2.434248e+00
4.347826e-01 2.414557e+00
4.166667e-01 2.394465e+00
4.000000e-01 2.373984e+00
3.846154e-01 2.353159e+00
3.703704e-01 2.332055e+00
3.571429e-01 2.310746e+00
3.448276e-01 2.289309e+00
3.333333e-01 2.267818e+00
3.225806e-01 2.246343e+00
3.125000e-01 2.224946e+00
3.030303e-01 2.203685e+00
2.941176e-01 2.182611e+00
2.857143e-01 2.161770e+00
2.777778e-01 2.141199e+00
2.702703e-01 2.120934e+00
2.631579e-01 2.101003e+00
2.564103e-01 2.081429e+00
2.500000e-01 2.062234e+00
2.439024e-01 2.043433e+00
2.380952e-01 2.025037e+00
2.325581e-01 2.007057e+00
2.272727e-01 1.989499e+00
2.222222e-01 1.972366e+00
2.173913e-01 1.955661e+00
2.127660e-01 1.939382e+00
2.083333e-01 1.923530e+00
2.040816e-01 1.908100e+00
2.000000e-01 1.893089e+00
1.960784e-01 1.878490e+00
1.923077e-01 1.864298e+00
1.886792e-01 1.850506e+00
1.851852e-01 1.837107e+00
1.818182e-01 1.824094e+00
1.785714e-01 1.811458e+00
1.754386e-01 1.799192e+00
1.724138e-01 1.787287e+00
1.694915e-01 1.775737e+00
1.666667e-01 1.764533e+00
1.639344e-01 1.753668e+00
1.612903e-01 1.743135e+00
1.587302e-01 1.732926e+00
1.562500e-01 1.723036e+00
1.538462e-01 1.713457e+00
1.515152e-01 1.704184e+00
1.492537e-01 1.695211e+00
1.470588e-01 1.686532e+00
1.449275e-01 1.678142e+00
1.428571e-01 1.670036e+00
1.408451e-01 1.662209e+00
1.388889e-01 1.654657e+00
1.369863e-01 1.647374e+00
1.351351e-01 1.640357e+00
1.333333e-01 1.633601e+00
1.315789e-01 1.627102e+00
1.298701e-01 1.620856e+00
1.282051e-01 1.614858e+00
1.265823e-01 1.609105e+00
1.250000e-01 1.603592e+00
1.234568e-01 1.598315e+00
1.219512e-01 1.593270e+00
1.204819e-01 1.588453e+00
1.190476e-01 1.583858e+00
1.176471e-01 1.579482e+00
1.162791e-01 1.575319e+00
1.149425e-01 1.571366e+00
1.136364e-01 1.567616e+00
1.123596e-01 1.564065e+00
1.111111e-01 1.560708e+00
1.098901e-01 1.557539e+00
1.086957e-01 1.554554e+00
1.075269e-01 1.551745e+00
1.063830e-01 1.549108e+00
1.052632e-01 1.546638e+00
1.041667e-01 1.544327e+00
1.030928e-01 1.542171e+00
1.020408e-01 1.540163e+00
1.010101e-01 1.538297e+00
1.000000e-01 1.536568e+00
9.900990e-02 1.534969e+00
9.803922e-02 1.533494e+00
9.708738e-02 1.532137e+00
9.615385e-02 1.530893e+00
9.523810e-02 1.529755e+00
9.433962e-02 1.528718e+00
9.345794e-02 1.527776e+00
9.259259e-02 1.526923e+00
9.174312e-02 1.526153e+00
9.090909e-02 1.525463e+00
9.009009e-02 1.524845e+00
8.928571e-02 1.524296e+00
8.849558e-02 1.523810e+00
8.771930e-02 1.523383e+00
8.695652e-02 1.523011e+00
8.620690e-02 1.522688e+00
8.547009e-02 1.522412e+00
8.474576e-02 1.522177e+00
8.403361e-02 1.521981e+00
8.333333e-02 1.521820e+00
8.264463e-02 1.521690e+00
8.196721e-02 1.521589e+00
8.130081e-02 1.521513e+00
8.064516e-02 1.521459e+00
8.000000e-02 1.521426e+00
7.936508e-02 1.521411e+00
7.874016e-02 1.521412e+00
7.812500e-02 1.521425e+00
7.751938e-02 1.521451e+00
7.692308e-02 1.521487e+00
7.633588e-02 1.521531e+00
7.575758e-02 1.521583e+00
7.518797e-02 1.521640e+00
7.462687e-02 1.521702e+00
7.407407e-02 1.521768e+00
7.352941e-02 1.521838e+00
7.299270e-02 1.521909e+00
7.246377e-02 1.521982e+00
7.194245e-02 1.522056e+00
7.142857e-02 1.522131e+00
7.092199e-02 1.522206e+00
7.042254e-02 1.522280e+00
6.993007e-02 1.522354e+00
6.944444e-02 1.522426e+00
6.896552e-02 1.522498e+00
6.849315e-02 1.522568e+00
6.802721e-02 1.522635e+00
6.756757e-02 1.522701e+00
6.711409e-02 1.522764e+00
6.666667e-02 1.522824e+00
6.622517e-02 1.522881e+00
6.578947e-02 1.522934e+00
6.535948e-02 1.522985e+00
6.493506e-02 1.523031e+00
6.451613e-02 1.523073e+00
6.410256e-02 1.523111e+00
6.369427e-02 1.523144e+00
6.329114e-02 1.523174e+00
6.289308e-02 1.523198e+00
6.250000e-02 1.523219e+00
6.211180e-02 1.523235e+00
6.172840e-02 1.523247e+00
6.134969e-02 1.523255e+00
6.097561e-02 1.523260e+00
6.060606e-02 1.523262e+00
6.024096e-02 1.523262e+00
5.988024e-02 1.523260e+00
5.952381e-02 1.523257e+00
5.917160e-02 1.523254e+00
5.882353e-02 1.523252e+00
5.847953e-02 1.523252e+00
5.813953e-02 1.523254e+00
5.780347e-02 1.523261e+00
5.747126e-02 1.523273e+00
5.714286e-02 1.523292e+00
5.681818e-02 1.523319e+00
5.649718e-02 1.523356e+00
5.617978e-02 1.523404e+00
5.586592e-02 1.523465e+00
5.555556e-02 1.523539e+00
5.524862e-02 1.523630e+00
5.494505e-02 1.523739e+00
5.464481e-02 1.523866e+00
5.434783e-02 1.524015e+00
5.405405e-02 1.524186e+00
5.376344e-02 1.524382e+00
5.347594e-02 1.524604e+00
5.319149e-02 1.524854e+00
5.291005e-02 1.525134e+00
5.263158e-02 1.525444e+00
5.235602e-02 1.525788e+00
5.208333e-02 1.526167e+00
5.181347e-02 1.526582e+00
5.154639e-02 1.527035e+00
5.128205e-02 1.527528e+00
5.102041e-02 1.528062e+00
5.076142e-02 1.528639e+00
5.050505e-02 1.529261e+00
5.025126e-02 1.529928e+00
5.000000e-02 1.530642e+00
4.975124e-02 1.531405e+00
4.950495e-02 1.532216e+00
4.926108e-02 1.533078e+00
4.901961e-02 1.533991e+00
4.878049e-02 1.534955e+00
4.854369e-02 1.535970e+00
4.830918e-02 1.537035e+00
4.807692e-02 1.538151e+00
4.784689e-02 1.539315e+00
4.761905e-02 1.540527e+00
4.739336e-02 1.541784e+00
4.716981e-02 1.543084e+00
4.694836e-02 1.544422e+00
4.672897e-02 1.545796e+00
4.651163e-02 1.547201e+00
4.629630e-02 1.548632e+00
4.608295e-02 1.550084e+00
4.587156e-02 1.551551e+00
4.566210e-02 1.553027e+00
4.545455e-02 1.554506e+00
4.524887e-02 1.555981e+00
4.504505e-02 1.557447e+00
4.484305e-02 1.558896e+00
4.464286e-02 1.560324e+00
4.444444e-02 1.561725e+00
4.424779e-02 1.563093e+00
4.405286e-02 1.564426e+00
4.385965e-02 1.565718e+00
4.366812e-02 1.566968e+00
4.347826e-02 1.568172e+00
4.329004e-02 1.569330e+00
4.310345e-02 1.570442e+00
4.291845e-02 1.571506e+00
4.273504e-02 1.572525e+00
4.255319e-02 1.573499e+00
4.237288e-02 1.574431e+00
4.219409e-02 1.575324e+00
4.201681e-02 1.576179e+00
4.184100e-02 1.577001e+00
4.166667e-02 1.577793e+00
4.149378e-02 1.578559e+00
4.132231e-02 1.579302e+00
4.115226e-02 1.580027e+00
4.098361e-02 1.580737e+00
4.081633e-02 1.581436e+00
4.065041e-02 1.582128e+00
4.048583e-02 1.582817e+00
4.032258e-02 1.583506e+00
4.016064e-02 1.584197e+00
4.000000e-02 1.584895e+00
3.984064e-02 1.585602e+00
3.968254e-02 1.586321e+00
3.952569e-02 1.587054e+00
3.937008e-02 1.587803e+00
3.921569e-02 1.588571e+00
3.906250e-02 1.589358e+00
3.891051e-02 1.590168e+00
3.875969e-02 1.591000e+00
3.861004e-02 1.591856e+00
3.846154e-02 1.592737e+00
3.831418e-02 1.593644e+00
3.816794e-02 1.594578e+00
3.802281e-02 1.595539e+00
3.787879e-02 1.596528e+00
3.773585e-02 1.597545e+00
3.759398e-02 1.598589e+00
3.745318e-02 1.599662e+00
3.731343e-02 1.600764e+00
3.717472e-02 1.601893e+00
3.703704e-02 1.603051e+00
3.690037e-02 1.604236e+00
3.676471e-02 1.605449e+00
3.663004e-02 1.606689e+00
3.649635e-02 1.607957e+00
3.636364e-02 1.609252e+00
3.623188e-02 1.610573e+00
3.610108e-02 1.611920e+00
3.597122e-02 1.613292e+00
3.584229e-02 1.614691e+00
3.571429e-02 1.616114e+00
3.558719e-02 1.617562e+00
3.546099e-02 1.619035e+00
3.533569e-02 1.620531e+00
3.521127e-02 1.622052e+00
3.508772e-02 1.623596e+00
3.496503e-02 1.625163e+00
3.484321e-02 1.626753e+00
3.472222e-02 1.628366e+00
3.460208e-02 1.630002e+00
3.448276e-02 1.631660e+00
3.436426e-02 1.633341e+00
3.424658e-02 1.635044e+00
3.412969e-02 1.636769e+00
3.401361e-02 1.638515e+00
3.389831e-02 1.640284e+00
3.378378e-02 1.642075e+00
3.367003e-02 1.643887e+00
3.355705e-02 1.645721e+00
3.344482e-02 1.647577e+00
3.333333e-02 1.649455e+00
3.322259e-02 1.651354e+00
3.311258e-02 1.653275e+00
3.300330e-02 1.655218e+00
3.289474e-02 1.657183e+00
3.278689e-02 1.659168e+00
3.267974e-02 1.661176e+00
3.257329e-02 1.663205e+00
3.246753e-02 1.665255e+00
3.236246e-02 1.667327e+00
3.225806e-02 1.669420e+00
3.215434e-02 1.671535e+00
3.205128e-02 1.673671e+00
3.194888e-02 1.675827e+00
3.184713e-02 1.678005e+00
3.174603e-02 1.680204e+00
3.164557e-02 1.682424e+00
3.154574e-02 1.684664e+00
3.144654e-02 1.686925e+00
3.134796e-02 1.689206e+00
3.125000e-02 1.691507e+00
3.115265e-02 1.693829e+00
3.105590e-02 1.696171e+00
3.095975e-02 1.698532e+00
3.086420e-02 1.700913e+00
3.076923e-02 1.703314e+00
3.067485e-02 1.705734e+00
3.058104e-02 1.708173e+00
3.048780e-02 1.710631e+00
3.039514e-02 1.713108e+00
3.030303e-02 1.715604e+00
3.021148e-02 1.718118e+00
3.012048e-02 1.720650e+00
3.003003e-02 1.723200e+00
2.994012e-02 1.725769e+00
2.985075e-02 1.728355e+00
2.976190e-02 1.730958e+00
2.967359e-02 1.733579e+00
2.958580e-02 1.736217e+00
2.949853e-02 1.738873e+00
2.941176e-02 1.741545e+00
2.932551e-02 1.744234e+00
2.923977e-02 1.746939e+00
2.915452e-02 1.749660e+00
2.906977e-02 1.752398e+00
2.898551e-02 1.755152e+00
2.890173e-02 1.757921e+00
2.881844e-02 1.760707e+00
2.873563e-02 1.763507e+00
2.865330e-02 1.766323e+00
2.857143e-02 1.769154e+00
2.849003e-02 1.772000e+00
2.840909e-02 1.774861e+00
2.832861e-02 1.777737e+00
2.824859e-02 1.780627e+00
2.816901e-02 1.783531e+00
2.808989e-02 1.786450e+00
2.801120e-02 1.789382e+00
2.793296e-02 1.792329e+00
2.785515e-02 1.795289e+00
2.777778e-02 1.798262e+00
2.770083e-02 1.801249e+00
2.762431e-02 1.804249e+00
2.754821e-02 1.807262e+00
2.747253e-02 1.810287e+00
2.739726e-02 1.813325e+00
2.732240e-02 1.816376e+00
2.724796e-02 1.819439e+00
2.717391e-02 1.822514e+00
2.710027e-02 1.825600e+00
2.702703e-02 1.828698e+00
2.695418e-02 1.831808e+00
2.688172e-02 1.834929e+00
2.680965e-02 1.838061e+00
2.673797e-02 1.841204e+00
2.666667e-02 1.844357e+00
2.659574e-02 1.847521e+00
2.652520e-02 1.850695e+00
2.645503e-02 1.853879e+00
2.638522e-02 1.857072e+00
2.631579e-02 1.860276e+00
2.624672e-02 1.863488e+00
2.617801e-02 1.866709e+00
2.610966e-02 1.869940e+00
2.604167e-02 1.873178e+00
2.597403e-02 1.876426e+00
2.590674e-02 1.879681e+00
2.583979e-02 1.882944e+00
2.577320e-02 1.886215e+00
2.570694e-02 1.889493e+00
2.564103e-02 1.892779e+00
2.557545e-02 1.896071e+00
2.551020e-02 1.899371e+00
2.544529e-02 1.902677e+00
2.538071e-02 1.905989e+00
2.531646e-02 1.909307e+00
2.525253e-02 1.912631e+00
2.518892e-02 1.915961e+00
2.512563e-02 1.919296e+00
2.506266e-02 1.922637e+00
2.500000e-02 1.925983e+00
2.493766e-02 1.929333e+00
2.487562e-02 1.932689e+00
2.481390e-02 1.936048e+00
2.475248e-02 1.939413e+00
2.469136e-02 1.942781e+00
2.463054e-02 1.946154e+00
2.457002e-02 1.949530e+00
2.450980e-02 1.952910e+00
2.444988e-02 1.956294e+00
2.439024e-02 1.959682e+00
2.433090e-02 1.963073e+00
2.427184e-02 1.966467e+00
2.421308e-02 1.969864e+00
2.415459e-02 1.973264e+00
2.409639e-02 1.976668e+00
2.403846e-02 1.980074e+00
2.398082e-02 1.983483e+00
2.392344e-02 1.986894e+00
2.386635e-02 1.990309e+00
2.380952e-02 1.993726e+00
2.375297e-02 1.997145e+00
2.369668e-02 2.000568e+00
2.364066e-02 2.003992e+00
2.358491e-02 2.007419e+00
2.352941e-02 2.010848e+00
2.347418e-02 2.014280e+00
2.341920e-02 2.017714e+00
2.336449e-02 2.021150e+00
2.331002e-02 2.024589e+00
2.325581e-02 2.028029e+00
2.320186e-02 2.031472e+00
2.314815e-02 2.034917e+00
2.309469e-02 2.038364e+00
2.304147e-02 2.041813e+00
2.298851e-02 2.045264e+00
2.293578e-02 2.048717e+00
2.288330e-02 2.052172e+00
2.283105e-02 2.055629e+00
2.277904e-02 2.059088e+00
2.272727e-02 2.062548e+00
2.267574e-02 2.066010e+00
2.262443e-02 2.069474e+00
2.257336e-02 2.072939e+00
2.252252e-02 2.076406e+00
2.247191e-02 2.079874e+00
2.242152e-02 2.083343e+00
2.237136e-02 2.086813e+00
2.232143e-02 2.090284e+00
2.227171e-02 2.093756e+00
2.222222e-02 2.097228e+00
2.217295e-02 2.100701e+00
2.212389e-02 2.104174e+00
2.207506e-02 2.107647e+00
2.202643e-02 2.111119e+00
2.197802e-02 2.114592e+00
2.192982e-02 2.118063e+00
2.188184e-02 2.121534e+00
2.183406e-02 2.125004e+00
2.178649e-02 2.128472e+00
2.173913e-02 2.131938e+00
2.169197e-02 2.135403e+00
2.164502e-02 2.138864e+00
2.159827e-02 2.142324e+00
2.155172e-02 2.145780e+00
2.150538e-02 2.149233e+00
2.145923e-02 2.152682e+00
2.141328e-02 2.156127e+00
2.136752e-02 2.159567e+00
2.132196e-02 2.163003e+00
2.127660e-02 2.166433e+00
2.123142e-02 2.169858e+00
2.118644e-02 2.173276e+00
2.114165e-02 2.176688e+00
2.109705e-02 2.180093e+00
2.105263e-02 2.183491e+00
2.100840e-02 2.186881e+00
2.096436e-02 2.190262e+00
2.092050e-02 2.193636e+00
2.087683e-02 2.197000e+00
2.083333e-02 2.200354e+00
2.079002e-02 2.203699e+00
2.074689e-02 2.207033e+00
2.070393e-02 2.210357e+00
2.066116e-02 2.213669e+00
2.061856e-02 2.216970e+00
2.057613e-02 2.220259e+00
2.053388e-02 2.223536e+00
2.049180e-02 2.226800e+00
2.044990e-02 2.230050e+00
2.040816e-02 2.233288e+00
2.036660e-02 2.236511e+00
2.032520e-02 2.239721e+00
2.028398e-02 2.242916e+00
2.024291e-02 2.246096e+00
2.020202e-02 2.249261e+00
2.016129e-02 2.252411e+00
2.012072e-02 2.255545e+00
2.008032e-02 2.258663e+00
2.004008e-02 2.261765e+00
2.000000e-02 2.264851e+00
1.996008e-02 2.267920e+00
1.992032e-02 2.270972e+00
1.988072e-02 2.274007e+00
1.984127e-02 2.277025e+00
1.980198e-02 2.280026e+00
1.976285e-02 2.283009e+00
1.972387e-02 2.285974e+00
1.968504e-02 2.288922e+00
1.964637e-02 2.291852e+00
1.960784e-02 2.294764e+00
1.956947e-02 2.297657e+00
1.953125e-02 2.300533e+00
1.949318e-02 2.303391e+00
1.945525e-02 2.306230e+00
1.941748e-02 2.309051e+00
1.937984e-02 2.311853e+00
1.934236e-02 2.314637e+00
1.930502e-02 2.317403e+00
1.926782e-02 2.320150e+00
1.923077e-02 2.322879e+00
1.919386e-02 2.325589e+00
1.915709e-02 2.328282e+00
1.912046e-02 2.330955e+00
1.908397e-02 2.333611e+00
1.904762e-02 2.336249e+00
1.901141e-02 2.338868e+00
1.897533e-02 2.341469e+00
1.893939e-02 2.344053e+00
1.890359e-02 2.346619e+00
1.886792e-02 2.349167e+00
1.883239e-02 2.351699e+00
1.879699e-02 2.354213e+00
1.876173e-02 2.356710e+00
1.872659e-02 2.359192e+00
1.869159e-02 2.361657e+00
1.865672e-02 2.364106e+00
1.862197e-02 2.366541e+00
1.858736e-02 2.368960e+00
1.855288e-02 2.371366e+00
1.851852e-02 2.373759e+00
1.848429e-02 2.376140e+00
1.845018e-02 2.378508e+00
1.841621e-02 2.380867e+00
1.838235e-02 2.383215e+00
1.834862e-02 2.385556e+00
1.831502e-02 2.387890e+00
1.828154e-02 2.390218e+00
1.824818e-02 2.392542e+00
1.821494e-02 2.394864e+00
1.818182e-02 2.397186e+00
1.814882e-02 2.399510e+00
1.811594e-02 2.401838e+00
1.808318e-02 2.404171e+00
1.805054e-02 2.406514e+00
1.801802e-02 2.408867e+00
1.798561e-02 2.411233e+00
1.795332e-02 2.413614e+00
1.792115e-02 2.416013e+00
1.788909e-02 2.418430e+00
1.785714e-02 2.420867e+00
1.782531e-02 2.423324e+00
1.779359e-02 2.425799e+00
1.776199e-02 2.428291e+00
1.773050e-02 2.430796e+00
1.769912e-02 2.433307e+00
1.766784e-02 2.435817e+00
1.763668e-02 2.438315e+00
1.760563e-02 2.440786e+00
1.757469e-02 2.443216e+00
1.754386e-02 2.445586e+00
1.751313e-02 2.447876e+00
1.748252e-02 2.450066e+00
1.745201e-02 2.452135e+00
1.742160e-02 2.454064e+00
1.739130e-02 2.455839e+00
1.736111e-02 2.457448e+00
1.733102e-02 2.458886e+00
1.730104e-02 2.460153e+00
1.727116e-02 2.461254e+00
1.724138e-02 2.462202e+00
1.721170e-02 2.463011e+00
1.718213e-02 2.463701e+00
1.715266e-02 2.464292e+00
1.712329e-02 2.464804e+00
1.709402e-02 2.465257e+00
1.706485e-02 2.465671e+00
1.703578e-02 2.466060e+00
1.700680e-02 2.466438e+00
1.697793e-02 2.466817e+00
1.694915e-02 2.467204e+00
1.692047e-02 2.467606e+00
1.689189e-02 2.468027e+00
1.686341e-02 2.468470e+00
1.683502e-02 2.468937e+00
1.680672e-02 2.469427e+00
1.677852e-02 2.469940e+00
1.675042e-02 2.470476e+00
1.672241e-02 2.471033e+00
1.669449e-02 2.471610e+00
1.666667e-02 2.472205e+00
1.663894e-02 2.472817e+00
1.661130e-02 2.473443e+00
1.658375e-02 2.474083e+00
1.655629e-02 2.474734e+00
1.652893e-02 2.475396e+00
1.650165e-02 2.476066e+00
1.647446e-02 2.476745e+00
1.644737e-02 2.477430e+00
1.642036e-02 2.478121e+00
1.639344e-02 2.478816e+00
1.636661e-02 2.479515e+00
1.633987e-02 2.480218e+00
1.631321e-02 2.480923e+00
1.628664e-02 2.481630e+00
1.626016e-02 2.482339e+00
1.623377e-02 2.483049e+00
1.620746e-02 2.483759e+00
1.618123e-02 2.484470e+00
1.615509e-02 2.485180e+00
1.612903e-02 2.485891e+00
1.610306e-02 2.486601e+00
1.607717e-02 2.487310e+00
1.605136e-02 2.488019e+00
1.602564e-02 2.488726e+00
1.600000e-02 2.489433e+00
1.597444e-02 2.490139e+00
1.594896e-02 2.490843e+00
1.592357e-02 2.491547e+00
1.589825e-02 2.492249e+00
1.587302e-02 2.492950e+00
1.584786e-02 2.493649e+00
1.582278e-02 2.494348e+00
1.579779e-02 2.495044e+00
1.577287e-02 2.495740e+00
1.574803e-02 2.496434e+00
1.572327e-02 2.497127e+00
1.569859e-02 2.497819e+00
1.567398e-02 2.498509e+00
1.564945e-02 2.499198e+00
1.562500e-02 2.499886e+00
1.560062e-02 2.500572e+00
1.557632e-02 2.501256e+00
1.555210e-02 2.501940e+00
1.552795e-02 2.502621e+00
1.550388e-02 2.503302e+00
1.547988e-02 2.503981e+00
1.545595e-02 2.504658e+00
1.543210e-02 2.505334e+00
1.540832e-02 2.506008e+00
1.538462e-02 2.506680e+00
1.536098e-02 2.507351e+00
1.533742e-02 2.508020e+00
1.531394e-02 2.508687e+00
1.529052e-02 2.509352e+00
1.526718e-02 2.510015e+00
1.524390e-02 2.510677e+00
1.522070e-02 2.511337e+00
1.519757e-02 2.511995e+00
1.517451e-02 2.512651e+00
1.515152e-02 2.513305e+00
1.512859e-02 2.513958e+00
1.510574e-02 2.514609e+00
1.508296e-02 2.515258e+00
1.506024e-02 2.515906e+00
1.503759e-02 2.516553e+00
1.501502e-02 2.517199e+00
1.499250e-02 2.517844e+00
1.497006e-02 2.518489e+00
1.494768e-02 2.519134e+00
1.492537e-02 2.519779e+00
1.490313e-02 2.520425e+00
1.488095e-02 2.521073e+00
1.485884e-02 2.521723e+00
1.483680e-02 2.522376e+00
1.481481e-02 2.523032e+00
1.479290e-02 2.523693e+00
1.477105e-02 2.524360e+00
1.474926e-02 2.525033e+00
1.472754e-02 2.525714e+00
1.470588e-02 2.526405e+00
1.468429e-02 2.527107e+00
1.466276e-02 2.527821e+00
1.464129e-02 2.528550e+00
1.461988e-02 2.529295e+00
1.459854e-02 2.530058e+00
1.457726e-02 2.530843e+00
1.455604e-02 2.531651e+00
1.453488e-02 2.532485e+00
1.451379e-02 2.533348e+00
1.449275e-02 2.534244e+00
1.447178e-02 2.535175e+00
1.445087e-02 2.536146e+00
1.443001e-02 2.537160e+00
1.440922e-02 2.538222e+00
1.438849e-02 2.539335e+00
1.436782e-02 2.540505e+00
1.434720e-02 2.541736e+00
1.432665e-02 2.543033e+00
1.430615e-02 2.544402e+00
1.428571e-02 2.545848e+00
1.426534e-02 2.547377e+00
1.424501e-02 2.548993e+00
1.422475e-02 2.550703e+00
1.420455e-02 2.552513e+00
1.418440e-02 2.554426e+00
1.416431e-02 2.556449e+00
1.414427e-02 2.558585e+00
1.412429e-02 2.560839e+00
1.410437e-02 2.563212e+00
1.408451e-02 2.565706e+00
1.406470e-02 2.568321e+00
1.404494e-02 2.571056e+00
1.402525e-02 2.573906e+00
1.400560e-02 2.576864e+00
1.398601e-02 2.579923e+00
1.396648e-02 2.583069e+00
1.394700e-02 2.586287e+00
1.392758e-02 2.589558e+00
1.390821e-02 2.592859e+00
1.388889e-02 2.596165e+00
1.386963e-02 2.599445e+00
1.385042e-02 2.602668e+00
1.383126e-02 2.605798e+00
1.381215e-02 2.608800e+00
1.379310e-02 2.611636e+00
1.377410e-02 2.614270e+00
1.375516e-02 2.616666e+00
1.373626e-02 2.618792e+00
1.371742e-02 2.620620e+00
1.369863e-02 2.622125e+00
1.367989e-02 2.623290e+00
1.366120e-02 2.624102e+00
1.364256e-02 2.624556e+00
1.362398e-02 2.624653e+00
1.360544e-02 2.624401e+00
1.358696e-02 2.623812e+00
1.356852e-02 2.622904e+00
1.355014e-02 2.621699e+00
1.353180e-02 2.620221e+00
1.351351e-02 2.618499e+00
1.349528e-02 2.616559e+00
1.347709e-02 2.614431e+00
1.345895e-02 2.612140e+00
1.344086e-02 2.609714e+00
1.342282e-02 2.607177e+00
1.340483e-02 2.604552e+00
1.338688e-02 2.601857e+00
1.336898e-02 2.599112e+00
1.335113e-02 2.596330e+00
1.333333e-02 2.593524e+00
1.331558e-02 2.590705e+00
1.329787e-02 2.587879e+00
1.328021e-02 2.585054e+00
1.326260e-02 2.582232e+00
1.324503e-02 2.579417e+00
1.322751e-02 2.576610e+00
1.321004e-02 2.573811e+00
1.319261e-02 2.571018e+00
1.317523e-02 2.568229e+00
1.315789e-02 2.565443e+00
1.314060e-02 2.562657e+00
1.312336e-02 2.559866e+00
1.310616e-02 2.557069e+00
1.308901e-02 2.554260e+00
1.307190e-02 2.551436e+00
1.305483e-02 2.548595e+00
1.303781e-02 2.545731e+00
1.302083e-02 2.542843e+00
1.300390e-02 2.539926e+00
1.298701e-02 2.536979e+00
1.297017e-02 2.533997e+00
1.295337e-02 2.530980e+00
1.293661e-02 2.527925e+00
1.291990e-02 2.524830e+00
1.290323e-02 2.521694e+00
1.288660e-02 2.518515e+00
1.287001e-02 2.515294e+00
1.285347e-02 2.512028e+00
1.283697e-02 2.508718e+00
1.282051e-02 2.505364e+00
1.280410e-02 2.501966e+00
1.278772e-02 2.498525e+00
1.277139e-02 2.495040e+00
1.275510e-02 2.491513e+00
1.273885e-02 2.487945e+00
1.272265e-02 2.484336e+00
1.270648e-02 2.480688e+00
1.269036e-02 2.477003e+00
1.267427e-02 2.473281e+00
1.265823e-02 2.469524e+00
1.264223e-02 2.465734e+00
1.262626e-02 2.461912e+00
1.261034e-02 2.458061e+00
1.259446e-02 2.454181e+00
1.257862e-02 2.450276e+00
1.256281e-02 2.446346e+00
1.254705e-02 2.442394e+00
1.253133e-02 2.438421e+00
1.251564e-02 2.434430e+00
1.250000e-02 2.430422e+00
1.248439e-02 2.426399e+00
1.246883e-02 2.422364e+00
1.245330e-02 2.418318e+00
1.243781e-02 2.414264e+00
1.242236e-02 2.410202e+00
1.240695e-02 2.406135e+00
1.239157e-02 2.402066e+00
1.237624e-02 2.397995e+00
1.236094e-02 2.393924e+00
1.234568e-02 2.389856e+00
1.233046e-02 2.385791e+00
1.231527e-02 2.381732e+00
1.230012e-02 2.377680e+00
1.228501e-02 2.373637e+00
1.226994e-02 2.369603e+00
1.225490e-02 2.365581e+00
1.223990e-02 2.361571e+00
1.222494e-02 2.357574e+00
1.221001e-02 2.353593e+00
1.219512e-02 2.349627e+00
1.218027e-02 2.345677e+00
1.216545e-02 2.341746e+00
1.215067e-02 2.337832e+00
1.213592e-02 2.333937e+00
1.212121e-02 2.330062e+00
1.210654e-02 2.326206e+00
1.209190e-02 2.322371e+00
1.207729e-02 2.318557e+00
1.206273e-02 2.314764e+00
1.204819e-02 2.310992e+00
1.203369e-02 2.307241e+00
1.201923e-02 2.303513e+00
1.200480e-02 2.299805e+00
1.199041e-02 2.296120e+00
1.197605e-02 2.292456e+00
1.196172e-02 2.288814e+00
1.194743e-02 2.285193e+00
1.193317e-02 2.281593e+00
1.191895e-02 2.278015e+00
1.190476e-02 2.274457e+00
1.189061e-02 2.270920e+00
1.187648e-02 2.267404e+00
1.186240e-02 2.263908e+00
1.184834e-02 2.260432e+00
1.183432e-02 2.256975e+00
1.182033e-02 2.253538e+00
1.180638e-02 2.250120e+00
1.179245e-02 2.246721e+00
1.177856e-02 2.243341e+00
1.176471e-02 2.239978e+00
1.175088e-02 2.236634e+00
1.173709e-02 2.233308e+00
1.172333e-02 2.229999e+00
1.170960e-02 2.226707e+00
1.169591e-02 2.223433e+00
1.168224e-02 2.220176e+00
1.166861e-02 2.216936e+00
1.165501e-02 2.213713e+00
1.164144e-02 2.210506e+00
1.162791e-02 2.207317e+00
1.161440e-02 2.204144e+00
1.160093e-02 2.200988e+00
1.158749e-02 2.197850e+00
1.157407e-02 2.194728e+00
1.156069e-02 2.191625e+00
1.154734e-02 2.188538e+00
1.153403e-02 2.185471e+00
1.152074e-02 2.182421e+00
1.150748e-02 2.179391e+00
1.149425e-02 2.176380e+00
1.148106e-02 2.173390e+00
1.146789e-02 2.170420e+00
1.145475e-02 2.167472e+00
1.144165e-02 2.164547e+00
1.142857e-02 2.161645e+00
1.141553e-02 2.158768e+00
1.140251e-02 2.155916e+00
1.138952e-02 2.153091e+00
1.137656e-02 2.150294e+00
1.136364e-02 2.147527e+00
1.135074e-02 2.144790e+00
1.133787e-02 2.142085e+00
1.132503e-02 2.139415e+00
1.131222e-02 2.136779e+00
1.129944e-02 2.134180e+00
1.128668e-02 2.131620e+00
1.127396e-02 2.129099e+00
1.126126e-02 2.126621e+00
1.124859e-02 2.124185e+00
1.123596e-02 2.121795e+00
1.122334e-02 2.119450e+00
1.121076e-02 2.117152e+00
1.119821e-02 2.114903e+00
1.118568e-02 2.112703e+00
1.117318e-02 2.110552e+00
1.116071e-02 2.108450e+00
1.114827e-02 2.106398e+00
1.113586e-02 2.104394e+00
1.112347e-02 2.102437e+00
1.111111e-02 2.100524e+00
1.109878e-02 2.098653e+00
1.108647e-02 2.096820e+00
1.107420e-02 2.095020e+00
1.106195e-02 2.093247e+00
1.104972e-02 2.091494e+00
1.103753e-02 2.089754e+00
1.102536e-02 2.088016e+00
1.101322e-02 2.086271e+00
1.100110e-02 2.084507e+00
1.098901e-02 2.082711e+00
1.097695e-02 2.080869e+00
1.096491e-02 2.078967e+00
1.095290e-02 2.076990e+00
1.094092e-02 2.074922e+00
1.092896e-02 2.072750e+00
1.091703e-02 2.070457e+00
1.090513e-02 2.068030e+00
1.089325e-02 2.065458e+00
1.088139e-02 2.062729e+00
1.086957e-02 2.059836e+00
1.085776e-02 2.056773e+00
1.084599e-02 2.053538e+00
1.083424e-02 2.050132e+00
1.082251e-02 2.046558e+00
1.081081e-02 2.042824e+00
1.079914e-02 2.038941e+00
1.078749e-02 2.034922e+00
1.077586e-02 2.030783e+00
1.076426e-02 2.026541e+00
1.075269e-02 2.022215e+00
1.074114e-02 2.017827e+00
1.072961e-02 2.013396e+00
1.071811e-02 2.008944e+00
1.070664e-02 2.004489e+00
1.069519e-02 2.000051e+00
1.068376e-02 1.995648e+00
1.067236e-02 1.991296e+00
1.066098e-02 1.987009e+00
1.064963e-02 1.982800e+00
1.063830e-02 1.978681e+00
1.062699e-02 1.974661e+00
1.061571e-02 1.970747e+00
1.060445e-02 1.966947e+00
1.059322e-02 1.963264e+00
1.058201e-02 1.959704e+00
1.057082e-02 1.956269e+00
1.055966e-02 1.952960e+00
1.054852e-02 1.949780e+00
1.053741e-02 1.946729e+00
1.052632e-02 1.943806e+00
1.051525e-02 1.941014e+00
1.050420e-02 1.938350e+00
1.049318e-02 1.935815e+00
1.048218e-02 1.933409e+00
1.047120e-02 1.931132e+00
1.046025e-02 1.928983e+00
1.044932e-02 1.926964e+00
1.043841e-02 1.925074e+00
1.042753e-02 1.923316e+00
1.041667e-02 1.921690e+00
1.040583e-02 1.920199e+00
1.039501e-02 1.918844e+00
1.038422e-02 1.917630e+00
1.037344e-02 1.916559e+00
1.036269e-02 1.915635e+00
1.035197e-02 1.914864e+00
1.034126e-02 1.914251e+00
1.033058e-02 1.913800e+00
1.031992e-02 1.913517e+00
1.030928e-02 1.913410e+00
1.029866e-02 1.913483e+00
1.028807e-02 1.913744e+00
1.027749e-02 1.914197e+00
1.026694e-02 1.914847e+00
1.025641e-02 1.915698e+00
1.024590e-02 1.916751e+00
1.023541e-02 1.918008e+00
1.022495e-02 1.919465e+00
1.021450e-02 1.921117e+00
1.020408e-02 1.922953e+00
1.019368e-02 1.924961e+00
1.018330e-02 1.927123e+00
1.017294e-02 1.929415e+00
1.016260e-02 1.931812e+00
1.015228e-02 1.934284e+00
1.014199e-02 1.936798e+00
1.013171e-02 1.939318e+00
1.012146e-02 1.941810e+00
1.011122e-02 1.944239e+00
1.010101e-02 1.946574e+00
1.009082e-02 1.948786e+00
1.008065e-02 1.950850e+00
1.007049e-02 1.952746e+00
1.006036e-02 1.954455e+00
1.005025e-02 1.955963e+00
1.004016e-02 1.957255e+00
1.003009e-02 1.958319e+00
1.002004e-02 1.959137e+00
1.001001e-02 1.959694e+00
1.000000e-02 1.959969e+00
9.990010e-03 1.959941e+00
9.980040e-03 1.959586e+00
9.970090e-03 1.958879e+00
9.960159e-03 1.957798e+00
9.950249e-03 1.956321e+00
9.940358e-03 1.954430e+00
9.930487e-03 1.952113e+00
9.920635e-03 1.949363e+00
9.910803e-03 1.946180e+00
9.900990e-03 1.942572e+00
9.891197e-03 1.938552e+00
9.881423e-03 1.934143e+00
9.871668e-03 1.929372e+00
9.861933e-03 1.924271e+00
9.852217e-03 1.918878e+00
9.842520e-03 1.913233e+00
9.832842e-03 1.907379e+00
9.823183e-03 1.901359e+00
9.813543e-03 1.895216e+00
9.803922e-03 1.888994e+00
9.794319e-03 1.882733e+00
9.784736e-03 1.876475e+00
9.775171e-03 1.870256e+00
9.765625e-03 1.864114e+00
9.756098e-03 1.858084e+00
9.746589e-03 1.852200e+00
9.737098e-03 1.846497e+00
9.727626e-03 1.841009e+00
9.718173e-03 1.835773e+00
9.708738e-03 1.830828e+00
9.699321e-03 1.826219e+00
9.689922e-03 1.821995e+00
9.680542e-03 1.818214e+00
9.671180e-03 1.814940e+00
9.661836e-03 1.812245e+00
9.652510e-03 1.810207e+00
9.643202e-03 1.808903e+00
9.633911e-03 1.808396e+00
9.624639e-03 1.808716e+00
9.615385e-03 1.809828e+00
9.606148e-03 1.811584e+00
9.596929e-03 1.813683e+00
9.587728e-03 1.815635e+00
9.578544e-03 1.816776e+00
9.569378e-03 1.816362e+00
9.560229e-03 1.813747e+00
9.551098e-03 1.808591e+00
9.541985e-03 1.801006e+00
9.532888e-03 1.791548e+00
9.523810e-03 1.781051e+00
9.514748e-03 1.770386e+00
9.505703e-03 1.760262e+00
9.496676e-03 1.751134e+00
9.487666e-03 1.743200e+00
9.478673e-03 1.736472e+00
9.469697e-03 1.730846e+00
9.460738e-03 1.726168e+00
9.451796e-03 1.722279e+00
9.442871e-03 1.719030e+00
9.433962e-03 1.716299e+00
9.425071e-03 1.713985e+00
9.416196e-03 1.712009e+00
9.407338e-03 1.710306e+00
9.398496e-03 1.708823e+00
9.389671e-03 1.707514e+00
9.380863e-03 1.706339e+00
9.372071e-03 1.705260e+00
9.363296e-03 1.704241e+00
9.354537e-03 1.703247e+00
9.345794e-03 1.702241e+00
9.337068e-03 1.701190e+00
9.328358e-03 1.700061e+00
9.319664e-03 1.698821e+00
9.310987e-03 1.697441e+00
9.302326e-03 1.695897e+00
9.293680e-03 1.694166e+00
9.285051e-03 1.692234e+00
9.276438e-03 1.690091e+00
9.267841e-03 1.687734e+00
9.259259e-03 1.685166e+00
9.250694e-03 1.682397e+00
9.242144e-03 1.679440e+00
9.233610e-03 1.676317e+00
9.225092e-03 1.673050e+00
9.216590e-03 1.669665e+00
9.208103e-03 1.666190e+00
9.199632e-03 1.662652e+00
9.191176e-03 1.659078e+00
9.182736e-03 1.655496e+00
9.174312e-03 1.651927e+00
9.165903e-03 1.648395e+00
9.157509e-03 1.644918e+00
9.149131e-03 1.641512e+00
9.140768e-03 1.638192e+00
9.132420e-03 1.634968e+00
9.124088e-03 1.631849e+00
9.115770e-03 1.628842e+00
9.107468e-03 1.625953e+00
9.099181e-03 1.623184e+00
9.090909e-03 1.620538e+00
9.082652e-03 1.618016e+00
9.074410e-03 1.615619e+00
9.066183e-03 1.613347e+00
9.057971e-03 1.611200e+00
9.049774e-03 1.609176e+00
9.041591e-03 1.607276e+00
9.033424e-03 1.605497e+00
9.025271e-03 1.603841e+00
9.017133e-03 1.602305e+00
9.009009e-03 1.600890e+00
9.000900e-03 1.599595e+00
8.992806e-03 1.598421e+00
8.984726e-03 1.597368e+00
8.976661e-03 1.596437e+00
8.968610e-03 1.595629e+00
8.960573e-03 1.594944e+00
8.952551e-03 1.594386e+00
8.944544e-03 1.593954e+00
8.936550e-03 1.593653e+00
8.928571e-03 1.593484e+00
8.920607e-03 1.593450e+00
8.912656e-03 1.593555e+00
8.904720e-03 1.593801e+00
8.896797e-03 1.594192e+00
8.888889e-03 1.594732e+00
8.880995e-03 1.595424e+00
8.873114e-03 1.596274e+00
8.865248e-03 1.597284e+00
8.857396e-03 1.598459e+00
8.849558e-03 1.599803e+00
8.841733e-03 1.601320e+00
8.833922e-03 1.603014e+00
8.826125e-03 1.604888e+00
8.818342e-03 1.606946e+00
8.810573e-03 1.609189e+00
8.802817e-03 1.611621e+00
8.795075e-03 1.614242e+00
8.787346e-03 1.617054e+00
8.779631e-03 1.620054e+00
8.771930e-03 1.623241e+00
8.764242e-03 1.626613e+00
8.756567e-03 1.630164e+00
8.748906e-03 1.633888e+00
8.741259e-03 1.637775e+00
8.733624e-03 1.641816e+00
8.726003e-03 1.645997e+00
8.718396e-03 1.650303e+00
8.710801e-03 1.654716e+00
8.703220e-03 1.659216e+00
8.695652e-03 1.663779e+00
8.688097e-03 1.668379e+00
8.680556e-03 1.672989e+00
8.673027e-03 1.677577e+00
8.665511e-03 1.682113e+00
8.658009e-03 1.686560e+00
8.650519e-03 1.690885e+00
8.643042e-03 1.695051e+00
8.635579e-03 1.699021e+00
8.628128e-03 1.702761e+00
8.620690e-03 1.706235e+00
8.613264e-03 1.709411e+00
8.605852e-03 1.712260e+00
8.598452e-03 1.714754e+00
8.591065e-03 1.716872e+00
8.583691e-03 1.718597e+00
8.576329e-03 1.719916e+00
8.568980e-03 1.720823e+00
8.561644e-03 1.721319e+00
8.554320e-03 1.721411e+00
8.547009e-03 1.721112e+00
8.539710e-03 1.720441e+00
8.532423e-03 1.719427e+00
8.525149e-03 1.718102e+00
8.517888e-03 1.716504e+00
8.510638e-03 1.714680e+00
8.503401e-03 1.712677e+00
8.496177e-03 1.710552e+00
8.488964e-03 1.708362e+00
8.481764e-03 1.706170e+00
8.474576e-03 1.704043e+00
8.467401e-03 1.702049e+00
8.460237e-03 1.700260e+00
8.453085e-03 1.698752e+00
8.445946e-03 1.697603e+00
8.438819e-03 1.696893e+00
8.431703e-03 1.696706e+00
8.424600e-03 1.697131e+00
8.417508e-03 1.698259e+00
8.410429e-03 1.700187e+00
8.403361e-03 1.703016e+00
8.396306e-03 1.706851e+00
8.389262e-03 1.711804e+00
8.382230e-03 1.717990e+00
8.375209e-03 1.725532e+00
8.368201e-03 1.734553e+00
8.361204e-03 1.745180e+00
8.354219e-03 1.757539e+00
8.347245e-03 1.771752e+00
8.340284e-03 1.787932e+00
8.333333e-03 1.806174e+00
