# T	Cv
1.000000e+01 5.117248e-01
5.000000e+00 1.458040e+00
3.333333e+00 2.267399e+00
2.500000e+00 2.777974e+00
2.000000e+00 3.033197e+00
1.666667e+00 3.123646e+00
1.428571e+00 3.125065e+00
1.250000e+00 3.086743e+00
1.111111e+00 3.036406e+00
1.000000e+00 2.987634e+00
9.090909e-01 2.945782e+00
8.333333e-01 2.911869e+00
7.692308e-01 2.884916e+00
7.142857e-01 2.863226e+00
6.666667e-01 2.845051e+00
6.250000e-01 2.828876e+00
5.882353e-01 2.813526e+00
5.555556e-01 2.798157e+00
5.263158e-01 2.782213e+00
5.000000e-01 2.765371e+00
4.761905e-01 2.747479e+00
4.545455e-01 2.728507e+00
4.347826e-01 2.708505e+00
4.166667e-01 2.687574e+00
4.000000e-01 2.665842e+00
3.846154e-01 2.643449e+00
3.703704e-01 2.620534e+00
3.571429e-01 2.597231e+00
3.448276e-01 2.573664e+00
3.333333e-01 2.549943e+00
3.225806e-01 2.526169e+00
3.125000e-01 2.502428e+00
3.030303e-01 2.478794e+00
2.941176e-01 2.455331e+00
2.857143e-01 2.432093e+00
2.777778e-01 2.409127e+00
2.702703e-01 2.386468e+00
2.631579e-01 2.364149e+00
2.564103e-01 2.342193e+00
2.500000e-01 2.320620e+00
2.439024e-01 2.299444e+00
2.380952e-01 2.278675e+00
2.325581e-01 2.258320e+00
2.272727e-01 2.238383e+00
2.222222e-01 2.218864e+00
2.173913e-01 2.199763e+00
2.127660e-01 2.181075e+00
2.083333e-01 2.162797e+00
2.040816e-01 2.144922e+00
2.000000e-01 2.127444e+00
1.960784e-01 2.110355e+00
1.923077e-01 2.093648e+00
1.886792e-01 2.077313e+00
1.851852e-01 2.061342e+00
1.818182e-01 2.045726e+00
1.785714e-01 2.030456e+00
1.754386e-01 2.015524e+00
1.724138e-01 2.000921e+00
1.694915e-01 1.986638e+00
1.666667e-01 1.972667e+00
1.639344e-01 1.959000e+00
1.612903e-01 1.945629e+00
1.587302e-01 1.932546e+00
1.562500e-01 1.919745e+00
1.538462e-01 1.907218e+00
1.515152e-01 1.894960e+00
1.492537e-01 1.882965e+00
1.470588e-01 1.871228e+00
1.449275e-01 1.859744e+00
1.428571e-01 1.848510e+00
1.408451e-01 1.837523e+00
1.388889e-01 1.826782e+00
1.369863e-01 1.816284e+00
1.351351e-01 1.806031e+00
1.333333e-01 1.796021e+00
1.315789e-01 1.786257e+00
1.298701e-01 1.776738e+00
1.282051e-01 1.767466e+00
1.265823e-01 1.758440e+00
1.250000e-01 1.749659e+00
1.234568e-01 1.741118e+00
1.219512e-01 1.732811e+00
1.204819e-01 1.724729e+00
1.190476e-01 1.716859e+00
1.176471e-01 1.709186e+00
1.162791e-01 1.701691e+00
1.149425e-01 1.694353e+00
1.136364e-01 1.687152e+00
1.123596e-01 1.680065e+00
1.111111e-01 1.673069e+00
1.098901e-01 1.666145e+00
1.086957e-01 1.659276e+00
1.075269e-01 1.652447e+00
1.063830e-01 1.645651e+00
1.052632e-01 1.638881e+00
1.041667e-01 1.632135e+00
1.030928e-01 1.625417e+00
1.020408e-01 1.618730e+00
1.010101e-01 1.612080e+00
1.000000e-01 1.605473e+00
9.900990e-02 1.598918e+00
9.803922e-02 1.592420e+00
9.708738e-02 1.585986e+00
9.615385e-02 1.579622e+00
9.523810e-02 1.573332e+00
9.433962e-02 1.567121e+00
9.345794e-02 1.560990e+00
9.259259e-02 1.554942e+00
9.174312e-02 1.548977e+00
9.090909e-02 1.543097e+00
9.009009e-02 1.537300e+00
8.928571e-02 1.531587e+00
8.849558e-02 1.525955e+00
8.771930e-02 1.520404e+00
8.695652e-02 1.514931e+00
8.620690e-02 1.509535e+00
8.547009e-02 1.504213e+00
8.474576e-02 1.498963e+00
8.403361e-02 1.493783e+00
8.333333e-02 1.488670e+00
8.264463e-02 1.483622e+00
8.196721e-02 1.478636e+00
8.130081e-02 1.473710e+00
8.064516e-02 1.468842e+00
8.000000e-02 1.464029e+00
7.936508e-02 1.459268e+00
7.874016e-02 1.454558e+00
7.812500e-02 1.449896e+00
7.751938e-02 1.445280e+00
7.692308e-02 1.440709e+00
7.633588e-02 1.436179e+00
7.575758e-02 1.431691e+00
7.518797e-02 1.427241e+00
7.462687e-02 1.422829e+00
7.407407e-02 1.418455e+00
7.352941e-02 1.414116e+00
7.299270e-02 1.409814e+00
7.246377e-02 1.405547e+00
7.194245e-02 1.401317e+00
7.142857e-02 1.397123e+00
7.092199e-02 1.392966e+00
7.042254e-02 1.388847e+00
6.993007e-02 1.384767e+00
6.944444e-02 1.380728e+00
6.896552e-02 1.376732e+00
6.849315e-02 1.372779e+00
6.802721e-02 1.368871e+00
6.756757e-02 1.365010e+00
6.711409e-02 1.361197e+00
6.666667e-02 1.357434e+00
6.622517e-02 1.353721e+00
6.578947e-02 1.350061e+00
6.535948e-02 1.346455e+00
6.493506e-02 1.342901e+00
6.451613e-02 1.339403e+00
6.410256e-02 1.335958e+00
6.369427e-02 1.332569e+00
6.329114e-02 1.329233e+00
6.289308e-02 1.325950e+00
6.250000e-02 1.322721e+00
6.211180e-02 1.319542e+00
6.172840e-02 1.316412e+00
6.134969e-02 1.313330e+00
6.097561e-02 1.310293e+00
6.060606e-02 1.307299e+00
6.024096e-02 1.304344e+00
5.988024e-02 1.301426e+00
5.952381e-02 1.298541e+00
5.917160e-02 1.295687e+00
5.882353e-02 1.292859e+00
5.847953e-02 1.290055e+00
5.813953e-02 1.287271e+00
5.780347e-02 1.284505e+00
5.747126e-02 1.281752e+00
5.714286e-02 1.279012e+00
5.681818e-02 1.276281e+00
5.649718e-02 1.273558e+00
5.617978e-02 1.270841e+00
5.586592e-02 1.268130e+00
5.555556e-02 1.265422e+00
5.524862e-02 1.262718e+00
5.494505e-02 1.260017e+00
5.464481e-02 1.257320e+00
5.434783e-02 1.254626e+00
5.405405e-02 1.251936e+00
5.376344e-02 1.249251e+00
5.347594e-02 1.246570e+00
5.319149e-02 1.243894e+00
5.291005e-02 1.241225e+00
5.263158e-02 1.238562e+00
5.235602e-02 1.235905e+00
5.208333e-02 1.233256e+00
5.181347e-02 1.230615e+00
5.154639e-02 1.227982e+00
5.128205e-02 1.225357e+00
5.102041e-02 1.222740e+00
5.076142e-02 1.220132e+00
5.050505e-02 1.217533e+00
5.025126e-02 1.214943e+00
5.000000e-02 1.212362e+00
4.975124e-02 1.209791e+00
4.950495e-02 1.207228e+00
4.926108e-02 1.204675e+00
4.901961e-02 1.202130e+00
4.878049e-02 1.199596e+00
4.854369e-02 1.197071e+00
4.830918e-02 1.194555e+00
4.807692e-02 1.192049e+00
4.784689e-02 1.189552e+00
4.761905e-02 1.187066e+00
4.739336e-02 1.184589e+00
4.716981e-02 1.182122e+00
4.694836e-02 1.179665e+00
4.672897e-02 1.177218e+00
4.651163e-02 1.174781e+00
4.629630e-02 1.172355e+00
4.608295e-02 1.169939e+00
4.587156e-02 1.167533e+00
4.566210e-02 1.165138e+00
4.545455e-02 1.162753e+00
4.524887e-02 1.160379e+00
4.504505e-02 1.158015e+00
4.484305e-02 1.155662e+00
4.464286e-02 1.153319e+00
4.444444e-02 1.150987e+00
4.424779e-02 1.148665e+00
4.405286e-02 1.146354e+00
4.385965e-02 1.144054e+00
4.366812e-02 1.141764e+00
4.347826e-02 1.139484e+00
4.329004e-02 1.137216e+00
4.310345e-02 1.134958e+00
4.291845e-02 1.132711e+00
4.273504e-02 1.130475e+00
4.255319e-02 1.128249e+00
4.237288e-02 1.126035e+00
4.219409e-02 1.123832e+00
4.201681e-02 1.121641e+00
4.184100e-02 1.119460e+00
4.166667e-02 1.117292e+00
4.149378e-02 1.115135e+00
4.132231e-02 1.112991e+00
4.115226e-02 1.110858e+00
4.098361e-02 1.108738e+00
4.081633e-02 1.106630e+00
4.065041e-02 1.104536e+00
4.048583e-02 1.102453e+00
4.032258e-02 1.100384e+00
4.016064e-02 1.098328e+00
4.000000e-02 1.096285e+00
3.984064e-02 1.094256e+00
3.968254e-02 1.092239e+00
3.952569e-02 1.090236e+00
3.937008e-02 1.088246e+00
3.921569e-02 1.086270e+00
3.906250e-02 1.084307e+00
3.891051e-02 1.082357e+00
3.875969e-02 1.080420e+00
3.861004e-02 1.078497e+00
3.846154e-02 1.076586e+00
3.831418e-02 1.074689e+00
3.816794e-02 1.072805e+00
3.802281e-02 1.070933e+00
3.787879e-02 1.069074e+00
3.773585e-02 1.067228e+00
3.759398e-02 1.065395e+00
3.745318e-02 1.063574e+00
3.731343e-02 1.061766e+00
3.717472e-02 1.059970e+00
3.703704e-02 1.058188e+00
3.690037e-02 1.056417e+00
3.676471e-02 1.054660e+00
3.663004e-02 1.052915e+00
3.649635e-02 1.051184e+00
3.636364e-02 1.049465e+00
3.623188e-02 1.047760e+00
3.610108e-02 1.046068e+00
3.597122e-02 1.044391e+00
3.584229e-02 1.042727e+00
3.571429e-02 1.041078e+00
3.558719e-02 1.039443e+00
3.546099e-02 1.037823e+00
3.533569e-02 1.036219e+00
3.521127e-02 1.034630e+00
3.508772e-02 1.033057e+00
3.496503e-02 1.031500e+00
3.484321e-02 1.029960e+00
3.472222e-02 1.028437e+00
3.460208e-02 1.026932e+00
3.448276e-02 1.025444e+00
3.436426e-02 1.023974e+00
3.424658e-02 1.022522e+00
3.412969e-02 1.021089e+00
3.401361e-02 1.019675e+00
3.389831e-02 1.018280e+00
3.378378e-02 1.016904e+00
3.367003e-02 1.015547e+00
3.355705e-02 1.014210e+00
3.344482e-02 1.012891e+00
3.333333e-02 1.011592e+00
3.322259e-02 1.010312e+00
3.311258e-02 1.009050e+00
3.300330e-02 1.007806e+00
3.289474e-02 1.006579e+00
3.278689e-02 1.005367e+00
3.267974e-02 1.004171e+00
3.257329e-02 1.002987e+00
3.246753e-02 1.001814e+00
3.236246e-02 1.000651e+00
3.225806e-02 9.994935e-01
3.215434e-02 9.983396e-01
3.205128e-02 9.971859e-01
3.194888e-02 9.960289e-01
3.184713e-02 9.948651e-01
3.174603e-02 9.936905e-01
3.164557e-02 9.925014e-01
3.154574e-02 9.912945e-01
3.144654e-02 9.900664e-01
3.134796e-02 9.888147e-01
3.125000e-02 9.875374e-01
3.115265e-02 9.862335e-01
3.105590e-02 9.849027e-01
3.095975e-02 9.835458e-01
3.086420e-02 9.821645e-01
3.076923e-02 9.807613e-01
3.067485e-02 9.793394e-01
3.058104e-02 9.779024e-01
3.048780e-02 9.764543e-01
3.039514e-02 9.749991e-01
3.030303e-02 9.735408e-01
3.021148e-02 9.720833e-01
3.012048e-02 9.706299e-01
3.003003e-02 9.691837e-01
2.994012e-02 9.677471e-01
2.985075e-02 9.663223e-01
2.976190e-02 9.649107e-01
2.967359e-02 9.635136e-01
2.958580e-02 9.621316e-01
2.949853e-02 9.607652e-01
2.941176e-02 9.594146e-01
2.932551e-02 9.580796e-01
2.923977e-02 9.567601e-01
2.915452e-02 9.554556e-01
2.906977e-02 9.541659e-01
2.898551e-02 9.528904e-01
2.890173e-02 9.516288e-01
2.881844e-02 9.503804e-01
2.873563e-02 9.491449e-01
2.865330e-02 9.479219e-01
2.857143e-02 9.467110e-01
2.849003e-02 9.455119e-01
2.840909e-02 9.443241e-01
2.832861e-02 9.431475e-01
2.824859e-02 9.419818e-01
2.816901e-02 9.408268e-01
2.808989e-02 9.396821e-01
2.801120e-02 9.385478e-01
2.793296e-02 9.374235e-01
2.785515e-02 9.363091e-01
2.777778e-02 9.352045e-01
2.770083e-02 9.341096e-01
2.762431e-02 9.330241e-01
2.754821e-02 9.319479e-01
2.747253e-02 9.308810e-01
2.739726e-02 9.298232e-01
2.732240e-02 9.287744e-01
2.724796e-02 9.277346e-01
2.717391e-02 9.267035e-01
2.710027e-02 9.256811e-01
2.702703e-02 9.246673e-01
2.695418e-02 9.236620e-01
2.688172e-02 9.226651e-01
2.680965e-02 9.216765e-01
2.673797e-02 9.206962e-01
2.666667e-02 9.197241e-01
2.659574e-02 9.187600e-01
2.652520e-02 9.178040e-01
2.645503e-02 9.168558e-01
2.638522e-02 9.159156e-01
2.631579e-02 9.149832e-01
2.624672e-02 9.140585e-01
2.617801e-02 9.131415e-01
2.610966e-02 9.122321e-01
2.604167e-02 9.113303e-01
2.597403e-02 9.104360e-01
2.590674e-02 9.095491e-01
2.583979e-02 9.086697e-01
2.577320e-02 9.077976e-01
2.570694e-02 9.069328e-01
2.564103e-02 9.060752e-01
2.557545e-02 9.052249e-01
2.551020e-02 9.043818e-01
2.544529e-02 9.035458e-01
2.538071e-02 9.027168e-01
2.531646e-02 9.018950e-01
2.525253e-02 9.010802e-01
2.518892e-02 9.002723e-01
2.512563e-02 8.994715e-01
2.506266e-02 8.986775e-01
2.500000e-02 8.978905e-01
2.493766e-02 8.971103e-01
2.487562e-02 8.963369e-01
2.481390e-02 8.955704e-01
2.475248e-02 8.948106e-01
2.469136e-02 8.940575e-01
2.463054e-02 8.933110e-01
2.457002e-02 8.925713e-01
2.450980e-02 8.918381e-01
2.444988e-02 8.911114e-01
2.439024e-02 8.903911e-01
2.433090e-02 8.896773e-01
2.427184e-02 8.889697e-01
2.421308e-02 8.882684e-01
2.415459e-02 8.875732e-01
2.409639e-02 8.868840e-01
2.403846e-02 8.862008e-01
2.398082e-02 8.855233e-01
2.392344e-02 8.848514e-01
2.386635e-02 8.841850e-01
2.380952e-02 8.835240e-01
2.375297e-02 8.828681e-01
2.369668e-02 8.822172e-01
2.364066e-02 8.815711e-01
2.358491e-02 8.809296e-01
2.352941e-02 8.802925e-01
2.347418e-02 8.796596e-01
2.341920e-02 8.790308e-01
2.336449e-02 8.784057e-01
2.331002e-02 8.777842e-01
2.325581e-02 8.771660e-01
2.320186e-02 8.765510e-01
2.314815e-02 8.759389e-01
2.309469e-02 8.753295e-01
2.304147e-02 8.747227e-01
2.298851e-02 8.741182e-01
2.293578e-02 8.735158e-01
2.288330e-02 8.729154e-01
2.283105e-02 8.723168e-01
2.277904e-02 8.717198e-01
2.272727e-02 8.711242e-01
2.267574e-02 8.705300e-01
2.262443e-02 8.699369e-01
2.257336e-02 8.693448e-01
2.252252e-02 8.687537e-01
2.247191e-02 8.681633e-01
2.242152e-02 8.675735e-01
2.237136e-02 8.669843e-01
2.232143e-02 8.663956e-01
2.227171e-02 8.658072e-01
2.222222e-02 8.652191e-01
2.217295e-02 8.646312e-01
2.212389e-02 8.640434e-01
2.207506e-02 8.634557e-01
2.202643e-02 8.628679e-01
2.197802e-02 8.622800e-01
2.192982e-02 8.616921e-01
2.188184e-02 8.611040e-01
2.183406e-02 8.605158e-01
2.178649e-02 8.599275e-01
2.173913e-02 8.593390e-01
2.169197e-02 8.587504e-01
2.164502e-02 8.581619e-01
2.159827e-02 8.575733e-01
2.155172e-02 8.569850e-01
2.150538e-02 8.563968e-01
2.145923e-02 8.558092e-01
2.141328e-02 8.552221e-01
2.136752e-02 8.546358e-01
2.132196e-02 8.540506e-01
2.127660e-02 8.534666e-01
2.123142e-02 8.528843e-01
2.118644e-02 8.523038e-01
2.114165e-02 8.517255e-01
2.109705e-02 8.511498e-01
2.105263e-02 8.505770e-01
2.100840e-02 8.500076e-01
2.096436e-02 8.494420e-01
2.092050e-02 8.488805e-01
2.087683e-02 8.483237e-01
2.083333e-02 8.477720e-01
2.079002e-02 8.472258e-01
2.074689e-02 8.466856e-01
2.070393e-02 8.461519e-01
2.066116e-02 8.456250e-01
2.061856e-02 8.451054e-01
2.057613e-02 8.445936e-01
2.053388e-02 8.440898e-01
2.049180e-02 8.435945e-01
2.044990e-02 8.431079e-01
2.040816e-02 8.426303e-01
2.036660e-02 8.421620e-01
2.032520e-02 8.417031e-01
2.028398e-02 8.412538e-01
2.024291e-02 8.408140e-01
2.020202e-02 8.403837e-01
2.016129e-02 8.399628e-01
2.012072e-02 8.395511e-01
2.008032e-02 8.391484e-01
2.004008e-02 8.387542e-01
2.000000e-02 8.383681e-01
1.996008e-02 8.379894e-01
1.992032e-02 8.376174e-01
1.988072e-02 8.372515e-01
1.984127e-02 8.368906e-01
1.980198e-02 8.365337e-01
1.976285e-02 8.361797e-01
1.972387e-02 8.358274e-01
1.968504e-02 8.354756e-01
1.964637e-02 8.351228e-01
1.960784e-02 8.347677e-01
1.956947e-02 8.344086e-01
1.953125e-02 8.340442e-01
1.949318e-02 8.336729e-01
1.945525e-02 8.332931e-01
1.941748e-02 8.329034e-01
1.937984e-02 8.325024e-01
1.934236e-02 8.320886e-01
1.930502e-02 8.316607e-01
1.926782e-02 8.312177e-01
1.923077e-02 8.307585e-01
1.919386e-02 8.302821e-01
1.915709e-02 8.297879e-01
1.912046e-02 8.292753e-01
1.908397e-02 8.287440e-01
1.904762e-02 8.281937e-01
1.901141e-02 8.276246e-01
1.897533e-02 8.270369e-01
1.893939e-02 8.264310e-01
1.890359e-02 8.258076e-01
1.886792e-02 8.251675e-01
1.883239e-02 8.245117e-01
1.879699e-02 8.238415e-01
1.876173e-02 8.231581e-01
1.872659e-02 8.224631e-01
1.869159e-02 8.217580e-01
1.865672e-02 8.210445e-01
1.862197e-02 8.203243e-01
1.858736e-02 8.195992e-01
1.855288e-02 8.188710e-01
1.851852e-02 8.181415e-01
1.848429e-02 8.174124e-01
1.845018e-02 8.166854e-01
1.841621e-02 8.159620e-01
1.838235e-02 8.152439e-01
1.834862e-02 8.145323e-01
1.831502e-02 8.138285e-01
1.828154e-02 8.131337e-01
1.824818e-02 8.124489e-01
1.821494e-02 8.117750e-01
1.818182e-02 8.111127e-01
1.814882e-02 8.104626e-01
1.811594e-02 8.098252e-01
1.808318e-02 8.092008e-01
1.805054e-02 8.085899e-01
1.801802e-02 8.079925e-01
1.798561e-02 8.074087e-01
1.795332e-02 8.068386e-01
1.792115e-02 8.062821e-01
1.788909e-02 8.057390e-01
1.785714e-02 8.052093e-01
1.782531e-02 8.046927e-01
1.779359e-02 8.041891e-01
1.776199e-02 8.036981e-01
1.773050e-02 8.032195e-01
1.769912e-02 8.027530e-01
1.766784e-02 8.022983e-01
1.763668e-02 8.018551e-01
1.760563e-02 8.014231e-01
1.757469e-02 8.010019e-01
1.754386e-02 8.005913e-01
1.751313e-02 8.001910e-01
1.748252e-02 7.998007e-01
1.745201e-02 7.994200e-01
1.742160e-02 7.990487e-01
1.739130e-02 7.986865e-01
1.736111e-02 7.983331e-01
1.733102e-02 7.979883e-01
1.730104e-02 7.976517e-01
1.727116e-02 7.973231e-01
1.724138e-02 7.970024e-01
1.721170e-02 7.966891e-01
1.718213e-02 7.963831e-01
1.715266e-02 7.960841e-01
1.712329e-02 7.957920e-01
1.709402e-02 7.955064e-01
1.706485e-02 7.952272e-01
1.703578e-02 7.949541e-01
1.700680e-02 7.946869e-01
1.697793e-02 7.944255e-01
1.694915e-02 7.941695e-01
1.692047e-02 7.939189e-01
1.689189e-02 7.936734e-01
1.686341e-02 7.934327e-01
1.683502e-02 7.931968e-01
1.680672e-02 7.929654e-01
1.677852e-02 7.927383e-01
1.675042e-02 7.925154e-01
1.672241e-02 7.922964e-01
1.669449e-02 7.920812e-01
1.666667e-02 7.918696e-01
1.663894e-02 7.916615e-01
1.661130e-02 7.914567e-01
1.658375e-02 7.912550e-01
1.655629e-02 7.910562e-01
1.652893e-02 7.908603e-01
1.650165e-02 7.906670e-01
1.647446e-02 7.904763e-01
1.644737e-02 7.902879e-01
1.642036e-02 7.901019e-01
1.639344e-02 7.899179e-01
1.636661e-02 7.897360e-01
1.633987e-02 7.895561e-01
1.631321e-02 7.893779e-01
1.628664e-02 7.892014e-01
1.626016e-02 7.890266e-01
1.623377e-02 7.888533e-01
1.620746e-02 7.886815e-01
1.618123e-02 7.885112e-01
1.615509e-02 7.883421e-01
1.612903e-02 7.881744e-01
1.610306e-02 7.880079e-01
1.607717e-02 7.878427e-01
1.605136e-02 7.876787e-01
1.602564e-02 7.875159e-01
1.600000e-02 7.873542e-01
1.597444e-02 7.871938e-01
1.594896e-02 7.870346e-01
1.592357e-02 7.868767e-01
1.589825e-02 7.867201e-01
1.587302e-02 7.865647e-01
1.584786e-02 7.864109e-01
1.582278e-02 7.862584e-01
1.579779e-02 7.861076e-01
1.577287e-02 7.859584e-01
1.574803e-02 7.858110e-01
1.572327e-02 7.856654e-01
1.569859e-02 7.855219e-01
1.567398e-02 7.853806e-01
1.564945e-02 7.852416e-01
1.562500e-02 7.851051e-01
1.560062e-02 7.849712e-01
1.557632e-02 7.848403e-01
1.555210e-02 7.847124e-01
1.552795e-02 7.845877e-01
1.550388e-02 7.844666e-01
1.547988e-02 7.843492e-01
1.545595e-02 7.842357e-01
1.543210e-02 7.841264e-01
1.540832e-02 7.840216e-01
1.538462e-02 7.839215e-01
1.536098e-02 7.838264e-01
1.533742e-02 7.837364e-01
1.531394e-02 7.836520e-01
1.529052e-02 7.835733e-01
1.526718e-02 7.835006e-01
1.524390e-02 7.834342e-01
1.522070e-02 7.833742e-01
1.519757e-02 7.833211e-01
1.517451e-02 7.832750e-01
1.515152e-02 7.832362e-01
1.512859e-02 7.832048e-01
1.510574e-02 7.831812e-01
1.508296e-02 7.831655e-01
1.506024e-02 7.831580e-01
1.503759e-02 7.831588e-01
1.501502e-02 7.831681e-01
1.499250e-02 7.831861e-01
1.497006e-02 7.832130e-01
1.494768e-02 7.832489e-01
1.492537e-02 7.832940e-01
1.490313e-02 7.833483e-01
1.488095e-02 7.834120e-01
1.485884e-02 7.834851e-01
1.483680e-02 7.835677e-01
1.481481e-02 7.836600e-01
1.479290e-02 7.837619e-01
1.477105e-02 7.838735e-01
1.474926e-02 7.839948e-01
1.472754e-02 7.841257e-01
1.470588e-02 7.842664e-01
1.468429e-02 7.844168e-01
1.466276e-02 7.845767e-01
1.464129e-02 7.847463e-01
1.461988e-02 7.849254e-01
1.459854e-02 7.851140e-01
1.457726e-02 7.853119e-01
1.455604e-02 7.855192e-01
1.453488e-02 7.857355e-01
1.451379e-02 7.859610e-01
1.449275e-02 7.861953e-01
1.447178e-02 7.864384e-01
1.445087e-02 7.866902e-01
1.443001e-02 7.869504e-01
1.440922e-02 7.872189e-01
1.438849e-02 7.874955e-01
1.436782e-02 7.877801e-01
1.434720e-02 7.880723e-01
1.432665e-02 7.883721e-01
1.430615e-02 7.886792e-01
1.428571e-02 7.889933e-01
1.426534e-02 7.893143e-01
1.424501e-02 7.896419e-01
1.422475e-02 7.899758e-01
1.420455e-02 7.903158e-01
1.418440e-02 7.906616e-01
1.416431e-02 7.910130e-01
1.414427e-02 7.913697e-01
1.412429e-02 7.917313e-01
1.410437e-02 7.920976e-01
1.408451e-02 7.924683e-01
1.406470e-02 7.928432e-01
1.404494e-02 7.932218e-01
1.402525e-02 7.936039e-01
1.400560e-02 7.939892e-01
1.398601e-02 7.943774e-01
1.396648e-02 7.947681e-01
1.394700e-02 7.951611e-01
1.392758e-02 7.955561e-01
1.390821e-02 7.959527e-01
1.388889e-02 7.963506e-01
1.386963e-02 7.967496e-01
1.385042e-02 7.971494e-01
1.383126e-02 7.975498e-01
1.381215e-02 7.979504e-01
1.379310e-02 7.983510e-01
1.377410e-02 7.987515e-01
1.375516e-02 7.991517e-01
1.373626e-02 7.995513e-01
1.371742e-02 7.999502e-01
1.369863e-02 8.003484e-01
1.367989e-02 8.007456e-01
1.366120e-02 8.011420e-01
1.364256e-02 8.015374e-01
1.362398e-02 8.019320e-01
1.360544e-02 8.023258e-01
1.358696e-02 8.027188e-01
1.356852e-02 8.031113e-01
1.355014e-02 8.035036e-01
1.353180e-02 8.038957e-01
1.351351e-02 8.042882e-01
1.349528e-02 8.046813e-01
1.347709e-02 8.050755e-01
1.345895e-02 8.054712e-01
1.344086e-02 8.058691e-01
1.342282e-02 8.062696e-01
1.340483e-02 8.066736e-01
1.338688e-02 8.070816e-01
1.336898e-02 8.074944e-01
1.335113e-02 8.079129e-01
1.333333e-02 8.083379e-01
1.331558e-02 8.087704e-01
1.329787e-02 8.092112e-01
1.328021e-02 8.096615e-01
1.326260e-02 8.101222e-01
1.324503e-02 8.105944e-01
1.322751e-02 8.110793e-01
1.321004e-02 8.115780e-01
1.319261e-02 8.120916e-01
1.317523e-02 8.126213e-01
1.315789e-02 8.131682e-01
1.314060e-02 8.137337e-01
1.312336e-02 8.143188e-01
1.310616e-02 8.149248e-01
1.308901e-02 8.155528e-01
1.307190e-02 8.162040e-01
1.305483e-02 8.168794e-01
1.303781e-02 8.175802e-01
1.302083e-02 8.183073e-01
1.300390e-02 8.190618e-01
1.298701e-02 8.198445e-01
1.297017e-02 8.206563e-01
1.295337e-02 8.214980e-01
1.293661e-02 8.223702e-01
1.291990e-02 8.232734e-01
1.290323e-02 8.242081e-01
1.288660e-02 8.251747e-01
1.287001e-02 8.261733e-01
1.285347e-02 8.272040e-01
1.283697e-02 8.282667e-01
1.282051e-02 8.293610e-01
1.280410e-02 8.304866e-01
1.278772e-02 8.316428e-01
1.277139e-02 8.328287e-01
1.275510e-02 8.340434e-01
1.273885e-02 8.352855e-01
1.272265e-02 8.365536e-01
1.270648e-02 8.378460e-01
1.269036e-02 8.391608e-01
1.267427e-02 8.404957e-01
1.265823e-02 8.418486e-01
1.264223e-02 8.432167e-01
1.262626e-02 8.445972e-01
1.261034e-02 8.459871e-01
1.259446e-02 8.473833e-01
1.257862e-02 8.487822e-01
1.256281e-02 8.501805e-01
1.254705e-02 8.515743e-01
1.253133e-02 8.529598e-01
1.251564e-02 8.543333e-01
1.250000e-02 8.556908e-01
1.248439e-02 8.570283e-01
1.246883e-02 8.583419e-01
1.245330e-02 8.596278e-01
1.243781e-02 8.608821e-01
1.242236e-02 8.621012e-01
1.240695e-02 8.632816e-01
1.239157e-02 8.644200e-01
1.237624e-02 8.655134e-01
1.236094e-02 8.665590e-01
1.234568e-02 8.675543e-01
1.233046e-02 8.684970e-01
1.231527e-02 8.693855e-01
1.230012e-02 8.702181e-01
1.228501e-02 8.709937e-01
1.226994e-02 8.717116e-01
1.225490e-02 8.723714e-01
1.223990e-02 8.729729e-01
1.222494e-02 8.735165e-01
1.221001e-02 8.740028e-01
1.219512e-02 8.744328e-01
1.218027e-02 8.748076e-01
1.216545e-02 8.751287e-01
1.215067e-02 8.753980e-01
1.213592e-02 8.756172e-01
1.212121e-02 8.757886e-01
1.210654e-02 8.759143e-01
1.209190e-02 8.759969e-01
1.207729e-02 8.760387e-01
1.206273e-02 8.760424e-01
1.204819e-02 8.760104e-01
1.203369e-02 8.759455e-01
1.201923e-02 8.758502e-01
1.200480e-02 8.757270e-01
1.199041e-02 8.755786e-01
1.197605e-02 8.754074e-01
1.196172e-02 8.752158e-01
1.194743e-02 8.750062e-01
1.193317e-02 8.747807e-01
1.191895e-02 8.745415e-01
1.190476e-02 8.742907e-01
1.189061e-02 8.740302e-01
1.187648e-02 8.737619e-01
1.186240e-02 8.734875e-01
1.184834e-02 8.732086e-01
1.183432e-02 8.729268e-01
1.182033e-02 8.726435e-01
1.180638e-02 8.723601e-01
1.179245e-02 8.720779e-01
1.177856e-02 8.717980e-01
1.176471e-02 8.715215e-01
1.175088e-02 8.712495e-01
1.173709e-02 8.709829e-01
1.172333e-02 8.707225e-01
1.170960e-02 8.704693e-01
1.169591e-02 8.702239e-01
1.168224e-02 8.699871e-01
1.166861e-02 8.697595e-01
1.165501e-02 8.695418e-01
1.164144e-02 8.693345e-01
1.162791e-02 8.691381e-01
1.161440e-02 8.689531e-01
1.160093e-02 8.687800e-01
1.158749e-02 8.686192e-01
1.157407e-02 8.684711e-01
1.156069e-02 8.683360e-01
1.154734e-02 8.682142e-01
1.153403e-02 8.681062e-01
1.152074e-02 8.680122e-01
1.150748e-02 8.679323e-01
1.149425e-02 8.678670e-01
1.148106e-02 8.678164e-01
1.146789e-02 8.677808e-01
1.145475e-02 8.677602e-01
1.144165e-02 8.677550e-01
1.142857e-02 8.677653e-01
1.141553e-02 8.677912e-01
1.140251e-02 8.678328e-01
1.138952e-02 8.678904e-01
1.137656e-02 8.679639e-01
1.136364e-02 8.680536e-01
1.135074e-02 8.681594e-01
1.133787e-02 8.682815e-01
1.132503e-02 8.684199e-01
1.131222e-02 8.685748e-01
1.129944e-02 8.687461e-01
1.128668e-02 8.689339e-01
1.127396e-02 8.691382e-01
1.126126e-02 8.693590e-01
1.124859e-02 8.695964e-01
1.123596e-02 8.698504e-01
1.122334e-02 8.701209e-01
1.121076e-02 8.704080e-01
1.119821e-02 8.707116e-01
1.118568e-02 8.710318e-01
1.117318e-02 8.713684e-01
1.116071e-02 8.717214e-01
1.114827e-02 8.720909e-01
1.113586e-02 8.724768e-01
1.112347e-02 8.728790e-01
1.111111e-02 8.732974e-01
1.109878e-02 8.737320e-01
1.108647e-02 8.741828e-01
1.107420e-02 8.746497e-01
1.106195e-02 8.751325e-01
1.104972e-02 8.756313e-01
1.103753e-02 8.761459e-01
1.102536e-02 8.766762e-01
1.101322e-02 8.772222e-01
1.100110e-02 8.777838e-01
1.098901e-02 8.783609e-01
1.097695e-02 8.789534e-01
1.096491e-02 8.795612e-01
1.095290e-02 8.801842e-01
1.094092e-02 8.808223e-01
1.092896e-02 8.814753e-01
1.091703e-02 8.821433e-01
1.090513e-02 8.828261e-01
1.089325e-02 8.835235e-01
1.088139e-02 8.842356e-01
1.086957e-02 8.849621e-01
1.085776e-02 8.857030e-01
1.084599e-02 8.864581e-01
1.083424e-02 8.872274e-01
1.082251e-02 8.880107e-01
1.081081e-02 8.888080e-01
1.079914e-02 8.896190e-01
1.078749e-02 8.904438e-01
1.077586e-02 8.912822e-01
1.076426e-02 8.921340e-01
1.075269e-02 8.929992e-01
1.074114e-02 8.938777e-01
1.072961e-02 8.947693e-01
1.071811e-02 8.956739e-01
1.070664e-02 8.965913e-01
1.069519e-02 8.975215e-01
1.068376e-02 8.984643e-01
1.067236e-02 8.994195e-01
1.066098e-02 9.003870e-01
1.064963e-02 9.013667e-01
1.063830e-02 9.023584e-01
1.062699e-02 9.033618e-01
1.061571e-02 9.043769e-01
1.060445e-02 9.054034e-01
1.059322e-02 9.064411e-01
1.058201e-02 9.074897e-01
1.057082e-02 9.085490e-01
1.055966e-02 9.096187e-01
1.054852e-02 9.106986e-01
1.053741e-02 9.117882e-01
1.052632e-02 9.128874e-01
1.051525e-02 9.139957e-01
1.050420e-02 9.151127e-01
1.049318e-02 9.162380e-01
1.048218e-02 9.173712e-01
1.047120e-02 9.185117e-01
1.046025e-02 9.196592e-01
1.044932e-02 9.208131e-01
1.043841e-02 9.219728e-01
1.042753e-02 9.231377e-01
1.041667e-02 9.243073e-01
1.040583e-02 9.254810e-01
1.039501e-02 9.266580e-01
1.038422e-02 9.278378e-01
1.037344e-02 9.290198e-01
1.036269e-02 9.302032e-01
1.035197e-02 9.313873e-01
1.034126e-02 9.325717e-01
1.033058e-02 9.337555e-01
1.031992e-02 9.349381e-01
1.030928e-02 9.361190e-01
1.029866e-02 9.372975e-01
1.028807e-02 9.384731e-01
1.027749e-02 9.396453e-01
1.026694e-02 9.408135e-01
1.025641e-02 9.419774e-01
1.024590e-02 9.431365e-01
1.023541e-02 9.442905e-01
1.022495e-02 9.454391e-01
1.021450e-02 9.465821e-01
1.020408e-02 9.477193e-01
1.019368e-02 9.488505e-01
1.018330e-02 9.499758e-01
1.017294e-02 9.510950e-01
1.016260e-02 9.522083e-01
1.015228e-02 9.533157e-01
1.014199e-02 9.544175e-01
1.013171e-02 9.555136e-01
1.012146e-02 9.566045e-01
1.011122e-02 9.576903e-01
1.010101e-02 9.587714e-01
1.009082e-02 9.598481e-01
1.008065e-02 9.609207e-01
1.007049e-02 9.619896e-01
1.006036e-02 9.630552e-01
1.005025e-02 9.641179e-01
1.004016e-02 9.651782e-01
1.003009e-02 9.662364e-01
1.002004e-02 9.672929e-01
1.001001e-02 9.683482e-01
1.000000e-02 9.694026e-01
9.990010e-03 9.704566e-01
9.980040e-03 9.715105e-01
9.970090e-03 9.725647e-01
9.960159e-03 9.736196e-01
9.950249e-03 9.746754e-01
9.940358e-03 9.757327e-01
9.930487e-03 9.767916e-01
9.920635e-03 9.778525e-01
9.910803e-03 9.789155e-01
9.900990e-03 9.799812e-01
9.891197e-03 9.810495e-01
9.881423e-03 9.821209e-01
9.871668e-03 9.831955e-01
9.861933e-03 9.842735e-01
9.852217e-03 9.853552e-01
9.842520e-03 9.864407e-01
9.832842e-03 9.875302e-01
9.823183e-03 9.886240e-01
9.813543e-03 9.897220e-01
9.803922e-03 9.908246e-01
9.794319e-03 9.919319e-01
9.784736e-03 9.930440e-01
9.775171e-03 9.941611e-01
9.765625e-03 9.952833e-01
9.756098e-03 9.964107e-01
9.746589e-03 9.975438e-01
9.737098e-03 9.986823e-01
9.727626e-03 9.998266e-01
9.718173e-03 1.000977e+00
9.708738e-03 1.002133e+00
9.699321e-03 1.003296e+00
9.689922e-03 1.004465e+00
9.680542e-03 1.005641e+00
9.671180e-03 1.006824e+00
9.661836e-03 1.008013e+00
9.652510e-03 1.009210e+00
9.643202e-03 1.010415e+00
9.633911e-03 1.011628e+00
9.624639e-03 1.012848e+00
9.615385e-03 1.014077e+00
9.606148e-03 1.015315e+00
9.596929e-03 1.016561e+00
9.587728e-03 1.017816e+00
9.578544e-03 1.019082e+00
9.569378e-03 1.020357e+00
9.560229e-03 1.021642e+00
9.551098e-03 1.022937e+00
9.541985e-03 1.024244e+00
9.532888e-03 1.025562e+00
9.523810e-03 1.026891e+00
9.514748e-03 1.028232e+00
9.505703e-03 1.029586e+00
9.496676e-03 1.030952e+00
9.487666e-03 1.032332e+00
9.478673e-03 1.033725e+00
9.469697e-03 1.035131e+00
9.460738e-03 1.036552e+00
9.451796e-03 1.037987e+00
9.442871e-03 1.039437e+00
9.433962e-03 1.040902e+00
9.425071e-03 1.042383e+00
9.416196e-03 1.043879e+00
9.407338e-03 1.045390e+00
9.398496e-03 1.046918e+00
9.389671e-03 1.048461e+00
9.380863e-03 1.050021e+00
9.372071e-03 1.051597e+00
9.363296e-03 1.053189e+00
9.354537e-03 1.054796e+00
9.345794e-03 1.056420e+00
9.337068e-03 1.058059e+00
9.328358e-03 1.059713e+00
9.319664e-03 1.061381e+00
9.310987e-03 1.063064e+00
9.302326e-03 1.064760e+00
9.293680e-03 1.066468e+00
9.285051e-03 1.068188e+00
9.276438e-03 1.069918e+00
9.267841e-03 1.071658e+00
9.259259e-03 1.073406e+00
9.250694e-03 1.075160e+00
9.242144e-03 1.076918e+00
9.233610e-03 1.078680e+00
9.225092e-03 1.080442e+00
9.216590e-03 1.082203e+00
9.208103e-03 1.083961e+00
9.199632e-03 1.085712e+00
9.191176e-03 1.087455e+00
9.182736e-03 1.089185e+00
9.174312e-03 1.090901e+00
9.165903e-03 1.092600e+00
9.157509e-03 1.094276e+00
9.149131e-03 1.095929e+00
9.140768e-03 1.097552e+00
9.132420e-03 1.099144e+00
9.124088e-03 1.100700e+00
9.115770e-03 1.102215e+00
9.107468e-03 1.103687e+00
9.099181e-03 1.105111e+00
9.090909e-03 1.106483e+00
9.082652e-03 1.107799e+00
9.074410e-03 1.109054e+00
9.066183e-03 1.110246e+00
9.057971e-03 1.111368e+00
9.049774e-03 1.112419e+00
9.041591e-03 1.113394e+00
9.033424e-03 1.114289e+00
9.025271e-03 1.115102e+00
9.017133e-03 1.115828e+00
9.009009e-03 1.116464e+00
9.000900e-03 1.117009e+00
8.992806e-03 1.117460e+00
8.984726e-03 1.117813e+00
8.976661e-03 1.118068e+00
8.968610e-03 1.118223e+00
8.960573e-03 1.118277e+00
8.952551e-03 1.118229e+00
8.944544e-03 1.118078e+00
8.936550e-03 1.117824e+00
8.928571e-03 1.117467e+00
8.920607e-03 1.117009e+00
8.912656e-03 1.116449e+00
8.904720e-03 1.115789e+00
8.896797e-03 1.115032e+00
8.888889e-03 1.114178e+00
8.880995e-03 1.113229e+00
8.873114e-03 1.112189e+00
8.865248e-03 1.111060e+00
8.857396e-03 1.109845e+00
8.849558e-03 1.108548e+00
8.841733e-03 1.107171e+00
8.833922e-03 1.105718e+00
8.826125e-03 1.104193e+00
8.818342e-03 1.102599e+00
8.810573e-03 1.100941e+00
8.802817e-03 1.099223e+00
8.795075e-03 1.097447e+00
8.787346e-03 1.095620e+00
8.779631e-03 1.093744e+00
8.771930e-03 1.091823e+00
8.764242e-03 1.089862e+00
8.756567e-03 1.087864e+00
8.748906e-03 1.085833e+00
8.741259e-03 1.083774e+00
8.733624e-03 1.081689e+00
8.726003e-03 1.079583e+00
8.718396e-03 1.077458e+00
8.710801e-03 1.075319e+00
8.703220e-03 1.073168e+00
8.695652e-03 1.071010e+00
8.688097e-03 1.068845e+00
8.680556e-03 1.066679e+00
8.673027e-03 1.064513e+00
8.665511e-03 1.062350e+00
8.658009e-03 1.060193e+00
8.650519e-03 1.058044e+00
8.643042e-03 1.055905e+00
8.635579e-03 1.053779e+00
8.628128e-03 1.051667e+00
8.620690e-03 1.049571e+00
8.613264e-03 1.047494e+00
8.605852e-03 1.045436e+00
8.598452e-03 1.043399e+00
8.591065e-03 1.041385e+00
8.583691e-03 1.039395e+00
8.576329e-03 1.037430e+00
8.568980e-03 1.035491e+00
8.561644e-03 1.033579e+00
8.554320e-03 1.031695e+00
8.547009e-03 1.029839e+00
8.539710e-03 1.028013e+00
8.532423e-03 1.026217e+00
8.525149e-03 1.024452e+00
8.517888e-03 1.022717e+00
8.510638e-03 1.021014e+00
8.503401e-03 1.019342e+00
8.496177e-03 1.017701e+00
8.488964e-03 1.016093e+00
8.481764e-03 1.014516e+00
8.474576e-03 1.012971e+00
8.467401e-03 1.011459e+00
8.460237e-03 1.009977e+00
8.453085e-03 1.008528e+00
8.445946e-03 1.007109e+00
8.438819e-03 1.005722e+00
8.431703e-03 1.004366e+00
8.424600e-03 1.003041e+00
8.417508e-03 1.001745e+00
8.410429e-03 1.000480e+00
8.403361e-03 9.992437e-01
8.396306e-03 9.980368e-01
8.389262e-03 9.968585e-01
8.382230e-03 9.957084e-01
8.375209e-03 9.945861e-01
8.368201e-03 9.934910e-01
8.361204e-03 9.924226e-01
8.354219e-03 9.913806e-01
8.347245e-03 9.903643e-01
8.340284e-03 9.893733e-01
8.333333e-03 9.884070e-01
