# T	Cv
1.000000e+01 4.159763e-01
5.000000e+00 1.244416e+00
3.333333e+00 2.015336e+00
2.500000e+00 2.542323e+00
2.000000e+00 2.824906e+00
1.666667e+00 2.929058e+00
1.428571e+00 2.923979e+00
1.250000e+00 2.861709e+00
1.111111e+00 2.775790e+00
1.000000e+00 2.685610e+00
9.090909e-01 2.601154e+00
8.333333e-01 2.526675e+00
7.692308e-01 2.463194e+00
7.142857e-01 2.410053e+00
6.666667e-01 2.365857e+00
6.250000e-01 2.328992e+00
5.882353e-01 2.297902e+00
5.555556e-01 2.271216e+00
5.263158e-01 2.247797e+00
5.000000e-01 2.226735e+00
4.761905e-01 2.207332e+00
4.545455e-01 2.189064e+00
4.347826e-01 2.171558e+00
4.166667e-01 2.154554e+00
4.000000e-01 2.137881e+00
3.846154e-01 2.121436e+00
3.703704e-01 2.105157e+00
3.571429e-01 2.089018e+00
3.448276e-01 2.073004e+00
3.333333e-01 2.057114e+00
3.225806e-01 2.041348e+00
3.125000e-01 2.025708e+00
3.030303e-01 2.010197e+00
2.941176e-01 1.994823e+00
2.857143e-01 1.979594e+00
2.777778e-01 1.964519e+00
2.702703e-01 1.949609e+00
2.631579e-01 1.934878e+00
2.564103e-01 1.920336e+00
2.500000e-01 1.905996e+00
2.439024e-01 1.891867e+00
2.380952e-01 1.877960e+00
2.325581e-01 1.864282e+00
2.272727e-01 1.850842e+00
2.222222e-01 1.837647e+00
2.173913e-01 1.824701e+00
2.127660e-01 1.812009e+00
2.083333e-01 1.799575e+00
2.040816e-01 1.787403e+00
2.000000e-01 1.775495e+00
1.960784e-01 1.763852e+00
1.923077e-01 1.752477e+00
1.886792e-01 1.741369e+00
1.851852e-01 1.730530e+00
1.818182e-01 1.719958e+00
1.785714e-01 1.709654e+00
1.754386e-01 1.699616e+00
1.724138e-01 1.689844e+00
1.694915e-01 1.680336e+00
1.666667e-01 1.671089e+00
1.639344e-01 1.662104e+00
1.612903e-01 1.653376e+00
1.587302e-01 1.644904e+00
1.562500e-01 1.636686e+00
1.538462e-01 1.628720e+00
1.515152e-01 1.621002e+00
1.492537e-01 1.613530e+00
1.470588e-01 1.606302e+00
1.449275e-01 1.599314e+00
1.428571e-01 1.592564e+00
1.408451e-01 1.586050e+00
1.388889e-01 1.579767e+00
1.369863e-01 1.573713e+00
1.351351e-01 1.567885e+00
1.333333e-01 1.562279e+00
1.315789e-01 1.556893e+00
1.298701e-01 1.551722e+00
1.282051e-01 1.546764e+00
1.265823e-01 1.542015e+00
1.250000e-01 1.537471e+00
1.234568e-01 1.533129e+00
1.219512e-01 1.528985e+00
1.204819e-01 1.525035e+00
1.190476e-01 1.521276e+00
1.176471e-01 1.517703e+00
1.162791e-01 1.514313e+00
1.149425e-01 1.511101e+00
1.136364e-01 1.508064e+00
1.123596e-01 1.505198e+00
1.111111e-01 1.502498e+00
1.098901e-01 1.499962e+00
1.086957e-01 1.497584e+00
1.075269e-01 1.495362e+00
1.063830e-01 1.493291e+00
1.052632e-01 1.491367e+00
1.041667e-01 1.489588e+00
1.030928e-01 1.487949e+00
1.020408e-01 1.486448e+00
1.010101e-01 1.485081e+00
1.000000e-01 1.483844e+00
9.900990e-02 1.482736e+00
9.803922e-02 1.481753e+00
9.708738e-02 1.480891e+00
9.615385e-02 1.480150e+00
9.523810e-02 1.479526e+00
9.433962e-02 1.479017e+00
9.345794e-02 1.478620e+00
9.259259e-02 1.478334e+00
9.174312e-02 1.478156e+00
9.090909e-02 1.478085e+00
9.009009e-02 1.478118e+00
8.928571e-02 1.478252e+00
8.849558e-02 1.478488e+00
8.771930e-02 1.478821e+00
8.695652e-02 1.479251e+00
8.620690e-02 1.479776e+00
8.547009e-02 1.480394e+00
8.474576e-02 1.481103e+00
8.403361e-02 1.481900e+00
8.333333e-02 1.482786e+00
8.264463e-02 1.483757e+00
8.196721e-02 1.484812e+00
8.130081e-02 1.485948e+00
8.064516e-02 1.487166e+00
8.000000e-02 1.488462e+00
7.936508e-02 1.489835e+00
7.874016e-02 1.491284e+00
7.812500e-02 1.492807e+00
7.751938e-02 1.494402e+00
7.692308e-02 1.496067e+00
7.633588e-02 1.497802e+00
7.575758e-02 1.499605e+00
7.518797e-02 1.501473e+00
7.462687e-02 1.503407e+00
7.407407e-02 1.505403e+00
7.352941e-02 1.507462e+00
7.299270e-02 1.509581e+00
7.246377e-02 1.511759e+00
7.194245e-02 1.513994e+00
7.142857e-02 1.516285e+00
7.092199e-02 1.518631e+00
7.042254e-02 1.521030e+00
6.993007e-02 1.523480e+00
6.944444e-02 1.525980e+00
6.896552e-02 1.528529e+00
6.849315e-02 1.531124e+00
6.802721e-02 1.533764e+00
6.756757e-02 1.536447e+00
6.711409e-02 1.539171e+00
6.666667e-02 1.541935e+00
6.622517e-02 1.544737e+00
6.578947e-02 1.547574e+00
6.535948e-02 1.550444e+00
6.493506e-02 1.553347e+00
6.451613e-02 1.556278e+00
6.410256e-02 1.559238e+00
6.369427e-02 1.562223e+00
6.329114e-02 1.565231e+00
6.289308e-02 1.568261e+00
6.250000e-02 1.571310e+00
6.211180e-02 1.574377e+00
6.172840e-02 1.577459e+00
6.134969e-02 1.580555e+00
6.097561e-02 1.583664e+00
6.060606e-02 1.586783e+00
6.024096e-02 1.589911e+00
5.988024e-02 1.593047e+00
5.952381e-02 1.596190e+00
5.917160e-02 1.599338e+00
5.882353e-02 1.602491e+00
5.847953e-02 1.605647e+00
5.813953e-02 1.608806e+00
5.780347e-02 1.611968e+00
5.747126e-02 1.615131e+00
5.714286e-02 1.618297e+00
5.681818e-02 1.621463e+00
5.649718e-02 1.624631e+00
5.617978e-02 1.627800e+00
5.586592e-02 1.630970e+00
5.555556e-02 1.634141e+00
5.524862e-02 1.637313e+00
5.494505e-02 1.640487e+00
5.464481e-02 1.643662e+00
5.434783e-02 1.646839e+00
5.405405e-02 1.650018e+00
5.376344e-02 1.653198e+00
5.347594e-02 1.656381e+00
5.319149e-02 1.659565e+00
5.291005e-02 1.662752e+00
5.263158e-02 1.665940e+00
5.235602e-02 1.669131e+00
5.208333e-02 1.672323e+00
5.181347e-02 1.675517e+00
5.154639e-02 1.678712e+00
5.128205e-02 1.681909e+00
5.102041e-02 1.685106e+00
5.076142e-02 1.688303e+00
5.050505e-02 1.691500e+00
5.025126e-02 1.694696e+00
5.000000e-02 1.697890e+00
4.975124e-02 1.701082e+00
4.950495e-02 1.704270e+00
4.926108e-02 1.707454e+00
4.901961e-02 1.710633e+00
4.878049e-02 1.713805e+00
4.854369e-02 1.716970e+00
4.830918e-02 1.720125e+00
4.807692e-02 1.723269e+00
4.784689e-02 1.726401e+00
4.761905e-02 1.729519e+00
4.739336e-02 1.732621e+00
4.716981e-02 1.735705e+00
4.694836e-02 1.738771e+00
4.672897e-02 1.741814e+00
4.651163e-02 1.744835e+00
4.629630e-02 1.747830e+00
4.608295e-02 1.750797e+00
4.587156e-02 1.753736e+00
4.566210e-02 1.756644e+00
4.545455e-02 1.759519e+00
4.524887e-02 1.762360e+00
4.504505e-02 1.765164e+00
4.484305e-02 1.767932e+00
4.464286e-02 1.770661e+00
4.444444e-02 1.773351e+00
4.424779e-02 1.775999e+00
4.405286e-02 1.778607e+00
4.385965e-02 1.781172e+00
4.366812e-02 1.783695e+00
4.347826e-02 1.786175e+00
4.329004e-02 1.788612e+00
4.310345e-02 1.791005e+00
4.291845e-02 1.793355e+00
4.273504e-02 1.795661e+00
4.255319e-02 1.797924e+00
4.237288e-02 1.800145e+00
4.219409e-02 1.802322e+00
4.201681e-02 1.804457e+00
4.184100e-02 1.806550e+00
4.166667e-02 1.808601e+00
4.149378e-02 1.810610e+00
4.132231e-02 1.812579e+00
4.115226e-02 1.814507e+00
4.098361e-02 1.816394e+00
4.081633e-02 1.818241e+00
4.065041e-02 1.820049e+00
4.048583e-02 1.821818e+00
4.032258e-02 1.823548e+00
4.016064e-02 1.825239e+00
4.000000e-02 1.826892e+00
3.984064e-02 1.828507e+00
3.968254e-02 1.830084e+00
3.952569e-02 1.831624e+00
3.937008e-02 1.833128e+00
3.921569e-02 1.834594e+00
3.906250e-02 1.836024e+00
3.891051e-02 1.837418e+00
3.875969e-02 1.838776e+00
3.861004e-02 1.840099e+00
3.846154e-02 1.841386e+00
3.831418e-02 1.842639e+00
3.816794e-02 1.843856e+00
3.802281e-02 1.845040e+00
3.787879e-02 1.846189e+00
3.773585e-02 1.847305e+00
3.759398e-02 1.848387e+00
3.745318e-02 1.849435e+00
3.731343e-02 1.850451e+00
3.717472e-02 1.851434e+00
3.703704e-02 1.852385e+00
3.690037e-02 1.853304e+00
3.676471e-02 1.854192e+00
3.663004e-02 1.855048e+00
3.649635e-02 1.855873e+00
3.636364e-02 1.856667e+00
3.623188e-02 1.857431e+00
3.610108e-02 1.858165e+00
3.597122e-02 1.858869e+00
3.584229e-02 1.859544e+00
3.571429e-02 1.860190e+00
3.558719e-02 1.860807e+00
3.546099e-02 1.861396e+00
3.533569e-02 1.861957e+00
3.521127e-02 1.862490e+00
3.508772e-02 1.862996e+00
3.496503e-02 1.863475e+00
3.484321e-02 1.863927e+00
3.472222e-02 1.864354e+00
3.460208e-02 1.864754e+00
3.448276e-02 1.865129e+00
3.436426e-02 1.865479e+00
3.424658e-02 1.865805e+00
3.412969e-02 1.866106e+00
3.401361e-02 1.866383e+00
3.389831e-02 1.866637e+00
3.378378e-02 1.866868e+00
3.367003e-02 1.867077e+00
3.355705e-02 1.867263e+00
3.344482e-02 1.867428e+00
3.333333e-02 1.867571e+00
3.322259e-02 1.867694e+00
3.311258e-02 1.867797e+00
3.300330e-02 1.867880e+00
3.289474e-02 1.867943e+00
3.278689e-02 1.867988e+00
3.267974e-02 1.868015e+00
3.257329e-02 1.868024e+00
3.246753e-02 1.868016e+00
3.236246e-02 1.867992e+00
3.225806e-02 1.867951e+00
3.215434e-02 1.867895e+00
3.205128e-02 1.867824e+00
3.194888e-02 1.867739e+00
3.184713e-02 1.867640e+00
3.174603e-02 1.867527e+00
3.164557e-02 1.867402e+00
3.154574e-02 1.867265e+00
3.144654e-02 1.867116e+00
3.134796e-02 1.866956e+00
3.125000e-02 1.866785e+00
3.115265e-02 1.866605e+00
3.105590e-02 1.866415e+00
3.095975e-02 1.866217e+00
3.086420e-02 1.866010e+00
3.076923e-02 1.865795e+00
3.067485e-02 1.865573e+00
3.058104e-02 1.865344e+00
3.048780e-02 1.865108e+00
3.039514e-02 1.864867e+00
3.030303e-02 1.864620e+00
3.021148e-02 1.864369e+00
3.012048e-02 1.864113e+00
3.003003e-02 1.863852e+00
2.994012e-02 1.863588e+00
2.985075e-02 1.863321e+00
2.976190e-02 1.863050e+00
2.967359e-02 1.862777e+00
2.958580e-02 1.862502e+00
2.949853e-02 1.862224e+00
2.941176e-02 1.861945e+00
2.932551e-02 1.861664e+00
2.923977e-02 1.861381e+00
2.915452e-02 1.861098e+00
2.906977e-02 1.860814e+00
2.898551e-02 1.860529e+00
2.890173e-02 1.860244e+00
2.881844e-02 1.859958e+00
2.873563e-02 1.859671e+00
2.865330e-02 1.859385e+00
2.857143e-02 1.859098e+00
2.849003e-02 1.858811e+00
2.840909e-02 1.858524e+00
2.832861e-02 1.858237e+00
2.824859e-02 1.857949e+00
2.816901e-02 1.857662e+00
2.808989e-02 1.857373e+00
2.801120e-02 1.857085e+00
2.793296e-02 1.856796e+00
2.785515e-02 1.856506e+00
2.777778e-02 1.856215e+00
2.770083e-02 1.855923e+00
2.762431e-02 1.855629e+00
2.754821e-02 1.855335e+00
2.747253e-02 1.855038e+00
2.739726e-02 1.854740e+00
2.732240e-02 1.854439e+00
2.724796e-02 1.854136e+00
2.717391e-02 1.853829e+00
2.710027e-02 1.853520e+00
2.702703e-02 1.853207e+00
2.695418e-02 1.852891e+00
2.688172e-02 1.852571e+00
2.680965e-02 1.852246e+00
2.673797e-02 1.851916e+00
2.666667e-02 1.851582e+00
2.659574e-02 1.851242e+00
2.652520e-02 1.850896e+00
2.645503e-02 1.850545e+00
2.638522e-02 1.850187e+00
2.631579e-02 1.849822e+00
2.624672e-02 1.849450e+00
2.617801e-02 1.849071e+00
2.610966e-02 1.848685e+00
2.604167e-02 1.848291e+00
2.597403e-02 1.847888e+00
2.590674e-02 1.847478e+00
2.583979e-02 1.847058e+00
2.577320e-02 1.846630e+00
2.570694e-02 1.846193e+00
2.564103e-02 1.845746e+00
2.557545e-02 1.845290e+00
2.551020e-02 1.844824e+00
2.544529e-02 1.844348e+00
2.538071e-02 1.843862e+00
2.531646e-02 1.843367e+00
2.525253e-02 1.842861e+00
2.518892e-02 1.842345e+00
2.512563e-02 1.841818e+00
2.506266e-02 1.841281e+00
2.500000e-02 1.840734e+00
2.493766e-02 1.840176e+00
2.487562e-02 1.839608e+00
2.481390e-02 1.839030e+00
2.475248e-02 1.838441e+00
2.469136e-02 1.837842e+00
2.463054e-02 1.837233e+00
2.457002e-02 1.836614e+00
2.450980e-02 1.835985e+00
2.444988e-02 1.835346e+00
2.439024e-02 1.834697e+00
2.433090e-02 1.834039e+00
2.427184e-02 1.833372e+00
2.421308e-02 1.832696e+00
2.415459e-02 1.832012e+00
2.409639e-02 1.831318e+00
2.403846e-02 1.830617e+00
2.398082e-02 1.829907e+00
2.392344e-02 1.829190e+00
2.386635e-02 1.828466e+00
2.380952e-02 1.827734e+00
2.375297e-02 1.826996e+00
2.369668e-02 1.826252e+00
2.364066e-02 1.825501e+00
2.358491e-02 1.824745e+00
2.352941e-02 1.823984e+00
2.347418e-02 1.823218e+00
2.341920e-02 1.822447e+00
2.336449e-02 1.821673e+00
2.331002e-02 1.820895e+00
2.325581e-02 1.820114e+00
2.320186e-02 1.819330e+00
2.314815e-02 1.818544e+00
2.309469e-02 1.817756e+00
2.304147e-02 1.816966e+00
2.298851e-02 1.816176e+00
2.293578e-02 1.815385e+00
2.288330e-02 1.814594e+00
2.283105e-02 1.813804e+00
2.277904e-02 1.813015e+00
2.272727e-02 1.812227e+00
2.267574e-02 1.811441e+00
2.262443e-02 1.810657e+00
2.257336e-02 1.809876e+00
2.252252e-02 1.809098e+00
2.247191e-02 1.808324e+00
2.242152e-02 1.807554e+00
2.237136e-02 1.806789e+00
2.232143e-02 1.806029e+00
2.227171e-02 1.805274e+00
2.222222e-02 1.804526e+00
2.217295e-02 1.803783e+00
2.212389e-02 1.803048e+00
2.207506e-02 1.802320e+00
2.202643e-02 1.801600e+00
2.197802e-02 1.800888e+00
2.192982e-02 1.800185e+00
2.188184e-02 1.799490e+00
2.183406e-02 1.798805e+00
2.178649e-02 1.798129e+00
2.173913e-02 1.797463e+00
2.169197e-02 1.796808e+00
2.164502e-02 1.796163e+00
2.159827e-02 1.795529e+00
2.155172e-02 1.794906e+00
2.150538e-02 1.794295e+00
2.145923e-02 1.793695e+00
2.141328e-02 1.793107e+00
2.136752e-02 1.792530e+00
2.132196e-02 1.791966e+00
2.127660e-02 1.791414e+00
2.123142e-02 1.790874e+00
2.118644e-02 1.790346e+00
2.114165e-02 1.789831e+00
2.109705e-02 1.789327e+00
2.105263e-02 1.788836e+00
2.100840e-02 1.788356e+00
2.096436e-02 1.787888e+00
2.092050e-02 1.787432e+00
2.087683e-02 1.786987e+00
2.083333e-02 1.786552e+00
2.079002e-02 1.786128e+00
2.074689e-02 1.785715e+00
2.070393e-02 1.785311e+00
2.066116e-02 1.784916e+00
2.061856e-02 1.784530e+00
2.057613e-02 1.784152e+00
2.053388e-02 1.783782e+00
2.049180e-02 1.783419e+00
2.044990e-02 1.783062e+00
2.040816e-02 1.782711e+00
2.036660e-02 1.782364e+00
2.032520e-02 1.782022e+00
2.028398e-02 1.781683e+00
2.024291e-02 1.781347e+00
2.020202e-02 1.781013e+00
2.016129e-02 1.780680e+00
2.012072e-02 1.780348e+00
2.008032e-02 1.780015e+00
2.004008e-02 1.779681e+00
2.000000e-02 1.779345e+00
1.996008e-02 1.779006e+00
1.992032e-02 1.778664e+00
1.988072e-02 1.778318e+00
1.984127e-02 1.777968e+00
1.980198e-02 1.777612e+00
1.976285e-02 1.777250e+00
1.972387e-02 1.776882e+00
1.968504e-02 1.776508e+00
1.964637e-02 1.776125e+00
1.960784e-02 1.775736e+00
1.956947e-02 1.775338e+00
1.953125e-02 1.774932e+00
1.949318e-02 1.774518e+00
1.945525e-02 1.774096e+00
1.941748e-02 1.773664e+00
1.937984e-02 1.773224e+00
1.934236e-02 1.772776e+00
1.930502e-02 1.772319e+00
1.926782e-02 1.771853e+00
1.923077e-02 1.771380e+00
1.919386e-02 1.770898e+00
1.915709e-02 1.770409e+00
1.912046e-02 1.769913e+00
1.908397e-02 1.769410e+00
1.904762e-02 1.768901e+00
1.901141e-02 1.768385e+00
1.897533e-02 1.767865e+00
1.893939e-02 1.767339e+00
1.890359e-02 1.766809e+00
1.886792e-02 1.766276e+00
1.883239e-02 1.765740e+00
1.879699e-02 1.765201e+00
1.876173e-02 1.764661e+00
1.872659e-02 1.764120e+00
1.869159e-02 1.763578e+00
1.865672e-02 1.763037e+00
1.862197e-02 1.762496e+00
1.858736e-02 1.761958e+00
1.855288e-02 1.761422e+00
1.851852e-02 1.760889e+00
1.848429e-02 1.760360e+00
1.845018e-02 1.759835e+00
1.841621e-02 1.759315e+00
1.838235e-02 1.758802e+00
1.834862e-02 1.758294e+00
1.831502e-02 1.757793e+00
1.828154e-02 1.757300e+00
1.824818e-02 1.756815e+00
1.821494e-02 1.756339e+00
1.818182e-02 1.755872e+00
1.814882e-02 1.755414e+00
1.811594e-02 1.754966e+00
1.808318e-02 1.754530e+00
1.805054e-02 1.754104e+00
1.801802e-02 1.753689e+00
1.798561e-02 1.753287e+00
1.795332e-02 1.752896e+00
1.792115e-02 1.752518e+00
1.788909e-02 1.752153e+00
1.785714e-02 1.751801e+00
1.782531e-02 1.751463e+00
1.779359e-02 1.751138e+00
1.776199e-02 1.750827e+00
1.773050e-02 1.750530e+00
1.769912e-02 1.750247e+00
1.766784e-02 1.749979e+00
1.763668e-02 1.749726e+00
1.760563e-02 1.749487e+00
1.757469e-02 1.749263e+00
1.754386e-02 1.749054e+00
1.751313e-02 1.748860e+00
1.748252e-02 1.748682e+00
1.745201e-02 1.748518e+00
1.742160e-02 1.748370e+00
1.739130e-02 1.748237e+00
1.736111e-02 1.748119e+00
1.733102e-02 1.748016e+00
1.730104e-02 1.747929e+00
1.727116e-02 1.747857e+00
1.724138e-02 1.747800e+00
1.721170e-02 1.747758e+00
1.718213e-02 1.747731e+00
1.715266e-02 1.747720e+00
1.712329e-02 1.747723e+00
1.709402e-02 1.747741e+00
1.706485e-02 1.747773e+00
1.703578e-02 1.747821e+00
1.700680e-02 1.747883e+00
1.697793e-02 1.747959e+00
1.694915e-02 1.748050e+00
1.692047e-02 1.748154e+00
1.689189e-02 1.748273e+00
1.686341e-02 1.748406e+00
1.683502e-02 1.748552e+00
1.680672e-02 1.748712e+00
1.677852e-02 1.748886e+00
1.675042e-02 1.749073e+00
1.672241e-02 1.749273e+00
1.669449e-02 1.749486e+00
1.666667e-02 1.749711e+00
1.663894e-02 1.749950e+00
1.661130e-02 1.750201e+00
1.658375e-02 1.750464e+00
1.655629e-02 1.750739e+00
1.652893e-02 1.751026e+00
1.650165e-02 1.751325e+00
1.647446e-02 1.751636e+00
1.644737e-02 1.751958e+00
1.642036e-02 1.752291e+00
1.639344e-02 1.752636e+00
1.636661e-02 1.752991e+00
1.633987e-02 1.753357e+00
1.631321e-02 1.753734e+00
1.628664e-02 1.754121e+00
1.626016e-02 1.754518e+00
1.623377e-02 1.754925e+00
1.620746e-02 1.755342e+00
1.618123e-02 1.755769e+00
1.615509e-02 1.756205e+00
1.612903e-02 1.756650e+00
1.610306e-02 1.757105e+00
1.607717e-02 1.757569e+00
1.605136e-02 1.758042e+00
1.602564e-02 1.758523e+00
1.600000e-02 1.759013e+00
1.597444e-02 1.759511e+00
1.594896e-02 1.760018e+00
1.592357e-02 1.760533e+00
1.589825e-02 1.761055e+00
1.587302e-02 1.761586e+00
1.584786e-02 1.762124e+00
1.582278e-02 1.762669e+00
1.579779e-02 1.763223e+00
1.577287e-02 1.763783e+00
1.574803e-02 1.764351e+00
1.572327e-02 1.764925e+00
1.569859e-02 1.765507e+00
1.567398e-02 1.766095e+00
1.564945e-02 1.766690e+00
1.562500e-02 1.767292e+00
1.560062e-02 1.767901e+00
1.557632e-02 1.768515e+00
1.555210e-02 1.769136e+00
1.552795e-02 1.769764e+00
1.550388e-02 1.770397e+00
1.547988e-02 1.771037e+00
1.545595e-02 1.771682e+00
1.543210e-02 1.772334e+00
1.540832e-02 1.772991e+00
1.538462e-02 1.773655e+00
1.536098e-02 1.774324e+00
1.533742e-02 1.774998e+00
1.531394e-02 1.775679e+00
1.529052e-02 1.776365e+00
1.526718e-02 1.777056e+00
1.524390e-02 1.777753e+00
1.522070e-02 1.778456e+00
1.519757e-02 1.779164e+00
1.517451e-02 1.779877e+00
1.515152e-02 1.780596e+00
1.512859e-02 1.781320e+00
1.510574e-02 1.782049e+00
1.508296e-02 1.782784e+00
1.506024e-02 1.783524e+00
1.503759e-02 1.784269e+00
1.501502e-02 1.785019e+00
1.499250e-02 1.785775e+00
1.497006e-02 1.786536e+00
1.494768e-02 1.787302e+00
1.492537e-02 1.788073e+00
1.490313e-02 1.788850e+00
1.488095e-02 1.789632e+00
1.485884e-02 1.790419e+00
1.483680e-02 1.791211e+00
1.481481e-02 1.792008e+00
1.479290e-02 1.792810e+00
1.477105e-02 1.793618e+00
1.474926e-02 1.794431e+00
1.472754e-02 1.795249e+00
1.470588e-02 1.796072e+00
1.468429e-02 1.796901e+00
1.466276e-02 1.797734e+00
1.464129e-02 1.798573e+00
1.461988e-02 1.799417e+00
1.459854e-02 1.800267e+00
1.457726e-02 1.801121e+00
1.455604e-02 1.801981e+00
1.453488e-02 1.802846e+00
1.451379e-02 1.803717e+00
1.449275e-02 1.804592e+00
1.447178e-02 1.805473e+00
1.445087e-02 1.806359e+00
1.443001e-02 1.807250e+00
1.440922e-02 1.808147e+00
1.438849e-02 1.809049e+00
1.436782e-02 1.809956e+00
1.434720e-02 1.810869e+00
1.432665e-02 1.811787e+00
1.430615e-02 1.812710e+00
1.428571e-02 1.813638e+00
1.426534e-02 1.814572e+00
1.424501e-02 1.815512e+00
1.422475e-02 1.816456e+00
1.420455e-02 1.817406e+00
1.418440e-02 1.818361e+00
1.416431e-02 1.819322e+00
1.414427e-02 1.820288e+00
1.412429e-02 1.821259e+00
1.410437e-02 1.822236e+00
1.408451e-02 1.823219e+00
1.406470e-02 1.824206e+00
1.404494e-02 1.825199e+00
1.402525e-02 1.826198e+00
1.400560e-02 1.827202e+00
1.398601e-02 1.828211e+00
1.396648e-02 1.829226e+00
1.394700e-02 1.830247e+00
1.392758e-02 1.831273e+00
1.390821e-02 1.832304e+00
1.388889e-02 1.833341e+00
1.386963e-02 1.834384e+00
1.385042e-02 1.835432e+00
1.383126e-02 1.836486e+00
1.381215e-02 1.837546e+00
1.379310e-02 1.838611e+00
1.377410e-02 1.839682e+00
1.375516e-02 1.840758e+00
1.373626e-02 1.841840e+00
1.371742e-02 1.842929e+00
1.369863e-02 1.844022e+00
1.367989e-02 1.845122e+00
1.366120e-02 1.846228e+00
1.364256e-02 1.847339e+00
1.362398e-02 1.848457e+00
1.360544e-02 1.849580e+00
1.358696e-02 1.850710e+00
1.356852e-02 1.851846e+00
1.355014e-02 1.852987e+00
1.353180e-02 1.854135e+00
1.351351e-02 1.855290e+00
1.349528e-02 1.856450e+00
1.347709e-02 1.857617e+00
1.345895e-02 1.858790e+00
1.344086e-02 1.859970e+00
1.342282e-02 1.861157e+00
1.340483e-02 1.862350e+00
1.338688e-02 1.863549e+00
1.336898e-02 1.864756e+00
1.335113e-02 1.865969e+00
1.333333e-02 1.867189e+00
1.331558e-02 1.868416e+00
1.329787e-02 1.869651e+00
1.328021e-02 1.870892e+00
1.326260e-02 1.872141e+00
1.324503e-02 1.873397e+00
1.322751e-02 1.874661e+00
1.321004e-02 1.875932e+00
1.319261e-02 1.877211e+00
1.317523e-02 1.878498e+00
1.315789e-02 1.879792e+00
1.314060e-02 1.881095e+00
1.312336e-02 1.882405e+00
1.310616e-02 1.883724e+00
1.308901e-02 1.885052e+00
1.307190e-02 1.886388e+00
1.305483e-02 1.887732e+00
1.303781e-02 1.889086e+00
1.302083e-02 1.890448e+00
1.300390e-02 1.891820e+00
1.298701e-02 1.893201e+00
1.297017e-02 1.894591e+00
1.295337e-02 1.895991e+00
1.293661e-02 1.897400e+00
1.291990e-02 1.898820e+00
1.290323e-02 1.900250e+00
1.288660e-02 1.901690e+00
1.287001e-02 1.903141e+00
1.285347e-02 1.904602e+00
1.283697e-02 1.906075e+00
1.282051e-02 1.907559e+00
1.280410e-02 1.909054e+00
1.278772e-02 1.910561e+00
1.277139e-02 1.912080e+00
1.275510e-02 1.913611e+00
1.273885e-02 1.915155e+00
1.272265e-02 1.916712e+00
1.270648e-02 1.918282e+00
1.269036e-02 1.919866e+00
1.267427e-02 1.921463e+00
1.265823e-02 1.923075e+00
1.264223e-02 1.924701e+00
1.262626e-02 1.926343e+00
1.261034e-02 1.927999e+00
1.259446e-02 1.929672e+00
1.257862e-02 1.931361e+00
1.256281e-02 1.933068e+00
1.254705e-02 1.934791e+00
1.253133e-02 1.936533e+00
1.251564e-02 1.938293e+00
1.250000e-02 1.940072e+00
1.248439e-02 1.941872e+00
1.246883e-02 1.943692e+00
1.245330e-02 1.945534e+00
1.243781e-02 1.947397e+00
1.242236e-02 1.949284e+00
1.240695e-02 1.951195e+00
1.239157e-02 1.953131e+00
1.237624e-02 1.955093e+00
1.236094e-02 1.957082e+00
1.234568e-02 1.959099e+00
1.233046e-02 1.961146e+00
1.231527e-02 1.963224e+00
1.230012e-02 1.965334e+00
1.228501e-02 1.967477e+00
1.226994e-02 1.969656e+00
1.225490e-02 1.971871e+00
1.223990e-02 1.974125e+00
1.222494e-02 1.976418e+00
1.221001e-02 1.978754e+00
1.219512e-02 1.981133e+00
1.218027e-02 1.983557e+00
1.216545e-02 1.986028e+00
1.215067e-02 1.988549e+00
1.213592e-02 1.991120e+00
1.212121e-02 1.993743e+00
1.210654e-02 1.996419e+00
1.209190e-02 1.999151e+00
1.207729e-02 2.001938e+00
1.206273e-02 2.004781e+00
1.204819e-02 2.007680e+00
1.203369e-02 2.010635e+00
1.201923e-02 2.013645e+00
1.200480e-02 2.016707e+00
1.199041e-02 2.019818e+00
1.197605e-02 2.022975e+00
1.196172e-02 2.026173e+00
1.194743e-02 2.029404e+00
1.193317e-02 2.032661e+00
1.191895e-02 2.035936e+00
1.190476e-02 2.039217e+00
1.189061e-02 2.042493e+00
1.187648e-02 2.045752e+00
1.186240e-02 2.048980e+00
1.184834e-02 2.052163e+00
1.183432e-02 2.055286e+00
1.182033e-02 2.058336e+00
1.180638e-02 2.061299e+00
1.179245e-02 2.064164e+00
1.177856e-02 2.066921e+00
1.176471e-02 2.069562e+00
1.175088e-02 2.072081e+00
1.173709e-02 2.074475e+00
1.172333e-02 2.076745e+00
1.170960e-02 2.078894e+00
1.169591e-02 2.080927e+00
1.168224e-02 2.082852e+00
1.166861e-02 2.084678e+00
1.165501e-02 2.086418e+00
1.164144e-02 2.088084e+00
1.162791e-02 2.089687e+00
1.161440e-02 2.091241e+00
1.160093e-02 2.092759e+00
1.158749e-02 2.094252e+00
1.157407e-02 2.095732e+00
1.156069e-02 2.097207e+00
1.154734e-02 2.098688e+00
1.153403e-02 2.100181e+00
1.152074e-02 2.101692e+00
1.150748e-02 2.103227e+00
1.149425e-02 2.104790e+00
1.148106e-02 2.106384e+00
1.146789e-02 2.108011e+00
1.145475e-02 2.109672e+00
1.144165e-02 2.111369e+00
1.142857e-02 2.113101e+00
1.141553e-02 2.114870e+00
1.140251e-02 2.116673e+00
1.138952e-02 2.118510e+00
1.137656e-02 2.120381e+00
1.136364e-02 2.122284e+00
1.135074e-02 2.124218e+00
1.133787e-02 2.126182e+00
1.132503e-02 2.128174e+00
1.131222e-02 2.130194e+00
1.129944e-02 2.132239e+00
1.128668e-02 2.134309e+00
1.127396e-02 2.136402e+00
1.126126e-02 2.138517e+00
1.124859e-02 2.140654e+00
1.123596e-02 2.142811e+00
1.122334e-02 2.144987e+00
1.121076e-02 2.147181e+00
1.119821e-02 2.149393e+00
1.118568e-02 2.151622e+00
1.117318e-02 2.153867e+00
1.116071e-02 2.156127e+00
1.114827e-02 2.158403e+00
1.113586e-02 2.160693e+00
1.112347e-02 2.162998e+00
1.111111e-02 2.165316e+00
1.109878e-02 2.167649e+00
1.108647e-02 2.169994e+00
1.107420e-02 2.172353e+00
1.106195e-02 2.174725e+00
1.104972e-02 2.177110e+00
1.103753e-02 2.179508e+00
1.102536e-02 2.181919e+00
1.101322e-02 2.184343e+00
1.100110e-02 2.186781e+00
1.098901e-02 2.189232e+00
1.097695e-02 2.191697e+00
1.096491e-02 2.194176e+00
1.095290e-02 2.196669e+00
1.094092e-02 2.199176e+00
1.092896e-02 2.201699e+00
1.091703e-02 2.204236e+00
1.090513e-02 2.206790e+00
1.089325e-02 2.209359e+00
1.088139e-02 2.211945e+00
1.086957e-02 2.214548e+00
1.085776e-02 2.217169e+00
1.084599e-02 2.219808e+00
1.083424e-02 2.222467e+00
1.082251e-02 2.225144e+00
1.081081e-02 2.227842e+00
1.079914e-02 2.230561e+00
1.078749e-02 2.233302e+00
1.077586e-02 2.236066e+00
1.076426e-02 2.238853e+00
1.075269e-02 2.241664e+00
1.074114e-02 2.244501e+00
1.072961e-02 2.247364e+00
1.071811e-02 2.250254e+00
1.070664e-02 2.253173e+00
1.069519e-02 2.256121e+00
1.068376e-02 2.259100e+00
1.067236e-02 2.262111e+00
1.066098e-02 2.265154e+00
1.064963e-02 2.268233e+00
1.063830e-02 2.271347e+00
1.062699e-02 2.274499e+00
1.061571e-02 2.277690e+00
1.060445e-02 2.280921e+00
1.059322e-02 2.284194e+00
1.058201e-02 2.287511e+00
1.057082e-02 2.290874e+00
1.055966e-02 2.294285e+00
1.054852e-02 2.297745e+00
1.053741e-02 2.301258e+00
1.052632e-02 2.304824e+00
1.051525e-02 2.308447e+00
1.050420e-02 2.312128e+00
1.049318e-02 2.315871e+00
1.048218e-02 2.319678e+00
1.047120e-02 2.323551e+00
1.046025e-02 2.327494e+00
1.044932e-02 2.331509e+00
1.043841e-02 2.335601e+00
1.042753e-02 2.339771e+00
1.041667e-02 2.344024e+00
1.040583e-02 2.348363e+00
1.039501e-02 2.352792e+00
1.038422e-02 2.357314e+00
1.037344e-02 2.361934e+00
1.036269e-02 2.366656e+00
1.035197e-02 2.371485e+00
1.034126e-02 2.376423e+00
1.033058e-02 2.381477e+00
1.031992e-02 2.386651e+00
1.030928e-02 2.391950e+00
1.029866e-02 2.397378e+00
1.028807e-02 2.402941e+00
1.027749e-02 2.408643e+00
1.026694e-02 2.414491e+00
1.025641e-02 2.420488e+00
1.024590e-02 2.426641e+00
1.023541e-02 2.432953e+00
1.022495e-02 2.439430e+00
1.021450e-02 2.446077e+00
1.020408e-02 2.452898e+00
1.019368e-02 2.459897e+00
1.018330e-02 2.467079e+00
1.017294e-02 2.474446e+00
1.016260e-02 2.482001e+00
1.015228e-02 2.489746e+00
1.014199e-02 2.497684e+00
1.013171e-02 2.505814e+00
1.012146e-02 2.514136e+00
1.011122e-02 2.522648e+00
1.010101e-02 2.531349e+00
1.009082e-02 2.540233e+00
1.008065e-02 2.549295e+00
1.007049e-02 2.558529e+00
1.006036e-02 2.567926e+00
1.005025e-02 2.577476e+00
1.004016e-02 2.587168e+00
1.003009e-02 2.596986e+00
1.002004e-02 2.606918e+00
1.001001e-02 2.616945e+00
1.000000e-02 2.627051e+00
9.990010e-03 2.637215e+00
9.980040e-03 2.647416e+00
9.970090e-03 2.657634e+00
9.960159e-03 2.667846e+00
9.950249e-03 2.678029e+00
9.940358e-03 2.688162e+00
9.930487e-03 2.698220e+00
9.920635e-03 2.708183e+00
9.910803e-03 2.718030e+00
9.900990e-03 2.727740e+00
9.891197e-03 2.737295e+00
9.881423e-03 2.746677e+00
9.871668e-03 2.755871e+00
9.861933e-03 2.764863e+00
9.852217e-03 2.773642e+00
9.842520e-03 2.782196e+00
9.832842e-03 2.790518e+00
9.823183e-03 2.798599e+00
9.813543e-03 2.806433e+00
9.803922e-03 2.814016e+00
9.794319e-03 2.821342e+00
9.784736e-03 2.828408e+00
9.775171e-03 2.835211e+00
9.765625e-03 2.841746e+00
9.756098e-03 2.848011e+00
9.746589e-03 2.854000e+00
9.737098e-03 2.859711e+00
9.727626e-03 2.865137e+00
9.718173e-03 2.870274e+00
9.708738e-03 2.875115e+00
9.699321e-03 2.879656e+00
9.689922e-03 2.883888e+00
9.680542e-03 2.887806e+00
9.671180e-03 2.891403e+00
9.661836e-03 2.894671e+00
9.652510e-03 2.897606e+00
9.643202e-03 2.900200e+00
9.633911e-03 2.902449e+00
9.624639e-03 2.904349e+00
9.615385e-03 2.905896e+00
9.606148e-03 2.907089e+00
9.596929e-03 2.907926e+00
9.587728e-03 2.908409e+00
9.578544e-03 2.908540e+00
9.569378e-03 2.908324e+00
9.560229e-03 2.907765e+00
9.551098e-03 2.906871e+00
9.541985e-03 2.905651e+00
9.532888e-03 2.904116e+00
9.523810e-03 2.902279e+00
9.514748e-03 2.900151e+00
9.505703e-03 2.897749e+00
9.496676e-03 2.895089e+00
9.487666e-03 2.892188e+00
9.478673e-03 2.889063e+00
9.469697e-03 2.885734e+00
9.460738e-03 2.882220e+00
9.451796e-03 2.878541e+00
9.442871e-03 2.874716e+00
9.433962e-03 2.870766e+00
9.425071e-03 2.866709e+00
9.416196e-03 2.862567e+00
9.407338e-03 2.858357e+00
9.398496e-03 2.854099e+00
9.389671e-03 2.849811e+00
9.380863e-03 2.845508e+00
9.372071e-03 2.841209e+00
9.363296e-03 2.836928e+00
9.354537e-03 2.832680e+00
9.345794e-03 2.828479e+00
9.337068e-03 2.824336e+00
9.328358e-03 2.820264e+00
9.319664e-03 2.816272e+00
9.310987e-03 2.812371e+00
9.302326e-03 2.808569e+00
9.293680e-03 2.804873e+00
9.285051e-03 2.801290e+00
9.276438e-03 2.797825e+00
9.267841e-03 2.794483e+00
9.259259e-03 2.791269e+00
9.250694e-03 2.788184e+00
9.242144e-03 2.785232e+00
9.233610e-03 2.782415e+00
9.225092e-03 2.779733e+00
9.216590e-03 2.777187e+00
9.208103e-03 2.774778e+00
9.199632e-03 2.772504e+00
9.191176e-03 2.770365e+00
9.182736e-03 2.768360e+00
9.174312e-03 2.766488e+00
9.165903e-03 2.764745e+00
9.157509e-03 2.763132e+00
9.149131e-03 2.761644e+00
9.140768e-03 2.760280e+00
9.132420e-03 2.759037e+00
9.124088e-03 2.757912e+00
9.115770e-03 2.756903e+00
9.107468e-03 2.756006e+00
9.099181e-03 2.755219e+00
9.090909e-03 2.754539e+00
9.082652e-03 2.753962e+00
9.074410e-03 2.753485e+00
9.066183e-03 2.753106e+00
9.057971e-03 2.752822e+00
9.049774e-03 2.752628e+00
9.041591e-03 2.752523e+00
9.033424e-03 2.752503e+00
9.025271e-03 2.752565e+00
9.017133e-03 2.752706e+00
9.009009e-03 2.752923e+00
9.000900e-03 2.753212e+00
8.992806e-03 2.753572e+00
8.984726e-03 2.753998e+00
8.976661e-03 2.754487e+00
8.968610e-03 2.755036e+00
8.960573e-03 2.755642e+00
8.952551e-03 2.756301e+00
8.944544e-03 2.757010e+00
8.936550e-03 2.757765e+00
8.928571e-03 2.758561e+00
8.920607e-03 2.759397e+00
8.912656e-03 2.760266e+00
8.904720e-03 2.761166e+00
8.896797e-03 2.762092e+00
8.888889e-03 2.763040e+00
8.880995e-03 2.764006e+00
8.873114e-03 2.764985e+00
8.865248e-03 2.765973e+00
8.857396e-03 2.766967e+00
8.849558e-03 2.767962e+00
8.841733e-03 2.768955e+00
8.833922e-03 2.769942e+00
8.826125e-03 2.770921e+00
8.818342e-03 2.771889e+00
8.810573e-03 2.772844e+00
8.802817e-03 2.773785e+00
8.795075e-03 2.774710e+00
8.787346e-03 2.775621e+00
8.779631e-03 2.776517e+00
8.771930e-03 2.777399e+00
8.764242e-03 2.778269e+00
8.756567e-03 2.779129e+00
8.748906e-03 2.779982e+00
8.741259e-03 2.780831e+00
8.733624e-03 2.781679e+00
8.726003e-03 2.782529e+00
8.718396e-03 2.783386e+00
8.710801e-03 2.784253e+00
8.703220e-03 2.785134e+00
8.695652e-03 2.786032e+00
8.688097e-03 2.786951e+00
8.680556e-03 2.787893e+00
8.673027e-03 2.788862e+00
8.665511e-03 2.789860e+00
8.658009e-03 2.790890e+00
8.650519e-03 2.791952e+00
8.643042e-03 2.793050e+00
8.635579e-03 2.794184e+00
8.628128e-03 2.795354e+00
8.620690e-03 2.796563e+00
8.613264e-03 2.797810e+00
8.605852e-03 2.799096e+00
8.598452e-03 2.800421e+00
8.591065e-03 2.801784e+00
8.583691e-03 2.803187e+00
8.576329e-03 2.804628e+00
8.568980e-03 2.806107e+00
8.561644e-03 2.807624e+00
8.554320e-03 2.809178e+00
8.547009e-03 2.810769e+00
8.539710e-03 2.812397e+00
8.532423e-03 2.814061e+00
8.525149e-03 2.815760e+00
8.517888e-03 2.817494e+00
8.510638e-03 2.819262e+00
8.503401e-03 2.821065e+00
8.496177e-03 2.822902e+00
8.488964e-03 2.824772e+00
8.481764e-03 2.826675e+00
8.474576e-03 2.828612e+00
8.467401e-03 2.830581e+00
8.460237e-03 2.832582e+00
8.453085e-03 2.834616e+00
8.445946e-03 2.836683e+00
8.438819e-03 2.838782e+00
8.431703e-03 2.840913e+00
8.424600e-03 2.843077e+00
8.417508e-03 2.845274e+00
8.410429e-03 2.847504e+00
8.403361e-03 2.849768e+00
8.396306e-03 2.852065e+00
8.389262e-03 2.854396e+00
8.382230e-03 2.856763e+00
8.375209e-03 2.859164e+00
8.368201e-03 2.861602e+00
8.361204e-03 2.864076e+00
8.354219e-03 2.866587e+00
8.347245e-03 2.869137e+00
8.340284e-03 2.871727e+00
8.333333e-03 2.874357e+00
