# T	Cv
1.000000e+01 3.791207e-01
5.000000e+00 1.162711e+00
3.333333e+00 1.923440e+00
2.500000e+00 2.466389e+00
2.000000e+00 2.771802e+00
1.666667e+00 2.893380e+00
1.428571e+00 2.896017e+00
1.250000e+00 2.832055e+00
1.111111e+00 2.737210e+00
1.000000e+00 2.633418e+00
9.090909e-01 2.532939e+00
8.333333e-01 2.441826e+00
7.692308e-01 2.362407e+00
7.142857e-01 2.294915e+00
6.666667e-01 2.238501e+00
6.250000e-01 2.191845e+00
5.882353e-01 2.153494e+00
5.555556e-01 2.122053e+00
5.263158e-01 2.096264e+00
5.000000e-01 2.075047e+00
4.761905e-01 2.057497e+00
4.545455e-01 2.042873e+00
4.347826e-01 2.030579e+00
4.166667e-01 2.020144e+00
4.000000e-01 2.011197e+00
3.846154e-01 2.003453e+00
3.703704e-01 1.996693e+00
3.571429e-01 1.990753e+00
3.448276e-01 1.985508e+00
3.333333e-01 1.980869e+00
3.225806e-01 1.976771e+00
3.125000e-01 1.973165e+00
3.030303e-01 1.970018e+00
2.941176e-01 1.967305e+00
2.857143e-01 1.965006e+00
2.777778e-01 1.963104e+00
2.702703e-01 1.961585e+00
2.631579e-01 1.960434e+00
2.564103e-01 1.959637e+00
2.500000e-01 1.959177e+00
2.439024e-01 1.959039e+00
2.380952e-01 1.959209e+00
2.325581e-01 1.959669e+00
2.272727e-01 1.960405e+00
2.222222e-01 1.961399e+00
2.173913e-01 1.962637e+00
2.127660e-01 1.964104e+00
2.083333e-01 1.965787e+00
2.040816e-01 1.967675e+00
2.000000e-01 1.969758e+00
1.960784e-01 1.972030e+00
1.923077e-01 1.974486e+00
1.886792e-01 1.977122e+00
1.851852e-01 1.979937e+00
1.818182e-01 1.982928e+00
1.785714e-01 1.986096e+00
1.754386e-01 1.989440e+00
1.724138e-01 1.992959e+00
1.694915e-01 1.996652e+00
1.666667e-01 2.000519e+00
1.639344e-01 2.004558e+00
1.612903e-01 2.008766e+00
1.587302e-01 2.013141e+00
1.562500e-01 2.017679e+00
1.538462e-01 2.022378e+00
1.515152e-01 2.027232e+00
1.492537e-01 2.032238e+00
1.470588e-01 2.037390e+00
1.449275e-01 2.042682e+00
1.428571e-01 2.048109e+00
1.408451e-01 2.053665e+00
1.388889e-01 2.059343e+00
1.369863e-01 2.065138e+00
1.351351e-01 2.071041e+00
1.333333e-01 2.077046e+00
1.315789e-01 2.083146e+00
1.298701e-01 2.089335e+00
1.282051e-01 2.095604e+00
1.265823e-01 2.101947e+00
1.250000e-01 2.108357e+00
1.234568e-01 2.114827e+00
1.219512e-01 2.121351e+00
1.204819e-01 2.127921e+00
1.190476e-01 2.134532e+00
1.176471e-01 2.141177e+00
1.162791e-01 2.147850e+00
1.149425e-01 2.154547e+00
1.136364e-01 2.161262e+00
1.123596e-01 2.167989e+00
1.111111e-01 2.174725e+00
1.098901e-01 2.181465e+00
1.086957e-01 2.188206e+00
1.075269e-01 2.194943e+00
1.063830e-01 2.201673e+00
1.052632e-01 2.208394e+00
1.041667e-01 2.215102e+00
1.030928e-01 2.221795e+00
1.020408e-01 2.228470e+00
1.010101e-01 2.235127e+00
1.000000e-01 2.241761e+00
9.900990e-02 2.248373e+00
9.803922e-02 2.254960e+00
9.708738e-02 2.261521e+00
9.615385e-02 2.268054e+00
9.523810e-02 2.274559e+00
9.433962e-02 2.281034e+00
9.345794e-02 2.287478e+00
9.259259e-02 2.293891e+00
9.174312e-02 2.300273e+00
9.090909e-02 2.306621e+00
9.009009e-02 2.312937e+00
8.928571e-02 2.319220e+00
8.849558e-02 2.325470e+00
8.771930e-02 2.331686e+00
8.695652e-02 2.337869e+00
8.620690e-02 2.344018e+00
8.547009e-02 2.350135e+00
8.474576e-02 2.356219e+00
8.403361e-02 2.362271e+00
8.333333e-02 2.368291e+00
8.264463e-02 2.374280e+00
8.196721e-02 2.380239e+00
8.130081e-02 2.386168e+00
8.064516e-02 2.392067e+00
8.000000e-02 2.397938e+00
7.936508e-02 2.403781e+00
7.874016e-02 2.409597e+00
7.812500e-02 2.415387e+00
7.751938e-02 2.421152e+00
7.692308e-02 2.426891e+00
7.633588e-02 2.432607e+00
7.575758e-02 2.438299e+00
7.518797e-02 2.443967e+00
7.462687e-02 2.449614e+00
7.407407e-02 2.455238e+00
7.352941e-02 2.460840e+00
7.299270e-02 2.466420e+00
7.246377e-02 2.471978e+00
7.194245e-02 2.477513e+00
7.142857e-02 2.483025e+00
7.092199e-02 2.488512e+00
7.042254e-02 2.493972e+00
6.993007e-02 2.499404e+00
6.944444e-02 2.504805e+00
6.896552e-02 2.510172e+00
6.849315e-02 2.515501e+00
6.802721e-02 2.520787e+00
6.756757e-02 2.526026e+00
6.711409e-02 2.531212e+00
6.666667e-02 2.536337e+00
6.622517e-02 2.541396e+00
6.578947e-02 2.546381e+00
6.535948e-02 2.551284e+00
6.493506e-02 2.556097e+00
6.451613e-02 2.560813e+00
6.410256e-02 2.565425e+00
6.369427e-02 2.569924e+00
6.329114e-02 2.574306e+00
6.289308e-02 2.578564e+00
6.250000e-02 2.582695e+00
6.211180e-02 2.586694e+00
6.172840e-02 2.590560e+00
6.134969e-02 2.594292e+00
6.097561e-02 2.597890e+00
6.060606e-02 2.601355e+00
6.024096e-02 2.604690e+00
5.988024e-02 2.607899e+00
5.952381e-02 2.610983e+00
5.917160e-02 2.613949e+00
5.882353e-02 2.616802e+00
5.847953e-02 2.619545e+00
5.813953e-02 2.622183e+00
5.780347e-02 2.624723e+00
5.747126e-02 2.627169e+00
5.714286e-02 2.629524e+00
5.681818e-02 2.631793e+00
5.649718e-02 2.633980e+00
5.617978e-02 2.636088e+00
5.586592e-02 2.638118e+00
5.555556e-02 2.640072e+00
5.524862e-02 2.641953e+00
5.494505e-02 2.643760e+00
5.464481e-02 2.645493e+00
5.434783e-02 2.647152e+00
5.405405e-02 2.648737e+00
5.376344e-02 2.650244e+00
5.347594e-02 2.651674e+00
5.319149e-02 2.653023e+00
5.291005e-02 2.654290e+00
5.263158e-02 2.655473e+00
5.235602e-02 2.656569e+00
5.208333e-02 2.657578e+00
5.181347e-02 2.658497e+00
5.154639e-02 2.659324e+00
5.128205e-02 2.660060e+00
5.102041e-02 2.660702e+00
5.076142e-02 2.661250e+00
5.050505e-02 2.661703e+00
5.025126e-02 2.662060e+00
5.000000e-02 2.662320e+00
4.975124e-02 2.662481e+00
4.950495e-02 2.662542e+00
4.926108e-02 2.662499e+00
4.901961e-02 2.662351e+00
4.878049e-02 2.662091e+00
4.854369e-02 2.661717e+00
4.830918e-02 2.661222e+00
4.807692e-02 2.660600e+00
4.784689e-02 2.659843e+00
4.761905e-02 2.658945e+00
4.739336e-02 2.657898e+00
4.716981e-02 2.656694e+00
4.694836e-02 2.655325e+00
4.672897e-02 2.653784e+00
4.651163e-02 2.652065e+00
4.629630e-02 2.650164e+00
4.608295e-02 2.648075e+00
4.587156e-02 2.645799e+00
4.566210e-02 2.643334e+00
4.545455e-02 2.640682e+00
4.524887e-02 2.637849e+00
4.504505e-02 2.634838e+00
4.484305e-02 2.631659e+00
4.464286e-02 2.628320e+00
4.444444e-02 2.624832e+00
4.424779e-02 2.621206e+00
4.405286e-02 2.617455e+00
4.385965e-02 2.613590e+00
4.366812e-02 2.609625e+00
4.347826e-02 2.605571e+00
4.329004e-02 2.601441e+00
4.310345e-02 2.597246e+00
4.291845e-02 2.592997e+00
4.273504e-02 2.588703e+00
4.255319e-02 2.584373e+00
4.237288e-02 2.580016e+00
4.219409e-02 2.575638e+00
4.201681e-02 2.571246e+00
4.184100e-02 2.566846e+00
4.166667e-02 2.562442e+00
4.149378e-02 2.558038e+00
4.132231e-02 2.553639e+00
4.115226e-02 2.549246e+00
4.098361e-02 2.544861e+00
4.081633e-02 2.540488e+00
4.065041e-02 2.536126e+00
4.048583e-02 2.531776e+00
4.032258e-02 2.527439e+00
4.016064e-02 2.523116e+00
4.000000e-02 2.518805e+00
3.984064e-02 2.514506e+00
3.968254e-02 2.510219e+00
3.952569e-02 2.505942e+00
3.937008e-02 2.501674e+00
3.921569e-02 2.497414e+00
3.906250e-02 2.493159e+00
3.891051e-02 2.488909e+00
3.875969e-02 2.484662e+00
3.861004e-02 2.480416e+00
3.846154e-02 2.476168e+00
3.831418e-02 2.471917e+00
3.816794e-02 2.467661e+00
3.802281e-02 2.463397e+00
3.787879e-02 2.459125e+00
3.773585e-02 2.454841e+00
3.759398e-02 2.450544e+00
3.745318e-02 2.446233e+00
3.731343e-02 2.441905e+00
3.717472e-02 2.437560e+00
3.703704e-02 2.433196e+00
3.690037e-02 2.428812e+00
3.676471e-02 2.424406e+00
3.663004e-02 2.419978e+00
3.649635e-02 2.415528e+00
3.636364e-02 2.411055e+00
3.623188e-02 2.406559e+00
3.610108e-02 2.402040e+00
3.597122e-02 2.397498e+00
3.584229e-02 2.392934e+00
3.571429e-02 2.388348e+00
3.558719e-02 2.383742e+00
3.546099e-02 2.379115e+00
3.533569e-02 2.374470e+00
3.521127e-02 2.369808e+00
3.508772e-02 2.365129e+00
3.496503e-02 2.360437e+00
3.484321e-02 2.355732e+00
3.472222e-02 2.351016e+00
3.460208e-02 2.346291e+00
3.448276e-02 2.341559e+00
3.436426e-02 2.336821e+00
3.424658e-02 2.332081e+00
3.412969e-02 2.327338e+00
3.401361e-02 2.322596e+00
3.389831e-02 2.317857e+00
3.378378e-02 2.313121e+00
3.367003e-02 2.308391e+00
3.355705e-02 2.303668e+00
3.344482e-02 2.298955e+00
3.333333e-02 2.294252e+00
3.322259e-02 2.289561e+00
3.311258e-02 2.284883e+00
3.300330e-02 2.280220e+00
3.289474e-02 2.275573e+00
3.278689e-02 2.270942e+00
3.267974e-02 2.266328e+00
3.257329e-02 2.261733e+00
3.246753e-02 2.257156e+00
3.236246e-02 2.252599e+00
3.225806e-02 2.248062e+00
3.215434e-02 2.243544e+00
3.205128e-02 2.239046e+00
3.194888e-02 2.234569e+00
3.184713e-02 2.230111e+00
3.174603e-02 2.225673e+00
3.164557e-02 2.221254e+00
3.154574e-02 2.216854e+00
3.144654e-02 2.212473e+00
3.134796e-02 2.208109e+00
3.125000e-02 2.203763e+00
3.115265e-02 2.199434e+00
3.105590e-02 2.195120e+00
3.095975e-02 2.190821e+00
3.086420e-02 2.186537e+00
3.076923e-02 2.182266e+00
3.067485e-02 2.178009e+00
3.058104e-02 2.173763e+00
3.048780e-02 2.169529e+00
3.039514e-02 2.165306e+00
3.030303e-02 2.161093e+00
3.021148e-02 2.156889e+00
3.012048e-02 2.152696e+00
3.003003e-02 2.148511e+00
2.994012e-02 2.144335e+00
2.985075e-02 2.140168e+00
2.976190e-02 2.136010e+00
2.967359e-02 2.131861e+00
2.958580e-02 2.127722e+00
2.949853e-02 2.123591e+00
2.941176e-02 2.119471e+00
2.932551e-02 2.115362e+00
2.923977e-02 2.111264e+00
2.915452e-02 2.107178e+00
2.906977e-02 2.103106e+00
2.898551e-02 2.099047e+00
2.890173e-02 2.095004e+00
2.881844e-02 2.090977e+00
2.873563e-02 2.086968e+00
2.865330e-02 2.082978e+00
2.857143e-02 2.079007e+00
2.849003e-02 2.075059e+00
2.840909e-02 2.071133e+00
2.832861e-02 2.067231e+00
2.824859e-02 2.063355e+00
2.816901e-02 2.059506e+00
2.808989e-02 2.055685e+00
2.801120e-02 2.051894e+00
2.793296e-02 2.048134e+00
2.785515e-02 2.044406e+00
2.777778e-02 2.040711e+00
2.770083e-02 2.037050e+00
2.762431e-02 2.033425e+00
2.754821e-02 2.029836e+00
2.747253e-02 2.026285e+00
2.739726e-02 2.022772e+00
2.732240e-02 2.019298e+00
2.724796e-02 2.015863e+00
2.717391e-02 2.012469e+00
2.710027e-02 2.009115e+00
2.702703e-02 2.005803e+00
2.695418e-02 2.002532e+00
2.688172e-02 1.999302e+00
2.680965e-02 1.996115e+00
2.673797e-02 1.992969e+00
2.666667e-02 1.989866e+00
2.659574e-02 1.986804e+00
2.652520e-02 1.983784e+00
2.645503e-02 1.980805e+00
2.638522e-02 1.977867e+00
2.631579e-02 1.974970e+00
2.624672e-02 1.972112e+00
2.617801e-02 1.969294e+00
2.610966e-02 1.966515e+00
2.604167e-02 1.963774e+00
2.597403e-02 1.961071e+00
2.590674e-02 1.958404e+00
2.583979e-02 1.955773e+00
2.577320e-02 1.953176e+00
2.570694e-02 1.950613e+00
2.564103e-02 1.948084e+00
2.557545e-02 1.945586e+00
2.551020e-02 1.943120e+00
2.544529e-02 1.940684e+00
2.538071e-02 1.938277e+00
2.531646e-02 1.935898e+00
2.525253e-02 1.933547e+00
2.518892e-02 1.931223e+00
2.512563e-02 1.928924e+00
2.506266e-02 1.926651e+00
2.500000e-02 1.924403e+00
2.493766e-02 1.922178e+00
2.487562e-02 1.919978e+00
2.481390e-02 1.917800e+00
2.475248e-02 1.915646e+00
2.469136e-02 1.913514e+00
2.463054e-02 1.911405e+00
2.457002e-02 1.909319e+00
2.450980e-02 1.907255e+00
2.444988e-02 1.905215e+00
2.439024e-02 1.903197e+00
2.433090e-02 1.901203e+00
2.427184e-02 1.899234e+00
2.421308e-02 1.897288e+00
2.415459e-02 1.895368e+00
2.409639e-02 1.893474e+00
2.403846e-02 1.891605e+00
2.398082e-02 1.889764e+00
2.392344e-02 1.887951e+00
2.386635e-02 1.886165e+00
2.380952e-02 1.884410e+00
2.375297e-02 1.882684e+00
2.369668e-02 1.880988e+00
2.364066e-02 1.879324e+00
2.358491e-02 1.877692e+00
2.352941e-02 1.876093e+00
2.347418e-02 1.874527e+00
2.341920e-02 1.872995e+00
2.336449e-02 1.871497e+00
2.331002e-02 1.870034e+00
2.325581e-02 1.868607e+00
2.320186e-02 1.867215e+00
2.314815e-02 1.865859e+00
2.309469e-02 1.864540e+00
2.304147e-02 1.863258e+00
2.298851e-02 1.862012e+00
2.293578e-02 1.860803e+00
2.288330e-02 1.859631e+00
2.283105e-02 1.858497e+00
2.277904e-02 1.857399e+00
2.272727e-02 1.856338e+00
2.267574e-02 1.855315e+00
2.262443e-02 1.854327e+00
2.257336e-02 1.853377e+00
2.252252e-02 1.852462e+00
2.247191e-02 1.851583e+00
2.242152e-02 1.850740e+00
2.237136e-02 1.849931e+00
2.232143e-02 1.849157e+00
2.227171e-02 1.848417e+00
2.222222e-02 1.847710e+00
2.217295e-02 1.847037e+00
2.212389e-02 1.846395e+00
2.207506e-02 1.845784e+00
2.202643e-02 1.845204e+00
2.197802e-02 1.844654e+00
2.192982e-02 1.844132e+00
2.188184e-02 1.843639e+00
2.183406e-02 1.843172e+00
2.178649e-02 1.842732e+00
2.173913e-02 1.842317e+00
2.169197e-02 1.841926e+00
2.164502e-02 1.841558e+00
2.159827e-02 1.841212e+00
2.155172e-02 1.840887e+00
2.150538e-02 1.840581e+00
2.145923e-02 1.840294e+00
2.141328e-02 1.840025e+00
2.136752e-02 1.839773e+00
2.132196e-02 1.839535e+00
2.127660e-02 1.839313e+00
2.123142e-02 1.839103e+00
2.118644e-02 1.838906e+00
2.114165e-02 1.838721e+00
2.109705e-02 1.838546e+00
2.105263e-02 1.838381e+00
2.100840e-02 1.838224e+00
2.096436e-02 1.838077e+00
2.092050e-02 1.837936e+00
2.087683e-02 1.837803e+00
2.083333e-02 1.837677e+00
2.079002e-02 1.837557e+00
2.074689e-02 1.837442e+00
2.070393e-02 1.837333e+00
2.066116e-02 1.837230e+00
2.061856e-02 1.837132e+00
2.057613e-02 1.837040e+00
2.053388e-02 1.836952e+00
2.049180e-02 1.836871e+00
2.044990e-02 1.836795e+00
2.040816e-02 1.836724e+00
2.036660e-02 1.836660e+00
2.032520e-02 1.836603e+00
2.028398e-02 1.836552e+00
2.024291e-02 1.836509e+00
2.020202e-02 1.836473e+00
2.016129e-02 1.836445e+00
2.012072e-02 1.836426e+00
2.008032e-02 1.836416e+00
2.004008e-02 1.836415e+00
2.000000e-02 1.836425e+00
1.996008e-02 1.836445e+00
1.992032e-02 1.836476e+00
1.988072e-02 1.836518e+00
1.984127e-02 1.836572e+00
1.980198e-02 1.836638e+00
1.976285e-02 1.836717e+00
1.972387e-02 1.836809e+00
1.968504e-02 1.836914e+00
1.964637e-02 1.837033e+00
1.960784e-02 1.837166e+00
1.956947e-02 1.837313e+00
1.953125e-02 1.837475e+00
1.949318e-02 1.837652e+00
1.945525e-02 1.837844e+00
1.941748e-02 1.838050e+00
1.937984e-02 1.838273e+00
1.934236e-02 1.838511e+00
1.930502e-02 1.838764e+00
1.926782e-02 1.839033e+00
1.923077e-02 1.839318e+00
1.919386e-02 1.839619e+00
1.915709e-02 1.839936e+00
1.912046e-02 1.840268e+00
1.908397e-02 1.840616e+00
1.904762e-02 1.840981e+00
1.901141e-02 1.841361e+00
1.897533e-02 1.841757e+00
1.893939e-02 1.842169e+00
1.890359e-02 1.842596e+00
1.886792e-02 1.843039e+00
1.883239e-02 1.843498e+00
1.879699e-02 1.843972e+00
1.876173e-02 1.844461e+00
1.872659e-02 1.844966e+00
1.869159e-02 1.845485e+00
1.865672e-02 1.846020e+00
1.862197e-02 1.846570e+00
1.858736e-02 1.847134e+00
1.855288e-02 1.847714e+00
1.851852e-02 1.848307e+00
1.848429e-02 1.848916e+00
1.845018e-02 1.849539e+00
1.841621e-02 1.850175e+00
1.838235e-02 1.850827e+00
1.834862e-02 1.851492e+00
1.831502e-02 1.852171e+00
1.828154e-02 1.852864e+00
1.824818e-02 1.853571e+00
1.821494e-02 1.854291e+00
1.818182e-02 1.855025e+00
1.814882e-02 1.855773e+00
1.811594e-02 1.856534e+00
1.808318e-02 1.857309e+00
1.805054e-02 1.858097e+00
1.801802e-02 1.858898e+00
1.798561e-02 1.859713e+00
1.795332e-02 1.860541e+00
1.792115e-02 1.861382e+00
1.788909e-02 1.862237e+00
1.785714e-02 1.863104e+00
1.782531e-02 1.863985e+00
1.779359e-02 1.864880e+00
1.776199e-02 1.865787e+00
1.773050e-02 1.866708e+00
1.769912e-02 1.867642e+00
1.766784e-02 1.868590e+00
1.763668e-02 1.869551e+00
1.760563e-02 1.870525e+00
1.757469e-02 1.871513e+00
1.754386e-02 1.872515e+00
1.751313e-02 1.873530e+00
1.748252e-02 1.874559e+00
1.745201e-02 1.875602e+00
1.742160e-02 1.876659e+00
1.739130e-02 1.877729e+00
1.736111e-02 1.878814e+00
1.733102e-02 1.879913e+00
1.730104e-02 1.881026e+00
1.727116e-02 1.882154e+00
1.724138e-02 1.883296e+00
1.721170e-02 1.884453e+00
1.718213e-02 1.885624e+00
1.715266e-02 1.886810e+00
1.712329e-02 1.888011e+00
1.709402e-02 1.889226e+00
1.706485e-02 1.890457e+00
1.703578e-02 1.891704e+00
1.700680e-02 1.892965e+00
1.697793e-02 1.894242e+00
1.694915e-02 1.895534e+00
1.692047e-02 1.896842e+00
1.689189e-02 1.898166e+00
1.686341e-02 1.899505e+00
1.683502e-02 1.900861e+00
1.680672e-02 1.902232e+00
1.677852e-02 1.903620e+00
1.675042e-02 1.905023e+00
1.672241e-02 1.906444e+00
1.669449e-02 1.907880e+00
1.666667e-02 1.909333e+00
1.663894e-02 1.910803e+00
1.661130e-02 1.912289e+00
1.658375e-02 1.913792e+00
1.655629e-02 1.915312e+00
1.652893e-02 1.916848e+00
1.650165e-02 1.918402e+00
1.647446e-02 1.919973e+00
1.644737e-02 1.921561e+00
1.642036e-02 1.923166e+00
1.639344e-02 1.924789e+00
1.636661e-02 1.926429e+00
1.633987e-02 1.928086e+00
1.631321e-02 1.929761e+00
1.628664e-02 1.931453e+00
1.626016e-02 1.933163e+00
1.623377e-02 1.934891e+00
1.620746e-02 1.936636e+00
1.618123e-02 1.938400e+00
1.615509e-02 1.940181e+00
1.612903e-02 1.941980e+00
1.610306e-02 1.943797e+00
1.607717e-02 1.945631e+00
1.605136e-02 1.947484e+00
1.602564e-02 1.949356e+00
1.600000e-02 1.951245e+00
1.597444e-02 1.953152e+00
1.594896e-02 1.955078e+00
1.592357e-02 1.957021e+00
1.589825e-02 1.958983e+00
1.587302e-02 1.960964e+00
1.584786e-02 1.962962e+00
1.582278e-02 1.964979e+00
1.579779e-02 1.967014e+00
1.577287e-02 1.969068e+00
1.574803e-02 1.971140e+00
1.572327e-02 1.973230e+00
1.569859e-02 1.975339e+00
1.567398e-02 1.977466e+00
1.564945e-02 1.979612e+00
1.562500e-02 1.981775e+00
1.560062e-02 1.983957e+00
1.557632e-02 1.986158e+00
1.555210e-02 1.988377e+00
1.552795e-02 1.990614e+00
1.550388e-02 1.992869e+00
1.547988e-02 1.995142e+00
1.545595e-02 1.997434e+00
1.543210e-02 1.999744e+00
1.540832e-02 2.002071e+00
1.538462e-02 2.004417e+00
1.536098e-02 2.006781e+00
1.533742e-02 2.009162e+00
1.531394e-02 2.011561e+00
1.529052e-02 2.013978e+00
1.526718e-02 2.016413e+00
1.524390e-02 2.018864e+00
1.522070e-02 2.021334e+00
1.519757e-02 2.023820e+00
1.517451e-02 2.026324e+00
1.515152e-02 2.028844e+00
1.512859e-02 2.031382e+00
1.510574e-02 2.033936e+00
1.508296e-02 2.036506e+00
1.506024e-02 2.039093e+00
1.503759e-02 2.041697e+00
1.501502e-02 2.044316e+00
1.499250e-02 2.046951e+00
1.497006e-02 2.049602e+00
1.494768e-02 2.052268e+00
1.492537e-02 2.054949e+00
1.490313e-02 2.057646e+00
1.488095e-02 2.060357e+00
1.485884e-02 2.063083e+00
1.483680e-02 2.065823e+00
1.481481e-02 2.068578e+00
1.479290e-02 2.071346e+00
1.477105e-02 2.074128e+00
1.474926e-02 2.076923e+00
1.472754e-02 2.079732e+00
1.470588e-02 2.082553e+00
1.468429e-02 2.085387e+00
1.466276e-02 2.088233e+00
1.464129e-02 2.091092e+00
1.461988e-02 2.093962e+00
1.459854e-02 2.096844e+00
1.457726e-02 2.099737e+00
1.455604e-02 2.102641e+00
1.453488e-02 2.105555e+00
1.451379e-02 2.108480e+00
1.449275e-02 2.111415e+00
1.447178e-02 2.114360e+00
1.445087e-02 2.117315e+00
1.443001e-02 2.120278e+00
1.440922e-02 2.123251e+00
1.438849e-02 2.126233e+00
1.436782e-02 2.129223e+00
1.434720e-02 2.132221e+00
1.432665e-02 2.135227e+00
1.430615e-02 2.138240e+00
1.428571e-02 2.141261e+00
1.426534e-02 2.144289e+00
1.424501e-02 2.147324e+00
1.422475e-02 2.150366e+00
1.420455e-02 2.153414e+00
1.418440e-02 2.156468e+00
1.416431e-02 2.159528e+00
1.414427e-02 2.162594e+00
1.412429e-02 2.165665e+00
1.410437e-02 2.168742e+00
1.408451e-02 2.171825e+00
1.406470e-02 2.174912e+00
1.404494e-02 2.178005e+00
1.402525e-02 2.181103e+00
1.400560e-02 2.184206e+00
1.398601e-02 2.187313e+00
1.396648e-02 2.190426e+00
1.394700e-02 2.193544e+00
1.392758e-02 2.196668e+00
1.390821e-02 2.199797e+00
1.388889e-02 2.202931e+00
1.386963e-02 2.206072e+00
1.385042e-02 2.209220e+00
1.383126e-02 2.212374e+00
1.381215e-02 2.215537e+00
1.379310e-02 2.218708e+00
1.377410e-02 2.221888e+00
1.375516e-02 2.225078e+00
1.373626e-02 2.228281e+00
1.371742e-02 2.231496e+00
1.369863e-02 2.234726e+00
1.367989e-02 2.237973e+00
1.366120e-02 2.241239e+00
1.364256e-02 2.244526e+00
1.362398e-02 2.247837e+00
1.360544e-02 2.251177e+00
1.358696e-02 2.254548e+00
1.356852e-02 2.257956e+00
1.355014e-02 2.261405e+00
1.353180e-02 2.264902e+00
1.351351e-02 2.268453e+00
1.349528e-02 2.272067e+00
1.347709e-02 2.275752e+00
1.345895e-02 2.279519e+00
1.344086e-02 2.283379e+00
1.342282e-02 2.287344e+00
1.340483e-02 2.291430e+00
1.338688e-02 2.295651e+00
1.336898e-02 2.300024e+00
1.335113e-02 2.304566e+00
1.333333e-02 2.309295e+00
1.331558e-02 2.314226e+00
1.329787e-02 2.319373e+00
1.328021e-02 2.324746e+00
1.326260e-02 2.330346e+00
1.324503e-02 2.336163e+00
1.322751e-02 2.342175e+00
1.321004e-02 2.348338e+00
1.319261e-02 2.354588e+00
1.317523e-02 2.360834e+00
1.315789e-02 2.366963e+00
1.314060e-02 2.372841e+00
1.312336e-02 2.378323e+00
1.310616e-02 2.383267e+00
1.308901e-02 2.387551e+00
1.307190e-02 2.391090e+00
1.305483e-02 2.393850e+00
1.303781e-02 2.395858e+00
1.302083e-02 2.397191e+00
1.300390e-02 2.397975e+00
1.298701e-02 2.398358e+00
1.297017e-02 2.398499e+00
1.295337e-02 2.398544e+00
1.293661e-02 2.398617e+00
1.291990e-02 2.398815e+00
1.290323e-02 2.399204e+00
1.288660e-02 2.399825e+00
1.287001e-02 2.400696e+00
1.285347e-02 2.401818e+00
1.283697e-02 2.403182e+00
1.282051e-02 2.404773e+00
1.280410e-02 2.406571e+00
1.278772e-02 2.408555e+00
1.277139e-02 2.410705e+00
1.275510e-02 2.413001e+00
1.273885e-02 2.415426e+00
1.272265e-02 2.417965e+00
1.270648e-02 2.420604e+00
1.269036e-02 2.423332e+00
1.267427e-02 2.426138e+00
1.265823e-02 2.429013e+00
1.264223e-02 2.431952e+00
1.262626e-02 2.434947e+00
1.261034e-02 2.437993e+00
1.259446e-02 2.441087e+00
1.257862e-02 2.444224e+00
1.256281e-02 2.447401e+00
1.254705e-02 2.450615e+00
1.253133e-02 2.453864e+00
1.251564e-02 2.457147e+00
1.250000e-02 2.460460e+00
1.248439e-02 2.463804e+00
1.246883e-02 2.467176e+00
1.245330e-02 2.470575e+00
1.243781e-02 2.474001e+00
1.242236e-02 2.477451e+00
1.240695e-02 2.480926e+00
1.239157e-02 2.484424e+00
1.237624e-02 2.487945e+00
1.236094e-02 2.491488e+00
1.234568e-02 2.495052e+00
1.233046e-02 2.498637e+00
1.231527e-02 2.502241e+00
1.230012e-02 2.505865e+00
1.228501e-02 2.509508e+00
1.226994e-02 2.513169e+00
1.225490e-02 2.516847e+00
1.223990e-02 2.520542e+00
1.222494e-02 2.524254e+00
1.221001e-02 2.527981e+00
1.219512e-02 2.531724e+00
1.218027e-02 2.535481e+00
1.216545e-02 2.539253e+00
1.215067e-02 2.543039e+00
1.213592e-02 2.546837e+00
1.212121e-02 2.550649e+00
1.210654e-02 2.554472e+00
1.209190e-02 2.558308e+00
1.207729e-02 2.562154e+00
1.206273e-02 2.566011e+00
1.204819e-02 2.569879e+00
1.203369e-02 2.573756e+00
1.201923e-02 2.577643e+00
1.200480e-02 2.581538e+00
1.199041e-02 2.585442e+00
1.197605e-02 2.589355e+00
1.196172e-02 2.593275e+00
1.194743e-02 2.597202e+00
1.193317e-02 2.601136e+00
1.191895e-02 2.605077e+00
1.190476e-02 2.609024e+00
1.189061e-02 2.612977e+00
1.187648e-02 2.616936e+00
1.186240e-02 2.620901e+00
1.184834e-02 2.624870e+00
1.183432e-02 2.628844e+00
1.182033e-02 2.632823e+00
1.180638e-02 2.636806e+00
1.179245e-02 2.640793e+00
1.177856e-02 2.644784e+00
1.176471e-02 2.648779e+00
1.175088e-02 2.652777e+00
1.173709e-02 2.656778e+00
1.172333e-02 2.660782e+00
1.170960e-02 2.664788e+00
1.169591e-02 2.668797e+00
1.168224e-02 2.672808e+00
1.166861e-02 2.676820e+00
1.165501e-02 2.680833e+00
1.164144e-02 2.684847e+00
1.162791e-02 2.688861e+00
1.161440e-02 2.692875e+00
1.160093e-02 2.696889e+00
1.158749e-02 2.700900e+00
1.157407e-02 2.704910e+00
1.156069e-02 2.708917e+00
1.154734e-02 2.712920e+00
1.153403e-02 2.716918e+00
1.152074e-02 2.720911e+00
1.150748e-02 2.724898e+00
1.149425e-02 2.728876e+00
1.148106e-02 2.732846e+00
1.146789e-02 2.736805e+00
1.145475e-02 2.740753e+00
1.144165e-02 2.744687e+00
1.142857e-02 2.748607e+00
1.141553e-02 2.752511e+00
1.140251e-02 2.756398e+00
1.138952e-02 2.760265e+00
1.137656e-02 2.764110e+00
1.136364e-02 2.767933e+00
1.135074e-02 2.771732e+00
1.133787e-02 2.775504e+00
1.132503e-02 2.779247e+00
1.131222e-02 2.782961e+00
1.129944e-02 2.786644e+00
1.128668e-02 2.790293e+00
1.127396e-02 2.793908e+00
1.126126e-02 2.797486e+00
1.124859e-02 2.801026e+00
1.123596e-02 2.804528e+00
1.122334e-02 2.807989e+00
1.121076e-02 2.811409e+00
1.119821e-02 2.814787e+00
1.118568e-02 2.818121e+00
1.117318e-02 2.821412e+00
1.116071e-02 2.824658e+00
1.114827e-02 2.827860e+00
1.113586e-02 2.831017e+00
1.112347e-02 2.834128e+00
1.111111e-02 2.837194e+00
1.109878e-02 2.840216e+00
1.108647e-02 2.843192e+00
1.107420e-02 2.846125e+00
1.106195e-02 2.849013e+00
1.104972e-02 2.851858e+00
1.103753e-02 2.854661e+00
1.102536e-02 2.857421e+00
1.101322e-02 2.860141e+00
1.100110e-02 2.862820e+00
1.098901e-02 2.865460e+00
1.097695e-02 2.868062e+00
1.096491e-02 2.870625e+00
1.095290e-02 2.873153e+00
1.094092e-02 2.875644e+00
1.092896e-02 2.878101e+00
1.091703e-02 2.880525e+00
1.090513e-02 2.882915e+00
1.089325e-02 2.885273e+00
1.088139e-02 2.887600e+00
1.086957e-02 2.889897e+00
1.085776e-02 2.892163e+00
1.084599e-02 2.894401e+00
1.083424e-02 2.896611e+00
1.082251e-02 2.898793e+00
1.081081e-02 2.900949e+00
1.079914e-02 2.903078e+00
1.078749e-02 2.905181e+00
1.077586e-02 2.907258e+00
1.076426e-02 2.909311e+00
1.075269e-02 2.911339e+00
1.074114e-02 2.913344e+00
1.072961e-02 2.915325e+00
1.071811e-02 2.917282e+00
1.070664e-02 2.919217e+00
1.069519e-02 2.921130e+00
1.068376e-02 2.923020e+00
1.067236e-02 2.924888e+00
1.066098e-02 2.926735e+00
1.064963e-02 2.928562e+00
1.063830e-02 2.930367e+00
1.062699e-02 2.932152e+00
1.061571e-02 2.933917e+00
1.060445e-02 2.935663e+00
1.059322e-02 2.937390e+00
1.058201e-02 2.939098e+00
1.057082e-02 2.940788e+00
1.055966e-02 2.942461e+00
1.054852e-02 2.944117e+00
1.053741e-02 2.945756e+00
1.052632e-02 2.947380e+00
1.051525e-02 2.948989e+00
1.050420e-02 2.950583e+00
1.049318e-02 2.952164e+00
1.048218e-02 2.953732e+00
1.047120e-02 2.955288e+00
1.046025e-02 2.956833e+00
1.044932e-02 2.958369e+00
1.043841e-02 2.959894e+00
1.042753e-02 2.961412e+00
1.041667e-02 2.962923e+00
1.040583e-02 2.964427e+00
1.039501e-02 2.965926e+00
1.038422e-02 2.967422e+00
1.037344e-02 2.968915e+00
1.036269e-02 2.970406e+00
1.035197e-02 2.971897e+00
1.034126e-02 2.973388e+00
1.033058e-02 2.974882e+00
1.031992e-02 2.976379e+00
1.030928e-02 2.977880e+00
1.029866e-02 2.979387e+00
1.028807e-02 2.980902e+00
1.027749e-02 2.982425e+00
1.026694e-02 2.983957e+00
1.025641e-02 2.985500e+00
1.024590e-02 2.987056e+00
1.023541e-02 2.988625e+00
1.022495e-02 2.990209e+00
1.021450e-02 2.991809e+00
1.020408e-02 2.993427e+00
1.019368e-02 2.995063e+00
1.018330e-02 2.996719e+00
1.017294e-02 2.998396e+00
1.016260e-02 3.000095e+00
1.015228e-02 3.001817e+00
1.014199e-02 3.003564e+00
1.013171e-02 3.005337e+00
1.012146e-02 3.007136e+00
1.011122e-02 3.008964e+00
1.010101e-02 3.010820e+00
1.009082e-02 3.012706e+00
1.008065e-02 3.014622e+00
1.007049e-02 3.016571e+00
1.006036e-02 3.018552e+00
1.005025e-02 3.020567e+00
1.004016e-02 3.022615e+00
1.003009e-02 3.024699e+00
1.002004e-02 3.026818e+00
1.001001e-02 3.028974e+00
1.000000e-02 3.031167e+00
9.990010e-03 3.033397e+00
9.980040e-03 3.035665e+00
9.970090e-03 3.037971e+00
9.960159e-03 3.040316e+00
9.950249e-03 3.042699e+00
9.940358e-03 3.045122e+00
9.930487e-03 3.047584e+00
9.920635e-03 3.050085e+00
9.910803e-03 3.052625e+00
9.900990e-03 3.055204e+00
9.891197e-03 3.057822e+00
9.881423e-03 3.060478e+00
9.871668e-03 3.063172e+00
9.861933e-03 3.065904e+00
9.852217e-03 3.068673e+00
9.842520e-03 3.071478e+00
9.832842e-03 3.074319e+00
9.823183e-03 3.077194e+00
9.813543e-03 3.080102e+00
9.803922e-03 3.083043e+00
9.794319e-03 3.086014e+00
9.784736e-03 3.089015e+00
9.775171e-03 3.092044e+00
9.765625e-03 3.095099e+00
9.756098e-03 3.098177e+00
9.746589e-03 3.101278e+00
9.737098e-03 3.104398e+00
9.727626e-03 3.107536e+00
9.718173e-03 3.110687e+00
9.708738e-03 3.113851e+00
9.699321e-03 3.117023e+00
9.689922e-03 3.120200e+00
9.680542e-03 3.123378e+00
9.671180e-03 3.126555e+00
9.661836e-03 3.129726e+00
9.652510e-03 3.132886e+00
9.643202e-03 3.136032e+00
9.633911e-03 3.139159e+00
9.624639e-03 3.142263e+00
9.615385e-03 3.145337e+00
9.606148e-03 3.148379e+00
9.596929e-03 3.151382e+00
9.587728e-03 3.154342e+00
9.578544e-03 3.157253e+00
9.569378e-03 3.160111e+00
9.560229e-03 3.162910e+00
9.551098e-03 3.165647e+00
9.541985e-03 3.168315e+00
9.532888e-03 3.170911e+00
9.523810e-03 3.173431e+00
9.514748e-03 3.175871e+00
9.505703e-03 3.178227e+00
9.496676e-03 3.180496e+00
9.487666e-03 3.182675e+00
9.478673e-03 3.184764e+00
9.469697e-03 3.186759e+00
9.460738e-03 3.188659e+00
9.451796e-03 3.190465e+00
9.442871e-03 3.192176e+00
9.433962e-03 3.193792e+00
9.425071e-03 3.195315e+00
9.416196e-03 3.196747e+00
9.407338e-03 3.198089e+00
9.398496e-03 3.199344e+00
9.389671e-03 3.200516e+00
9.380863e-03 3.201609e+00
9.372071e-03 3.202626e+00
9.363296e-03 3.203571e+00
9.354537e-03 3.204451e+00
9.345794e-03 3.205270e+00
9.337068e-03 3.206033e+00
9.328358e-03 3.206747e+00
9.319664e-03 3.207416e+00
9.310987e-03 3.208048e+00
9.302326e-03 3.208647e+00
9.293680e-03 3.209220e+00
9.285051e-03 3.209772e+00
9.276438e-03 3.210310e+00
9.267841e-03 3.210839e+00
9.259259e-03 3.211363e+00
9.250694e-03 3.211889e+00
9.242144e-03 3.212422e+00
9.233610e-03 3.212964e+00
9.225092e-03 3.213522e+00
9.216590e-03 3.214098e+00
9.208103e-03 3.214697e+00
9.199632e-03 3.215321e+00
9.191176e-03 3.215973e+00
9.182736e-03 3.216655e+00
9.174312e-03 3.217370e+00
9.165903e-03 3.218119e+00
9.157509e-03 3.218902e+00
9.149131e-03 3.219721e+00
9.140768e-03 3.220576e+00
9.132420e-03 3.221468e+00
9.124088e-03 3.222394e+00
9.115770e-03 3.223355e+00
9.107468e-03 3.224350e+00
9.099181e-03 3.225377e+00
9.090909e-03 3.226434e+00
9.082652e-03 3.227518e+00
9.074410e-03 3.228629e+00
9.066183e-03 3.229761e+00
9.057971e-03 3.230914e+00
9.049774e-03 3.232082e+00
9.041591e-03 3.233263e+00
9.033424e-03 3.234452e+00
9.025271e-03 3.235645e+00
9.017133e-03 3.236837e+00
9.009009e-03 3.238023e+00
9.000900e-03 3.239199e+00
8.992806e-03 3.240358e+00
8.984726e-03 3.241494e+00
8.976661e-03 3.242602e+00
8.968610e-03 3.243673e+00
8.960573e-03 3.244701e+00
8.952551e-03 3.245679e+00
8.944544e-03 3.246598e+00
8.936550e-03 3.247450e+00
8.928571e-03 3.248226e+00
8.920607e-03 3.248917e+00
8.912656e-03 3.249514e+00
8.904720e-03 3.250007e+00
8.896797e-03 3.250387e+00
8.888889e-03 3.250646e+00
8.880995e-03 3.250772e+00
8.873114e-03 3.250759e+00
8.865248e-03 3.250599e+00
8.857396e-03 3.250284e+00
8.849558e-03 3.249810e+00
8.841733e-03 3.249173e+00
8.833922e-03 3.248370e+00
8.826125e-03 3.247401e+00
8.818342e-03 3.246269e+00
8.810573e-03 3.244978e+00
8.802817e-03 3.243535e+00
8.795075e-03 3.241949e+00
8.787346e-03 3.240234e+00
8.779631e-03 3.238402e+00
8.771930e-03 3.236471e+00
8.764242e-03 3.234460e+00
8.756567e-03 3.232390e+00
8.748906e-03 3.230282e+00
8.741259e-03 3.228161e+00
8.733624e-03 3.226049e+00
8.726003e-03 3.223971e+00
8.718396e-03 3.221951e+00
8.710801e-03 3.220014e+00
8.703220e-03 3.218183e+00
8.695652e-03 3.216479e+00
8.688097e-03 3.214924e+00
8.680556e-03 3.213538e+00
8.673027e-03 3.212338e+00
8.665511e-03 3.211341e+00
8.658009e-03 3.210560e+00
8.650519e-03 3.210008e+00
8.643042e-03 3.209693e+00
8.635579e-03 3.209625e+00
8.628128e-03 3.209807e+00
8.620690e-03 3.210242e+00
8.613264e-03 3.210930e+00
8.605852e-03 3.211868e+00
8.598452e-03 3.213050e+00
8.591065e-03 3.214467e+00
8.583691e-03 3.216108e+00
8.576329e-03 3.217957e+00
8.568980e-03 3.219995e+00
8.561644e-03 3.222201e+00
8.554320e-03 3.224550e+00
8.547009e-03 3.227011e+00
8.539710e-03 3.229555e+00
8.532423e-03 3.232143e+00
8.525149e-03 3.234740e+00
8.517888e-03 3.237302e+00
8.510638e-03 3.239788e+00
8.503401e-03 3.242152e+00
8.496177e-03 3.244348e+00
8.488964e-03 3.246328e+00
8.481764e-03 3.248048e+00
8.474576e-03 3.249462e+00
8.467401e-03 3.250527e+00
8.460237e-03 3.251204e+00
8.453085e-03 3.251455e+00
8.445946e-03 3.251250e+00
8.438819e-03 3.250564e+00
8.431703e-03 3.249376e+00
8.424600e-03 3.247672e+00
8.417508e-03 3.245448e+00
8.410429e-03 3.242702e+00
8.403361e-03 3.239442e+00
8.396306e-03 3.235681e+00
8.389262e-03 3.231440e+00
8.382230e-03 3.226744e+00
8.375209e-03 3.221622e+00
8.368201e-03 3.216109e+00
8.361204e-03 3.210241e+00
8.354219e-03 3.204058e+00
8.347245e-03 3.197600e+00
8.340284e-03 3.190909e+00
8.333333e-03 3.184024e+00
