# T	Cv
1.000000e+01 2.891178e-01
5.000000e+00 1.001007e+00
3.333333e+00 1.826811e+00
2.500000e+00 2.520765e+00
2.000000e+00 2.981627e+00
1.666667e+00 3.217382e+00
1.428571e+00 3.283118e+00
1.250000e+00 3.239773e+00
1.111111e+00 3.136929e+00
1.000000e+00 3.009459e+00
9.090909e-01 2.879673e+00
8.333333e-01 2.760721e+00
7.692308e-01 2.659621e+00
7.142857e-01 2.579523e+00
6.666667e-01 2.521261e+00
6.250000e-01 2.484354e+00
5.882353e-01 2.467639e+00
5.555556e-01 2.469640e+00
5.263158e-01 2.488786e+00
5.000000e-01 2.523527e+00
4.761905e-01 2.572389e+00
4.545455e-01 2.633992e+00
4.347826e-01 2.707054e+00
4.166667e-01 2.790380e+00
4.000000e-01 2.882851e+00
3.846154e-01 2.983409e+00
3.703704e-01 3.091050e+00
3.571429e-01 3.204813e+00
3.448276e-01 3.323780e+00
3.333333e-01 3.447084e+00
3.225806e-01 3.573914e+00
3.125000e-01 3.703515e+00
3.030303e-01 3.835133e+00
2.941176e-01 3.967891e+00
2.857143e-01 4.100723e+00
2.777778e-01 4.232506e+00
2.702703e-01 4.362283e+00
2.631579e-01 4.489364e+00
2.564103e-01 4.613306e+00
2.500000e-01 4.733860e+00
2.439024e-01 4.850936e+00
2.380952e-01 4.964584e+00
2.325581e-01 5.074926e+00
2.272727e-01 5.181991e+00
2.222222e-01 5.285480e+00
2.173913e-01 5.384581e+00
2.127660e-01 5.478060e+00
2.083333e-01 5.564417e+00
2.040816e-01 5.641707e+00
2.000000e-01 5.708366e+00
1.960784e-01 5.764390e+00
1.923077e-01 5.810506e+00
1.886792e-01 5.847366e+00
1.851852e-01 5.875479e+00
1.818182e-01 5.895270e+00
1.785714e-01 5.907123e+00
1.754386e-01 5.911404e+00
1.724138e-01 5.908462e+00
1.694915e-01 5.898636e+00
1.666667e-01 5.882244e+00
1.639344e-01 5.859587e+00
1.612903e-01 5.830955e+00
1.587302e-01 5.796644e+00
1.562500e-01 5.756978e+00
1.538462e-01 5.712314e+00
1.515152e-01 5.663047e+00
1.492537e-01 5.609593e+00
1.470588e-01 5.552380e+00
1.449275e-01 5.491836e+00
1.428571e-01 5.428396e+00
1.408451e-01 5.362528e+00
1.388889e-01 5.294740e+00
1.369863e-01 5.225427e+00
1.351351e-01 5.154513e+00
1.333333e-01 5.081548e+00
1.315789e-01 5.006489e+00
1.298701e-01 4.929827e+00
1.282051e-01 4.852111e+00
1.265823e-01 4.773724e+00
1.250000e-01 4.694913e+00
1.234568e-01 4.615851e+00
1.219512e-01 4.536685e+00
1.204819e-01 4.457542e+00
1.190476e-01 4.378538e+00
1.176471e-01 4.299777e+00
1.162791e-01 4.221352e+00
1.149425e-01 4.143342e+00
1.136364e-01 4.065818e+00
1.123596e-01 3.988833e+00
1.111111e-01 3.912425e+00
1.098901e-01 3.836609e+00
1.086957e-01 3.761380e+00
1.075269e-01 3.686736e+00
1.063830e-01 3.612685e+00
1.052632e-01 3.539232e+00
1.041667e-01 3.466370e+00
1.030928e-01 3.394112e+00
1.020408e-01 3.322520e+00
1.010101e-01 3.251687e+00
1.000000e-01 3.181708e+00
9.900990e-02 3.112650e+00
9.803922e-02 3.044550e+00
9.708738e-02 2.977443e+00
9.615385e-02 2.911365e+00
9.523810e-02 2.846349e+00
9.433962e-02 2.782416e+00
9.345794e-02 2.719572e+00
9.259259e-02 2.657816e+00
9.174312e-02 2.597141e+00
9.090909e-02 2.537540e+00
9.009009e-02 2.479007e+00
8.928571e-02 2.421536e+00
8.849558e-02 2.365125e+00
8.771930e-02 2.309771e+00
8.695652e-02 2.255475e+00
8.620690e-02 2.202235e+00
8.547009e-02 2.150052e+00
8.474576e-02 2.098924e+00
8.403361e-02 2.048848e+00
8.333333e-02 1.999823e+00
8.264463e-02 1.951841e+00
8.196721e-02 1.904896e+00
8.130081e-02 1.858977e+00
8.064516e-02 1.814070e+00
8.000000e-02 1.770157e+00
7.936508e-02 1.727219e+00
7.874016e-02 1.685233e+00
7.812500e-02 1.644173e+00
7.751938e-02 1.604016e+00
7.692308e-02 1.564736e+00
7.633588e-02 1.526309e+00
7.575758e-02 1.488713e+00
7.518797e-02 1.451928e+00
7.462687e-02 1.415935e+00
7.407407e-02 1.380720e+00
7.352941e-02 1.346268e+00
7.299270e-02 1.312569e+00
7.246377e-02 1.279613e+00
7.194245e-02 1.247392e+00
7.142857e-02 1.215895e+00
7.092199e-02 1.185113e+00
7.042254e-02 1.155036e+00
6.993007e-02 1.125653e+00
6.944444e-02 1.096951e+00
6.896552e-02 1.068917e+00
6.849315e-02 1.041536e+00
6.802721e-02 1.014794e+00
6.756757e-02 9.886760e-01
6.711409e-02 9.631691e-01
6.666667e-02 9.382591e-01
6.622517e-02 9.139328e-01
6.578947e-02 8.901767e-01
6.535948e-02 8.669775e-01
6.493506e-02 8.443221e-01
6.451613e-02 8.221988e-01
6.410256e-02 8.005987e-01
6.369427e-02 7.795166e-01
6.329114e-02 7.589513e-01
6.289308e-02 7.389036e-01
6.250000e-02 7.193745e-01
6.211180e-02 7.003625e-01
6.172840e-02 6.818632e-01
6.134969e-02 6.638687e-01
6.097561e-02 6.463683e-01
6.060606e-02 6.293493e-01
6.024096e-02 6.127971e-01
5.988024e-02 5.966965e-01
5.952381e-02 5.810314e-01
5.917160e-02 5.657858e-01
5.882353e-02 5.509442e-01
5.847953e-02 5.364914e-01
5.813953e-02 5.224134e-01
5.780347e-02 5.086968e-01
5.747126e-02 4.953291e-01
5.714286e-02 4.822981e-01
5.681818e-02 4.695915e-01
5.649718e-02 4.571964e-01
5.617978e-02 4.450994e-01
5.586592e-02 4.332869e-01
5.555556e-02 4.217469e-01
5.524862e-02 4.104703e-01
5.494505e-02 3.994523e-01
5.464481e-02 3.886918e-01
5.434783e-02 3.781896e-01
5.405405e-02 3.679469e-01
5.376344e-02 3.579642e-01
5.347594e-02 3.482408e-01
5.319149e-02 3.387752e-01
5.291005e-02 3.295650e-01
5.263158e-02 3.206076e-01
5.235602e-02 3.118999e-01
5.208333e-02 3.034382e-01
5.181347e-02 2.952187e-01
5.154639e-02 2.872368e-01
5.128205e-02 2.794878e-01
5.102041e-02 2.719665e-01
5.076142e-02 2.646673e-01
5.050505e-02 2.575847e-01
5.025126e-02 2.507127e-01
5.000000e-02 2.440454e-01
4.975124e-02 2.375771e-01
4.950495e-02 2.313017e-01
4.926108e-02 2.252136e-01
4.901961e-02 2.193069e-01
4.878049e-02 2.135763e-01
4.854369e-02 2.080162e-01
4.830918e-02 2.026214e-01
4.807692e-02 1.973869e-01
4.784689e-02 1.923077e-01
4.761905e-02 1.873791e-01
4.739336e-02 1.825964e-01
4.716981e-02 1.779551e-01
4.694836e-02 1.734511e-01
4.672897e-02 1.690802e-01
4.651163e-02 1.648383e-01
4.629630e-02 1.607217e-01
4.608295e-02 1.567266e-01
4.587156e-02 1.528496e-01
4.566210e-02 1.490873e-01
4.545455e-02 1.454364e-01
4.524887e-02 1.418938e-01
4.504505e-02 1.384568e-01
4.484305e-02 1.351226e-01
4.464286e-02 1.318887e-01
4.444444e-02 1.287532e-01
4.424779e-02 1.257147e-01
4.405286e-02 1.227728e-01
4.385965e-02 1.199297e-01
4.366812e-02 1.171909e-01
4.347826e-02 1.145685e-01
4.329004e-02 1.120794e-01
4.310345e-02 1.097346e-01
4.291845e-02 1.075077e-01
4.273504e-02 1.053153e-01
4.255319e-02 1.030980e-01
4.237288e-02 1.008901e-01
4.219409e-02 9.870363e-02
4.201681e-02 9.651784e-02
4.184100e-02 9.435339e-02
4.166667e-02 9.223748e-02
4.149378e-02 9.019392e-02
4.132231e-02 8.824467e-02
4.115226e-02 8.639311e-02
4.098361e-02 8.462932e-02
4.081633e-02 8.294166e-02
4.065041e-02 8.132109e-02
4.048583e-02 7.976129e-02
4.032258e-02 7.825784e-02
4.016064e-02 7.680750e-02
4.000000e-02 7.540771e-02
3.984064e-02 7.405634e-02
3.968254e-02 7.275151e-02
3.952569e-02 7.149150e-02
3.937008e-02 7.027466e-02
3.921569e-02 6.909945e-02
3.906250e-02 6.796438e-02
3.891051e-02 6.686800e-02
3.875969e-02 6.580893e-02
3.861004e-02 6.478581e-02
3.846154e-02 6.379730e-02
3.831418e-02 6.284208e-02
3.816794e-02 6.191882e-02
3.802281e-02 6.102622e-02
3.787879e-02 6.016299e-02
3.773585e-02 5.932788e-02
3.759398e-02 5.851965e-02
3.745318e-02 5.773715e-02
3.731343e-02 5.697928e-02
3.717472e-02 5.624505e-02
3.703704e-02 5.553359e-02
3.690037e-02 5.484391e-02
3.676471e-02 5.417433e-02
3.663004e-02 5.352230e-02
3.649635e-02 5.288608e-02
3.636364e-02 5.226587e-02
3.623188e-02 5.166214e-02
3.610108e-02 5.107445e-02
3.597122e-02 5.050180e-02
3.584229e-02 4.994318e-02
3.571429e-02 4.939762e-02
3.558719e-02 4.886427e-02
3.546099e-02 4.834228e-02
3.533569e-02 4.783085e-02
3.521127e-02 4.732918e-02
3.508772e-02 4.683651e-02
3.496503e-02 4.635210e-02
3.484321e-02 4.587524e-02
3.472222e-02 4.540527e-02
3.460208e-02 4.494157e-02
3.448276e-02 4.448357e-02
3.436426e-02 4.403077e-02
3.424658e-02 4.358277e-02
3.412969e-02 4.313920e-02
3.401361e-02 4.269983e-02
3.389831e-02 4.226446e-02
3.378378e-02 4.183304e-02
3.367003e-02 4.140555e-02
3.355705e-02 4.098208e-02
3.344482e-02 4.056280e-02
3.333333e-02 4.014794e-02
3.322259e-02 3.973777e-02
3.311258e-02 3.933264e-02
3.300330e-02 3.893291e-02
3.289474e-02 3.853899e-02
3.278689e-02 3.815125e-02
3.267974e-02 3.777014e-02
3.257329e-02 3.739602e-02
3.246753e-02 3.702930e-02
3.236246e-02 3.667033e-02
3.225806e-02 3.631943e-02
3.215434e-02 3.597689e-02
3.205128e-02 3.564297e-02
3.194888e-02 3.531787e-02
3.184713e-02 3.500177e-02
3.174603e-02 3.469477e-02
3.164557e-02 3.439698e-02
3.154574e-02 3.410842e-02
3.144654e-02 3.382911e-02
3.134796e-02 3.355900e-02
3.125000e-02 3.329804e-02
3.115265e-02 3.304613e-02
3.105590e-02 3.280315e-02
3.095975e-02 3.256895e-02
3.086420e-02 3.234338e-02
3.076923e-02 3.212626e-02
3.067485e-02 3.191739e-02
3.058104e-02 3.171656e-02
3.048780e-02 3.152358e-02
3.039514e-02 3.133821e-02
3.030303e-02 3.116024e-02
3.021148e-02 3.098945e-02
3.012048e-02 3.082561e-02
3.003003e-02 3.066849e-02
2.994012e-02 3.051787e-02
2.985075e-02 3.037355e-02
2.976190e-02 3.023529e-02
2.967359e-02 3.010289e-02
2.958580e-02 2.997616e-02
2.949853e-02 2.985488e-02
2.941176e-02 2.973888e-02
2.932551e-02 2.962795e-02
2.923977e-02 2.952193e-02
2.915452e-02 2.942063e-02
2.906977e-02 2.932390e-02
2.898551e-02 2.923158e-02
2.890173e-02 2.914350e-02
2.881844e-02 2.905954e-02
2.873563e-02 2.897953e-02
2.865330e-02 2.890336e-02
2.857143e-02 2.883089e-02
2.849003e-02 2.876201e-02
2.840909e-02 2.869659e-02
2.832861e-02 2.863453e-02
2.824859e-02 2.857573e-02
2.816901e-02 2.852008e-02
2.808989e-02 2.846749e-02
2.801120e-02 2.841786e-02
2.793296e-02 2.837113e-02
2.785515e-02 2.832720e-02
2.777778e-02 2.828600e-02
2.770083e-02 2.824746e-02
2.762431e-02 2.821151e-02
2.754821e-02 2.817809e-02
2.747253e-02 2.814714e-02
2.739726e-02 2.811860e-02
2.732240e-02 2.809242e-02
2.724796e-02 2.806856e-02
2.717391e-02 2.804696e-02
2.710027e-02 2.802759e-02
2.702703e-02 2.801042e-02
2.695418e-02 2.799541e-02
2.688172e-02 2.798253e-02
2.680965e-02 2.797175e-02
2.673797e-02 2.796307e-02
2.666667e-02 2.795645e-02
2.659574e-02 2.795188e-02
2.652520e-02 2.794936e-02
2.645503e-02 2.794888e-02
2.638522e-02 2.795044e-02
2.631579e-02 2.795403e-02
2.624672e-02 2.795969e-02
2.617801e-02 2.796740e-02
2.610966e-02 2.797719e-02
2.604167e-02 2.798910e-02
2.597403e-02 2.800314e-02
2.590674e-02 2.801936e-02
2.583979e-02 2.803779e-02
2.577320e-02 2.805848e-02
2.570694e-02 2.808149e-02
2.564103e-02 2.810689e-02
2.557545e-02 2.813474e-02
2.551020e-02 2.816511e-02
2.544529e-02 2.819810e-02
2.538071e-02 2.823379e-02
2.531646e-02 2.827227e-02
2.525253e-02 2.831367e-02
2.518892e-02 2.835808e-02
2.512563e-02 2.840562e-02
2.506266e-02 2.845642e-02
2.500000e-02 2.851061e-02
2.493766e-02 2.856831e-02
2.487562e-02 2.862964e-02
2.481390e-02 2.869476e-02
2.475248e-02 2.876377e-02
2.469136e-02 2.883680e-02
2.463054e-02 2.891396e-02
2.457002e-02 2.899535e-02
2.450980e-02 2.908103e-02
2.444988e-02 2.917108e-02
2.439024e-02 2.926551e-02
2.433090e-02 2.936431e-02
2.427184e-02 2.946744e-02
2.421308e-02 2.957478e-02
2.415459e-02 2.968620e-02
2.409639e-02 2.980148e-02
2.403846e-02 2.992031e-02
2.398082e-02 3.004234e-02
2.392344e-02 3.016713e-02
2.386635e-02 3.029415e-02
2.380952e-02 3.042277e-02
2.375297e-02 3.055229e-02
2.369668e-02 3.068191e-02
2.364066e-02 3.081076e-02
2.358491e-02 3.093788e-02
2.352941e-02 3.106224e-02
2.347418e-02 3.118279e-02
2.341920e-02 3.129842e-02
2.336449e-02 3.140800e-02
2.331002e-02 3.151044e-02
2.325581e-02 3.160465e-02
2.320186e-02 3.168963e-02
2.314815e-02 3.176444e-02
2.309469e-02 3.182826e-02
2.304147e-02 3.188040e-02
2.298851e-02 3.192032e-02
2.293578e-02 3.194763e-02
2.288330e-02 3.196213e-02
2.283105e-02 3.196381e-02
2.277904e-02 3.195280e-02
2.272727e-02 3.192942e-02
2.267574e-02 3.189417e-02
2.262443e-02 3.184766e-02
2.257336e-02 3.179064e-02
2.252252e-02 3.172395e-02
2.247191e-02 3.164852e-02
2.242152e-02 3.156534e-02
2.237136e-02 3.147540e-02
2.232143e-02 3.137973e-02
2.227171e-02 3.127932e-02
2.222222e-02 3.117513e-02
2.217295e-02 3.106811e-02
2.212389e-02 3.095908e-02
2.207506e-02 3.084885e-02
2.202643e-02 3.073814e-02
2.197802e-02 3.062757e-02
2.192982e-02 3.051770e-02
2.188184e-02 3.040901e-02
2.183406e-02 3.030189e-02
2.178649e-02 3.019668e-02
2.173913e-02 3.009362e-02
2.169197e-02 2.999290e-02
2.164502e-02 2.989468e-02
2.159827e-02 2.979903e-02
2.155172e-02 2.970600e-02
2.150538e-02 2.961559e-02
2.145923e-02 2.952778e-02
2.141328e-02 2.944251e-02
2.136752e-02 2.935972e-02
2.132196e-02 2.927930e-02
2.127660e-02 2.920116e-02
2.123142e-02 2.912516e-02
2.118644e-02 2.905121e-02
2.114165e-02 2.897915e-02
2.109705e-02 2.890887e-02
2.105263e-02 2.884023e-02
2.100840e-02 2.877311e-02
2.096436e-02 2.870739e-02
2.092050e-02 2.864293e-02
2.087683e-02 2.857964e-02
2.083333e-02 2.851738e-02
2.079002e-02 2.845607e-02
2.074689e-02 2.839559e-02
2.070393e-02 2.833585e-02
2.066116e-02 2.827677e-02
2.061856e-02 2.821826e-02
2.057613e-02 2.816025e-02
2.053388e-02 2.810266e-02
2.049180e-02 2.804545e-02
2.044990e-02 2.798853e-02
2.040816e-02 2.793186e-02
2.036660e-02 2.787540e-02
2.032520e-02 2.781909e-02
2.028398e-02 2.776290e-02
2.024291e-02 2.770680e-02
2.020202e-02 2.765074e-02
2.016129e-02 2.759471e-02
2.012072e-02 2.753868e-02
2.008032e-02 2.748263e-02
2.004008e-02 2.742653e-02
2.000000e-02 2.737039e-02
1.996008e-02 2.731417e-02
1.992032e-02 2.725787e-02
1.988072e-02 2.720149e-02
1.984127e-02 2.714501e-02
1.980198e-02 2.708844e-02
1.976285e-02 2.703176e-02
1.972387e-02 2.697497e-02
1.968504e-02 2.691808e-02
1.964637e-02 2.686108e-02
1.960784e-02 2.680398e-02
1.956947e-02 2.674678e-02
1.953125e-02 2.668948e-02
1.949318e-02 2.663208e-02
1.945525e-02 2.657459e-02
1.941748e-02 2.651702e-02
1.937984e-02 2.645936e-02
1.934236e-02 2.640163e-02
1.930502e-02 2.634383e-02
1.926782e-02 2.628596e-02
1.923077e-02 2.622804e-02
1.919386e-02 2.617006e-02
1.915709e-02 2.611204e-02
1.912046e-02 2.605398e-02
1.908397e-02 2.599590e-02
1.904762e-02 2.593778e-02
1.901141e-02 2.587965e-02
1.897533e-02 2.582150e-02
1.893939e-02 2.576335e-02
1.890359e-02 2.570520e-02
1.886792e-02 2.564705e-02
1.883239e-02 2.558892e-02
1.879699e-02 2.553080e-02
1.876173e-02 2.547271e-02
1.872659e-02 2.541464e-02
1.869159e-02 2.535660e-02
1.865672e-02 2.529861e-02
1.862197e-02 2.524066e-02
1.858736e-02 2.518275e-02
1.855288e-02 2.512490e-02
1.851852e-02 2.506711e-02
1.848429e-02 2.500937e-02
1.845018e-02 2.495170e-02
1.841621e-02 2.489410e-02
1.838235e-02 2.483656e-02
1.834862e-02 2.477911e-02
1.831502e-02 2.472172e-02
1.828154e-02 2.466442e-02
1.824818e-02 2.460720e-02
1.821494e-02 2.455007e-02
1.818182e-02 2.449303e-02
1.814882e-02 2.443607e-02
1.811594e-02 2.437922e-02
1.808318e-02 2.432245e-02
1.805054e-02 2.426579e-02
1.801802e-02 2.420924e-02
1.798561e-02 2.415278e-02
1.795332e-02 2.409643e-02
1.792115e-02 2.404020e-02
1.788909e-02 2.398409e-02
1.785714e-02 2.392811e-02
1.782531e-02 2.387224e-02
1.779359e-02 2.381653e-02
1.776199e-02 2.376096e-02
1.773050e-02 2.370555e-02
1.769912e-02 2.365033e-02
1.766784e-02 2.359531e-02
1.763668e-02 2.354051e-02
1.760563e-02 2.348598e-02
1.757469e-02 2.343174e-02
1.754386e-02 2.337787e-02
1.751313e-02 2.332442e-02
1.748252e-02 2.327150e-02
1.745201e-02 2.321920e-02
1.742160e-02 2.316768e-02
1.739130e-02 2.311715e-02
1.736111e-02 2.306782e-02
1.733102e-02 2.302004e-02
1.730104e-02 2.297422e-02
1.727116e-02 2.293088e-02
1.724138e-02 2.289075e-02
1.721170e-02 2.285471e-02
1.718213e-02 2.282398e-02
1.715266e-02 2.280010e-02
1.712329e-02 2.278511e-02
1.709402e-02 2.278168e-02
1.706485e-02 2.279334e-02
1.703578e-02 2.282470e-02
1.700680e-02 2.288186e-02
1.697793e-02 2.297285e-02
1.694915e-02 2.310835e-02
1.692047e-02 2.330244e-02
1.689189e-02 2.357386e-02
1.686341e-02 2.394748e-02
1.683502e-02 2.445644e-02
1.680672e-02 2.514486e-02
1.677852e-02 2.607166e-02
1.675042e-02 2.731551e-02
1.672241e-02 2.898157e-02
1.669449e-02 3.121038e-02
1.666667e-02 3.418981e-02
1.663894e-02 3.817055e-02
1.661130e-02 4.348657e-02
1.658375e-02 5.058096e-02
1.655629e-02 6.003826e-02
1.652893e-02 7.262277e-02
1.650165e-02 8.932068e-02
1.647446e-02 1.113794e-01
1.644737e-02 1.403301e-01
1.642036e-02 1.779663e-01
1.639344e-02 2.262318e-01
1.636661e-02 2.869469e-01
1.633987e-02 3.612868e-01
1.631321e-02 4.489437e-01
1.628664e-02 5.470151e-01
1.626016e-02 6.489213e-01
1.623377e-02 7.440184e-01
1.620746e-02 8.187929e-01
1.618123e-02 8.600891e-01
1.615509e-02 8.595233e-01
1.612903e-02 8.168610e-01
1.610306e-02 7.402140e-01
1.607717e-02 6.428870e-01
1.605136e-02 5.388571e-01
1.602564e-02 4.392666e-01
1.600000e-02 3.510118e-01
1.597444e-02 2.770787e-01
1.594896e-02 2.176953e-01
1.592357e-02 1.715479e-01
1.589825e-02 1.367054e-01
1.587302e-02 1.111934e-01
1.584786e-02 9.329391e-02
1.582278e-02 8.167019e-02
1.579779e-02 7.540097e-02
1.577287e-02 7.397682e-02
1.574803e-02 7.729182e-02
1.572327e-02 8.564611e-02
1.569859e-02 9.976736e-02
1.567398e-02 1.208505e-01
1.564945e-02 1.506087e-01
1.562500e-02 1.913164e-01
1.560062e-02 2.458075e-01
1.557632e-02 3.173620e-01
1.555210e-02 4.093780e-01
1.552795e-02 5.246944e-01
1.550388e-02 6.644367e-01
1.547988e-02 8.263882e-01
1.545595e-02 1.003191e+00
1.543210e-02 1.181156e+00
1.540832e-02 1.340819e+00
1.538462e-02 1.460115e+00
1.536098e-02 1.519873e+00
1.533742e-02 1.509713e+00
1.531394e-02 1.431592e+00
1.529052e-02 1.299114e+00
1.526718e-02 1.132953e+00
1.524390e-02 9.547532e-01
1.522070e-02 7.822457e-01
1.519757e-02 6.269864e-01
1.517451e-02 4.945127e-01
1.515152e-02 3.858293e-01
1.512859e-02 2.991771e-01
1.510574e-02 2.314916e-01
1.508296e-02 1.793735e-01
1.506024e-02 1.396282e-01
1.503759e-02 1.095048e-01
1.501502e-02 8.675564e-02
1.499250e-02 6.960549e-02
1.497006e-02 5.668313e-02
1.494768e-02 4.694523e-02
1.492537e-02 3.960603e-02
1.490313e-02 3.407801e-02
1.488095e-02 2.992468e-02
1.485884e-02 2.682388e-02
1.483680e-02 2.454030e-02
1.481481e-02 2.290514e-02
1.479290e-02 2.180154e-02
1.477105e-02 2.115465e-02
1.474926e-02 2.092523e-02
1.472754e-02 2.110655e-02
1.470588e-02 2.172387e-02
1.468429e-02 2.283695e-02
1.466276e-02 2.454515e-02
1.464129e-02 2.699607e-02
1.461988e-02 3.039799e-02
1.459854e-02 3.503680e-02
1.457726e-02 4.129885e-02
1.455604e-02 4.969973e-02
1.453488e-02 6.092004e-02
1.451379e-02 7.584657e-02
1.449275e-02 9.561537e-02
1.447178e-02 1.216471e-01
1.445087e-02 1.556560e-01
1.443001e-02 1.995988e-01
1.440922e-02 2.555105e-01
1.438849e-02 3.251560e-01
1.436782e-02 4.094307e-01
1.434720e-02 5.075042e-01
1.432665e-02 6.158571e-01
1.430615e-02 7.276107e-01
1.428571e-02 8.327190e-01
1.426534e-02 9.194175e-01
1.424501e-02 9.766583e-01
1.422475e-02 9.966034e-01
1.420455e-02 9.762802e-01
1.418440e-02 9.181603e-01
1.416431e-02 8.297477e-01
1.414427e-02 7.220959e-01
1.412429e-02 6.073597e-01
1.410437e-02 4.961826e-01
1.408451e-02 3.959704e-01
1.406470e-02 3.105132e-01
1.404494e-02 2.406373e-01
1.402525e-02 1.852587e-01
1.400560e-02 1.423527e-01
1.398601e-02 1.096368e-01
1.396648e-02 8.495899e-02
1.394700e-02 6.647245e-02
1.392758e-02 5.267864e-02
1.390821e-02 4.240442e-02
1.388889e-02 3.475266e-02
1.386963e-02 2.904767e-02
1.385042e-02 2.478545e-02
1.383126e-02 2.159234e-02
1.381215e-02 1.919211e-02
1.379310e-02 1.738087e-02
1.377410e-02 1.600812e-02
1.375516e-02 1.496260e-02
1.373626e-02 1.416195e-02
1.371742e-02 1.354505e-02
1.369863e-02 1.306644e-02
1.367989e-02 1.269221e-02
1.366120e-02 1.239697e-02
1.364256e-02 1.216173e-02
1.362398e-02 1.197211e-02
1.360544e-02 1.181733e-02
1.358696e-02 1.168921e-02
1.356852e-02 1.158154e-02
1.355014e-02 1.148962e-02
1.353180e-02 1.140982e-02
1.351351e-02 1.133939e-02
1.349528e-02 1.127624e-02
1.347709e-02 1.121874e-02
1.345895e-02 1.116563e-02
1.344086e-02 1.111596e-02
1.342282e-02 1.106899e-02
1.340483e-02 1.102414e-02
1.338688e-02 1.098095e-02
1.336898e-02 1.093911e-02
1.335113e-02 1.089832e-02
1.333333e-02 1.085837e-02
1.331558e-02 1.081910e-02
1.329787e-02 1.078039e-02
1.328021e-02 1.074214e-02
1.326260e-02 1.070427e-02
1.324503e-02 1.066670e-02
1.322751e-02 1.062942e-02
1.321004e-02 1.059235e-02
1.319261e-02 1.055549e-02
1.317523e-02 1.051881e-02
1.315789e-02 1.048229e-02
1.314060e-02 1.044590e-02
1.312336e-02 1.040965e-02
1.310616e-02 1.037353e-02
1.308901e-02 1.033753e-02
1.307190e-02 1.030160e-02
1.305483e-02 1.026583e-02
1.303781e-02 1.023013e-02
1.302083e-02 1.019455e-02
1.300390e-02 1.015905e-02
1.298701e-02 1.012366e-02
1.297017e-02 1.008836e-02
1.295337e-02 1.005314e-02
1.293661e-02 1.001804e-02
1.291990e-02 9.983008e-03
1.290323e-02 9.948078e-03
1.288660e-02 9.913242e-03
1.287001e-02 9.878495e-03
1.285347e-02 9.843823e-03
1.283697e-02 9.809263e-03
1.282051e-02 9.774786e-03
1.280410e-02 9.740392e-03
1.278772e-02 9.706095e-03
1.277139e-02 9.671895e-03
1.275510e-02 9.637767e-03
1.273885e-02 9.603737e-03
1.272265e-02 9.569803e-03
1.270648e-02 9.535943e-03
1.269036e-02 9.502183e-03
1.267427e-02 9.468519e-03
1.265823e-02 9.434936e-03
1.264223e-02 9.401434e-03
1.262626e-02 9.368025e-03
1.261034e-02 9.334718e-03
1.259446e-02 9.301493e-03
1.257862e-02 9.268357e-03
1.256281e-02 9.235306e-03
1.254705e-02 9.202346e-03
1.253133e-02 9.169480e-03
1.251564e-02 9.136693e-03
1.250000e-02 9.104001e-03
1.248439e-02 9.071399e-03
1.246883e-02 9.038887e-03
1.245330e-02 9.006457e-03
1.243781e-02 8.974119e-03
1.242236e-02 8.941878e-03
1.240695e-02 8.909715e-03
1.239157e-02 8.877649e-03
1.237624e-02 8.845648e-03
1.236094e-02 8.813769e-03
1.234568e-02 8.781961e-03
1.233046e-02 8.750237e-03
1.231527e-02 8.718618e-03
1.230012e-02 8.687063e-03
1.228501e-02 8.655620e-03
1.226994e-02 8.624254e-03
1.225490e-02 8.592977e-03
1.223990e-02 8.561778e-03
1.222494e-02 8.530690e-03
1.221001e-02 8.499672e-03
1.219512e-02 8.468737e-03
1.218027e-02 8.437904e-03
1.216545e-02 8.407153e-03
1.215067e-02 8.376492e-03
1.213592e-02 8.345918e-03
1.212121e-02 8.315431e-03
1.210654e-02 8.285019e-03
1.209190e-02 8.254703e-03
1.207729e-02 8.224492e-03
1.206273e-02 8.194335e-03
1.204819e-02 8.164296e-03
1.203369e-02 8.134312e-03
1.201923e-02 8.104445e-03
1.200480e-02 8.074658e-03
1.199041e-02 8.044933e-03
1.197605e-02 8.015330e-03
1.196172e-02 7.985786e-03
1.194743e-02 7.956332e-03
1.193317e-02 7.926978e-03
1.191895e-02 7.897709e-03
1.190476e-02 7.868505e-03
1.189061e-02 7.839405e-03
1.187648e-02 7.810391e-03
1.186240e-02 7.781454e-03
1.184834e-02 7.752608e-03
1.183432e-02 7.723860e-03
1.182033e-02 7.695163e-03
1.180638e-02 7.666582e-03
1.179245e-02 7.638079e-03
1.177856e-02 7.609653e-03
1.176471e-02 7.581323e-03
1.175088e-02 7.553062e-03
1.173709e-02 7.524906e-03
1.172333e-02 7.496799e-03
1.170960e-02 7.468824e-03
1.169591e-02 7.440912e-03
1.168224e-02 7.413077e-03
1.166861e-02 7.385337e-03
1.165501e-02 7.357668e-03
1.164144e-02 7.330093e-03
1.162791e-02 7.302601e-03
1.161440e-02 7.275186e-03
1.160093e-02 7.247866e-03
1.158749e-02 7.220617e-03
1.157407e-02 7.193473e-03
1.156069e-02 7.166381e-03
1.154734e-02 7.139391e-03
1.153403e-02 7.112478e-03
1.152074e-02 7.085650e-03
1.150748e-02 7.058896e-03
1.149425e-02 7.032254e-03
1.148106e-02 7.005659e-03
1.146789e-02 6.979163e-03
1.145475e-02 6.952752e-03
1.144165e-02 6.926412e-03
1.142857e-02 6.900173e-03
1.141553e-02 6.873981e-03
1.140251e-02 6.847894e-03
1.138952e-02 6.821892e-03
1.137656e-02 6.795968e-03
1.136364e-02 6.770120e-03
1.135074e-02 6.744354e-03
1.133787e-02 6.718671e-03
1.132503e-02 6.693075e-03
1.131222e-02 6.667551e-03
1.129944e-02 6.642108e-03
1.128668e-02 6.616738e-03
1.127396e-02 6.591471e-03
1.126126e-02 6.566258e-03
1.124859e-02 6.541140e-03
1.123596e-02 6.516102e-03
1.122334e-02 6.491136e-03
1.121076e-02 6.466262e-03
1.119821e-02 6.441450e-03
1.118568e-02 6.416728e-03
1.117318e-02 6.392092e-03
1.116071e-02 6.367519e-03
1.114827e-02 6.343030e-03
1.113586e-02 6.318625e-03
1.112347e-02 6.294299e-03
1.111111e-02 6.270040e-03
1.109878e-02 6.245872e-03
1.108647e-02 6.221768e-03
1.107420e-02 6.197758e-03
1.106195e-02 6.173817e-03
1.104972e-02 6.149956e-03
1.103753e-02 6.126168e-03
1.102536e-02 6.102456e-03
1.101322e-02 6.078842e-03
1.100110e-02 6.055271e-03
1.098901e-02 6.031798e-03
1.097695e-02 6.008402e-03
1.096491e-02 5.985077e-03
1.095290e-02 5.961823e-03
1.094092e-02 5.938672e-03
1.092896e-02 5.915548e-03
1.091703e-02 5.892541e-03
1.090513e-02 5.869608e-03
1.089325e-02 5.846718e-03
1.088139e-02 5.823939e-03
1.086957e-02 5.801222e-03
1.085776e-02 5.778571e-03
1.084599e-02 5.756014e-03
1.083424e-02 5.733520e-03
1.082251e-02 5.711100e-03
1.081081e-02 5.688759e-03
1.079914e-02 5.666489e-03
1.078749e-02 5.644291e-03
1.077586e-02 5.622162e-03
1.076426e-02 5.600123e-03
1.075269e-02 5.578165e-03
1.074114e-02 5.556251e-03
1.072961e-02 5.534421e-03
1.071811e-02 5.512674e-03
1.070664e-02 5.490987e-03
1.069519e-02 5.469382e-03
1.068376e-02 5.447849e-03
1.067236e-02 5.426383e-03
1.066098e-02 5.404995e-03
1.064963e-02 5.383678e-03
1.063830e-02 5.362437e-03
1.062699e-02 5.341249e-03
1.061571e-02 5.320155e-03
1.060445e-02 5.299118e-03
1.059322e-02 5.278159e-03
1.058201e-02 5.257282e-03
1.057082e-02 5.236462e-03
1.055966e-02 5.215713e-03
1.054852e-02 5.195033e-03
1.053741e-02 5.174428e-03
1.052632e-02 5.153895e-03
1.051525e-02 5.133435e-03
1.050420e-02 5.113046e-03
1.049318e-02 5.092711e-03
1.048218e-02 5.072464e-03
1.047120e-02 5.052271e-03
1.046025e-02 5.032154e-03
1.044932e-02 5.012113e-03
1.043841e-02 4.992132e-03
1.042753e-02 4.972222e-03
1.041667e-02 4.952401e-03
1.040583e-02 4.932611e-03
1.039501e-02 4.912910e-03
1.038422e-02 4.893273e-03
1.037344e-02 4.873719e-03
1.036269e-02 4.854209e-03
1.035197e-02 4.834781e-03
1.034126e-02 4.815421e-03
1.033058e-02 4.796120e-03
1.031992e-02 4.776905e-03
1.030928e-02 4.757730e-03
1.029866e-02 4.738635e-03
1.028807e-02 4.719614e-03
1.027749e-02 4.700641e-03
1.026694e-02 4.681755e-03
1.025641e-02 4.662936e-03
1.024590e-02 4.644157e-03
1.023541e-02 4.625467e-03
1.022495e-02 4.606840e-03
1.021450e-02 4.588267e-03
1.020408e-02 4.569758e-03
1.019368e-02 4.551344e-03
1.018330e-02 4.532967e-03
1.017294e-02 4.514656e-03
1.016260e-02 4.496417e-03
1.015228e-02 4.478245e-03
1.014199e-02 4.460135e-03
1.013171e-02 4.442080e-03
1.012146e-02 4.424102e-03
1.011122e-02 4.406188e-03
1.010101e-02 4.388330e-03
1.009082e-02 4.370527e-03
1.008065e-02 4.352824e-03
1.007049e-02 4.335137e-03
1.006036e-02 4.317533e-03
1.005025e-02 4.300007e-03
1.004016e-02 4.282522e-03
1.003009e-02 4.265104e-03
1.002004e-02 4.247757e-03
1.001001e-02 4.230464e-03
1.000000e-02 4.213251e-03
9.990010e-03 4.196069e-03
9.980040e-03 4.178976e-03
9.970090e-03 4.161925e-03
9.960159e-03 4.144938e-03
9.950249e-03 4.128035e-03
9.940358e-03 4.111162e-03
9.930487e-03 4.094369e-03
9.920635e-03 4.077638e-03
9.910803e-03 4.060950e-03
9.900990e-03 4.044337e-03
9.891197e-03 4.027792e-03
9.881423e-03 4.011284e-03
9.871668e-03 3.994848e-03
9.861933e-03 3.978468e-03
9.852217e-03 3.962159e-03
9.842520e-03 3.945892e-03
9.832842e-03 3.929700e-03
9.823183e-03 3.913563e-03
9.813543e-03 3.897478e-03
9.803922e-03 3.881452e-03
9.794319e-03 3.865501e-03
9.784736e-03 3.849583e-03
9.775171e-03 3.833732e-03
9.765625e-03 3.817935e-03
9.756098e-03 3.802231e-03
9.746589e-03 3.786541e-03
9.737098e-03 3.770925e-03
9.727626e-03 3.755376e-03
9.718173e-03 3.739870e-03
9.708738e-03 3.724426e-03
9.699321e-03 3.709030e-03
9.689922e-03 3.693712e-03
9.680542e-03 3.678424e-03
9.671180e-03 3.663225e-03
9.661836e-03 3.648046e-03
9.652510e-03 3.632938e-03
9.643202e-03 3.617903e-03
9.633911e-03 3.602903e-03
9.624639e-03 3.587960e-03
9.615385e-03 3.573094e-03
9.606148e-03 3.558255e-03
9.596929e-03 3.543471e-03
9.587728e-03 3.528775e-03
9.578544e-03 3.514091e-03
9.569378e-03 3.499495e-03
9.560229e-03 3.484930e-03
9.551098e-03 3.470443e-03
9.541985e-03 3.455989e-03
9.532888e-03 3.441601e-03
9.523810e-03 3.427256e-03
9.514748e-03 3.412989e-03
9.505703e-03 3.398745e-03
9.496676e-03 3.384568e-03
9.487666e-03 3.370440e-03
9.478673e-03 3.356362e-03
9.469697e-03 3.342366e-03
9.460738e-03 3.328391e-03
9.451796e-03 3.314469e-03
9.442871e-03 3.300612e-03
9.433962e-03 3.286809e-03
9.425071e-03 3.273036e-03
9.416196e-03 3.259362e-03
9.407338e-03 3.245675e-03
9.398496e-03 3.232080e-03
9.389671e-03 3.218549e-03
9.380863e-03 3.205024e-03
9.372071e-03 3.191598e-03
9.363296e-03 3.178189e-03
9.354537e-03 3.164849e-03
9.345794e-03 3.151550e-03
9.337068e-03 3.138302e-03
9.328358e-03 3.125121e-03
9.319664e-03 3.111951e-03
9.310987e-03 3.098866e-03
9.302326e-03 3.085824e-03
9.293680e-03 3.072839e-03
9.285051e-03 3.059873e-03
9.276438e-03 3.046988e-03
9.267841e-03 3.034145e-03
9.259259e-03 3.021339e-03
9.250694e-03 3.008588e-03
9.242144e-03 2.995885e-03
9.233610e-03 2.983236e-03
9.225092e-03 2.970638e-03
9.216590e-03 2.958070e-03
9.208103e-03 2.945580e-03
9.199632e-03 2.933108e-03
9.191176e-03 2.920710e-03
9.182736e-03 2.908341e-03
9.174312e-03 2.896011e-03
9.165903e-03 2.883745e-03
9.157509e-03 2.871537e-03
9.149131e-03 2.859349e-03
9.140768e-03 2.847224e-03
9.132420e-03 2.835145e-03
9.124088e-03 2.823107e-03
9.115770e-03 2.811128e-03
9.107468e-03 2.799188e-03
9.099181e-03 2.787294e-03
9.090909e-03 2.775429e-03
9.082652e-03 2.763629e-03
9.074410e-03 2.751882e-03
9.066183e-03 2.740163e-03
9.057971e-03 2.728495e-03
9.049774e-03 2.716875e-03
9.041591e-03 2.705302e-03
9.033424e-03 2.693762e-03
9.025271e-03 2.682273e-03
9.017133e-03 2.670856e-03
9.009009e-03 2.659435e-03
9.000900e-03 2.648088e-03
8.992806e-03 2.636784e-03
8.984726e-03 2.625517e-03
8.976661e-03 2.614284e-03
8.968610e-03 2.603118e-03
8.960573e-03 2.591996e-03
8.952551e-03 2.580892e-03
8.944544e-03 2.569846e-03
8.936550e-03 2.558844e-03
8.928571e-03 2.547877e-03
8.920607e-03 2.536979e-03
8.912656e-03 2.526104e-03
8.904720e-03 2.515252e-03
8.896797e-03 2.504474e-03
8.888889e-03 2.493720e-03
8.880995e-03 2.483029e-03
8.873114e-03 2.472367e-03
8.865248e-03 2.461726e-03
8.857396e-03 2.451180e-03
8.849558e-03 2.440623e-03
8.841733e-03 2.430123e-03
8.833922e-03 2.419694e-03
8.826125e-03 2.409265e-03
8.818342e-03 2.398885e-03
8.810573e-03 2.388560e-03
8.802817e-03 2.378279e-03
8.795075e-03 2.368025e-03
8.787346e-03 2.357810e-03
8.779631e-03 2.347660e-03
8.771930e-03 2.337507e-03
8.764242e-03 2.327436e-03
8.756567e-03 2.317390e-03
8.748906e-03 2.307377e-03
8.741259e-03 2.297407e-03
8.733624e-03 2.287488e-03
8.726003e-03 2.277593e-03
8.718396e-03 2.267743e-03
8.710801e-03 2.257937e-03
8.703220e-03 2.248170e-03
8.695652e-03 2.238442e-03
8.688097e-03 2.228734e-03
8.680556e-03 2.219080e-03
8.673027e-03 2.209463e-03
8.665511e-03 2.199889e-03
8.658009e-03 2.190356e-03
8.650519e-03 2.180851e-03
8.643042e-03 2.171383e-03
8.635579e-03 2.161965e-03
8.628128e-03 2.152570e-03
8.620690e-03 2.143227e-03
8.613264e-03 2.133916e-03
8.605852e-03 2.124637e-03
8.598452e-03 2.115395e-03
8.591065e-03 2.106202e-03
8.583691e-03 2.097029e-03
8.576329e-03 2.087913e-03
8.568980e-03 2.078826e-03
8.561644e-03 2.069756e-03
8.554320e-03 2.060760e-03
8.547009e-03 2.051737e-03
8.539710e-03 2.042836e-03
8.532423e-03 2.033906e-03
8.525149e-03 2.025045e-03
8.517888e-03 2.016198e-03
8.510638e-03 2.007407e-03
8.503401e-03 1.998632e-03
8.496177e-03 1.989917e-03
8.488964e-03 1.981208e-03
8.481764e-03 1.972545e-03
8.474576e-03 1.963933e-03
8.467401e-03 1.955337e-03
8.460237e-03 1.946779e-03
8.453085e-03 1.938266e-03
8.445946e-03 1.929792e-03
8.438819e-03 1.921317e-03
8.431703e-03 1.912905e-03
8.424600e-03 1.904541e-03
8.417508e-03 1.896184e-03
8.410429e-03 1.887846e-03
8.403361e-03 1.879590e-03
8.396306e-03 1.871338e-03
8.389262e-03 1.863121e-03
8.382230e-03 1.854944e-03
8.375209e-03 1.846804e-03
8.368201e-03 1.838683e-03
8.361204e-03 1.830623e-03
8.354219e-03 1.822538e-03
8.347245e-03 1.814538e-03
8.340284e-03 1.806567e-03
8.333333e-03 1.798616e-03
