# T	Cv
2.000000e+01 4.279187e-02
1.000000e+01 1.631101e-01
6.666667e+00 3.479377e-01
5.000000e+00 5.835551e-01
4.000000e+00 8.562726e-01
3.333333e+00 1.153093e+00
2.857143e+00 1.462153e+00
2.500000e+00 1.773152e+00
2.222222e+00 2.077585e+00
2.000000e+00 2.368884e+00
1.818182e+00 2.642409e+00
1.666667e+00 2.895302e+00
1.538462e+00 3.126251e+00
1.428571e+00 3.335189e+00
1.333333e+00 3.522990e+00
1.250000e+00 3.691188e+00
1.176471e+00 3.841739e+00
1.111111e+00 3.976827e+00
1.052632e+00 4.098718e+00
1.000000e+00 4.209646e+00
9.523810e-01 4.311744e+00
9.090909e-01 4.406997e+00
8.695652e-01 4.497218e+00
8.333333e-01 4.584040e+00
8.000000e-01 4.668918e+00
7.692308e-01 4.753131e+00
7.407407e-01 4.837786e+00
7.142857e-01 4.923807e+00
6.896552e-01 5.011923e+00
6.666667e-01 5.102676e+00
6.451613e-01 5.196452e+00
6.250000e-01 5.293533e+00
6.060606e-01 5.394126e+00
5.882353e-01 5.498376e+00
5.714286e-01 5.606363e+00
5.555556e-01 5.718116e+00
5.405405e-01 5.833638e+00
5.263158e-01 5.952928e+00
5.128205e-01 6.075991e+00
5.000000e-01 6.202845e+00
4.878049e-01 6.333514e+00
4.761905e-01 6.468028e+00
4.651163e-01 6.606418e+00
4.545455e-01 6.748718e+00
4.444444e-01 6.894960e+00
4.347826e-01 7.045171e+00
4.255319e-01 7.199365e+00
4.166667e-01 7.357529e+00
4.081633e-01 7.519604e+00
4.000000e-01 7.685473e+00
3.921569e-01 7.854945e+00
3.846154e-01 8.027765e+00
3.773585e-01 8.203630e+00
3.703704e-01 8.382225e+00
3.636364e-01 8.563266e+00
3.571429e-01 8.746527e+00
3.508772e-01 8.931869e+00
3.448276e-01 9.119235e+00
3.389831e-01 9.308646e+00
3.333333e-01 9.500181e+00
3.278689e-01 9.693959e+00
3.225806e-01 9.890114e+00
3.174603e-01 1.008878e+01
3.125000e-01 1.029008e+01
3.076923e-01 1.049409e+01
3.030303e-01 1.070088e+01
2.985075e-01 1.091045e+01
2.941176e-01 1.112278e+01
2.898551e-01 1.133779e+01
2.857143e-01 1.155534e+01
2.816901e-01 1.177526e+01
2.777778e-01 1.199734e+01
2.739726e-01 1.222134e+01
2.702703e-01 1.244697e+01
2.666667e-01 1.267399e+01
2.631579e-01 1.290211e+01
2.597403e-01 1.313112e+01
2.564103e-01 1.336082e+01
2.531646e-01 1.359106e+01
2.500000e-01 1.382171e+01
2.469136e-01 1.405268e+01
2.439024e-01 1.428388e+01
2.409639e-01 1.451520e+01
2.380952e-01 1.474652e+01
2.352941e-01 1.497767e+01
2.325581e-01 1.520846e+01
2.298851e-01 1.543873e+01
2.272727e-01 1.566832e+01
2.247191e-01 1.589712e+01
2.222222e-01 1.612501e+01
2.197802e-01 1.635182e+01
2.173913e-01 1.657728e+01
2.150538e-01 1.680099e+01
2.127660e-01 1.702239e+01
2.105263e-01 1.724069e+01
2.083333e-01 1.745499e+01
2.061856e-01 1.766432e+01
2.040816e-01 1.786779e+01
2.020202e-01 1.806468e+01
2.000000e-01 1.825447e+01
1.980198e-01 1.843677e+01
1.960784e-01 1.861129e+01
1.941748e-01 1.877788e+01
1.923077e-01 1.893648e+01
1.904762e-01 1.908717e+01
1.886792e-01 1.923014e+01
1.869159e-01 1.936563e+01
1.851852e-01 1.949392e+01
1.834862e-01 1.961521e+01
1.818182e-01 1.972961e+01
1.801802e-01 1.983706e+01
1.785714e-01 1.993736e+01
1.769912e-01 2.003014e+01
1.754386e-01 2.011492e+01
1.739130e-01 2.019116e+01
1.724138e-01 2.025835e+01
1.709402e-01 2.031607e+01
1.694915e-01 2.036406e+01
1.680672e-01 2.040224e+01
1.666667e-01 2.043068e+01
1.652893e-01 2.044955e+01
1.639344e-01 2.045904e+01
1.626016e-01 2.045924e+01
1.612903e-01 2.045012e+01
1.600000e-01 2.043149e+01
1.587302e-01 2.040306e+01
1.574803e-01 2.036453e+01
1.562500e-01 2.031566e+01
1.550388e-01 2.025636e+01
1.538462e-01 2.018669e+01
1.526718e-01 2.010691e+01
1.515152e-01 2.001742e+01
1.503759e-01 1.991874e+01
1.492537e-01 1.981150e+01
1.481481e-01 1.969639e+01
1.470588e-01 1.957413e+01
1.459854e-01 1.944549e+01
1.449275e-01 1.931123e+01
1.438849e-01 1.917209e+01
1.428571e-01 1.902882e+01
1.418440e-01 1.888213e+01
1.408451e-01 1.873275e+01
1.398601e-01 1.858134e+01
1.388889e-01 1.842842e+01
1.379310e-01 1.827424e+01
1.369863e-01 1.811855e+01
1.360544e-01 1.796062e+01
1.351351e-01 1.779948e+01
1.342282e-01 1.763433e+01
1.333333e-01 1.746487e+01
1.324503e-01 1.729138e+01
1.315789e-01 1.711456e+01
1.307190e-01 1.693511e+01
1.298701e-01 1.675315e+01
1.290323e-01 1.656777e+01
1.282051e-01 1.637722e+01
1.273885e-01 1.617973e+01
1.265823e-01 1.597450e+01
1.257862e-01 1.576205e+01
1.250000e-01 1.554392e+01
1.242236e-01 1.532221e+01
1.234568e-01 1.509903e+01
1.226994e-01 1.487631e+01
1.219512e-01 1.465566e+01
1.212121e-01 1.443849e+01
1.204819e-01 1.422602e+01
1.197605e-01 1.401933e+01
1.190476e-01 1.381944e+01
1.183432e-01 1.362730e+01
1.176471e-01 1.344391e+01
1.169591e-01 1.327025e+01
1.162791e-01 1.310701e+01
1.156069e-01 1.295388e+01
1.149425e-01 1.280888e+01
1.142857e-01 1.266800e+01
1.136364e-01 1.252608e+01
1.129944e-01 1.237819e+01
1.123596e-01 1.222083e+01
1.117318e-01 1.205228e+01
1.111111e-01 1.187260e+01
1.104972e-01 1.168353e+01
1.098901e-01 1.148807e+01
1.092896e-01 1.128953e+01
1.086957e-01 1.109004e+01
1.081081e-01 1.088939e+01
1.075269e-01 1.068517e+01
1.069519e-01 1.047387e+01
1.063830e-01 1.025233e+01
1.058201e-01 1.001922e+01
1.052632e-01 9.775837e+00
1.047120e-01 9.525680e+00
1.041667e-01 9.273126e+00
1.036269e-01 9.022057e+00
1.030928e-01 8.774852e+00
1.025641e-01 8.532145e+00
1.020408e-01 8.293556e+00
1.015228e-01 8.058829e+00
1.010101e-01 7.828413e+00
1.005025e-01 7.603232e+00
1.000000e-01 7.384214e+00
9.950249e-02 7.171996e+00
9.900990e-02 6.966882e+00
9.852217e-02 6.768906e+00
9.803922e-02 6.577930e+00
9.756098e-02 6.393718e+00
9.708738e-02 6.215994e+00
9.661836e-02 6.044476e+00
9.615385e-02 5.878895e+00
9.569378e-02 5.719008e+00
9.523810e-02 5.564600e+00
9.478673e-02 5.415485e+00
9.433962e-02 5.271505e+00
9.389671e-02 5.132526e+00
9.345794e-02 4.998431e+00
9.302326e-02 4.869119e+00
9.259259e-02 4.744499e+00
9.216590e-02 4.624478e+00
9.174312e-02 4.508962e+00
9.132420e-02 4.397840e+00
9.090909e-02 4.290970e+00
9.049774e-02 4.188165e+00
9.009009e-02 4.089172e+00
8.968610e-02 3.993657e+00
8.928571e-02 3.901209e+00
8.888889e-02 3.811363e+00
8.849558e-02 4.133065e+00
8.810573e-02 3.980305e+00
8.771930e-02 3.838782e+00
8.733624e-02 3.709594e+00
8.695652e-02 3.590395e+00
8.658009e-02 3.479469e+00
8.620690e-02 3.375548e+00
8.583691e-02 3.277682e+00
8.547009e-02 3.853574e+00
8.510638e-02 4.312358e+00
8.474576e-02 4.025014e+00
8.438819e-02 3.777574e+00
8.403361e-02 3.565956e+00
8.368201e-02 3.383039e+00
8.333333e-02 3.223342e+00
8.298755e-02 3.082647e+00
8.264463e-02 2.957680e+00
8.230453e-02 2.845834e+00
8.196721e-02 2.744941e+00
8.163265e-02 2.653105e+00
8.130081e-02 2.568654e+00
8.097166e-02 2.490154e+00
8.064516e-02 2.416452e+00
8.032129e-02 2.346679e+00
8.000000e-02 2.280217e+00
7.968127e-02 2.216655e+00
7.936508e-02 2.155743e+00
7.905138e-02 2.097338e+00
7.874016e-02 2.041351e+00
7.843137e-02 1.987713e+00
7.812500e-02 1.936344e+00
7.782101e-02 2.121252e+00
7.751938e-02 2.253012e+00
7.722008e-02 2.136809e+00
7.692308e-02 2.036661e+00
7.662835e-02 1.949360e+00
7.633588e-02 1.872448e+00
7.604563e-02 1.804027e+00
7.575758e-02 1.742611e+00
7.547170e-02 1.687017e+00
7.518797e-02 1.636301e+00
7.490637e-02 1.589714e+00
7.462687e-02 1.546672e+00
7.434944e-02 1.506735e+00
7.407407e-02 1.469565e+00
7.380074e-02 1.434899e+00
7.352941e-02 1.402517e+00
7.326007e-02 1.372226e+00
7.299270e-02 1.343848e+00
7.272727e-02 1.522278e+00
7.246377e-02 1.660907e+00
7.220217e-02 1.781382e+00
7.194245e-02 1.869488e+00
7.168459e-02 1.739410e+00
7.142857e-02 1.632309e+00
7.117438e-02 1.543303e+00
7.092199e-02 1.468606e+00
7.067138e-02 1.405255e+00
7.042254e-02 1.350915e+00
7.017544e-02 1.303729e+00
6.993007e-02 1.262213e+00
6.968641e-02 1.225173e+00
6.944444e-02 1.191650e+00
6.920415e-02 1.160867e+00
6.896552e-02 1.132199e+00
6.872852e-02 1.105144e+00
6.849315e-02 1.079300e+00
6.825939e-02 1.054349e+00
6.802721e-02 1.030047e+00
6.779661e-02 1.006211e+00
6.756757e-02 9.827159e-01
6.734007e-02 9.594828e-01
6.711409e-02 9.364756e-01
6.688963e-02 9.136923e-01
6.666667e-02 8.911576e-01
6.644518e-02 8.689147e-01
6.622517e-02 8.470182e-01
6.600660e-02 8.255274e-01
6.578947e-02 8.045007e-01
6.557377e-02 7.839917e-01
6.535948e-02 7.640460e-01
6.514658e-02 7.446997e-01
6.493506e-02 7.259789e-01
6.472492e-02 7.078995e-01
6.451613e-02 6.904681e-01
6.430868e-02 6.736828e-01
6.410256e-02 6.575349e-01
6.389776e-02 6.420095e-01
6.369427e-02 6.270877e-01
6.349206e-02 6.127472e-01
6.329114e-02 5.989637e-01
6.309148e-02 5.857120e-01
6.289308e-02 5.729666e-01
6.269592e-02 5.607023e-01
6.250000e-02 5.488949e-01
6.230530e-02 5.375213e-01
6.211180e-02 5.265595e-01
6.191950e-02 5.159887e-01
6.172840e-02 5.057894e-01
6.153846e-02 4.959433e-01
6.134969e-02 4.864330e-01
6.116208e-02 4.772421e-01
6.097561e-02 4.683552e-01
6.079027e-02 4.597578e-01
6.060606e-02 4.514361e-01
6.042296e-02 4.433775e-01
6.024096e-02 4.355703e-01
6.006006e-02 4.280036e-01
5.988024e-02 4.206675e-01
5.970149e-02 4.135534e-01
5.952381e-02 4.066531e-01
5.934718e-02 3.999597e-01
5.917160e-02 3.934670e-01
5.899705e-02 3.871694e-01
5.882353e-02 3.810620e-01
5.865103e-02 3.751400e-01
5.847953e-02 3.693988e-01
5.830904e-02 3.638335e-01
5.813953e-02 3.584388e-01
5.797101e-02 3.532087e-01
5.780347e-02 3.481363e-01
5.763689e-02 3.432138e-01
5.747126e-02 3.384326e-01
5.730659e-02 3.337834e-01
5.714286e-02 3.292566e-01
5.698006e-02 3.248429e-01
5.681818e-02 3.205338e-01
5.665722e-02 3.163219e-01
5.649718e-02 3.122013e-01
5.633803e-02 3.081680e-01
5.617978e-02 3.042198e-01
5.602241e-02 3.003562e-01
5.586592e-02 2.965783e-01
5.571031e-02 2.928879e-01
5.555556e-02 2.892872e-01
5.540166e-02 2.857778e-01
5.524862e-02 2.823602e-01
5.509642e-02 2.790327e-01
5.494505e-02 2.757912e-01
5.479452e-02 2.726292e-01
5.464481e-02 2.695385e-01
5.449591e-02 2.665096e-01
5.434783e-02 2.635335e-01
5.420054e-02 2.606026e-01
5.405405e-02 2.577119e-01
5.390836e-02 2.548595e-01
5.376344e-02 2.520463e-01
5.361930e-02 2.492756e-01
5.347594e-02 2.465525e-01
5.333333e-02 2.438825e-01
5.319149e-02 2.412716e-01
5.305040e-02 2.387250e-01
5.291005e-02 2.362473e-01
5.277045e-02 2.338419e-01
5.263158e-02 2.315113e-01
5.249344e-02 2.292571e-01
5.235602e-02 2.270797e-01
5.221932e-02 2.249792e-01
5.208333e-02 2.229551e-01
5.194805e-02 2.210067e-01
5.181347e-02 2.191333e-01
5.167959e-02 2.173343e-01
5.154639e-02 2.156089e-01
5.141388e-02 2.139562e-01
5.128205e-02 2.123750e-01
5.115090e-02 2.108633e-01
5.102041e-02 2.094187e-01
5.089059e-02 2.080384e-01
5.076142e-02 2.067189e-01
5.063291e-02 2.054562e-01
5.050505e-02 2.042461e-01
5.037783e-02 2.030843e-01
5.025126e-02 2.019664e-01
5.012531e-02 2.008879e-01
