# Finite Temperature Data for J1J2 Model
# Lx=6, Ly=6, J1=1.0000, J2=0.1250, Fz=0.0000, chi_max=110
# Columns: T | Sigmaz | Cv
# 
2.000000e+01	-4.655358e-09	4.280594e-02
1.000000e+01	-4.089163e-08	1.632671e-01
6.666667e+00	-1.010791e-07	3.485963e-01
5.000000e+00	-1.845159e-07	5.853304e-01
4.000000e+00	-2.920321e-07	8.599309e-01
3.333333e+00	-4.351542e-07	1.159423e+00
2.857143e+00	-6.218981e-07	1.471906e+00
2.500000e+00	-8.418928e-07	1.787027e+00
2.222222e+00	-1.062866e-06	2.096194e+00
2.000000e+00	-1.247443e-06	2.392642e+00
1.818182e+00	-1.378788e-06	2.671495e+00
1.666667e+00	-1.462709e-06	2.929629e+00
1.538462e+00	-1.514769e-06	3.165461e+00
1.428571e+00	-1.549827e-06	3.378718e+00
1.333333e+00	-1.578522e-06	3.570153e+00
1.250000e+00	-1.607558e-06	3.741247e+00
1.176471e+00	-1.640921e-06	3.893949e+00
1.111111e+00	-1.680915e-06	4.030474e+00
1.052632e+00	-1.728872e-06	4.153134e+00
1.000000e+00	-1.785580e-06	4.264223e+00
9.523810e-01	-1.851567e-06	4.365937e+00
9.090909e-01	-1.927267e-06	4.460318e+00
8.695652e-01	-2.013132e-06	4.549226e+00
8.333333e-01	-2.109705e-06	4.634320e+00
8.000000e-01	-2.217651e-06	4.717065e+00
7.692308e-01	-2.337768e-06	4.798727e+00
7.407407e-01	-2.470972e-06	4.880392e+00
7.142857e-01	-2.618257e-06	4.962974e+00
6.896552e-01	-2.780638e-06	5.047230e+00
6.666667e-01	-2.959074e-06	5.133771e+00
6.451613e-01	-3.154390e-06	5.223077e+00
6.250000e-01	-3.367202e-06	5.315511e+00
6.060606e-01	-3.597858e-06	5.411336e+00
5.882353e-01	-3.846432e-06	5.510730e+00
5.714286e-01	-4.112751e-06	5.613802e+00
5.555556e-01	-4.396475e-06	5.720610e+00
5.405405e-01	-4.697206e-06	5.831169e+00
5.263158e-01	-5.014602e-06	5.945466e+00
5.128205e-01	-5.348479e-06	6.063464e+00
5.000000e-01	-5.698875e-06	6.185113e+00
4.878049e-01	-6.066081e-06	6.310356e+00
4.761905e-01	-6.450632e-06	6.439130e+00
4.651163e-01	-6.853275e-06	6.571381e+00
4.545455e-01	-7.274932e-06	6.707061e+00
4.444444e-01	-7.716650e-06	6.846135e+00
4.347826e-01	-8.179554e-06	6.988585e+00
4.255319e-01	-8.664802e-06	7.134411e+00
4.166667e-01	-9.173520e-06	7.283628e+00
4.081633e-01	-9.706749e-06	7.436263e+00
4.000000e-01	-1.026537e-05	7.592357e+00
3.921569e-01	-1.085007e-05	7.751958e+00
3.846154e-01	-1.146123e-05	7.915116e+00
3.773585e-01	-1.209897e-05	8.081879e+00
3.703704e-01	-1.276306e-05	8.252284e+00
3.636364e-01	-1.345295e-05	8.426345e+00
3.571429e-01	-1.416782e-05	8.604037e+00
3.508772e-01	-1.490659e-05	8.785282e+00
3.448276e-01	-1.566797e-05	8.969935e+00
3.389831e-01	-1.645050e-05	9.157779e+00
3.333333e-01	-1.725262e-05	9.348539e+00
3.278689e-01	-1.807264e-05	9.541902e+00
3.225806e-01	-1.890877e-05	9.737553e+00
3.174603e-01	-1.975915e-05	9.935202e+00
3.125000e-01	-2.062185e-05	1.013461e+01
3.076923e-01	-2.149485e-05	1.033561e+01
3.030303e-01	-2.237607e-05	1.053807e+01
2.985075e-01	-2.326342e-05	1.074190e+01
2.941176e-01	-2.415474e-05	1.094705e+01
2.898551e-01	-2.504788e-05	1.115345e+01
2.857143e-01	-2.594069e-05	1.136104e+01
2.816901e-01	-2.683102e-05	1.156974e+01
2.777778e-01	-2.771676e-05	1.177944e+01
2.739726e-01	-2.859583e-05	1.199005e+01
2.702703e-01	-2.946619e-05	1.220145e+01
2.666667e-01	-3.032586e-05	1.241355e+01
2.631579e-01	-3.117292e-05	1.262626e+01
2.597403e-01	-3.200554e-05	1.283953e+01
2.564103e-01	-3.282197e-05	1.305332e+01
2.531646e-01	-3.362056e-05	1.326764e+01
2.500000e-01	-3.439976e-05	1.348251e+01
2.469136e-01	-3.515814e-05	1.369798e+01
2.439024e-01	-3.589440e-05	1.391411e+01
2.409639e-01	-3.660737e-05	1.413098e+01
2.380952e-01	-3.729598e-05	1.434865e+01
2.352941e-01	-3.795929e-05	1.456717e+01
2.325581e-01	-3.859643e-05	1.478657e+01
2.298851e-01	-3.920662e-05	1.500683e+01
2.272727e-01	-3.978915e-05	1.522783e+01
2.247191e-01	-4.034335e-05	1.544933e+01
2.222222e-01	-4.086859e-05	1.567097e+01
2.197802e-01	-4.136433e-05	1.589217e+01
2.173913e-01	-4.183008e-05	1.611221e+01
2.150538e-01	-4.226539e-05	1.633027e+01
2.127660e-01	-4.266989e-05	1.654551e+01
2.105263e-01	-4.304321e-05	1.675715e+01
2.083333e-01	-4.338503e-05	1.696460e+01
2.061856e-01	-4.369505e-05	1.716739e+01
2.040816e-01	-4.397303e-05	1.736521e+01
2.020202e-01	-4.421880e-05	1.755785e+01
2.000000e-01	-4.443231e-05	1.774511e+01
1.980198e-01	-4.461359e-05	1.792684e+01
1.960784e-01	-4.476282e-05	1.810286e+01
1.941748e-01	-4.488027e-05	1.827296e+01
1.923077e-01	-4.496633e-05	1.843691e+01
1.904762e-01	-4.502149e-05	1.859438e+01
1.886792e-01	-4.504629e-05	1.874503e+01
1.869159e-01	-4.504132e-05	1.888843e+01
1.851852e-01	-4.500718e-05	1.902416e+01
1.834862e-01	-4.494439e-05	1.915178e+01
1.818182e-01	-4.485342e-05	1.927088e+01
1.801802e-01	-4.473464e-05	1.938111e+01
1.785714e-01	-4.458830e-05	1.948217e+01
1.769912e-01	-4.441456e-05	1.957386e+01
1.754386e-01	-4.421351e-05	1.965602e+01
1.739130e-01	-4.398517e-05	1.972854e+01
1.724138e-01	-4.372959e-05	1.979139e+01
1.709402e-01	-4.344682e-05	1.984460e+01
1.694915e-01	-4.313701e-05	1.988821e+01
1.680672e-01	-4.280042e-05	1.992236e+01
1.666667e-01	-4.243742e-05	1.994719e+01
1.652893e-01	-4.204856e-05	1.996289e+01
1.639344e-01	-4.163453e-05	1.996965e+01
1.626016e-01	-4.119617e-05	1.996769e+01
1.612903e-01	-4.073446e-05	1.995722e+01
1.600000e-01	-4.025050e-05	1.993849e+01
1.587302e-01	-3.974548e-05	1.991175e+01
1.574803e-01	-3.922065e-05	1.987728e+01
1.562500e-01	-3.867730e-05	1.983537e+01
1.550388e-01	-3.811674e-05	1.978631e+01
1.538462e-01	-3.754030e-05	1.973039e+01
1.526718e-01	-3.694931e-05	1.966791e+01
1.515152e-01	-3.634510e-05	1.959912e+01
1.503759e-01	-3.572900e-05	1.952429e+01
1.492537e-01	-3.510238e-05	1.944363e+01
1.481481e-01	-3.446661e-05	1.935739e+01
1.470588e-01	-3.382310e-05	1.926577e+01
1.459854e-01	-3.317330e-05	1.916900e+01
1.449275e-01	-3.251869e-05	1.906733e+01
1.438849e-01	-3.186080e-05	1.896098e+01
1.428571e-01	-3.120115e-05	1.885015e+01
1.418440e-01	-3.054126e-05	1.873498e+01
1.408451e-01	-2.988256e-05	1.861548e+01
1.398601e-01	-2.922637e-05	1.849152e+01
1.388889e-01	-2.857382e-05	1.836293e+01
1.379310e-01	-2.792584e-05	1.822957e+01
1.369863e-01	-2.728312e-05	1.809144e+01
1.360544e-01	-2.664610e-05	1.794883e+01
1.351351e-01	-2.601502e-05	1.780226e+01
1.342282e-01	-2.538990e-05	1.765244e+01
1.333333e-01	-2.477061e-05	1.750011e+01
1.324503e-01	-2.415690e-05	1.734583e+01
1.315789e-01	-2.354847e-05	1.718965e+01
1.307190e-01	-2.294504e-05	1.703081e+01
1.298701e-01	-2.234646e-05	1.686758e+01
1.290323e-01	-2.175277e-05	1.669775e+01
1.282051e-01	-2.116424e-05	1.651975e+01
1.273885e-01	-2.058133e-05	1.633356e+01
1.265823e-01	-2.000457e-05	1.614062e+01
1.257862e-01	-1.943455e-05	1.594328e+01
1.250000e-01	-1.887177e-05	1.574431e+01
1.242236e-01	-1.831663e-05	1.554661e+01
1.234568e-01	-1.776938e-05	1.535302e+01
1.226994e-01	-1.723013e-05	1.516602e+01
1.219512e-01	-1.669883e-05	1.498726e+01
1.212121e-01	-1.617525e-05	1.481715e+01
1.204819e-01	-1.565909e-05	1.465480e+01
1.197605e-01	-1.515004e-05	1.449846e+01
1.190476e-01	-1.464793e-05	1.434616e+01
1.183432e-01	-1.415279e-05	1.419624e+01
1.176471e-01	-1.366491e-05	1.404745e+01
1.169591e-01	-1.318480e-05	1.389912e+01
1.162791e-01	-1.271309e-05	1.375112e+01
1.156069e-01	-1.225042e-05	1.360384e+01
1.149425e-01	-1.179734e-05	1.345795e+01
1.142857e-01	-1.135423e-05	1.331408e+01
1.136364e-01	-1.092121e-05	1.317257e+01
1.129944e-01	-1.049822e-05	1.303345e+01
1.123596e-01	-1.008503e-05	1.289643e+01
1.117318e-01	-9.681340e-06	1.276110e+01
1.111111e-01	-9.286908e-06	1.262678e+01
1.104972e-01	-8.901573e-06	1.249131e+01
1.098901e-01	-8.525255e-06	1.235016e+01
1.092896e-01	-8.157933e-06	1.219815e+01
1.086957e-01	-7.799681e-06	1.203228e+01
1.081081e-01	-7.450700e-06	1.185191e+01
1.075269e-01	-7.111340e-06	1.165707e+01
1.069519e-01	-6.782079e-06	1.144758e+01
1.063830e-01	-6.463492e-06	1.122370e+01
1.058201e-01	-6.156204e-06	1.098664e+01
1.052632e-01	-5.860844e-06	1.073846e+01
1.047120e-01	-5.577993e-06	1.048148e+01
1.041667e-01	-5.308134e-06	1.021796e+01
1.036269e-01	-5.051616e-06	9.949996e+00
1.030928e-01	-4.808625e-06	9.679628e+00
1.025641e-01	-4.579170e-06	9.408879e+00
1.020408e-01	-4.363078e-06	9.139743e+00
1.015228e-01	-4.160005e-06	8.874093e+00
1.010101e-01	-3.969461e-06	8.613548e+00
1.005025e-01	-3.790843e-06	8.359351e+00
1.000000e-01	-3.623465e-06	8.112367e+00
9.950249e-02	-3.466596e-06	7.873165e+00
9.900990e-02	-3.319488e-06	7.642157e+00
9.852217e-02	-3.181400e-06	7.419644e+00
9.803922e-02	-3.051616e-06	7.205813e+00
9.756098e-02	-2.929462e-06	7.000697e+00
9.708738e-02	-2.814306e-06	6.804180e+00
9.661836e-02	-2.705576e-06	6.616023e+00
9.615385e-02	-2.602750e-06	6.435898e+00
9.569378e-02	-2.505363e-06	6.263423e+00
9.523810e-02	-2.412999e-06	6.098165e+00
9.478673e-02	-2.325286e-06	5.939631e+00
9.433962e-02	-2.241889e-06	5.787275e+00
9.389671e-02	-2.162505e-06	5.640543e+00
9.345794e-02	-2.086856e-06	5.498922e+00
9.302326e-02	-2.014695e-06	5.361971e+00
9.259259e-02	-1.945803e-06	5.229321e+00
9.216590e-02	-1.879989e-06	5.100680e+00
9.174312e-02	-1.817095e-06	4.975815e+00
9.132420e-02	-1.756979e-06	4.854508e+00
9.090909e-02	-1.699514e-06	4.736521e+00
9.049774e-02	-1.644575e-06	4.621592e+00
9.009009e-02	-1.592028e-06	4.509452e+00
8.968610e-02	-1.541728e-06	4.399855e+00
8.928571e-02	-1.493521e-06	4.292600e+00
8.888889e-02	-1.447248e-06	4.187550e+00
8.849558e-02	-1.402760e-06	4.084635e+00
8.810573e-02	-1.359927e-06	3.983875e+00
8.771930e-02	-1.318643e-06	3.885373e+00
8.733624e-02	-1.278830e-06	3.789287e+00
8.695652e-02	-1.240435e-06	3.695764e+00
8.658009e-02	-1.203422e-06	3.604885e+00
8.620690e-02	-1.167763e-06	3.516645e+00
8.583691e-02	-1.133427e-06	3.430973e+00
8.547009e-02	-1.100377e-06	3.347790e+00
8.510638e-02	-1.068562e-06	3.267048e+00
8.474576e-02	-1.037917e-06	3.188743e+00
8.438819e-02	-1.008375e-06	3.112892e+00
8.403361e-02	-9.798675e-07	3.039500e+00
8.368201e-02	-9.523398e-07	2.968525e+00
8.333333e-02	-9.257509e-07	2.899836e+00
8.298755e-02	-9.000742e-07	2.833177e+00
8.264463e-02	-8.752933e-07	2.768174e+00
8.230453e-02	-8.513953e-07	2.704397e+00
8.196721e-02	-8.283661e-07	2.641451e+00
8.163265e-02	-8.061861e-07	2.579045e+00
8.130081e-02	-7.848304e-07	2.517039e+00
8.097166e-02	-7.642690e-07	2.455442e+00
8.064516e-02	-7.444687e-07	2.394394e+00
8.032129e-02	-7.253941e-07	2.334118e+00
8.000000e-02	-7.070092e-07	2.274867e+00
7.968127e-02	-6.892775e-07	2.216882e+00
7.936508e-02	-6.721619e-07	2.160375e+00
7.905138e-02	-6.556247e-07	2.105526e+00
7.874016e-02	-6.396267e-07	2.052477e+00
7.843137e-02	-6.241281e-07	2.001325e+00
7.812500e-02	-6.090876e-07	1.952114e+00
7.782101e-02	-5.944640e-07	1.904829e+00
7.751938e-02	-5.802168e-07	1.859408e+00
7.722008e-02	-5.663077e-07	1.815742e+00
7.692308e-02	-5.527021e-07	1.773689e+00
7.662835e-02	-5.393704e-07	1.733077e+00
7.633588e-02	-5.262898e-07	1.693722e+00
7.604563e-02	-5.134449e-07	1.655444e+00
7.575758e-02	-5.008278e-07	1.618088e+00
7.547170e-02	-4.884373e-07	1.581539e+00
7.518797e-02	-4.762775e-07	1.545734e+00
7.490637e-02	-4.643560e-07	1.510645e+00
7.462687e-02	-4.526820e-07	1.476271e+00
7.434944e-02	-4.412645e-07	1.442620e+00
7.407407e-02	-4.301110e-07	1.409700e+00
7.380074e-02	-4.192266e-07	1.377513e+00
7.352941e-02	-4.086138e-07	1.346056e+00
7.326007e-02	-3.982718e-07	1.315322e+00
7.299270e-02	-3.881974e-07	1.285304e+00
7.272727e-02	-3.783849e-07	1.255991e+00
7.246377e-02	-3.688264e-07	1.227372e+00
7.220217e-02	-3.595125e-07	1.199435e+00
7.194245e-02	-3.504330e-07	1.172170e+00
7.168459e-02	-3.415766e-07	1.145570e+00
7.142857e-02	-3.329319e-07	1.119629e+00
7.117438e-02	-3.244875e-07	1.094346e+00
7.092199e-02	-3.162326e-07	1.069726e+00
7.067138e-02	-3.081567e-07	1.045776e+00
7.042254e-02	-3.002505e-07	1.022511e+00
7.017544e-02	-2.925054e-07	9.999473e-01
6.993007e-02	-2.849143e-07	9.781064e-01
6.968641e-02	-2.774708e-07	9.570114e-01
6.944444e-02	-2.701699e-07	9.366866e-01
6.920415e-02	-2.630075e-07	9.171554e-01
6.896552e-02	-2.559803e-07	8.984385e-01
6.872852e-02	-2.490859e-07	8.805519e-01
6.849315e-02	-2.423226e-07	8.635051e-01
6.825939e-02	-2.356892e-07	8.472990e-01
6.802721e-02	-2.291852e-07	8.319245e-01
6.779661e-02	-2.228102e-07	8.173612e-01
6.756757e-02	-2.165644e-07	8.035764e-01
6.734007e-02	-2.104483e-07	7.905248e-01
6.711409e-02	-2.044626e-07	7.781486e-01
6.688963e-02	-1.986082e-07	7.663793e-01
6.666667e-02	-1.928862e-07	7.551393e-01
6.644518e-02	-1.872975e-07	7.443460e-01
6.622517e-02	-1.818429e-07	7.339155e-01
6.600660e-02	-1.765230e-07	7.237680e-01
6.578947e-02	-1.713377e-07	7.138326e-01
6.557377e-02	-1.662865e-07	7.040513e-01
6.535948e-02	-1.613679e-07	6.943830e-01
6.514658e-02	-1.565794e-07	6.848050e-01
6.493506e-02	-1.519179e-07	6.753139e-01
6.472492e-02	-1.473793e-07	6.659243e-01
6.451613e-02	-1.429586e-07	6.566677e-01
6.430868e-02	-1.386508e-07	6.475892e-01
6.410256e-02	-1.344504e-07	6.387451e-01
6.389776e-02	-1.303524e-07	6.301997e-01
6.369427e-02	-1.263519e-07	6.220219e-01
6.349206e-02	-1.224451e-07	6.142822e-01
6.329114e-02	-1.186288e-07	6.070497e-01
6.309148e-02	-1.149007e-07	6.003896e-01
6.289308e-02	-1.112592e-07	5.943603e-01
6.269592e-02	-1.077038e-07	5.890124e-01
6.250000e-02	-1.042341e-07	5.843868e-01
6.230530e-02	-1.008505e-07	5.805140e-01
6.211180e-02	-9.755329e-08	5.774143e-01
6.191950e-02	-9.434287e-08	5.750973e-01
6.172840e-02	-9.121956e-08	5.735633e-01
6.153846e-02	-8.818342e-08	5.728041e-01
6.134969e-02	-8.523426e-08	5.728040e-01
6.116208e-02	-8.237156e-08	5.735419e-01
6.097561e-02	-7.959447e-08	5.749924e-01
6.079027e-02	-7.690188e-08	5.771279e-01
6.060606e-02	-7.429242e-08	5.799201e-01
6.042296e-02	-7.176455e-08	5.833413e-01
6.024096e-02	-6.931661e-08	5.873659e-01
6.006006e-02	-6.694687e-08	5.919712e-01
5.988024e-02	-6.465363e-08	5.971378e-01
5.970149e-02	-6.243518e-08	6.028502e-01
5.952381e-02	-6.028991e-08	6.090965e-01
5.934718e-02	-5.821624e-08	6.158686e-01
5.917160e-02	-5.621266e-08	6.231610e-01
5.899705e-02	-5.427764e-08	6.309712e-01
5.882353e-02	-5.240966e-08	6.392986e-01
5.865103e-02	-5.060713e-08	6.481442e-01
5.847953e-02	-4.886837e-08	6.575104e-01
5.830904e-02	-4.719158e-08	6.674005e-01
5.813953e-02	-4.557488e-08	6.778183e-01
5.797101e-02	-4.401629e-08	6.887682e-01
5.780347e-02	-4.251380e-08	7.002541e-01
5.763689e-02	-4.106546e-08	7.122797e-01
5.747126e-02	-3.966944e-08	7.248473e-01
5.730659e-02	-3.832418e-08	7.379574e-01
5.714286e-02	-3.702846e-08	7.516082e-01
5.698006e-02	-3.578154e-08	7.657945e-01
5.681818e-02	-3.458323e-08	7.805072e-01
5.665722e-02	-3.343398e-08	7.957323e-01
5.649718e-02	-3.233492e-08	8.114506e-01
5.633803e-02	-3.128787e-08	8.276369e-01
5.617978e-02	-3.029531e-08	8.442596e-01
5.602241e-02	-2.936032e-08	8.612803e-01
5.586592e-02	-2.848646e-08	8.786538e-01
5.571031e-02	-2.767769e-08	8.963282e-01
5.555556e-02	-2.693812e-08	9.142449e-01
5.540166e-02	-2.627194e-08	9.323391e-01
5.524862e-02	-2.568315e-08	9.505403e-01
5.509642e-02	-2.517541e-08	9.687730e-01
5.494505e-02	-2.475189e-08	9.869568e-01
5.479452e-02	-2.441506e-08	1.005008e+00
5.464481e-02	-2.416661e-08	1.022840e+00
5.449591e-02	-2.400732e-08	1.040363e+00
5.434783e-02	-2.393696e-08	1.057487e+00
5.420054e-02	-2.395428e-08	1.074120e+00
5.405405e-02	-2.405701e-08	1.090170e+00
5.390836e-02	-2.424183e-08	1.105545e+00
5.376344e-02	-2.450446e-08	1.120157e+00
5.361930e-02	-2.483977e-08	1.133916e+00
5.347594e-02	-2.524185e-08	1.146739e+00
5.333333e-02	-2.570418e-08	1.158547e+00
5.319149e-02	-2.621977e-08	1.169267e+00
5.305040e-02	-2.678129e-08	1.178836e+00
5.291005e-02	-2.738128e-08	1.187201e+00
5.277045e-02	-2.801221e-08	1.194319e+00
5.263158e-02	-2.866662e-08	1.200162e+00
5.249344e-02	-2.933723e-08	1.204712e+00
5.235602e-02	-3.001692e-08	1.207968e+00
5.221932e-02	-3.069885e-08	1.209939e+00
5.208333e-02	-3.137638e-08	1.210648e+00
5.194805e-02	-3.204317e-08	1.210129e+00
5.181347e-02	-3.269308e-08	1.208426e+00
5.167959e-02	-3.332024e-08	1.205591e+00
5.154639e-02	-3.391905e-08	1.201683e+00
5.141388e-02	-3.448414e-08	1.196767e+00
5.128205e-02	-3.501045e-08	1.190910e+00
5.115090e-02	-3.549322e-08	1.184178e+00
5.102041e-02	-3.592807e-08	1.176639e+00
5.089059e-02	-3.631103e-08	1.168358e+00
5.076142e-02	-3.663863e-08	1.159398e+00
5.063291e-02	-3.690797e-08	1.149817e+00
5.050505e-02	-3.711676e-08	1.139673e+00
5.037783e-02	-3.726340e-08	1.129016e+00
5.025126e-02	-3.734701e-08	1.117896e+00
5.012531e-02	-3.736746e-08	1.106358e+00
5.000000e-02	-3.732536e-08	1.094445e+00
4.987531e-02	-3.722204e-08	1.082200e+00
4.975124e-02	-3.705953e-08	1.069664e+00
4.962779e-02	-3.684045e-08	1.056880e+00
4.950495e-02	-3.656793e-08	1.043892e+00
4.938272e-02	-3.624555e-08	1.030746e+00
4.926108e-02	-3.587721e-08	1.017487e+00
4.914005e-02	-3.546702e-08	1.004163e+00
4.901961e-02	-3.501921e-08	9.908207e-01
4.889976e-02	-3.453806e-08	9.775041e-01
4.878049e-02	-3.402781e-08	9.642563e-01
4.866180e-02	-3.349258e-08	9.511167e-01
4.854369e-02	-3.293640e-08	9.381204e-01
4.842615e-02	-3.236312e-08	9.252972e-01
4.830918e-02	-3.177641e-08	9.126709e-01
4.819277e-02	-3.117978e-08	9.002588e-01
4.807692e-02	-3.057653e-08	8.880711e-01
4.796163e-02	-2.996980e-08	8.761112e-01
4.784689e-02	-2.936255e-08	8.643764e-01
4.773270e-02	-2.875754e-08	8.528583e-01
4.761905e-02	-2.815737e-08	8.415446e-01
4.750594e-02	-2.756444e-08	8.304203e-01
4.739336e-02	-2.698098e-08	8.194685e-01
4.728132e-02	-2.640902e-08	8.086724e-01
4.716981e-02	-2.585041e-08	7.980158e-01
4.705882e-02	-2.530680e-08	7.874841e-01
4.694836e-02	-2.477961e-08	7.770655e-01
4.683841e-02	-2.427005e-08	7.667520e-01
4.672897e-02	-2.377903e-08	7.565401e-01
4.662005e-02	-2.330717e-08	7.464321e-01
4.651163e-02	-2.285475e-08	7.364374e-01
4.640371e-02	-2.242163e-08	7.265728e-01
4.629630e-02	-2.200725e-08	7.168642e-01
4.618938e-02	-2.161057e-08	7.073469e-01
4.608295e-02	-2.123001e-08	6.980662e-01
4.597701e-02	-2.086346e-08	6.890787e-01
4.587156e-02	-2.050819e-08	6.804519e-01
4.576659e-02	-2.016093e-08	6.722656e-01
4.566210e-02	-1.981778e-08	6.646117e-01
4.555809e-02	-1.947425e-08	6.575951e-01
4.545455e-02	-1.912530e-08	6.513335e-01
4.535147e-02	-1.876537e-08	6.459579e-01
4.524887e-02	-1.838839e-08	6.416118e-01
4.514673e-02	-1.798795e-08	6.384506e-01
4.504505e-02	-1.755731e-08	6.366396e-01
4.494382e-02	-1.708962e-08	6.363510e-01
4.484305e-02	-1.657807e-08	6.377589e-01
4.474273e-02	-1.601616e-08	6.410329e-01
4.464286e-02	-1.539798e-08	6.463291e-01
4.454343e-02	-1.471858e-08	6.537791e-01
4.444444e-02	-1.397440e-08	6.634770e-01
4.434590e-02	-1.316368e-08	6.754664e-01
4.424779e-02	-1.228689e-08	6.897284e-01
4.415011e-02	-1.134712e-08	7.061721e-01
4.405286e-02	-1.035023e-08	7.246327e-01
4.395604e-02	-9.304996e-09	7.448753e-01
4.385965e-02	-8.222842e-09	7.666073e-01
4.376368e-02	-7.117499e-09	7.894964e-01
4.366812e-02	-6.004378e-09	8.131907e-01
4.357298e-02	-4.899814e-09	8.373377e-01
4.347826e-02	-3.820219e-09	8.616016e-01
4.338395e-02	-2.781201e-09	8.856760e-01
4.329004e-02	-1.796679e-09	9.092956e-01
4.319654e-02	-8.780464e-10	9.322457e-01
4.310345e-02	-3.341543e-11	9.543693e-01
4.301075e-02	7.329893e-10	9.755680e-01
4.291845e-02	1.421201e-09	9.957942e-01
4.282655e-02	2.035559e-09	1.015029e+00
4.273504e-02	2.584385e-09	1.033247e+00
4.264392e-02	3.079284e-09	1.050379e+00
4.255319e-02	3.534141e-09	1.066269e+00
4.246285e-02	3.963971e-09	1.080653e+00
4.237288e-02	4.383778e-09	1.093162e+00
4.228330e-02	4.807607e-09	1.103349e+00
4.219409e-02	5.247905e-09	1.110748e+00
4.210526e-02	5.715205e-09	1.114934e+00
4.201681e-02	6.218023e-09	1.115594e+00
4.192872e-02	6.762841e-09	1.112567e+00
4.184100e-02	7.354001e-09	1.105862e+00
4.175365e-02	7.993482e-09	1.095658e+00
4.166667e-02	8.680602e-09	1.082287e+00
4.158004e-02	9.411764e-09	1.066209e+00
4.149378e-02	1.018041e-08	1.047980e+00
4.140787e-02	1.097724e-08	1.028218e+00
4.132231e-02	1.179077e-08	1.007547e+00
4.123711e-02	1.260808e-08	9.865494e-01
4.115226e-02	1.341578e-08	9.657265e-01
4.106776e-02	1.420086e-08	9.454708e-01
4.098361e-02	1.495154e-08	9.260551e-01
4.089980e-02	1.565788e-08	9.076351e-01
4.081633e-02	1.631216e-08	8.902592e-01
4.073320e-02	1.690906e-08	8.738862e-01
4.065041e-02	1.744570e-08	8.584079e-01
4.056795e-02	1.792144e-08	8.436760e-01
4.048583e-02	1.833762e-08	8.295297e-01
4.040404e-02	1.869724e-08	8.158211e-01
4.032258e-02	1.900452e-08	8.024320e-01
4.024145e-02	1.926453e-08	7.892814e-01
4.016064e-02	1.948282e-08	7.763231e-01
4.008016e-02	1.966507e-08	7.635344e-01
4.000000e-02	1.981678e-08	7.509019e-01
3.992016e-02	1.994309e-08	7.384055e-01
3.984064e-02	2.004854e-08	7.260071e-01
3.976143e-02	2.013692e-08	7.136442e-01
3.968254e-02	2.021126e-08	7.012297e-01
3.960396e-02	2.027370e-08	6.886587e-01
3.952569e-02	2.032558e-08	6.758192e-01
3.944773e-02	2.036754e-08	6.626048e-01
3.937008e-02	2.039959e-08	6.489273e-01
3.929273e-02	2.042133e-08	6.347274e-01
3.921569e-02	2.043212e-08	6.199859e-01
3.913894e-02	2.043128e-08	6.047326e-01
3.906250e-02	2.041820e-08	5.890545e-01
3.898635e-02	2.039255e-08	5.730964e-01
3.891051e-02	2.035428e-08	5.570530e-01
3.883495e-02	2.030372e-08	5.411509e-01
3.875969e-02	2.024154e-08	5.256246e-01
3.868472e-02	2.016870e-08	5.106911e-01
3.861004e-02	2.008635e-08	4.965307e-01
3.853565e-02	1.999583e-08	4.832753e-01
3.846154e-02	1.989847e-08	4.710054e-01
3.838772e-02	1.979565e-08	4.597544e-01
3.831418e-02	1.968865e-08	4.495158e-01
3.824092e-02	1.957867e-08	4.402535e-01
3.816794e-02	1.946683e-08	4.319108e-01
3.809524e-02	1.935413e-08	4.244186e-01
3.802281e-02	1.924146e-08	4.177018e-01
3.795066e-02	1.912962e-08	4.116842e-01
3.787879e-02	1.901934e-08	4.062920e-01
3.780718e-02	1.891127e-08	4.014553e-01
3.773585e-02	1.880599e-08	3.971104e-01
3.766478e-02	1.870405e-08	3.931994e-01
3.759398e-02	1.860592e-08	3.896712e-01
3.752345e-02	1.851205e-08	3.864812e-01
3.745318e-02	1.842282e-08	3.835906e-01
3.738318e-02	1.833858e-08	3.809668e-01
3.731343e-02	1.825959e-08	3.785822e-01
3.724395e-02	1.818605e-08	3.764137e-01
3.717472e-02	1.811808e-08	3.744423e-01
3.710575e-02	1.805571e-08	3.726520e-01
3.703704e-02	1.799881e-08	3.710294e-01
3.696858e-02	1.794716e-08	3.695626e-01
3.690037e-02	1.790036e-08	3.682408e-01
3.683241e-02	1.785784e-08	3.670539e-01
3.676471e-02	1.781884e-08	3.659916e-01
3.669725e-02	1.778241e-08	3.650431e-01
3.663004e-02	1.774739e-08	3.641971e-01
3.656307e-02	1.771242e-08	3.634417e-01
3.649635e-02	1.767595e-08	3.627642e-01
3.642987e-02	1.763625e-08	3.621513e-01
3.636364e-02	1.759148e-08	3.615897e-01
3.629764e-02	1.753970e-08	3.610663e-01
3.623188e-02	1.747893e-08	3.605691e-01
3.616637e-02	1.740726e-08	3.600877e-01
3.610108e-02	1.732287e-08	3.596139e-01
3.603604e-02	1.722414e-08	3.591428e-01
3.597122e-02	1.710971e-08	3.586726e-01
3.590664e-02	1.697854e-08	3.582055e-01
3.584229e-02	1.682997e-08	3.577466e-01
3.577818e-02	1.666371e-08	3.573044e-01
3.571429e-02	1.647991e-08	3.568899e-01
3.565062e-02	1.627910e-08	3.565166e-01
3.558719e-02	1.606222e-08	3.562003e-01
3.552398e-02	1.583060e-08	3.559588e-01
3.546099e-02	1.558588e-08	3.558091e-01
3.539823e-02	1.533001e-08	3.557625e-01
3.533569e-02	1.506513e-08	3.558155e-01
3.527337e-02	1.479355e-08	3.559491e-01
3.521127e-02	1.451776e-08	3.561459e-01
3.514938e-02	1.424032e-08	3.564022e-01
3.508772e-02	1.396385e-08	3.567158e-01
3.502627e-02	1.369083e-08	3.570662e-01
3.496503e-02	1.342358e-08	3.574141e-01
3.490401e-02	1.316422e-08	3.577247e-01
3.484321e-02	1.291474e-08	3.579813e-01
3.478261e-02	1.267710e-08	3.581754e-01
3.472222e-02	1.245322e-08	3.582971e-01
3.466205e-02	1.224500e-08	3.583363e-01
3.460208e-02	1.205430e-08	3.582859e-01
3.454231e-02	1.188294e-08	3.581453e-01
3.448276e-02	1.173267e-08	3.579195e-01
3.442341e-02	1.160508e-08	3.576156e-01
3.436426e-02	1.150157e-08	3.572342e-01
3.430532e-02	1.142329e-08	3.567659e-01
3.424658e-02	1.137128e-08	3.561968e-01
3.418803e-02	1.134646e-08	3.555233e-01
3.412969e-02	1.134952e-08	3.547677e-01
3.407155e-02	1.138070e-08	3.539650e-01
3.401361e-02	1.143963e-08	3.531417e-01
3.395586e-02	1.152535e-08	3.523109e-01
3.389831e-02	1.163631e-08	3.514758e-01
3.384095e-02	1.177039e-08	3.506344e-01
3.378378e-02	1.192489e-08	3.497827e-01
3.372681e-02	1.209668e-08	3.489168e-01
3.367003e-02	1.228220e-08	3.480340e-01
3.361345e-02	1.247763e-08	3.471333e-01
3.355705e-02	1.267898e-08	3.462162e-01
3.350084e-02	1.288225e-08	3.452878e-01
3.344482e-02	1.308359e-08	3.443552e-01
3.338898e-02	1.327940e-08	3.434254e-01
3.333333e-02	1.346648e-08	3.425035e-01
3.327787e-02	1.364212e-08	3.415918e-01
3.322259e-02	1.380419e-08	3.406936e-01
3.316750e-02	1.395117e-08	3.398154e-01
3.311258e-02	1.408218e-08	3.389647e-01
3.305785e-02	1.419696e-08	3.381465e-01
3.300330e-02	1.429578e-08	3.373594e-01
3.294893e-02	1.437939e-08	3.365964e-01
3.289474e-02	1.444890e-08	3.358457e-01
3.284072e-02	1.450569e-08	3.350928e-01
3.278689e-02	1.455127e-08	3.343214e-01
3.273322e-02	1.458724e-08	3.335146e-01
3.267974e-02	1.461514e-08	3.326548e-01
3.262643e-02	1.463648e-08	3.317256e-01
3.257329e-02	1.465261e-08	3.307129e-01
3.252033e-02	1.466478e-08	3.296062e-01
3.246753e-02	1.467407e-08	3.284001e-01
3.241491e-02	1.468146e-08	3.270949e-01
3.236246e-02	1.468782e-08	3.256973e-01
3.231018e-02	1.469395e-08	3.242199e-01
3.225806e-02	1.470058e-08	3.226805e-01
3.220612e-02	1.470843e-08	3.211009e-01
3.215434e-02	1.471818e-08	3.195051e-01
3.210273e-02	1.473051e-08	3.179172e-01
3.205128e-02	1.474607e-08	3.163599e-01
3.200000e-02	1.476545e-08	3.148527e-01
3.194888e-02	1.478923e-08	3.134112e-01
3.189793e-02	1.481788e-08	3.120458e-01
3.184713e-02	1.485180e-08	3.107620e-01
3.179650e-02	1.489127e-08	3.095609e-01
3.174603e-02	1.493649e-08	3.084393e-01
3.169572e-02	1.498751e-08	3.073906e-01
3.164557e-02	1.504428e-08	3.064064e-01
3.159558e-02	1.510664e-08	3.054765e-01
3.154574e-02	1.517432e-08	3.045905e-01
3.149606e-02	1.524697e-08	3.037380e-01
3.144654e-02	1.532416e-08	3.029090e-01
3.139717e-02	1.540540e-08	3.020940e-01
3.134796e-02	1.549013e-08	3.012847e-01
3.129890e-02	1.557777e-08	3.004732e-01
3.125000e-02	1.566770e-08	2.996525e-01
3.120125e-02	1.575928e-08	2.988163e-01
3.115265e-02	1.585187e-08	2.979590e-01
3.110420e-02	1.594483e-08	2.970757e-01
3.105590e-02	1.603753e-08	2.961626e-01
3.100775e-02	1.612936e-08	2.952168e-01
3.095975e-02	1.621973e-08	2.942370e-01
3.091190e-02	1.630805e-08	2.932237e-01
3.086420e-02	1.639379e-08	2.921792e-01
3.081664e-02	1.647642e-08	2.911081e-01
3.076923e-02	1.655546e-08	2.900169e-01
3.072197e-02	1.663043e-08	2.889139e-01
3.067485e-02	1.670089e-08	2.878086e-01
3.062787e-02	1.676641e-08	2.867114e-01
3.058104e-02	1.682660e-08	2.856329e-01
3.053435e-02	1.688107e-08	2.845832e-01
3.048780e-02	1.692946e-08	2.835716e-01
3.044140e-02	1.697142e-08	2.826064e-01
3.039514e-02	1.700663e-08	2.816941e-01
3.034901e-02	1.703479e-08	2.808400e-01
3.030303e-02	1.705559e-08	2.800479e-01
3.025719e-02	1.706878e-08	2.793199e-01
3.021148e-02	1.707410e-08	2.786573e-01
3.016591e-02	1.707132e-08	2.780601e-01
3.012048e-02	1.706025e-08	2.775277e-01
3.007519e-02	1.704069e-08	2.770586e-01
3.003003e-02	1.701248e-08	2.766511e-01
2.998501e-02	1.697549e-08	2.763031e-01
2.994012e-02	1.692959e-08	2.760124e-01
2.989537e-02	1.687470e-08	2.757768e-01
2.985075e-02	1.681074e-08	2.755941e-01
2.980626e-02	1.673767e-08	2.754625e-01
2.976190e-02	1.665546e-08	2.753801e-01
2.971768e-02	1.656411e-08	2.753457e-01
2.967359e-02	1.646364e-08	2.753581e-01
2.962963e-02	1.635408e-08	2.754163e-01
2.958580e-02	1.623552e-08	2.755198e-01
2.954210e-02	1.610802e-08	2.756681e-01
2.949853e-02	1.597171e-08	2.758607e-01
2.945508e-02	1.582671e-08	2.760976e-01
2.941176e-02	1.567317e-08	2.763786e-01
2.936858e-02	1.551126e-08	2.767036e-01
2.932551e-02	1.534118e-08	2.770724e-01
2.928258e-02	1.516314e-08	2.774848e-01
2.923977e-02	1.497737e-08	2.779403e-01
2.919708e-02	1.478411e-08	2.784382e-01
2.915452e-02	1.458363e-08	2.789772e-01
2.911208e-02	1.437621e-08	2.795557e-01
2.906977e-02	1.416213e-08	2.801713e-01
2.902758e-02	1.394168e-08	2.808212e-01
2.898551e-02	1.371517e-08	2.815015e-01
2.894356e-02	1.348290e-08	2.822076e-01
2.890173e-02	1.324515e-08	2.829340e-01
2.886003e-02	1.300221e-08	2.836746e-01
2.881844e-02	1.275437e-08	2.844221e-01
2.877698e-02	1.250186e-08	2.851690e-01
2.873563e-02	1.224492e-08	2.859070e-01
2.869440e-02	1.198375e-08	2.866277e-01
2.865330e-02	1.171853e-08	2.873225e-01
2.861230e-02	1.144941e-08	2.879832e-01
2.857143e-02	1.117649e-08	2.886022e-01
2.853067e-02	1.089987e-08	2.891724e-01
2.849003e-02	1.061961e-08	2.896880e-01
2.844950e-02	1.033575e-08	2.901445e-01
2.840909e-02	1.004834e-08	2.905387e-01
2.836879e-02	9.757397e-09	2.908692e-01
2.832861e-02	9.462974e-09	2.911361e-01
2.828854e-02	9.165121e-09	2.913415e-01
2.824859e-02	8.863914e-09	2.914891e-01
2.820874e-02	8.559460e-09	2.915845e-01
2.816901e-02	8.251897e-09	2.916348e-01
2.812940e-02	7.941402e-09	2.916486e-01
