# Finite Temperature Data for J1J2 Model
# Lx=6, Ly=6, J1=1.0000, J2=0.1250, Fz=0.0000, chi_max=150
# Columns: T | Sigmaz | Cv
# 
2.000000e+01	-4.931129e-10	4.284110e-02
1.000000e+01	1.515299e-09	1.636259e-01
6.666667e+00	-1.105156e-09	3.500794e-01
5.000000e+00	-3.686170e-08	5.893915e-01
4.000000e+00	-1.246860e-07	8.686513e-01
3.333333e+00	-2.282172e-07	1.175203e+00
2.857143e+00	-3.210072e-07	1.497037e+00
2.500000e+00	-3.941282e-07	1.823325e+00
2.222222e+00	-4.472064e-07	2.144802e+00
2.000000e+00	-4.833191e-07	2.453986e+00
1.818182e+00	-5.074352e-07	2.745289e+00
1.666667e+00	-5.251683e-07	3.014978e+00
1.538462e+00	-5.404805e-07	3.261018e+00
1.428571e+00	-5.541919e-07	3.482845e+00
1.333333e+00	-5.632504e-07	3.681167e+00
1.250000e+00	-5.636202e-07	3.857790e+00
1.176471e+00	-5.553598e-07	4.015034e+00
1.111111e+00	-5.421509e-07	4.154752e+00
1.052632e+00	-5.265850e-07	4.278282e+00
1.000000e+00	-5.095547e-07	4.387270e+00
9.523810e-01	-4.917101e-07	4.483933e+00
9.090909e-01	-4.736818e-07	4.570642e+00
8.695652e-01	-4.560652e-07	4.649607e+00
8.333333e-01	-4.394423e-07	4.722798e+00
8.000000e-01	-4.244189e-07	4.791946e+00
7.692308e-01	-4.116612e-07	4.858554e+00
7.407407e-01	-4.019254e-07	4.923917e+00
7.142857e-01	-3.960700e-07	4.989137e+00
6.896552e-01	-3.950481e-07	5.055142e+00
6.666667e-01	-3.998857e-07	5.122706e+00
6.451613e-01	-4.116499e-07	5.192467e+00
6.250000e-01	-4.314156e-07	5.264949e+00
6.060606e-01	-4.602329e-07	5.340577e+00
5.882353e-01	-4.990943e-07	5.419691e+00
5.714286e-01	-5.488987e-07	5.502570e+00
5.555556e-01	-6.104085e-07	5.589443e+00
5.405405e-01	-6.841982e-07	5.680506e+00
5.263158e-01	-7.705975e-07	5.775936e+00
5.128205e-01	-8.696390e-07	5.875895e+00
5.000000e-01	-9.810207e-07	5.980536e+00
4.878049e-01	-1.104098e-06	6.090002e+00
4.761905e-01	-1.237909e-06	6.204407e+00
4.651163e-01	-1.381234e-06	6.323823e+00
4.545455e-01	-1.532670e-06	6.448245e+00
4.444444e-01	-1.690714e-06	6.577581e+00
4.347826e-01	-1.853830e-06	6.711645e+00
4.255319e-01	-2.020495e-06	6.850169e+00
4.166667e-01	-2.189225e-06	6.992836e+00
4.081633e-01	-2.358574e-06	7.139328e+00
4.000000e-01	-2.527134e-06	7.289366e+00
3.921569e-01	-2.693534e-06	7.442744e+00
3.846154e-01	-2.856454e-06	7.599345e+00
3.773585e-01	-3.014638e-06	7.759136e+00
3.703704e-01	-3.166905e-06	7.922158e+00
3.636364e-01	-3.312142e-06	8.088497e+00
3.571429e-01	-3.449281e-06	8.258252e+00
3.508772e-01	-3.577273e-06	8.431507e+00
3.448276e-01	-3.695093e-06	8.608339e+00
3.389831e-01	-3.801773e-06	8.788835e+00
3.333333e-01	-3.896461e-06	8.973131e+00
3.278689e-01	-3.978498e-06	9.161425e+00
3.225806e-01	-4.047461e-06	9.353965e+00
3.174603e-01	-4.103200e-06	9.551003e+00
3.125000e-01	-4.145834e-06	9.752738e+00
3.076923e-01	-4.175727e-06	9.959253e+00
3.030303e-01	-4.193454e-06	1.017048e+01
2.985075e-01	-4.199749e-06	1.038617e+01
2.941176e-01	-4.195452e-06	1.060593e+01
2.898551e-01	-4.181450e-06	1.082927e+01
2.857143e-01	-4.158617e-06	1.105568e+01
2.816901e-01	-4.127766e-06	1.128464e+01
2.777778e-01	-4.089605e-06	1.151569e+01
2.739726e-01	-4.044701e-06	1.174842e+01
2.702703e-01	-3.993453e-06	1.198244e+01
2.666667e-01	-3.936080e-06	1.221738e+01
2.631579e-01	-3.872604e-06	1.245284e+01
2.597403e-01	-3.802854e-06	1.268844e+01
2.564103e-01	-3.726483e-06	1.292378e+01
2.531646e-01	-3.642994e-06	1.315840e+01
2.500000e-01	-3.551786e-06	1.339186e+01
2.469136e-01	-3.452218e-06	1.362366e+01
2.439024e-01	-3.343668e-06	1.385333e+01
2.409639e-01	-3.225601e-06	1.408044e+01
2.380952e-01	-3.097625e-06	1.430461e+01
2.352941e-01	-2.959533e-06	1.452552e+01
2.325581e-01	-2.811329e-06	1.474290e+01
2.298851e-01	-2.653245e-06	1.495655e+01
2.272727e-01	-2.485739e-06	1.516628e+01
2.247191e-01	-2.309482e-06	1.537197e+01
2.222222e-01	-2.125339e-06	1.557355e+01
2.197802e-01	-1.934345e-06	1.577097e+01
2.173913e-01	-1.737671e-06	1.596421e+01
2.150538e-01	-1.536593e-06	1.615325e+01
2.127660e-01	-1.332450e-06	1.633806e+01
2.105263e-01	-1.126607e-06	1.651856e+01
2.083333e-01	-9.204090e-07	1.669460e+01
2.061856e-01	-7.151410e-07	1.686599e+01
2.040816e-01	-5.119946e-07	1.703247e+01
2.020202e-01	-3.120426e-07	1.719376e+01
2.000000e-01	-1.162266e-07	1.734951e+01
1.980198e-01	7.464383e-08	1.749943e+01
1.960784e-01	2.598815e-07	1.764321e+01
1.941748e-01	4.389042e-07	1.778059e+01
1.923077e-01	6.112144e-07	1.791137e+01
1.904762e-01	7.763803e-07	1.803541e+01
1.886792e-01	9.340200e-07	1.815261e+01
1.869159e-01	1.083793e-06	1.826293e+01
1.851852e-01	1.225397e-06	1.836636e+01
1.834862e-01	1.358571e-06	1.846291e+01
1.818182e-01	1.483102e-06	1.855259e+01
1.801802e-01	1.598831e-06	1.863545e+01
1.785714e-01	1.705663e-06	1.871150e+01
1.769912e-01	1.803573e-06	1.878080e+01
1.754386e-01	1.892608e-06	1.884338e+01
1.739130e-01	1.972887e-06	1.889929e+01
1.724138e-01	2.044600e-06	1.894862e+01
1.709402e-01	2.108004e-06	1.899146e+01
1.694915e-01	2.163417e-06	1.902795e+01
1.680672e-01	2.211215e-06	1.905827e+01
1.666667e-01	2.251829e-06	1.908266e+01
1.652893e-01	2.285740e-06	1.910142e+01
1.639344e-01	2.313484e-06	1.911496e+01
1.626016e-01	2.335647e-06	1.912376e+01
1.612903e-01	2.352871e-06	1.912840e+01
1.600000e-01	2.365844e-06	1.912958e+01
1.587302e-01	2.375290e-06	1.912800e+01
1.574803e-01	2.381938e-06	1.912433e+01
1.562500e-01	2.386490e-06	1.911898e+01
1.550388e-01	2.389574e-06	1.911203e+01
1.538462e-01	2.391710e-06	1.910297e+01
1.526718e-01	2.393283e-06	1.909056e+01
1.515152e-01	2.394525e-06	1.907287e+01
1.503759e-01	2.395501e-06	1.904773e+01
1.492537e-01	2.396106e-06	1.901348e+01
1.481481e-01	2.396080e-06	1.896959e+01
1.470588e-01	2.395039e-06	1.891675e+01
1.459854e-01	2.392517e-06	1.885663e+01
1.449275e-01	2.388015e-06	1.879143e+01
1.438849e-01	2.381033e-06	1.872367e+01
1.428571e-01	2.371095e-06	1.865594e+01
1.418440e-01	2.357749e-06	1.859062e+01
1.408451e-01	2.340562e-06	1.852953e+01
1.398601e-01	2.319107e-06	1.847360e+01
1.388889e-01	2.292983e-06	1.842250e+01
1.379310e-01	2.261847e-06	1.837429e+01
1.369863e-01	2.225466e-06	1.832533e+01
1.360544e-01	2.183745e-06	1.827071e+01
1.351351e-01	2.136747e-06	1.820530e+01
1.342282e-01	2.084700e-06	1.812480e+01
1.333333e-01	2.028008e-06	1.802656e+01
1.324503e-01	1.967242e-06	1.790983e+01
1.315789e-01	1.903113e-06	1.777560e+01
1.307190e-01	1.836421e-06	1.762591e+01
1.298701e-01	1.767983e-06	1.746288e+01
1.290323e-01	1.698578e-06	1.728774e+01
1.282051e-01	1.628915e-06	1.710020e+01
1.273885e-01	1.559623e-06	1.689851e+01
1.265823e-01	1.491236e-06	1.668046e+01
1.257862e-01	1.424178e-06	1.644497e+01
1.250000e-01	1.358744e-06	1.619304e+01
1.242236e-01	1.295116e-06	1.592757e+01
1.234568e-01	1.233388e-06	1.565235e+01
1.226994e-01	1.173596e-06	1.537117e+01
1.219512e-01	1.115726e-06	1.508726e+01
1.212121e-01	1.059738e-06	1.480317e+01
1.204819e-01	1.005564e-06	1.452082e+01
1.197605e-01	9.531234e-07	1.424165e+01
1.190476e-01	9.023239e-07	1.396673e+01
1.183432e-01	8.530686e-07	1.369686e+01
1.176471e-01	8.052585e-07	1.343267e+01
1.169591e-01	7.587944e-07	1.317464e+01
1.162791e-01	7.135788e-07	1.292311e+01
1.156069e-01	6.695180e-07	1.267832e+01
1.149425e-01	6.265243e-07	1.244039e+01
1.142857e-01	5.845189e-07	1.220926e+01
1.136364e-01	5.434351e-07	1.198474e+01
1.129944e-01	5.032206e-07	1.176648e+01
1.123596e-01	4.638391e-07	1.155396e+01
1.117318e-01	4.252712e-07	1.134659e+01
1.111111e-01	3.875136e-07	1.114370e+01
1.104972e-01	3.505790e-07	1.094460e+01
1.098901e-01	3.144955e-07	1.074862e+01
1.092896e-01	2.793052e-07	1.055510e+01
1.086957e-01	2.450637e-07	1.036345e+01
1.081081e-01	2.118377e-07	1.017313e+01
1.075269e-01	1.797022e-07	9.983690e+00
1.069519e-01	1.487363e-07	9.794784e+00
1.063830e-01	1.190190e-07	9.606199e+00
1.058201e-01	9.062442e-08	9.417848e+00
1.052632e-01	6.361772e-08	9.229759e+00
1.047120e-01	3.805240e-08	9.042053e+00
1.041667e-01	1.396788e-08	8.854927e+00
1.036269e-01	-8.611744e-09	8.668635e+00
1.030928e-01	-2.967826e-08	8.483465e+00
1.025641e-01	-4.923908e-08	8.299734e+00
1.020408e-01	-6.731633e-08	8.117765e+00
1.015228e-01	-8.394529e-08	7.937884e+00
1.010101e-01	-9.917224e-08	7.760401e+00
1.005025e-01	-1.130519e-07	7.585611e+00
1.000000e-01	-1.256446e-07	7.413776e+00
9.950249e-02	-1.370137e-07	7.245129e+00
9.900990e-02	-1.472227e-07	7.079866e+00
9.852217e-02	-1.563330e-07	6.918149e+00
9.803922e-02	-1.644028e-07	6.760100e+00
9.756098e-02	-1.714855e-07	6.605811e+00
9.708738e-02	-1.776298e-07	6.455340e+00
9.661836e-02	-1.828796e-07	6.308720e+00
9.615385e-02	-1.872754e-07	6.165955e+00
9.569378e-02	-1.908554e-07	6.027027e+00
9.523810e-02	-1.936568e-07	5.891895e+00
9.478673e-02	-1.957174e-07	5.760497e+00
9.433962e-02	-1.970768e-07	5.632756e+00
9.389671e-02	-1.977774e-07	5.508583e+00
9.345794e-02	-1.978642e-07	5.387889e+00
9.302326e-02	-1.973852e-07	5.270587e+00
9.259259e-02	-1.963902e-07	5.156595e+00
9.216590e-02	-1.949303e-07	5.045843e+00
9.174312e-02	-1.930565e-07	4.938269e+00
9.132420e-02	-1.908189e-07	4.833812e+00
9.090909e-02	-1.882661e-07	4.732410e+00
9.049774e-02	-1.854445e-07	4.633988e+00
9.009009e-02	-1.823982e-07	4.538455e+00
8.968610e-02	-1.791683e-07	4.445696e+00
8.928571e-02	-1.757932e-07	4.355573e+00
8.888889e-02	-1.723076e-07	4.267922e+00
8.849558e-02	-1.687422e-07	4.182558e+00
8.810573e-02	-1.651236e-07	4.099284e+00
8.771930e-02	-1.614734e-07	4.017896e+00
8.733624e-02	-1.578087e-07	3.938190e+00
8.695652e-02	-1.541414e-07	3.859969e+00
8.658009e-02	-1.504791e-07	3.783045e+00
8.620690e-02	-1.468255e-07	3.707247e+00
8.583691e-02	-1.431810e-07	3.632419e+00
8.547009e-02	-1.395429e-07	3.558431e+00
8.510638e-02	-1.359070e-07	3.485179e+00
8.474576e-02	-1.322675e-07	3.412591e+00
8.438819e-02	-1.286180e-07	3.340631e+00
8.403361e-02	-1.249517e-07	3.269296e+00
8.368201e-02	-1.212622e-07	3.198618e+00
8.333333e-02	-1.175439e-07	3.128658e+00
8.298755e-02	-1.137918e-07	3.059499e+00
8.264463e-02	-1.100023e-07	2.991241e+00
8.230453e-02	-1.061730e-07	2.923998e+00
8.196721e-02	-1.023024e-07	2.857889e+00
8.163265e-02	-9.838975e-08	2.793040e+00
8.130081e-02	-9.443489e-08	2.729579e+00
8.097166e-02	-9.043726e-08	2.667643e+00
8.064516e-02	-8.639551e-08	2.607372e+00
8.032129e-02	-8.230678e-08	2.548912e+00
8.000000e-02	-7.816618e-08	2.492421e+00
7.968127e-02	-7.396639e-08	2.438064e+00
7.936508e-02	-6.969753e-08	2.386017e+00
7.905138e-02	-6.534736e-08	2.336470e+00
7.874016e-02	-6.090186e-08	2.289625e+00
7.843137e-02	-5.634601e-08	2.245697e+00
7.812500e-02	-5.166495e-08	2.204911e+00
7.782101e-02	-4.684511e-08	2.167495e+00
7.751938e-02	-4.187540e-08	2.133653e+00
7.722008e-02	-3.674815e-08	2.103541e+00
7.692308e-02	-3.145996e-08	2.077228e+00
7.662835e-02	-2.601219e-08	2.054650e+00
7.633588e-02	-2.041125e-08	2.035574e+00
7.604563e-02	-1.466880e-08	2.019580e+00
7.575758e-02	-8.801641e-09	2.006066e+00
7.547170e-02	-2.831663e-09	1.994283e+00
7.518797e-02	3.214561e-09	1.983396e+00
7.490637e-02	9.306399e-09	1.972569e+00
7.462687e-02	1.541016e-08	1.961043e+00
7.434944e-02	2.149038e-08	1.948213e+00
7.407407e-02	2.751111e-08	1.933669e+00
7.380074e-02	3.343700e-08	1.917213e+00
7.352941e-02	3.923403e-08	1.898846e+00
7.326007e-02	4.486983e-08	1.878729e+00
7.299270e-02	5.031375e-08	1.857137e+00
7.272727e-02	5.553699e-08	1.834416e+00
7.246377e-02	6.051281e-08	1.810943e+00
7.220217e-02	6.521694e-08	1.787098e+00
7.194245e-02	6.962813e-08	1.763247e+00
7.168459e-02	7.372870e-08	1.739727e+00
7.142857e-02	7.750491e-08	1.716844e+00
7.117438e-02	8.094718e-08	1.694871e+00
7.092199e-02	8.404996e-08	1.674045e+00
7.067138e-02	8.681146e-08	1.654573e+00
7.042254e-02	8.923311e-08	1.636628e+00
7.017544e-02	9.131910e-08	1.620349e+00
6.993007e-02	9.307581e-08	1.605842e+00
6.968641e-02	9.451139e-08	1.593180e+00
6.944444e-02	9.563540e-08	1.582403e+00
6.920415e-02	9.645864e-08	1.573522e+00
6.896552e-02	9.699295e-08	1.566517e+00
6.872852e-02	9.725108e-08	1.561344e+00
6.849315e-02	9.724659e-08	1.557931e+00
6.825939e-02	9.699363e-08	1.556187e+00
6.802721e-02	9.650663e-08	1.555993e+00
6.779661e-02	9.580008e-08	1.557215e+00
6.756757e-02	9.488817e-08	1.559695e+00
6.734007e-02	9.378472e-08	1.563261e+00
6.711409e-02	9.250317e-08	1.567729e+00
6.688963e-02	9.105679e-08	1.572901e+00
6.666667e-02	8.945899e-08	1.578576e+00
6.644518e-02	8.772367e-08	1.584553e+00
6.622517e-02	8.586532e-08	1.590639e+00
6.600660e-02	8.389896e-08	1.596650e+00
6.578947e-02	8.183978e-08	1.602419e+00
6.557377e-02	7.970260e-08	1.607798e+00
6.535948e-02	7.750141e-08	1.612671e+00
6.514658e-02	7.524918e-08	1.616945e+00
6.493506e-02	7.295804e-08	1.620534e+00
6.472492e-02	7.063965e-08	1.623340e+00
6.451613e-02	6.830576e-08	1.625240e+00
6.430868e-02	6.596869e-08	1.626082e+00
6.410256e-02	6.364167e-08	1.625704e+00
6.389776e-02	6.133902e-08	1.623951e+00
6.369427e-02	5.907604e-08	1.620692e+00
6.349206e-02	5.686880e-08	1.615840e+00
6.329114e-02	5.473371e-08	1.609341e+00
6.309148e-02	5.268711e-08	1.601179e+00
6.289308e-02	5.074480e-08	1.591365e+00
6.269592e-02	4.892162e-08	1.579937e+00
6.250000e-02	4.723099e-08	1.566961e+00
6.230530e-02	4.568463e-08	1.552526e+00
6.211180e-02	4.429211e-08	1.536749e+00
6.191950e-02	4.306062e-08	1.519766e+00
6.172840e-02	4.199471e-08	1.501728e+00
6.153846e-02	4.109618e-08	1.482798e+00
6.134969e-02	4.036406e-08	1.463134e+00
6.116208e-02	3.979475e-08	1.442886e+00
6.097561e-02	3.938236e-08	1.422184e+00
6.079027e-02	3.911910e-08	1.401130e+00
6.060606e-02	3.899584e-08	1.379804e+00
6.042296e-02	3.900264e-08	1.358262e+00
6.024096e-02	3.912931e-08	1.336544e+00
6.006006e-02	3.936577e-08	1.314688e+00
5.988024e-02	3.970229e-08	1.292735e+00
5.970149e-02	4.012957e-08	1.270742e+00
5.952381e-02	4.063862e-08	1.248778e+00
5.934718e-02	4.122053e-08	1.226929e+00
5.917160e-02	4.186621e-08	1.205286e+00
5.899705e-02	4.256611e-08	1.183947e+00
5.882353e-02	4.330996e-08	1.163000e+00
5.865103e-02	4.408662e-08	1.142528e+00
5.847953e-02	4.488405e-08	1.122592e+00
5.830904e-02	4.568927e-08	1.103242e+00
5.813953e-02	4.648849e-08	1.084505e+00
5.797101e-02	4.726724e-08	1.066395e+00
5.780347e-02	4.801056e-08	1.048912e+00
5.763689e-02	4.870327e-08	1.032042e+00
5.747126e-02	4.933015e-08	1.015765e+00
5.730659e-02	4.987630e-08	1.000056e+00
5.714286e-02	5.032737e-08	9.848823e-01
5.698006e-02	5.066990e-08	9.702079e-01
5.681818e-02	5.089164e-08	9.559928e-01
5.665722e-02	5.098179e-08	9.421926e-01
5.649718e-02	5.093123e-08	9.287581e-01
5.633803e-02	5.073273e-08	9.156358e-01
5.617978e-02	5.038103e-08	9.027684e-01
5.602241e-02	4.987293e-08	8.900956e-01
5.586592e-02	4.920729e-08	8.775550e-01
5.571031e-02	4.838498e-08	8.650834e-01
5.555556e-02	4.740875e-08	8.526177e-01
5.540166e-02	4.628314e-08	8.400961e-01
5.524862e-02	4.501421e-08	8.274605e-01
5.509642e-02	4.360936e-08	8.146582e-01
5.494505e-02	4.207703e-08	8.016462e-01
5.479452e-02	4.042651e-08	7.883936e-01
5.464481e-02	3.866760e-08	7.748847e-01
5.449591e-02	3.681048e-08	7.611202e-01
5.434783e-02	3.486547e-08	7.471165e-01
5.420054e-02	3.284288e-08	7.329054e-01
5.405405e-02	3.075286e-08	7.185308e-01
5.390836e-02	2.860535e-08	7.040474e-01
5.376344e-02	2.640997e-08	6.895174e-01
5.361930e-02	2.417600e-08	6.750077e-01
5.347594e-02	2.191236e-08	6.605876e-01
5.333333e-02	1.962759e-08	6.463254e-01
5.319149e-02	1.732986e-08	6.322864e-01
5.305040e-02	1.502697e-08	6.185301e-01
5.291005e-02	1.272637e-08	6.051087e-01
5.277045e-02	1.043514e-08	5.920652e-01
5.263158e-02	8.160001e-09	5.794328e-01
5.249344e-02	5.907299e-09	5.672343e-01
5.235602e-02	3.682992e-09	5.554827e-01
5.221932e-02	1.492626e-09	5.441820e-01
5.208333e-02	-6.586828e-10	5.333297e-01
5.194805e-02	-2.766267e-09	5.229174e-01
5.181347e-02	-4.825922e-09	5.129334e-01
5.167959e-02	-6.833900e-09	5.033632e-01
5.154639e-02	-8.786893e-09	4.941908e-01
5.141388e-02	-1.068201e-08	4.853994e-01
5.128205e-02	-1.251672e-08	4.769728e-01
5.115090e-02	-1.428884e-08	4.688971e-01
5.102041e-02	-1.599649e-08	4.611616e-01
5.089059e-02	-1.763804e-08	4.537594e-01
5.076142e-02	-1.921217e-08	4.466869e-01
5.063291e-02	-2.071778e-08	4.399423e-01
5.050505e-02	-2.215407e-08	4.335235e-01
5.037783e-02	-2.352049e-08	4.274275e-01
5.025126e-02	-2.481679e-08	4.216496e-01
5.012531e-02	-2.604295e-08	4.161828e-01
5.000000e-02	-2.719925e-08	4.110184e-01
4.987531e-02	-2.828619e-08	4.061461e-01
4.975124e-02	-2.930450e-08	4.015545e-01
4.962779e-02	-3.025512e-08	3.972314e-01
4.950495e-02	-3.113918e-08	3.931642e-01
4.938272e-02	-3.195796e-08	3.893402e-01
4.926108e-02	-3.271289e-08	3.857466e-01
4.914005e-02	-3.340551e-08	3.823711e-01
4.901961e-02	-3.403744e-08	3.792016e-01
4.889976e-02	-3.461039e-08	3.762264e-01
4.878049e-02	-3.512612e-08	3.734344e-01
4.866180e-02	-3.558641e-08	3.708150e-01
4.854369e-02	-3.599306e-08	3.683578e-01
4.842615e-02	-3.634790e-08	3.660530e-01
4.830918e-02	-3.665273e-08	3.638903e-01
4.819277e-02	-3.690938e-08	3.618599e-01
4.807692e-02	-3.711965e-08	3.599514e-01
4.796163e-02	-3.728538e-08	3.581540e-01
4.784689e-02	-3.740839e-08	3.564570e-01
4.773270e-02	-3.749054e-08	3.548494e-01
4.761905e-02	-3.753369e-08	3.533204e-01
4.750594e-02	-3.753970e-08	3.518601e-01
4.739336e-02	-3.751050e-08	3.504595e-01
4.728132e-02	-3.744799e-08	3.491106e-01
4.716981e-02	-3.735411e-08	3.478073e-01
4.705882e-02	-3.723082e-08	3.465447e-01
4.694836e-02	-3.708010e-08	3.453190e-01
4.683841e-02	-3.690394e-08	3.441277e-01
4.672897e-02	-3.670437e-08	3.429693e-01
4.662005e-02	-3.648346e-08	3.418426e-01
4.651163e-02	-3.624330e-08	3.407476e-01
4.640371e-02	-3.598606e-08	3.396846e-01
4.629630e-02	-3.571399e-08	3.386547e-01
4.618938e-02	-3.542945e-08	3.376596e-01
4.608295e-02	-3.513487e-08	3.367019e-01
4.597701e-02	-3.483284e-08	3.357851e-01
4.587156e-02	-3.452603e-08	3.349132e-01
4.576659e-02	-3.421722e-08	3.340910e-01
4.566210e-02	-3.390921e-08	3.333236e-01
4.555809e-02	-3.360480e-08	3.326162e-01
4.545455e-02	-3.330661e-08	3.319735e-01
4.535147e-02	-3.301701e-08	3.313991e-01
4.524887e-02	-3.273788e-08	3.308939e-01
4.514673e-02	-3.247045e-08	3.304551e-01
4.504505e-02	-3.221500e-08	3.300745e-01
4.494382e-02	-3.197071e-08	3.297377e-01
4.484305e-02	-3.173546e-08	3.294238e-01
4.474273e-02	-3.150579e-08	3.291072e-01
4.464286e-02	-3.127699e-08	3.287606e-01
4.454343e-02	-3.104336e-08	3.283596e-01
4.444444e-02	-3.079863e-08	3.278876e-01
4.434590e-02	-3.053647e-08	3.273407e-01
4.424779e-02	-3.025111e-08	3.267311e-01
4.415011e-02	-2.993783e-08	3.260873e-01
4.405286e-02	-2.959337e-08	3.254526e-01
4.395604e-02	-2.921614e-08	3.248811e-01
4.385965e-02	-2.880623e-08	3.244339e-01
4.376368e-02	-2.836521e-08	3.241744e-01
4.366812e-02	-2.789580e-08	3.241655e-01
4.357298e-02	-2.740151e-08	3.244680e-01
4.347826e-02	-2.688624e-08	3.251401e-01
4.338395e-02	-2.635388e-08	3.262376e-01
4.329004e-02	-2.580810e-08	3.278140e-01
4.319654e-02	-2.525210e-08	3.299219e-01
4.310345e-02	-2.468861e-08	3.326125e-01
4.301075e-02	-2.411981e-08	3.359372e-01
4.291845e-02	-2.354750e-08	3.399473e-01
4.282655e-02	-2.297316e-08	3.446952e-01
4.273504e-02	-2.239820e-08	3.502346e-01
4.264392e-02	-2.182407e-08	3.566217e-01
4.255319e-02	-2.125248e-08	3.639150e-01
4.246285e-02	-2.068550e-08	3.721750e-01
4.237288e-02	-2.012568e-08	3.814630e-01
4.228330e-02	-1.957600e-08	3.918383e-01
4.219409e-02	-1.903988e-08	4.033546e-01
4.210526e-02	-1.852097e-08	4.160562e-01
4.201681e-02	-1.802294e-08	4.299729e-01
4.192872e-02	-1.754923e-08	4.451170e-01
4.184100e-02	-1.710269e-08	4.614797e-01
4.175365e-02	-1.668540e-08	4.790300e-01
4.166667e-02	-1.629844e-08	4.977144e-01
4.158004e-02	-1.594184e-08	5.174579e-01
4.149378e-02	-1.561455e-08	5.381662e-01
4.140787e-02	-1.531462e-08	5.597278e-01
4.132231e-02	-1.503924e-08	5.820160e-01
4.123711e-02	-1.478486e-08	6.048922e-01
4.115226e-02	-1.454729e-08	6.282069e-01
4.106776e-02	-1.432163e-08	6.518035e-01
4.098361e-02	-1.410223e-08	6.755195e-01
4.089980e-02	-1.388260e-08	6.991888e-01
4.081633e-02	-1.365536e-08	7.226387e-01
4.073320e-02	-1.341231e-08	7.456815e-01
4.065041e-02	-1.314453e-08	7.680983e-01
4.056795e-02	-1.284259e-08	7.896224e-01
4.048583e-02	-1.249674e-08	8.099337e-01
4.040404e-02	-1.209715e-08	8.286633e-01
4.032258e-02	-1.163436e-08	8.454012e-01
4.024145e-02	-1.109988e-08	8.597052e-01
4.016064e-02	-1.048695e-08	8.711245e-01
4.008016e-02	-9.791345e-09	8.792429e-01
4.000000e-02	-9.011982e-09	8.837313e-01
3.992016e-02	-8.151243e-09	8.843905e-01
3.984064e-02	-7.215009e-09	8.811757e-01
3.976143e-02	-6.212305e-09	8.741969e-01
3.968254e-02	-5.154665e-09	8.637023e-01
3.960396e-02	-4.055291e-09	8.500519e-01
3.952569e-02	-2.928161e-09	8.336883e-01
3.944773e-02	-1.787185e-09	8.151090e-01
3.937008e-02	-6.454993e-10	7.948372e-01
3.929273e-02	4.850391e-10	7.733916e-01
3.921569e-02	1.594173e-09	7.512501e-01
3.913894e-02	2.673380e-09	7.288130e-01
3.906250e-02	3.715850e-09	7.063825e-01
3.898635e-02	4.716202e-09	6.841796e-01
3.891051e-02	5.669883e-09	6.623698e-01
3.883495e-02	6.572582e-09	6.410596e-01
3.875969e-02	7.420179e-09	6.202925e-01
3.868472e-02	8.209291e-09	6.000986e-01
3.861004e-02	8.937817e-09	5.805492e-01
3.853565e-02	9.605066e-09	5.617518e-01
3.846154e-02	1.021158e-08	5.438217e-01
3.838772e-02	1.075889e-08	5.268686e-01
3.831418e-02	1.124928e-08	5.109866e-01
3.824092e-02	1.168558e-08	4.962389e-01
3.816794e-02	1.207079e-08	4.826654e-01
3.809524e-02	1.240784e-08	4.703243e-01
3.802281e-02	1.269968e-08	4.593118e-01
3.795066e-02	1.294945e-08	4.497332e-01
3.787879e-02	1.316065e-08	4.416684e-01
3.780718e-02	1.333711e-08	4.351604e-01
3.773585e-02	1.348279e-08	4.302199e-01
3.766478e-02	1.360156e-08	4.268378e-01
3.759398e-02	1.369685e-08	4.249994e-01
3.752345e-02	1.377171e-08	4.246726e-01
3.745318e-02	1.382970e-08	4.257070e-01
3.738318e-02	1.387587e-08	4.277690e-01
3.731343e-02	1.391554e-08	4.305934e-01
3.724395e-02	1.395233e-08	4.341626e-01
3.717472e-02	1.398796e-08	4.385312e-01
3.710575e-02	1.402280e-08	4.436895e-01
3.703704e-02	1.405634e-08	4.495462e-01
3.696858e-02	1.408759e-08	4.559290e-01
3.690037e-02	1.411527e-08	4.625805e-01
3.683241e-02	1.413793e-08	4.691687e-01
3.676471e-02	1.415407e-08	4.753269e-01
3.669725e-02	1.416226e-08	4.807240e-01
3.663004e-02	1.416119e-08	4.851438e-01
3.656307e-02	1.414991e-08	4.885360e-01
3.649635e-02	1.412798e-08	4.910065e-01
3.642987e-02	1.409566e-08	4.927430e-01
3.636364e-02	1.405409e-08	4.939090e-01
3.629764e-02	1.400530e-08	4.945584e-01
3.623188e-02	1.395209e-08	4.946150e-01
3.616637e-02	1.389783e-08	4.939217e-01
3.610108e-02	1.384613e-08	4.923291e-01
3.603604e-02	1.380055e-08	4.897708e-01
3.597122e-02	1.376431e-08	4.862893e-01
3.590664e-02	1.374012e-08	4.820081e-01
3.584229e-02	1.373007e-08	4.770737e-01
3.577818e-02	1.373555e-08	4.715982e-01
3.571429e-02	1.375727e-08	4.656240e-01
3.565062e-02	1.379523e-08	4.591190e-01
3.558719e-02	1.384886e-08	4.519973e-01
3.552398e-02	1.391708e-08	4.441575e-01
3.546099e-02	1.399851e-08	4.355241e-01
3.539823e-02	1.409169e-08	4.260829e-01
3.533569e-02	1.419523e-08	4.158992e-01
3.527337e-02	1.430805e-08	4.051183e-01
3.521127e-02	1.442948e-08	3.939474e-01
3.514938e-02	1.455933e-08	3.826293e-01
3.508772e-02	1.469786e-08	3.714115e-01
3.502627e-02	1.484571e-08	3.605219e-01
3.496503e-02	1.500377e-08	3.501506e-01
3.490401e-02	1.517304e-08	3.404420e-01
3.484321e-02	1.535447e-08	3.314933e-01
3.478261e-02	1.554881e-08	3.233596e-01
3.472222e-02	1.575650e-08	3.160601e-01
3.466205e-02	1.597751e-08	3.095868e-01
3.460208e-02	1.621128e-08	3.039119e-01
3.454231e-02	1.645665e-08	2.989941e-01
3.448276e-02	1.671176e-08	2.947841e-01
3.442341e-02	1.697403e-08	2.912279e-01
3.436426e-02	1.724016e-08	2.882696e-01
3.430532e-02	1.750606e-08	2.858526e-01
3.424658e-02	1.776695e-08	2.839203e-01
3.418803e-02	1.801734e-08	2.824167e-01
3.412969e-02	1.825121e-08	2.812858e-01
3.407155e-02	1.846205e-08	2.804718e-01
3.401361e-02	1.864315e-08	2.799190e-01
3.395586e-02	1.878773e-08	2.795716e-01
3.389831e-02	1.888928e-08	2.793743e-01
3.384095e-02	1.894179e-08	2.792730e-01
3.378378e-02	1.894007e-08	2.792157e-01
3.372681e-02	1.888001e-08	2.791543e-01
3.367003e-02	1.875882e-08	2.790462e-01
3.361345e-02	1.857517e-08	2.788563e-01
3.355705e-02	1.832931e-08	2.785595e-01
3.350084e-02	1.802308e-08	2.781415e-01
3.344482e-02	1.765981e-08	2.775990e-01
3.338898e-02	1.724420e-08	2.769392e-01
3.333333e-02	1.678205e-08	2.761771e-01
3.327787e-02	1.628003e-08	2.753334e-01
3.322259e-02	1.574538e-08	2.744319e-01
3.316750e-02	1.518561e-08	2.734970e-01
3.311258e-02	1.460825e-08	2.725526e-01
3.305785e-02	1.402056e-08	2.716205e-01
3.300330e-02	1.342938e-08	2.707210e-01
3.294893e-02	1.284096e-08	2.698717e-01
3.289474e-02	1.226084e-08	2.690885e-01
3.284072e-02	1.169381e-08	2.683851e-01
3.278689e-02	1.114389e-08	2.677731e-01
3.273322e-02	1.061435e-08	2.672622e-01
3.267974e-02	1.010771e-08	2.668597e-01
3.262643e-02	9.625833e-09	2.665708e-01
3.257329e-02	9.169984e-09	2.663991e-01
3.252033e-02	8.740885e-09	2.663461e-01
3.246753e-02	8.338807e-09	2.664120e-01
3.241491e-02	7.963634e-09	2.665956e-01
3.236246e-02	7.614932e-09	2.668948e-01
3.231018e-02	7.292019e-09	2.673066e-01
3.225806e-02	6.994018e-09	2.678273e-01
3.220612e-02	6.719911e-09	2.684523e-01
3.215434e-02	6.468587e-09	2.691766e-01
3.210273e-02	6.238875e-09	2.699942e-01
3.205128e-02	6.029581e-09	2.708984e-01
3.200000e-02	5.839508e-09	2.718817e-01
3.194888e-02	5.667476e-09	2.729360e-01
3.189793e-02	5.512337e-09	2.740523e-01
3.184713e-02	5.372973e-09	2.752209e-01
3.179650e-02	5.248303e-09	2.764319e-01
3.174603e-02	5.137276e-09	2.776748e-01
3.169572e-02	5.038860e-09	2.789392e-01
3.164557e-02	4.952039e-09	2.802151e-01
3.159558e-02	4.875795e-09	2.814926e-01
3.154574e-02	4.809103e-09	2.827631e-01
3.149606e-02	4.750921e-09	2.840188e-01
3.144654e-02	4.700193e-09	2.852531e-01
3.139717e-02	4.655852e-09	2.864610e-01
3.134796e-02	4.616835e-09	2.876390e-01
3.129890e-02	4.582097e-09	2.887849e-01
3.125000e-02	4.550642e-09	2.898984e-01
3.120125e-02	4.521547e-09	2.909804e-01
3.115265e-02	4.493990e-09	2.920335e-01
3.110420e-02	4.467273e-09	2.930617e-01
3.105590e-02	4.440842e-09	2.940703e-01
3.100775e-02	4.414291e-09	2.950653e-01
3.095975e-02	4.387365e-09	2.960529e-01
3.091190e-02	4.359947e-09	2.970390e-01
3.086420e-02	4.332033e-09	2.980275e-01
3.081664e-02	4.303712e-09	2.990202e-01
3.076923e-02	4.275133e-09	3.000153e-01
3.072197e-02	4.246472e-09	3.010076e-01
3.067485e-02	4.217912e-09	3.019884e-01
3.062787e-02	4.189614e-09	3.029457e-01
3.058104e-02	4.161709e-09	3.038650e-01
3.053435e-02	4.134289e-09	3.047306e-01
3.048780e-02	4.107411e-09	3.055267e-01
3.044140e-02	4.081104e-09	3.062387e-01
3.039514e-02	4.055386e-09	3.068545e-01
3.034901e-02	4.030272e-09	3.073652e-01
3.030303e-02	4.005796e-09	3.077662e-01
3.025719e-02	3.982015e-09	3.080574e-01
3.021148e-02	3.959018e-09	3.082432e-01
3.016591e-02	3.936928e-09	3.083322e-01
3.012048e-02	3.915894e-09	3.083364e-01
3.007519e-02	3.896087e-09	3.082708e-01
3.003003e-02	3.877683e-09	3.081518e-01
2.998501e-02	3.860851e-09	3.079969e-01
2.994012e-02	3.845738e-09	3.078234e-01
2.989537e-02	3.832455e-09	3.076477e-01
2.985075e-02	3.821064e-09	3.074841e-01
2.980626e-02	3.811570e-09	3.073448e-01
2.976190e-02	3.803914e-09	3.072387e-01
2.971768e-02	3.797970e-09	3.071712e-01
2.967359e-02	3.793547e-09	3.071437e-01
2.962963e-02	3.790395e-09	3.071536e-01
2.958580e-02	3.788216e-09	3.071943e-01
2.954210e-02	3.786678e-09	3.072553e-01
2.949853e-02	3.785435e-09	3.073226e-01
2.945508e-02	3.784147e-09	3.073799e-01
2.941176e-02	3.782498e-09	3.074094e-01
2.936858e-02	3.780225e-09	3.073933e-01
2.932551e-02	3.777126e-09	3.073152e-01
2.928258e-02	3.773079e-09	3.071615e-01
2.923977e-02	3.768046e-09	3.069228e-01
2.919708e-02	3.762071e-09	3.065946e-01
2.915452e-02	3.755275e-09	3.061778e-01
2.911208e-02	3.747842e-09	3.056786e-01
2.906977e-02	3.740003e-09	3.051077e-01
2.902758e-02	3.732021e-09	3.044792e-01
2.898551e-02	3.724171e-09	3.038094e-01
2.894356e-02	3.716725e-09	3.031151e-01
2.890173e-02	3.709939e-09	3.024129e-01
2.886003e-02	3.704046e-09	3.017177e-01
2.881844e-02	3.699248e-09	3.010425e-01
2.877698e-02	3.695715e-09	3.003979e-01
2.873563e-02	3.693580e-09	2.997925e-01
2.869440e-02	3.692947e-09	2.992330e-01
2.865330e-02	3.693891e-09	2.987244e-01
2.861230e-02	3.696460e-09	2.982711e-01
2.857143e-02	3.700680e-09	2.978767e-01
2.853067e-02	3.706560e-09	2.975445e-01
2.849003e-02	3.714095e-09	2.972777e-01
2.844950e-02	3.723267e-09	2.970795e-01
2.840909e-02	3.734053e-09	2.969528e-01
2.836879e-02	3.746421e-09	2.969007e-01
2.832861e-02	3.760335e-09	2.969257e-01
2.828854e-02	3.775758e-09	2.970303e-01
2.824859e-02	3.792647e-09	2.972165e-01
2.820874e-02	3.810962e-09	2.974861e-01
2.816901e-02	3.830660e-09	2.978404e-01
2.812940e-02	3.851696e-09	2.982806e-01
2.808989e-02	3.874028e-09	2.988078e-01
2.805049e-02	3.897617e-09	2.994228e-01
2.801120e-02	3.922426e-09	3.001265e-01
2.797203e-02	3.948426e-09	3.009198e-01
2.793296e-02	3.975604e-09	3.018034e-01
2.789400e-02	4.003961e-09	3.027776e-01
2.785515e-02	4.033524e-09	3.038423e-01
2.781641e-02	4.064342e-09	3.049960e-01
2.777778e-02	4.096491e-09	3.062360e-01
2.773925e-02	4.130060e-09	3.075573e-01
2.770083e-02	4.165140e-09	3.089523e-01
2.766252e-02	4.201796e-09	3.104102e-01
2.762431e-02	4.240031e-09	3.119172e-01
2.758621e-02	4.279753e-09	3.134560e-01
2.754821e-02	4.320723e-09	3.150066e-01
2.751032e-02	4.362530e-09	3.165478e-01
2.747253e-02	4.404569e-09	3.180586e-01
2.743484e-02	4.446049e-09	3.195205e-01
2.739726e-02	4.486036e-09	3.209197e-01
