# Finite Temperature Data for Kitaev Ladder
# chi_max = 300, h = 0.2000
# Columns: T | Sigmax | Sigmay | Sigmaz | S1 | S2 | Wp | Cv
# 
2.000000e+01	-1.798298e-02	-1.798296e-02	-1.789879e-02	3.006566e-05	3.006566e-05	1.089871e-07	1.732865e-01
1.000000e+01	-2.541120e-02	-2.541121e-02	-2.522737e-02	1.511821e-04	1.511821e-04	1.261091e-06	6.544201e-01
6.666667e+00	-3.181790e-02	-3.181797e-02	-3.150223e-02	4.573099e-04	4.573099e-04	6.764222e-06	1.361632e+00
5.000000e+00	-3.727054e-02	-3.727073e-02	-3.679600e-02	1.049173e-03	1.049173e-03	2.381183e-05	2.198017e+00
4.000000e+00	-4.186240e-02	-4.186276e-02	-4.120710e-02	2.019086e-03	2.019086e-03	6.428516e-05	3.070714e+00
3.333333e+00	-4.569928e-02	-4.569985e-02	-4.484610e-02	3.439385e-03	3.439385e-03	1.444560e-04	3.904234e+00
2.857143e+00	-4.888867e-02	-4.888949e-02	-4.782472e-02	5.356966e-03	5.356966e-03	2.837387e-04	4.646345e+00
2.500000e+00	-5.153233e-02	-5.153341e-02	-5.024824e-02	7.793029e-03	7.793029e-03	5.029514e-04	5.267743e+00
2.222222e+00	-5.372186e-02	-5.372322e-02	-5.221117e-02	1.074628e-02	1.074628e-02	8.225469e-04	5.758050e+00
2.000000e+00	-5.553692e-02	-5.553856e-02	-5.379539e-02	1.419783e-02	1.419783e-02	1.261148e-03	6.120459e+00
1.818182e+00	-5.704502e-02	-5.704694e-02	-5.507010e-02	1.811640e-02	1.811640e-02	1.834549e-03	6.366626e+00
1.666667e+00	-5.830230e-02	-5.830450e-02	-5.609268e-02	2.246312e-02	2.246312e-02	2.555194e-03	6.512540e+00
1.538462e+00	-5.935491e-02	-5.935738e-02	-5.691015e-02	2.719535e-02	2.719535e-02	3.432060e-03	6.575596e+00
1.428571e+00	-6.024040e-02	-6.024312e-02	-5.756066e-02	3.226967e-02	3.226967e-02	4.470840e-03	6.572711e+00
1.333333e+00	-6.098915e-02	-6.099211e-02	-5.807502e-02	3.764389e-02	3.764389e-02	5.674301e-03	6.519265e+00
1.250000e+00	-6.162570e-02	-6.162890e-02	-5.847799e-02	4.327839e-02	4.327839e-02	7.042742e-03	6.428615e+00
1.176471e+00	-6.216980e-02	-6.217321e-02	-5.878947e-02	4.913690e-02	4.913690e-02	8.574484e-03	6.311973e+00
1.111111e+00	-6.263736e-02	-6.264098e-02	-5.902544e-02	5.518679e-02	5.518679e-02	1.026633e-02	6.178504e+00
1.052632e+00	-6.304122e-02	-6.304503e-02	-5.919876e-02	6.139921e-02	6.139921e-02	1.211399e-02	6.035527e+00
1.000000e+00	-6.339174e-02	-6.339574e-02	-5.931979e-02	6.774890e-02	6.774890e-02	1.411244e-02	5.888769e+00
9.523810e-01	-6.369733e-02	-6.370151e-02	-5.939688e-02	7.421401e-02	7.421401e-02	1.625620e-02	5.742620e+00
9.090909e-01	-6.396483e-02	-6.396917e-02	-5.943683e-02	8.077578e-02	8.077578e-02	1.853963e-02	5.600370e+00
8.695652e-01	-6.419981e-02	-6.420431e-02	-5.944514e-02	8.741822e-02	8.741822e-02	2.095705e-02	5.464424e+00
8.333333e-01	-6.440685e-02	-6.441150e-02	-5.942632e-02	9.412779e-02	9.412779e-02	2.350292e-02	5.336483e+00
8.000000e-01	-6.458971e-02	-6.459450e-02	-5.938408e-02	1.008931e-01	1.008931e-01	2.617191e-02	5.217694e+00
7.692308e-01	-6.475150e-02	-6.475642e-02	-5.932145e-02	1.077046e-01	1.077046e-01	2.895901e-02	5.108779e+00
7.407407e-01	-6.489481e-02	-6.489986e-02	-5.924096e-02	1.145544e-01	1.145544e-01	3.185952e-02	5.010135e+00
7.142857e-01	-6.502181e-02	-6.502699e-02	-5.914471e-02	1.214359e-01	1.214359e-01	3.486910e-02	4.921913e+00
6.896552e-01	-6.513431e-02	-6.513960e-02	-5.903445e-02	1.283436e-01	1.283436e-01	3.798379e-02	4.844085e+00
6.666667e-01	-6.523385e-02	-6.523925e-02	-5.891167e-02	1.352731e-01	1.352731e-01	4.119995e-02	4.776495e+00
6.451613e-01	-6.532172e-02	-6.532724e-02	-5.877762e-02	1.422208e-01	1.422208e-01	4.451432e-02	4.718892e+00
6.250000e-01	-6.539904e-02	-6.540466e-02	-5.863335e-02	1.491837e-01	1.491837e-01	4.792393e-02	4.670969e+00
6.060606e-01	-6.546676e-02	-6.547247e-02	-5.847979e-02	1.561595e-01	1.561595e-01	5.142614e-02	4.632379e+00
5.882353e-01	-6.552568e-02	-6.553148e-02	-5.831771e-02	1.631461e-01	1.631461e-01	5.501858e-02	4.602755e+00
5.714286e-01	-6.557653e-02	-6.558242e-02	-5.814780e-02	1.701421e-01	1.701421e-01	5.869911e-02	4.581723e+00
5.555556e-01	-6.561991e-02	-6.562588e-02	-5.797065e-02	1.771462e-01	1.771462e-01	6.246584e-02	4.568908e+00
5.405405e-01	-6.565636e-02	-6.566241e-02	-5.778679e-02	1.841574e-01	1.841574e-01	6.631708e-02	4.563946e+00
5.263158e-01	-6.568635e-02	-6.569248e-02	-5.759667e-02	1.911750e-01	1.911750e-01	7.025130e-02	4.566483e+00
5.128205e-01	-6.571029e-02	-6.571650e-02	-5.740070e-02	1.981982e-01	1.981982e-01	7.426714e-02	4.576180e+00
5.000000e-01	-6.572855e-02	-6.573483e-02	-5.719926e-02	2.052266e-01	2.052266e-01	7.836337e-02	4.592718e+00
4.878049e-01	-6.574146e-02	-6.574780e-02	-5.699268e-02	2.122597e-01	2.122597e-01	8.253887e-02	4.615791e+00
4.761905e-01	-6.574930e-02	-6.575570e-02	-5.678125e-02	2.192971e-01	2.192971e-01	8.679263e-02	4.645113e+00
4.651163e-01	-6.575233e-02	-6.575879e-02	-5.656526e-02	2.263385e-01	2.263385e-01	9.112369e-02	4.680416e+00
4.545455e-01	-6.575078e-02	-6.575730e-02	-5.634496e-02	2.333836e-01	2.333836e-01	9.553119e-02	4.721447e+00
4.444444e-01	-6.574486e-02	-6.575143e-02	-5.612059e-02	2.404319e-01	2.404319e-01	1.000143e-01	4.767969e+00
4.347826e-01	-6.573476e-02	-6.574137e-02	-5.589236e-02	2.474833e-01	2.474833e-01	1.045722e-01	4.819758e+00
4.255319e-01	-6.572064e-02	-6.572731e-02	-5.566048e-02	2.545374e-01	2.545374e-01	1.092042e-01	4.876606e+00
4.166667e-01	-6.570267e-02	-6.570938e-02	-5.542515e-02	2.615938e-01	2.615938e-01	1.139094e-01	4.938315e+00
4.081633e-01	-6.568099e-02	-6.568773e-02	-5.518654e-02	2.686522e-01	2.686522e-01	1.186872e-01	5.004698e+00
4.000000e-01	-6.565571e-02	-6.566250e-02	-5.494484e-02	2.757120e-01	2.757120e-01	1.235369e-01	5.075578e+00
3.921569e-01	-6.562698e-02	-6.563379e-02	-5.470021e-02	2.827730e-01	2.827730e-01	1.284575e-01	5.150785e+00
3.846154e-01	-6.559488e-02	-6.560173e-02	-5.445281e-02	2.898344e-01	2.898344e-01	1.334485e-01	5.230159e+00
3.773585e-01	-6.555954e-02	-6.556641e-02	-5.420280e-02	2.968959e-01	2.968959e-01	1.385090e-01	5.313543e+00
3.703704e-01	-6.552103e-02	-6.552793e-02	-5.395032e-02	3.039568e-01	3.039568e-01	1.436381e-01	5.400788e+00
3.636364e-01	-6.547946e-02	-6.548638e-02	-5.369553e-02	3.110166e-01	3.110166e-01	1.488350e-01	5.491748e+00
3.571429e-01	-6.543490e-02	-6.544184e-02	-5.343856e-02	3.180744e-01	3.180744e-01	1.540989e-01	5.586280e+00
3.508772e-01	-6.538744e-02	-6.539439e-02	-5.317955e-02	3.251297e-01	3.251297e-01	1.594288e-01	5.684245e+00
3.448276e-01	-6.533714e-02	-6.534411e-02	-5.291864e-02	3.321816e-01	3.321816e-01	1.648237e-01	5.785507e+00
3.389831e-01	-6.528408e-02	-6.529107e-02	-5.265596e-02	3.392293e-01	3.392293e-01	1.702826e-01	5.889927e+00
3.333333e-01	-6.522834e-02	-6.523533e-02	-5.239164e-02	3.462720e-01	3.462720e-01	1.758045e-01	5.997373e+00
3.278689e-01	-6.516996e-02	-6.517697e-02	-5.212580e-02	3.533088e-01	3.533088e-01	1.813883e-01	6.107709e+00
3.225806e-01	-6.510903e-02	-6.511603e-02	-5.185858e-02	3.603387e-01	3.603387e-01	1.870327e-01	6.220800e+00
3.174603e-01	-6.504559e-02	-6.505260e-02	-5.159010e-02	3.673608e-01	3.673608e-01	1.927366e-01	6.336512e+00
3.125000e-01	-6.497971e-02	-6.498672e-02	-5.132048e-02	3.743741e-01	3.743741e-01	1.984988e-01	6.454708e+00
3.076923e-01	-6.491144e-02	-6.491845e-02	-5.104984e-02	3.813774e-01	3.813774e-01	2.043178e-01	6.575251e+00
3.030303e-01	-6.484085e-02	-6.484785e-02	-5.077831e-02	3.883698e-01	3.883698e-01	2.101923e-01	6.698005e+00
2.985075e-01	-6.476798e-02	-6.477498e-02	-5.050600e-02	3.953500e-01	3.953500e-01	2.161209e-01	6.822828e+00
2.941176e-01	-6.469290e-02	-6.469989e-02	-5.023303e-02	4.023170e-01	4.023170e-01	2.221022e-01	6.949581e+00
2.898551e-01	-6.461565e-02	-6.462263e-02	-4.995951e-02	4.092696e-01	4.092696e-01	2.281345e-01	7.078120e+00
2.857143e-01	-6.453630e-02	-6.454326e-02	-4.968557e-02	4.162065e-01	4.162065e-01	2.342164e-01	7.208302e+00
2.816901e-01	-6.445489e-02	-6.446184e-02	-4.941131e-02	4.231266e-01	4.231266e-01	2.403461e-01	7.339979e+00
2.777778e-01	-6.437149e-02	-6.437842e-02	-4.913685e-02	4.300286e-01	4.300286e-01	2.465220e-01	7.473005e+00
2.739726e-01	-6.428613e-02	-6.429304e-02	-4.886231e-02	4.369112e-01	4.369112e-01	2.527424e-01	7.607231e+00
2.702703e-01	-6.419888e-02	-6.420577e-02	-4.858778e-02	4.437731e-01	4.437731e-01	2.590054e-01	7.742505e+00
2.666667e-01	-6.410979e-02	-6.411666e-02	-4.831339e-02	4.506130e-01	4.506130e-01	2.653093e-01	7.878675e+00
2.631579e-01	-6.401891e-02	-6.402576e-02	-4.803923e-02	4.574296e-01	4.574296e-01	2.716522e-01	8.015588e+00
2.597403e-01	-6.392630e-02	-6.393312e-02	-4.776543e-02	4.642217e-01	4.642217e-01	2.780322e-01	8.153089e+00
2.564103e-01	-6.383200e-02	-6.383880e-02	-4.749207e-02	4.709877e-01	4.709877e-01	2.844472e-01	8.291022e+00
2.531646e-01	-6.373609e-02	-6.374285e-02	-4.721928e-02	4.777265e-01	4.777265e-01	2.908954e-01	8.429231e+00
2.500000e-01	-6.363860e-02	-6.364533e-02	-4.694714e-02	4.844367e-01	4.844367e-01	2.973747e-01	8.567559e+00
2.469136e-01	-6.353959e-02	-6.354629e-02	-4.667577e-02	4.911168e-01	4.911168e-01	3.038831e-01	8.705849e+00
2.439024e-01	-6.343912e-02	-6.344579e-02	-4.640525e-02	4.977657e-01	4.977657e-01	3.104184e-01	8.843944e+00
2.409639e-01	-6.333724e-02	-6.334388e-02	-4.613570e-02	5.043819e-01	5.043819e-01	3.169786e-01	8.981687e+00
2.380952e-01	-6.323401e-02	-6.324062e-02	-4.586720e-02	5.109642e-01	5.109642e-01	3.235614e-01	9.118921e+00
2.352941e-01	-6.312949e-02	-6.313605e-02	-4.559985e-02	5.175111e-01	5.175111e-01	3.301649e-01	9.255491e+00
2.325581e-01	-6.302372e-02	-6.303025e-02	-4.533374e-02	5.240215e-01	5.240215e-01	3.367866e-01	9.391243e+00
2.298851e-01	-6.291677e-02	-6.292326e-02	-4.506897e-02	5.304939e-01	5.304939e-01	3.434246e-01	9.526022e+00
2.272727e-01	-6.280869e-02	-6.281513e-02	-4.480562e-02	5.369271e-01	5.369271e-01	3.500765e-01	9.659679e+00
2.247191e-01	-6.269953e-02	-6.270594e-02	-4.454377e-02	5.433199e-01	5.433199e-01	3.567401e-01	9.792062e+00
2.222222e-01	-6.258936e-02	-6.259572e-02	-4.428352e-02	5.496711e-01	5.496711e-01	3.634133e-01	9.923026e+00
2.197802e-01	-6.247823e-02	-6.248455e-02	-4.402494e-02	5.559793e-01	5.559793e-01	3.700937e-01	1.005242e+01
2.173913e-01	-6.236619e-02	-6.237247e-02	-4.376812e-02	5.622434e-01	5.622434e-01	3.767792e-01	1.018012e+01
2.150538e-01	-6.225331e-02	-6.225954e-02	-4.351312e-02	5.684622e-01	5.684622e-01	3.834674e-01	1.030596e+01
2.127660e-01	-6.213963e-02	-6.214581e-02	-4.326003e-02	5.746346e-01	5.746346e-01	3.901563e-01	1.042983e+01
2.105263e-01	-6.202522e-02	-6.203135e-02	-4.300892e-02	5.807595e-01	5.807595e-01	3.968435e-01	1.055159e+01
2.083333e-01	-6.191012e-02	-6.191621e-02	-4.275985e-02	5.868358e-01	5.868358e-01	4.035269e-01	1.067110e+01
2.061856e-01	-6.179440e-02	-6.180044e-02	-4.251290e-02	5.928624e-01	5.928624e-01	4.102043e-01	1.078825e+01
2.040816e-01	-6.167811e-02	-6.168410e-02	-4.226812e-02	5.988384e-01	5.988384e-01	4.168735e-01	1.090292e+01
2.020202e-01	-6.156130e-02	-6.156724e-02	-4.202558e-02	6.047626e-01	6.047626e-01	4.235323e-01	1.101500e+01
2.000000e-01	-6.144404e-02	-6.144992e-02	-4.178534e-02	6.106343e-01	6.106343e-01	4.301787e-01	1.112436e+01
1.980198e-01	-6.132636e-02	-6.133220e-02	-4.154745e-02	6.164525e-01	6.164525e-01	4.368105e-01	1.123092e+01
1.960784e-01	-6.120833e-02	-6.121412e-02	-4.131197e-02	6.222163e-01	6.222163e-01	4.434256e-01	1.133457e+01
1.941748e-01	-6.109000e-02	-6.109573e-02	-4.107895e-02	6.279249e-01	6.279249e-01	4.500220e-01	1.143521e+01
1.923077e-01	-6.097142e-02	-6.097710e-02	-4.084842e-02	6.335775e-01	6.335775e-01	4.565976e-01	1.153275e+01
1.904762e-01	-6.085264e-02	-6.085827e-02	-4.062045e-02	6.391734e-01	6.391734e-01	4.631506e-01	1.162712e+01
1.886792e-01	-6.073371e-02	-6.073929e-02	-4.039506e-02	6.447119e-01	6.447119e-01	4.696790e-01	1.171824e+01
1.869159e-01	-6.061469e-02	-6.062021e-02	-4.017230e-02	6.501922e-01	6.501922e-01	4.761808e-01	1.180603e+01
1.851852e-01	-6.049561e-02	-6.050108e-02	-3.995221e-02	6.556139e-01	6.556139e-01	4.826542e-01	1.189042e+01
1.834862e-01	-6.037654e-02	-6.038196e-02	-3.973481e-02	6.609762e-01	6.609762e-01	4.890974e-01	1.197137e+01
1.818182e-01	-6.025752e-02	-6.026288e-02	-3.952013e-02	6.662787e-01	6.662787e-01	4.955087e-01	1.204880e+01
1.801802e-01	-6.013858e-02	-6.014389e-02	-3.930822e-02	6.715209e-01	6.715209e-01	5.018863e-01	1.212268e+01
1.785714e-01	-6.001979e-02	-6.002504e-02	-3.909907e-02	6.767023e-01	6.767023e-01	5.082284e-01	1.219297e+01
1.769912e-01	-5.990117e-02	-5.990637e-02	-3.889273e-02	6.818226e-01	6.818226e-01	5.145336e-01	1.225961e+01
1.754386e-01	-5.978279e-02	-5.978793e-02	-3.868921e-02	6.868813e-01	6.868813e-01	5.208003e-01	1.232259e+01
1.739130e-01	-5.966467e-02	-5.966976e-02	-3.848853e-02	6.918782e-01	6.918782e-01	5.270269e-01	1.238188e+01
1.724138e-01	-5.954686e-02	-5.955190e-02	-3.829069e-02	6.968130e-01	6.968130e-01	5.332119e-01	1.243746e+01
1.709402e-01	-5.942939e-02	-5.943438e-02	-3.809571e-02	7.016854e-01	7.016854e-01	5.393540e-01	1.248931e+01
1.694915e-01	-5.931232e-02	-5.931725e-02	-3.790361e-02	7.064953e-01	7.064953e-01	5.454517e-01	1.253743e+01
1.680672e-01	-5.919567e-02	-5.920055e-02	-3.771437e-02	7.112424e-01	7.112424e-01	5.515039e-01	1.258181e+01
1.666667e-01	-5.907948e-02	-5.908430e-02	-3.752802e-02	7.159268e-01	7.159268e-01	5.575092e-01	1.262245e+01
1.652893e-01	-5.896378e-02	-5.896855e-02	-3.734455e-02	7.205483e-01	7.205483e-01	5.634664e-01	1.265937e+01
1.639344e-01	-5.884862e-02	-5.885333e-02	-3.716396e-02	7.251069e-01	7.251069e-01	5.693745e-01	1.269257e+01
1.626016e-01	-5.873401e-02	-5.873867e-02	-3.698624e-02	7.296027e-01	7.296027e-01	5.752323e-01	1.272206e+01
1.612903e-01	-5.862000e-02	-5.862461e-02	-3.681140e-02	7.340355e-01	7.340355e-01	5.810389e-01	1.274788e+01
1.600000e-01	-5.850661e-02	-5.851117e-02	-3.663943e-02	7.384056e-01	7.384056e-01	5.867932e-01	1.277005e+01
1.587302e-01	-5.839387e-02	-5.839837e-02	-3.647031e-02	7.427130e-01	7.427130e-01	5.924943e-01	1.278859e+01
1.574803e-01	-5.828181e-02	-5.828626e-02	-3.630403e-02	7.469580e-01	7.469580e-01	5.981415e-01	1.280354e+01
1.562500e-01	-5.817045e-02	-5.817485e-02	-3.614059e-02	7.511406e-01	7.511406e-01	6.037339e-01	1.281493e+01
1.550388e-01	-5.805982e-02	-5.806417e-02	-3.597996e-02	7.552610e-01	7.552610e-01	6.092708e-01	1.282282e+01
1.538462e-01	-5.794995e-02	-5.795425e-02	-3.582214e-02	7.593197e-01	7.593197e-01	6.147514e-01	1.282725e+01
1.526718e-01	-5.784085e-02	-5.784510e-02	-3.566710e-02	7.633167e-01	7.633167e-01	6.201752e-01	1.282826e+01
1.515152e-01	-5.773254e-02	-5.773674e-02	-3.551483e-02	7.672525e-01	7.672525e-01	6.255416e-01	1.282590e+01
1.503759e-01	-5.762505e-02	-5.762920e-02	-3.536530e-02	7.711273e-01	7.711273e-01	6.308500e-01	1.282023e+01
1.492537e-01	-5.751840e-02	-5.752250e-02	-3.521849e-02	7.749415e-01	7.749415e-01	6.361000e-01	1.281132e+01
1.481481e-01	-5.741260e-02	-5.741665e-02	-3.507438e-02	7.786955e-01	7.786955e-01	6.412911e-01	1.279921e+01
1.470588e-01	-5.730766e-02	-5.731167e-02	-3.493295e-02	7.823897e-01	7.823897e-01	6.464230e-01	1.278397e+01
1.459854e-01	-5.720361e-02	-5.720757e-02	-3.479416e-02	7.860246e-01	7.860246e-01	6.514954e-01	1.276566e+01
1.449275e-01	-5.710046e-02	-5.710437e-02	-3.465800e-02	7.896006e-01	7.896006e-01	6.565079e-01	1.274436e+01
1.438849e-01	-5.699821e-02	-5.700207e-02	-3.452442e-02	7.931181e-01	7.931181e-01	6.614604e-01	1.272012e+01
1.428571e-01	-5.689689e-02	-5.690070e-02	-3.439342e-02	7.965777e-01	7.965777e-01	6.663526e-01	1.269303e+01
1.418440e-01	-5.679650e-02	-5.680027e-02	-3.426495e-02	7.999799e-01	7.999799e-01	6.711844e-01	1.266315e+01
1.408451e-01	-5.669705e-02	-5.670078e-02	-3.413898e-02	8.033252e-01	8.033252e-01	6.759557e-01	1.263055e+01
1.398601e-01	-5.659855e-02	-5.660223e-02	-3.401549e-02	8.066142e-01	8.066142e-01	6.806664e-01	1.259530e+01
1.388889e-01	-5.650102e-02	-5.650465e-02	-3.389444e-02	8.098474e-01	8.098474e-01	6.853166e-01	1.255750e+01
1.379310e-01	-5.640444e-02	-5.640803e-02	-3.377580e-02	8.130253e-01	8.130253e-01	6.899061e-01	1.251719e+01
1.369863e-01	-5.630884e-02	-5.631239e-02	-3.365954e-02	8.161487e-01	8.161487e-01	6.944352e-01	1.247448e+01
1.360544e-01	-5.621422e-02	-5.621772e-02	-3.354562e-02	8.192181e-01	8.192181e-01	6.989038e-01	1.242942e+01
1.351351e-01	-5.612057e-02	-5.612404e-02	-3.343401e-02	8.222341e-01	8.222341e-01	7.033122e-01	1.238210e+01
1.342282e-01	-5.602792e-02	-5.603133e-02	-3.332468e-02	8.251974e-01	8.251974e-01	7.076604e-01	1.233259e+01
1.333333e-01	-5.593624e-02	-5.593962e-02	-3.321759e-02	8.281085e-01	8.281085e-01	7.119487e-01	1.228098e+01
1.324503e-01	-5.584556e-02	-5.584889e-02	-3.311271e-02	8.309681e-01	8.309681e-01	7.161772e-01	1.222733e+01
1.315789e-01	-5.575586e-02	-5.575916e-02	-3.301000e-02	8.337769e-01	8.337769e-01	7.203463e-01	1.217173e+01
1.307190e-01	-5.566716e-02	-5.567041e-02	-3.290943e-02	8.365355e-01	8.365355e-01	7.244561e-01	1.211425e+01
1.298701e-01	-5.557944e-02	-5.558266e-02	-3.281096e-02	8.392447e-01	8.392447e-01	7.285071e-01	1.205497e+01
1.290323e-01	-5.549271e-02	-5.549589e-02	-3.271456e-02	8.419049e-01	8.419049e-01	7.324996e-01	1.199396e+01
1.282051e-01	-5.540697e-02	-5.541011e-02	-3.262019e-02	8.445170e-01	8.445170e-01	7.364338e-01	1.193130e+01
1.273885e-01	-5.532221e-02	-5.532532e-02	-3.252782e-02	8.470816e-01	8.470816e-01	7.403102e-01	1.186706e+01
1.265823e-01	-5.523844e-02	-5.524150e-02	-3.243741e-02	8.495994e-01	8.495994e-01	7.441292e-01	1.180132e+01
1.257862e-01	-5.515564e-02	-5.515867e-02	-3.234892e-02	8.520710e-01	8.520710e-01	7.478912e-01	1.173414e+01
1.250000e-01	-5.507382e-02	-5.507681e-02	-3.226234e-02	8.544971e-01	8.544971e-01	7.515966e-01	1.166560e+01
1.242236e-01	-5.499297e-02	-5.499593e-02	-3.217760e-02	8.568785e-01	8.568785e-01	7.552460e-01	1.159577e+01
1.234568e-01	-5.491309e-02	-5.491601e-02	-3.209470e-02	8.592158e-01	8.592158e-01	7.588397e-01	1.152471e+01
1.226994e-01	-5.483416e-02	-5.483705e-02	-3.201358e-02	8.615096e-01	8.615096e-01	7.623783e-01	1.145250e+01
1.219512e-01	-5.475620e-02	-5.475905e-02	-3.193421e-02	8.637607e-01	8.637607e-01	7.658623e-01	1.137921e+01
1.212121e-01	-5.467918e-02	-5.468200e-02	-3.185657e-02	8.659698e-01	8.659698e-01	7.692921e-01	1.130489e+01
1.204819e-01	-5.460311e-02	-5.460589e-02	-3.178062e-02	8.681374e-01	8.681374e-01	7.726684e-01	1.122962e+01
1.197605e-01	-5.452797e-02	-5.453072e-02	-3.170632e-02	8.702644e-01	8.702644e-01	7.759917e-01	1.115345e+01
1.190476e-01	-5.445376e-02	-5.445649e-02	-3.163364e-02	8.723513e-01	8.723513e-01	7.792624e-01	1.107644e+01
1.183432e-01	-5.438048e-02	-5.438317e-02	-3.156255e-02	8.743987e-01	8.743987e-01	7.824813e-01	1.099866e+01
1.176471e-01	-5.430812e-02	-5.431078e-02	-3.149302e-02	8.764075e-01	8.764075e-01	7.856488e-01	1.092017e+01
1.169591e-01	-5.423666e-02	-5.423929e-02	-3.142501e-02	8.783782e-01	8.783782e-01	7.887656e-01	1.084102e+01
1.162791e-01	-5.416610e-02	-5.416870e-02	-3.135850e-02	8.803115e-01	8.803115e-01	7.918322e-01	1.076126e+01
1.156069e-01	-5.409644e-02	-5.409901e-02	-3.129345e-02	8.822080e-01	8.822080e-01	7.948493e-01	1.068096e+01
1.149425e-01	-5.402766e-02	-5.403020e-02	-3.122983e-02	8.840684e-01	8.840684e-01	7.978173e-01	1.060016e+01
1.142857e-01	-5.395975e-02	-5.396227e-02	-3.116762e-02	8.858933e-01	8.858933e-01	8.007370e-01	1.051891e+01
1.136364e-01	-5.389272e-02	-5.389520e-02	-3.110677e-02	8.876833e-01	8.876833e-01	8.036090e-01	1.043727e+01
1.129944e-01	-5.382654e-02	-5.382900e-02	-3.104727e-02	8.894391e-01	8.894391e-01	8.064338e-01	1.035528e+01
1.123596e-01	-5.376122e-02	-5.376365e-02	-3.098909e-02	8.911613e-01	8.911613e-01	8.092120e-01	1.027299e+01
1.117318e-01	-5.369674e-02	-5.369914e-02	-3.093219e-02	8.928504e-01	8.928504e-01	8.119443e-01	1.019045e+01
1.111111e-01	-5.363309e-02	-5.363546e-02	-3.087654e-02	8.945071e-01	8.945071e-01	8.146314e-01	1.010769e+01
1.104972e-01	-5.357026e-02	-5.357261e-02	-3.082213e-02	8.961321e-01	8.961321e-01	8.172737e-01	1.002476e+01
1.098901e-01	-5.350825e-02	-5.351058e-02	-3.076892e-02	8.977257e-01	8.977257e-01	8.198720e-01	9.941702e+00
1.092896e-01	-5.344705e-02	-5.344935e-02	-3.071689e-02	8.992888e-01	8.992888e-01	8.224268e-01	9.858552e+00
1.086957e-01	-5.338665e-02	-5.338892e-02	-3.066601e-02	9.008217e-01	9.008217e-01	8.249388e-01	9.775349e+00
1.081081e-01	-5.332703e-02	-5.332928e-02	-3.061625e-02	9.023251e-01	9.023251e-01	8.274086e-01	9.692128e+00
1.075269e-01	-5.326819e-02	-5.327041e-02	-3.056759e-02	9.037996e-01	9.037996e-01	8.298368e-01	9.608925e+00
1.069519e-01	-5.321012e-02	-5.321232e-02	-3.052001e-02	9.052457e-01	9.052457e-01	8.322240e-01	9.525773e+00
1.063830e-01	-5.315282e-02	-5.315499e-02	-3.047348e-02	9.066639e-01	9.066639e-01	8.345708e-01	9.442704e+00
1.058201e-01	-5.309626e-02	-5.309842e-02	-3.042798e-02	9.080548e-01	9.080548e-01	8.368778e-01	9.359749e+00
1.052632e-01	-5.304045e-02	-5.304258e-02	-3.038348e-02	9.094188e-01	9.094188e-01	8.391457e-01	9.276937e+00
1.047120e-01	-5.298538e-02	-5.298749e-02	-3.033996e-02	9.107566e-01	9.107566e-01	8.413750e-01	9.194296e+00
1.041667e-01	-5.293102e-02	-5.293311e-02	-3.029740e-02	9.120686e-01	9.120686e-01	8.435663e-01	9.111853e+00
1.036269e-01	-5.287739e-02	-5.287945e-02	-3.025577e-02	9.133553e-01	9.133553e-01	8.457202e-01	9.029635e+00
1.030928e-01	-5.282446e-02	-5.282651e-02	-3.021506e-02	9.146172e-01	9.146172e-01	8.478373e-01	8.947665e+00
1.025641e-01	-5.277223e-02	-5.277426e-02	-3.017525e-02	9.158549e-01	9.158549e-01	8.499182e-01	8.865966e+00
1.020408e-01	-5.272069e-02	-5.272270e-02	-3.013631e-02	9.170687e-01	9.170687e-01	8.519635e-01	8.784561e+00
1.015228e-01	-5.266983e-02	-5.267182e-02	-3.009822e-02	9.182592e-01	9.182592e-01	8.539736e-01	8.703471e+00
1.010101e-01	-5.261965e-02	-5.262161e-02	-3.006097e-02	9.194267e-01	9.194267e-01	8.559493e-01	8.622716e+00
1.005025e-01	-5.257012e-02	-5.257207e-02	-3.002453e-02	9.205718e-01	9.205718e-01	8.578910e-01	8.542314e+00
1.000000e-01	-5.252126e-02	-5.252318e-02	-2.998888e-02	9.216950e-01	9.216950e-01	8.597993e-01	8.462284e+00
9.950249e-02	-5.247304e-02	-5.247494e-02	-2.995401e-02	9.227965e-01	9.227965e-01	8.616747e-01	8.382642e+00
9.900990e-02	-5.242545e-02	-5.242734e-02	-2.991990e-02	9.238770e-01	9.238770e-01	8.635179e-01	8.303404e+00
9.852217e-02	-5.237850e-02	-5.238037e-02	-2.988653e-02	9.249367e-01	9.249367e-01	8.653292e-01	8.224586e+00
9.803922e-02	-5.233217e-02	-5.233403e-02	-2.985389e-02	9.259761e-01	9.259761e-01	8.671093e-01	8.146202e+00
9.756098e-02	-5.228646e-02	-5.228829e-02	-2.982195e-02	9.269957e-01	9.269957e-01	8.688587e-01	8.068263e+00
9.708738e-02	-5.224135e-02	-5.224317e-02	-2.979071e-02	9.279957e-01	9.279957e-01	8.705779e-01	7.990784e+00
9.661836e-02	-5.219684e-02	-5.219864e-02	-2.976013e-02	9.289767e-01	9.289767e-01	8.722674e-01	7.913776e+00
9.615385e-02	-5.215292e-02	-5.215470e-02	-2.973022e-02	9.299389e-01	9.299389e-01	8.739277e-01	7.837248e+00
9.569378e-02	-5.210958e-02	-5.211134e-02	-2.970095e-02	9.308828e-01	9.308828e-01	8.755593e-01	7.761213e+00
9.523810e-02	-5.206681e-02	-5.206856e-02	-2.967230e-02	9.318087e-01	9.318087e-01	8.771627e-01	7.685677e+00
9.478673e-02	-5.202462e-02	-5.202635e-02	-2.964427e-02	9.327170e-01	9.327170e-01	8.787383e-01	7.610651e+00
9.433962e-02	-5.198298e-02	-5.198470e-02	-2.961684e-02	9.336081e-01	9.336081e-01	8.802867e-01	7.536142e+00
9.389671e-02	-5.194190e-02	-5.194360e-02	-2.959000e-02	9.344822e-01	9.344822e-01	8.818084e-01	7.462157e+00
9.345794e-02	-5.190136e-02	-5.190304e-02	-2.956372e-02	9.353398e-01	9.353398e-01	8.833037e-01	7.388704e+00
9.302326e-02	-5.186135e-02	-5.186303e-02	-2.953801e-02	9.361811e-01	9.361811e-01	8.847731e-01	7.315787e+00
9.259259e-02	-5.182188e-02	-5.182354e-02	-2.951284e-02	9.370066e-01	9.370066e-01	8.862171e-01	7.243413e+00
9.216590e-02	-5.178294e-02	-5.178458e-02	-2.948820e-02	9.378164e-01	9.378164e-01	8.876362e-01	7.171586e+00
9.174312e-02	-5.174451e-02	-5.174614e-02	-2.946408e-02	9.386110e-01	9.386110e-01	8.890307e-01	7.100311e+00
9.132420e-02	-5.170659e-02	-5.170820e-02	-2.944047e-02	9.393906e-01	9.393906e-01	8.904011e-01	7.029591e+00
9.090909e-02	-5.166917e-02	-5.167077e-02	-2.941735e-02	9.401556e-01	9.401556e-01	8.917478e-01	6.959431e+00
9.049774e-02	-5.163225e-02	-5.163384e-02	-2.939472e-02	9.409062e-01	9.409062e-01	8.930712e-01	6.889832e+00
9.009009e-02	-5.159582e-02	-5.159740e-02	-2.937256e-02	9.416427e-01	9.416427e-01	8.943718e-01	6.820797e+00
8.968610e-02	-5.155988e-02	-5.156144e-02	-2.935087e-02	9.423654e-01	9.423654e-01	8.956499e-01	6.752330e+00
8.928571e-02	-5.152441e-02	-5.152596e-02	-2.932963e-02	9.430746e-01	9.430746e-01	8.969059e-01	6.684430e+00
8.888889e-02	-5.148941e-02	-5.149095e-02	-2.930882e-02	9.437706e-01	9.437706e-01	8.981403e-01	6.617099e+00
8.849558e-02	-5.145488e-02	-5.145640e-02	-2.928845e-02	9.444535e-01	9.444535e-01	8.993533e-01	6.550339e+00
8.810573e-02	-5.142080e-02	-5.142232e-02	-2.926850e-02	9.451238e-01	9.451238e-01	9.005455e-01	6.484150e+00
8.771930e-02	-5.138718e-02	-5.138868e-02	-2.924896e-02	9.457816e-01	9.457816e-01	9.017171e-01	6.418532e+00
8.733624e-02	-5.135401e-02	-5.135550e-02	-2.922982e-02	9.464272e-01	9.464272e-01	9.028685e-01	6.353485e+00
8.695652e-02	-5.132127e-02	-5.132275e-02	-2.921108e-02	9.470608e-01	9.470608e-01	9.040000e-01	6.289008e+00
8.658009e-02	-5.128898e-02	-5.129044e-02	-2.919271e-02	9.476827e-01	9.476827e-01	9.051121e-01	6.225102e+00
8.620690e-02	-5.125711e-02	-5.125856e-02	-2.917473e-02	9.482931e-01	9.482931e-01	9.062051e-01	6.161765e+00
8.583691e-02	-5.122566e-02	-5.122711e-02	-2.915711e-02	9.488923e-01	9.488923e-01	9.072792e-01	6.098996e+00
8.547009e-02	-5.119463e-02	-5.119607e-02	-2.913984e-02	9.494804e-01	9.494804e-01	9.083349e-01	6.036793e+00
8.510638e-02	-5.116402e-02	-5.116544e-02	-2.912293e-02	9.500577e-01	9.500577e-01	9.093725e-01	5.975156e+00
8.474576e-02	-5.113381e-02	-5.113522e-02	-2.910636e-02	9.506244e-01	9.506244e-01	9.103923e-01	5.914081e+00
8.438819e-02	-5.110401e-02	-5.110541e-02	-2.909012e-02	9.511807e-01	9.511807e-01	9.113945e-01	5.853568e+00
8.403361e-02	-5.107460e-02	-5.107599e-02	-2.907421e-02	9.517268e-01	9.517268e-01	9.123796e-01	5.793614e+00
8.368201e-02	-5.104558e-02	-5.104696e-02	-2.905861e-02	9.522629e-01	9.522629e-01	9.133478e-01	5.734217e+00
8.333333e-02	-5.101695e-02	-5.101832e-02	-2.904333e-02	9.527892e-01	9.527892e-01	9.142995e-01	5.675373e+00
8.298755e-02	-5.098870e-02	-5.099006e-02	-2.902836e-02	9.533060e-01	9.533060e-01	9.152348e-01	5.617081e+00
8.264463e-02	-5.096083e-02	-5.096218e-02	-2.901368e-02	9.538133e-01	9.538133e-01	9.161541e-01	5.559338e+00
8.230453e-02	-5.093333e-02	-5.093467e-02	-2.899929e-02	9.543114e-01	9.543114e-01	9.170578e-01	5.502140e+00
8.196721e-02	-5.090620e-02	-5.090753e-02	-2.898519e-02	9.548005e-01	9.548005e-01	9.179460e-01	5.445485e+00
8.163265e-02	-5.087942e-02	-5.088075e-02	-2.897137e-02	9.552808e-01	9.552808e-01	9.188190e-01	5.389370e+00
8.130081e-02	-5.085301e-02	-5.085432e-02	-2.895781e-02	9.557523e-01	9.557523e-01	9.196772e-01	5.333790e+00
8.097166e-02	-5.082695e-02	-5.082825e-02	-2.894453e-02	9.562153e-01	9.562153e-01	9.205207e-01	5.278743e+00
8.064516e-02	-5.080123e-02	-5.080253e-02	-2.893150e-02	9.566700e-01	9.566700e-01	9.213499e-01	5.224226e+00
8.032129e-02	-5.077586e-02	-5.077715e-02	-2.891873e-02	9.571165e-01	9.571165e-01	9.221650e-01	5.170234e+00
8.000000e-02	-5.075083e-02	-5.075211e-02	-2.890621e-02	9.575550e-01	9.575550e-01	9.229662e-01	5.116765e+00
7.968127e-02	-5.072614e-02	-5.072741e-02	-2.889393e-02	9.579856e-01	9.579856e-01	9.237538e-01	5.063813e+00
7.936508e-02	-5.070177e-02	-5.070303e-02	-2.888190e-02	9.584085e-01	9.584085e-01	9.245280e-01	5.011377e+00
7.905138e-02	-5.067773e-02	-5.067899e-02	-2.887009e-02	9.588238e-01	9.588238e-01	9.252890e-01	4.959451e+00
7.874016e-02	-5.065401e-02	-5.065526e-02	-2.885851e-02	9.592317e-01	9.592317e-01	9.260372e-01	4.908032e+00
7.843137e-02	-5.063061e-02	-5.063185e-02	-2.884715e-02	9.596324e-01	9.596324e-01	9.267727e-01	4.857116e+00
7.812500e-02	-5.060753e-02	-5.060876e-02	-2.883602e-02	9.600259e-01	9.600259e-01	9.274958e-01	4.806700e+00
7.782101e-02	-5.058475e-02	-5.058598e-02	-2.882509e-02	9.604124e-01	9.604124e-01	9.282066e-01	4.756778e+00
7.751938e-02	-5.056228e-02	-5.056350e-02	-2.881438e-02	9.607920e-01	9.607920e-01	9.289054e-01	4.707348e+00
7.722008e-02	-5.054011e-02	-5.054132e-02	-2.880387e-02	9.611649e-01	9.611649e-01	9.295924e-01	4.658405e+00
7.692308e-02	-5.051824e-02	-5.051945e-02	-2.879355e-02	9.615312e-01	9.615312e-01	9.302677e-01	4.609945e+00
7.662835e-02	-5.049667e-02	-5.049786e-02	-2.878344e-02	9.618910e-01	9.618910e-01	9.309317e-01	4.561964e+00
7.633588e-02	-5.047538e-02	-5.047657e-02	-2.877351e-02	9.622445e-01	9.622445e-01	9.315846e-01	4.514457e+00
7.604563e-02	-5.045438e-02	-5.045556e-02	-2.876378e-02	9.625917e-01	9.625917e-01	9.322264e-01	4.467422e+00
7.575758e-02	-5.043366e-02	-5.043484e-02	-2.875422e-02	9.629329e-01	9.629329e-01	9.328574e-01	4.420853e+00
7.547170e-02	-5.041323e-02	-5.041440e-02	-2.874485e-02	9.632680e-01	9.632680e-01	9.334778e-01	4.374747e+00
7.518797e-02	-5.039306e-02	-5.039423e-02	-2.873565e-02	9.635972e-01	9.635972e-01	9.340877e-01	4.329099e+00
7.490637e-02	-5.037317e-02	-5.037433e-02	-2.872663e-02	9.639207e-01	9.639207e-01	9.346875e-01	4.283906e+00
7.462687e-02	-5.035355e-02	-5.035470e-02	-2.871777e-02	9.642385e-01	9.642385e-01	9.352771e-01	4.239163e+00
7.434944e-02	-5.033420e-02	-5.033534e-02	-2.870908e-02	9.645508e-01	9.645508e-01	9.358569e-01	4.194867e+00
7.407407e-02	-5.031510e-02	-5.031624e-02	-2.870055e-02	9.648576e-01	9.648576e-01	9.364270e-01	4.151012e+00
7.380074e-02	-5.029627e-02	-5.029740e-02	-2.869217e-02	9.651590e-01	9.651590e-01	9.369875e-01	4.107596e+00
7.352941e-02	-5.027768e-02	-5.027881e-02	-2.868395e-02	9.654552e-01	9.654552e-01	9.375386e-01	4.064614e+00
7.326007e-02	-5.025935e-02	-5.026047e-02	-2.867589e-02	9.657463e-01	9.657463e-01	9.380805e-01	4.022061e+00
7.299270e-02	-5.024127e-02	-5.024239e-02	-2.866797e-02	9.660323e-01	9.660323e-01	9.386134e-01	3.979935e+00
7.272727e-02	-5.022344e-02	-5.022455e-02	-2.866020e-02	9.663133e-01	9.663133e-01	9.391373e-01	3.938231e+00
7.246377e-02	-5.020584e-02	-5.020695e-02	-2.865257e-02	9.665895e-01	9.665895e-01	9.396526e-01	3.896944e+00
7.220217e-02	-5.018849e-02	-5.018959e-02	-2.864508e-02	9.668609e-01	9.668609e-01	9.401592e-01	3.856072e+00
7.194245e-02	-5.017137e-02	-5.017246e-02	-2.863772e-02	9.671276e-01	9.671276e-01	9.406574e-01	3.815609e+00
7.168459e-02	-5.015448e-02	-5.015557e-02	-2.863051e-02	9.673897e-01	9.673897e-01	9.411473e-01	3.775553e+00
7.142857e-02	-5.013783e-02	-5.013891e-02	-2.862342e-02	9.676473e-01	9.676473e-01	9.416290e-01	3.735900e+00
7.117438e-02	-5.012140e-02	-5.012248e-02	-2.861646e-02	9.679004e-01	9.679004e-01	9.421027e-01	3.696644e+00
7.092199e-02	-5.010519e-02	-5.010626e-02	-2.860962e-02	9.681492e-01	9.681492e-01	9.425686e-01	3.657783e+00
7.067138e-02	-5.008921e-02	-5.009028e-02	-2.860291e-02	9.683937e-01	9.683937e-01	9.430267e-01	3.619313e+00
7.042254e-02	-5.007344e-02	-5.007450e-02	-2.859632e-02	9.686341e-01	9.686341e-01	9.434772e-01	3.581230e+00
7.017544e-02	-5.005789e-02	-5.005895e-02	-2.858985e-02	9.688703e-01	9.688703e-01	9.439202e-01	3.543530e+00
6.993007e-02	-5.004255e-02	-5.004361e-02	-2.858350e-02	9.691024e-01	9.691024e-01	9.443559e-01	3.506210e+00
6.968641e-02	-5.002742e-02	-5.002847e-02	-2.857726e-02	9.693306e-01	9.693306e-01	9.447844e-01	3.469265e+00
6.944444e-02	-5.001250e-02	-5.001355e-02	-2.857113e-02	9.695549e-01	9.695549e-01	9.452058e-01	3.432693e+00
6.920415e-02	-4.999778e-02	-4.999882e-02	-2.856511e-02	9.697754e-01	9.697754e-01	9.456202e-01	3.396489e+00
6.896552e-02	-4.998327e-02	-4.998430e-02	-2.855920e-02	9.699922e-01	9.699922e-01	9.460278e-01	3.360650e+00
6.872852e-02	-4.996895e-02	-4.996998e-02	-2.855339e-02	9.702052e-01	9.702052e-01	9.464286e-01	3.325172e+00
6.849315e-02	-4.995483e-02	-4.995586e-02	-2.854769e-02	9.704146e-01	9.704146e-01	9.468228e-01	3.290053e+00
6.825939e-02	-4.994091e-02	-4.994193e-02	-2.854209e-02	9.706205e-01	9.706205e-01	9.472105e-01	3.255287e+00
6.802721e-02	-4.992717e-02	-4.992819e-02	-2.853658e-02	9.708228e-01	9.708228e-01	9.475918e-01	3.220872e+00
6.779661e-02	-4.991363e-02	-4.991464e-02	-2.853117e-02	9.710218e-01	9.710218e-01	9.479669e-01	3.186805e+00
6.756757e-02	-4.990027e-02	-4.990128e-02	-2.852586e-02	9.712173e-01	9.712173e-01	9.483357e-01	3.153081e+00
6.734007e-02	-4.988709e-02	-4.988810e-02	-2.852065e-02	9.714096e-01	9.714096e-01	9.486985e-01	3.119698e+00
6.711409e-02	-4.987410e-02	-4.987510e-02	-2.851552e-02	9.715986e-01	9.715986e-01	9.490553e-01	3.086653e+00
6.688963e-02	-4.986128e-02	-4.986228e-02	-2.851048e-02	9.717844e-01	9.717844e-01	9.494063e-01	3.053941e+00
6.666667e-02	-4.984865e-02	-4.984964e-02	-2.850554e-02	9.719671e-01	9.719671e-01	9.497514e-01	3.021560e+00
6.644518e-02	-4.983618e-02	-4.983717e-02	-2.850067e-02	9.721468e-01	9.721468e-01	9.500910e-01	2.989506e+00
6.622517e-02	-4.982389e-02	-4.982488e-02	-2.849590e-02	9.723234e-01	9.723234e-01	9.504249e-01	2.957776e+00
6.600660e-02	-4.981177e-02	-4.981276e-02	-2.849120e-02	9.724970e-01	9.724970e-01	9.507533e-01	2.926367e+00
6.578947e-02	-4.979982e-02	-4.980080e-02	-2.848659e-02	9.726677e-01	9.726677e-01	9.510764e-01	2.895276e+00
6.557377e-02	-4.978803e-02	-4.978901e-02	-2.848206e-02	9.728355e-01	9.728355e-01	9.513942e-01	2.864500e+00
6.535948e-02	-4.977641e-02	-4.977738e-02	-2.847761e-02	9.730006e-01	9.730006e-01	9.517068e-01	2.834035e+00
6.514658e-02	-4.976494e-02	-4.976591e-02	-2.847323e-02	9.731628e-01	9.731628e-01	9.520142e-01	2.803878e+00
6.493506e-02	-4.975364e-02	-4.975461e-02	-2.846893e-02	9.733224e-01	9.733224e-01	9.523167e-01	2.774027e+00
6.472492e-02	-4.974249e-02	-4.974346e-02	-2.846470e-02	9.734793e-01	9.734793e-01	9.526141e-01	2.744479e+00
6.451613e-02	-4.973150e-02	-4.973246e-02	-2.846055e-02	9.736336e-01	9.736336e-01	9.529068e-01	2.715230e+00
6.430868e-02	-4.972066e-02	-4.972162e-02	-2.845647e-02	9.737853e-01	9.737853e-01	9.531946e-01	2.686277e+00
6.410256e-02	-4.970997e-02	-4.971093e-02	-2.845246e-02	9.739344e-01	9.739344e-01	9.534778e-01	2.657618e+00
6.389776e-02	-4.969943e-02	-4.970038e-02	-2.844851e-02	9.740811e-01	9.740811e-01	9.537563e-01	2.629250e+00
6.369427e-02	-4.968904e-02	-4.968999e-02	-2.844464e-02	9.742254e-01	9.742254e-01	9.540303e-01	2.601170e+00
6.349206e-02	-4.967879e-02	-4.967974e-02	-2.844083e-02	9.743672e-01	9.743672e-01	9.542998e-01	2.573374e+00
6.329114e-02	-4.966869e-02	-4.966963e-02	-2.843708e-02	9.745067e-01	9.745067e-01	9.545649e-01	2.545861e+00
6.309148e-02	-4.965872e-02	-4.965966e-02	-2.843340e-02	9.746439e-01	9.746439e-01	9.548257e-01	2.518628e+00
6.289308e-02	-4.964890e-02	-4.964983e-02	-2.842979e-02	9.747787e-01	9.747787e-01	9.550823e-01	2.491671e+00
6.269592e-02	-4.963921e-02	-4.964014e-02	-2.842623e-02	9.749114e-01	9.749114e-01	9.553347e-01	2.464988e+00
6.250000e-02	-4.962966e-02	-4.963059e-02	-2.842274e-02	9.750419e-01	9.750419e-01	9.555830e-01	2.438576e+00
6.230530e-02	-4.962024e-02	-4.962117e-02	-2.841930e-02	9.751702e-01	9.751702e-01	9.558272e-01	2.412433e+00
6.211180e-02	-4.961095e-02	-4.961188e-02	-2.841592e-02	9.752964e-01	9.752964e-01	9.560675e-01	2.386557e+00
6.191950e-02	-4.960180e-02	-4.960272e-02	-2.841260e-02	9.754205e-01	9.754205e-01	9.563039e-01	2.360943e+00
6.172840e-02	-4.959277e-02	-4.959369e-02	-2.840933e-02	9.755425e-01	9.755425e-01	9.565364e-01	2.335591e+00
6.153846e-02	-4.958387e-02	-4.958479e-02	-2.840612e-02	9.756625e-01	9.756625e-01	9.567652e-01	2.310497e+00
6.134969e-02	-4.957509e-02	-4.957601e-02	-2.840297e-02	9.757806e-01	9.757806e-01	9.569903e-01	2.285658e+00
6.116208e-02	-4.956644e-02	-4.956735e-02	-2.839987e-02	9.758967e-01	9.758967e-01	9.572117e-01	2.261073e+00
6.097561e-02	-4.955791e-02	-4.955882e-02	-2.839682e-02	9.760109e-01	9.760109e-01	9.574295e-01	2.236739e+00
6.079027e-02	-4.954950e-02	-4.955040e-02	-2.839382e-02	9.761232e-01	9.761232e-01	9.576438e-01	2.212653e+00
6.060606e-02	-4.954120e-02	-4.954211e-02	-2.839087e-02	9.762337e-01	9.762337e-01	9.578547e-01	2.188813e+00
6.042296e-02	-4.953303e-02	-4.953393e-02	-2.838797e-02	9.763424e-01	9.763424e-01	9.580621e-01	2.165217e+00
6.024096e-02	-4.952496e-02	-4.952587e-02	-2.838512e-02	9.764492e-01	9.764492e-01	9.582662e-01	2.141862e+00
6.006006e-02	-4.951702e-02	-4.951792e-02	-2.838231e-02	9.765544e-01	9.765544e-01	9.584669e-01	2.118746e+00
5.988024e-02	-4.950918e-02	-4.951008e-02	-2.837956e-02	9.766578e-01	9.766578e-01	9.586645e-01	2.095866e+00
5.970149e-02	-4.950146e-02	-4.950235e-02	-2.837685e-02	9.767595e-01	9.767595e-01	9.588588e-01	2.073220e+00
5.952381e-02	-4.949384e-02	-4.949473e-02	-2.837418e-02	9.768595e-01	9.768595e-01	9.590500e-01	2.050807e+00
5.934718e-02	-4.948633e-02	-4.948722e-02	-2.837156e-02	9.769579e-01	9.769579e-01	9.592381e-01	2.028623e+00
5.917160e-02	-4.947893e-02	-4.947982e-02	-2.836898e-02	9.770547e-01	9.770547e-01	9.594232e-01	2.006666e+00
5.899705e-02	-4.947163e-02	-4.947252e-02	-2.836645e-02	9.771499e-01	9.771499e-01	9.596053e-01	1.984935e+00
5.882353e-02	-4.946444e-02	-4.946532e-02	-2.836396e-02	9.772436e-01	9.772436e-01	9.597845e-01	1.963427e+00
5.865103e-02	-4.945734e-02	-4.945822e-02	-2.836151e-02	9.773357e-01	9.773357e-01	9.599607e-01	1.942139e+00
5.847953e-02	-4.945035e-02	-4.945123e-02	-2.835909e-02	9.774263e-01	9.774263e-01	9.601342e-01	1.921071e+00
5.830904e-02	-4.944346e-02	-4.944433e-02	-2.835672e-02	9.775155e-01	9.775155e-01	9.603048e-01	1.900218e+00
5.813953e-02	-4.943666e-02	-4.943754e-02	-2.835439e-02	9.776032e-01	9.776032e-01	9.604727e-01	1.879581e+00
5.797101e-02	-4.942996e-02	-4.943084e-02	-2.835210e-02	9.776895e-01	9.776895e-01	9.606379e-01	1.859156e+00
5.780347e-02	-4.942336e-02	-4.942423e-02	-2.834984e-02	9.777743e-01	9.777743e-01	9.608005e-01	1.838941e+00
5.763689e-02	-4.941685e-02	-4.941772e-02	-2.834763e-02	9.778578e-01	9.778578e-01	9.609604e-01	1.818934e+00
5.747126e-02	-4.941043e-02	-4.941130e-02	-2.834544e-02	9.779399e-01	9.779399e-01	9.611178e-01	1.799134e+00
5.730659e-02	-4.940410e-02	-4.940497e-02	-2.834330e-02	9.780207e-01	9.780207e-01	9.612726e-01	1.779538e+00
5.714286e-02	-4.939787e-02	-4.939873e-02	-2.834119e-02	9.781002e-01	9.781002e-01	9.614250e-01	1.760144e+00
5.698006e-02	-4.939172e-02	-4.939258e-02	-2.833911e-02	9.781784e-01	9.781784e-01	9.615749e-01	1.740951e+00
5.681818e-02	-4.938566e-02	-4.938652e-02	-2.833707e-02	9.782553e-01	9.782553e-01	9.617224e-01	1.721956e+00
5.665722e-02	-4.937968e-02	-4.938054e-02	-2.833506e-02	9.783310e-01	9.783310e-01	9.618675e-01	1.703157e+00
5.649718e-02	-4.937379e-02	-4.937465e-02	-2.833309e-02	9.784055e-01	9.784055e-01	9.620103e-01	1.684553e+00
5.633803e-02	-4.936799e-02	-4.936884e-02	-2.833114e-02	9.784787e-01	9.784787e-01	9.621509e-01	1.666141e+00
5.617978e-02	-4.936226e-02	-4.936312e-02	-2.832923e-02	9.785508e-01	9.785508e-01	9.622891e-01	1.647921e+00
5.602241e-02	-4.935662e-02	-4.935747e-02	-2.832735e-02	9.786217e-01	9.786217e-01	9.624252e-01	1.629889e+00
5.586592e-02	-4.935106e-02	-4.935191e-02	-2.832550e-02	9.786914e-01	9.786914e-01	9.625591e-01	1.612044e+00
5.571031e-02	-4.934558e-02	-4.934643e-02	-2.832368e-02	9.787601e-01	9.787601e-01	9.626908e-01	1.594385e+00
5.555556e-02	-4.934018e-02	-4.934102e-02	-2.832190e-02	9.788276e-01	9.788276e-01	9.628205e-01	1.576909e+00
5.540166e-02	-4.933485e-02	-4.933570e-02	-2.832014e-02	9.788940e-01	9.788940e-01	9.629480e-01	1.559615e+00
5.524862e-02	-4.932960e-02	-4.933045e-02	-2.831840e-02	9.789594e-01	9.789594e-01	9.630735e-01	1.542500e+00
5.509642e-02	-4.932443e-02	-4.932527e-02	-2.831670e-02	9.790237e-01	9.790237e-01	9.631971e-01	1.525564e+00
5.494505e-02	-4.931932e-02	-4.932017e-02	-2.831502e-02	9.790869e-01	9.790869e-01	9.633186e-01	1.508804e+00
5.479452e-02	-4.931430e-02	-4.931514e-02	-2.831338e-02	9.791492e-01	9.791492e-01	9.634382e-01	1.492219e+00
5.464481e-02	-4.930934e-02	-4.931018e-02	-2.831175e-02	9.792104e-01	9.792104e-01	9.635559e-01	1.475807e+00
5.449591e-02	-4.930446e-02	-4.930529e-02	-2.831016e-02	9.792707e-01	9.792707e-01	9.636717e-01	1.459566e+00
5.434783e-02	-4.929964e-02	-4.930048e-02	-2.830859e-02	9.793300e-01	9.793300e-01	9.637857e-01	1.443495e+00
5.420054e-02	-4.929489e-02	-4.929573e-02	-2.830704e-02	9.793883e-01	9.793883e-01	9.638978e-01	1.427591e+00
5.405405e-02	-4.929022e-02	-4.929105e-02	-2.830552e-02	9.794457e-01	9.794457e-01	9.640082e-01	1.411854e+00
5.390836e-02	-4.928560e-02	-4.928644e-02	-2.830403e-02	9.795022e-01	9.795022e-01	9.641168e-01	1.396282e+00
5.376344e-02	-4.928106e-02	-4.928189e-02	-2.830256e-02	9.795578e-01	9.795578e-01	9.642237e-01	1.380873e+00
5.361930e-02	-4.927658e-02	-4.927741e-02	-2.830111e-02	9.796125e-01	9.796125e-01	9.643289e-01	1.365625e+00
5.347594e-02	-4.927216e-02	-4.927299e-02	-2.829969e-02	9.796663e-01	9.796663e-01	9.644324e-01	1.350538e+00
5.333333e-02	-4.926781e-02	-4.926864e-02	-2.829829e-02	9.797192e-01	9.797192e-01	9.645342e-01	1.335608e+00
5.319149e-02	-4.926352e-02	-4.926435e-02	-2.829691e-02	9.797713e-01	9.797713e-01	9.646344e-01	1.320836e+00
5.305040e-02	-4.925930e-02	-4.926012e-02	-2.829555e-02	9.798226e-01	9.798226e-01	9.647331e-01	1.306219e+00
5.291005e-02	-4.925513e-02	-4.925595e-02	-2.829422e-02	9.798730e-01	9.798730e-01	9.648302e-01	1.291755e+00
5.277045e-02	-4.925102e-02	-4.925184e-02	-2.829291e-02	9.799226e-01	9.799226e-01	9.649257e-01	1.277444e+00
5.263158e-02	-4.924697e-02	-4.924779e-02	-2.829162e-02	9.799715e-01	9.799715e-01	9.650197e-01	1.263283e+00
5.249344e-02	-4.924298e-02	-4.924380e-02	-2.829034e-02	9.800195e-01	9.800195e-01	9.651122e-01	1.249272e+00
5.235602e-02	-4.923905e-02	-4.923987e-02	-2.828909e-02	9.800668e-01	9.800668e-01	9.652033e-01	1.235409e+00
5.221932e-02	-4.923517e-02	-4.923599e-02	-2.828786e-02	9.801133e-01	9.801133e-01	9.652929e-01	1.221691e+00
5.208333e-02	-4.923135e-02	-4.923217e-02	-2.828665e-02	9.801591e-01	9.801591e-01	9.653810e-01	1.208119e+00
5.194805e-02	-4.922759e-02	-4.922840e-02	-2.828546e-02	9.802042e-01	9.802042e-01	9.654678e-01	1.194690e+00
5.181347e-02	-4.922388e-02	-4.922469e-02	-2.828429e-02	9.802485e-01	9.802485e-01	9.655532e-01	1.181404e+00
5.167959e-02	-4.922022e-02	-4.922103e-02	-2.828314e-02	9.802922e-01	9.802922e-01	9.656373e-01	1.168258e+00
5.154639e-02	-4.921661e-02	-4.921743e-02	-2.828200e-02	9.803351e-01	9.803351e-01	9.657200e-01	1.155251e+00
5.141388e-02	-4.921306e-02	-4.921387e-02	-2.828089e-02	9.803773e-01	9.803773e-01	9.658014e-01	1.142382e+00
5.128205e-02	-4.920956e-02	-4.921037e-02	-2.827979e-02	9.804189e-01	9.804189e-01	9.658815e-01	1.129649e+00
5.115090e-02	-4.920611e-02	-4.920692e-02	-2.827871e-02	9.804598e-01	9.804598e-01	9.659604e-01	1.117052e+00
5.102041e-02	-4.920271e-02	-4.920352e-02	-2.827764e-02	9.805001e-01	9.805001e-01	9.660380e-01	1.104589e+00
5.089059e-02	-4.919936e-02	-4.920016e-02	-2.827659e-02	9.805397e-01	9.805397e-01	9.661144e-01	1.092258e+00
5.076142e-02	-4.919605e-02	-4.919686e-02	-2.827556e-02	9.805787e-01	9.805787e-01	9.661895e-01	1.080058e+00
5.063291e-02	-4.919280e-02	-4.919360e-02	-2.827455e-02	9.806171e-01	9.806171e-01	9.662635e-01	1.067988e+00
5.050505e-02	-4.918959e-02	-4.919039e-02	-2.827355e-02	9.806549e-01	9.806549e-01	9.663363e-01	1.056047e+00
5.037783e-02	-4.918642e-02	-4.918723e-02	-2.827257e-02	9.806920e-01	9.806920e-01	9.664080e-01	1.044233e+00
5.025126e-02	-4.918331e-02	-4.918411e-02	-2.827160e-02	9.807286e-01	9.807286e-01	9.664785e-01	1.032545e+00
5.012531e-02	-4.918023e-02	-4.918104e-02	-2.827065e-02	9.807646e-01	9.807646e-01	9.665479e-01	1.020982e+00
5.000000e-02	-4.917721e-02	-4.917801e-02	-2.826972e-02	9.808000e-01	9.808000e-01	9.666162e-01	1.009543e+00
4.987531e-02	-4.917422e-02	-4.917502e-02	-2.826880e-02	9.808349e-01	9.808349e-01	9.666834e-01	9.982256e-01
4.975124e-02	-4.917128e-02	-4.917208e-02	-2.826789e-02	9.808692e-01	9.808692e-01	9.667496e-01	9.870295e-01
4.962779e-02	-4.916838e-02	-4.916918e-02	-2.826700e-02	9.809029e-01	9.809029e-01	9.668148e-01	9.759533e-01
4.950495e-02	-4.916553e-02	-4.916633e-02	-2.826612e-02	9.809362e-01	9.809362e-01	9.668789e-01	9.649958e-01
4.938272e-02	-4.916271e-02	-4.916351e-02	-2.826526e-02	9.809689e-01	9.809689e-01	9.669419e-01	9.541558e-01
4.926108e-02	-4.915994e-02	-4.916074e-02	-2.826441e-02	9.810010e-01	9.810010e-01	9.670040e-01	9.434321e-01
4.914005e-02	-4.915721e-02	-4.915800e-02	-2.826357e-02	9.810327e-01	9.810327e-01	9.670652e-01	9.328235e-01
4.901961e-02	-4.915451e-02	-4.915531e-02	-2.826275e-02	9.810639e-01	9.810639e-01	9.671253e-01	9.223290e-01
4.889976e-02	-4.915186e-02	-4.915265e-02	-2.826194e-02	9.810946e-01	9.810946e-01	9.671845e-01	9.119473e-01
4.878049e-02	-4.914924e-02	-4.915003e-02	-2.826114e-02	9.811248e-01	9.811248e-01	9.672428e-01	9.016773e-01
4.866180e-02	-4.914666e-02	-4.914745e-02	-2.826035e-02	9.811545e-01	9.811545e-01	9.673002e-01	8.915180e-01
4.854369e-02	-4.914412e-02	-4.914491e-02	-2.825958e-02	9.811837e-01	9.811837e-01	9.673566e-01	8.814681e-01
4.842615e-02	-4.914161e-02	-4.914241e-02	-2.825882e-02	9.812125e-01	9.812125e-01	9.674122e-01	8.715266e-01
4.830918e-02	-4.913915e-02	-4.913994e-02	-2.825807e-02	9.812408e-01	9.812408e-01	9.674669e-01	8.616923e-01
4.819277e-02	-4.913671e-02	-4.913750e-02	-2.825734e-02	9.812687e-01	9.812687e-01	9.675207e-01	8.519643e-01
4.807692e-02	-4.913432e-02	-4.913511e-02	-2.825661e-02	9.812962e-01	9.812962e-01	9.675737e-01	8.423414e-01
4.796163e-02	-4.913195e-02	-4.913274e-02	-2.825590e-02	9.813232e-01	9.813232e-01	9.676258e-01	8.328226e-01
4.784689e-02	-4.912962e-02	-4.913041e-02	-2.825520e-02	9.813497e-01	9.813497e-01	9.676772e-01	8.234067e-01
4.773270e-02	-4.912733e-02	-4.912812e-02	-2.825451e-02	9.813759e-01	9.813759e-01	9.677277e-01	8.140929e-01
4.761905e-02	-4.912507e-02	-4.912586e-02	-2.825383e-02	9.814017e-01	9.814017e-01	9.677774e-01	8.048800e-01
4.750594e-02	-4.912284e-02	-4.912363e-02	-2.825316e-02	9.814270e-01	9.814270e-01	9.678264e-01	7.957669e-01
4.739336e-02	-4.912064e-02	-4.912143e-02	-2.825250e-02	9.814519e-01	9.814519e-01	9.678746e-01	7.867528e-01
4.728132e-02	-4.911848e-02	-4.911927e-02	-2.825185e-02	9.814765e-01	9.814765e-01	9.679220e-01	7.778366e-01
4.716981e-02	-4.911635e-02	-4.911713e-02	-2.825121e-02	9.815007e-01	9.815007e-01	9.679687e-01	7.690172e-01
4.705882e-02	-4.911425e-02	-4.911503e-02	-2.825058e-02	9.815245e-01	9.815245e-01	9.680146e-01	7.602938e-01
4.694836e-02	-4.911217e-02	-4.911296e-02	-2.824996e-02	9.815479e-01	9.815479e-01	9.680598e-01	7.516652e-01
4.683841e-02	-4.911013e-02	-4.911092e-02	-2.824936e-02	9.815709e-01	9.815709e-01	9.681044e-01	7.431307e-01
4.672897e-02	-4.910812e-02	-4.910891e-02	-2.824876e-02	9.815936e-01	9.815936e-01	9.681482e-01	7.346891e-01
4.662005e-02	-4.910614e-02	-4.910692e-02	-2.824817e-02	9.816159e-01	9.816159e-01	9.681913e-01	7.263395e-01
4.651163e-02	-4.910419e-02	-4.910497e-02	-2.824759e-02	9.816379e-01	9.816379e-01	9.682338e-01	7.180811e-01
4.640371e-02	-4.910226e-02	-4.910304e-02	-2.824702e-02	9.816595e-01	9.816595e-01	9.682756e-01	7.099128e-01
4.629630e-02	-4.910036e-02	-4.910115e-02	-2.824645e-02	9.816808e-01	9.816808e-01	9.683167e-01	7.018338e-01
4.618938e-02	-4.909850e-02	-4.909928e-02	-2.824590e-02	9.817018e-01	9.817018e-01	9.683572e-01	6.938430e-01
4.608295e-02	-4.909665e-02	-4.909743e-02	-2.824535e-02	9.817224e-01	9.817224e-01	9.683971e-01	6.859397e-01
4.597701e-02	-4.909484e-02	-4.909562e-02	-2.824482e-02	9.817427e-01	9.817427e-01	9.684363e-01	6.781229e-01
4.587156e-02	-4.909305e-02	-4.909383e-02	-2.824429e-02	9.817627e-01	9.817627e-01	9.684749e-01	6.703918e-01
4.576659e-02	-4.909129e-02	-4.909206e-02	-2.824377e-02	9.817823e-01	9.817823e-01	9.685129e-01	6.627454e-01
4.566210e-02	-4.908955e-02	-4.909033e-02	-2.824326e-02	9.818017e-01	9.818017e-01	9.685504e-01	6.551828e-01
4.555809e-02	-4.908784e-02	-4.908861e-02	-2.824276e-02	9.818207e-01	9.818207e-01	9.685872e-01	6.477032e-01
4.545455e-02	-4.908615e-02	-4.908693e-02	-2.824226e-02	9.818395e-01	9.818395e-01	9.686235e-01	6.403058e-01
4.535147e-02	-4.908449e-02	-4.908526e-02	-2.824177e-02	9.818580e-01	9.818580e-01	9.686592e-01	6.329897e-01
4.524887e-02	-4.908285e-02	-4.908363e-02	-2.824129e-02	9.818761e-01	9.818761e-01	9.686943e-01	6.257540e-01
4.514673e-02	-4.908123e-02	-4.908201e-02	-2.824082e-02	9.818940e-01	9.818940e-01	9.687289e-01	6.185980e-01
4.504505e-02	-4.907964e-02	-4.908042e-02	-2.824036e-02	9.819117e-01	9.819117e-01	9.687630e-01	6.115207e-01
4.494382e-02	-4.907807e-02	-4.907885e-02	-2.823990e-02	9.819290e-01	9.819290e-01	9.687965e-01	6.045214e-01
4.484305e-02	-4.907653e-02	-4.907731e-02	-2.823945e-02	9.819460e-01	9.819460e-01	9.688295e-01	5.975993e-01
4.474273e-02	-4.907501e-02	-4.907578e-02	-2.823900e-02	9.819628e-01	9.819628e-01	9.688620e-01	5.907535e-01
4.464286e-02	-4.907351e-02	-4.907428e-02	-2.823857e-02	9.819794e-01	9.819794e-01	9.688939e-01	5.839833e-01
4.454343e-02	-4.907203e-02	-4.907280e-02	-2.823814e-02	9.819957e-01	9.819957e-01	9.689254e-01	5.772879e-01
4.444444e-02	-4.907057e-02	-4.907135e-02	-2.823771e-02	9.820117e-01	9.820117e-01	9.689564e-01	5.706664e-01
4.434590e-02	-4.906914e-02	-4.906991e-02	-2.823730e-02	9.820275e-01	9.820275e-01	9.689869e-01	5.641182e-01
4.424779e-02	-4.906772e-02	-4.906849e-02	-2.823689e-02	9.820430e-01	9.820430e-01	9.690169e-01	5.576425e-01
4.415011e-02	-4.906633e-02	-4.906710e-02	-2.823648e-02	9.820583e-01	9.820583e-01	9.690465e-01	5.512384e-01
4.405286e-02	-4.906495e-02	-4.906573e-02	-2.823609e-02	9.820733e-01	9.820733e-01	9.690756e-01	5.449053e-01
4.395604e-02	-4.906360e-02	-4.906437e-02	-2.823569e-02	9.820881e-01	9.820881e-01	9.691042e-01	5.386424e-01
4.385965e-02	-4.906226e-02	-4.906304e-02	-2.823531e-02	9.821027e-01	9.821027e-01	9.691324e-01	5.324490e-01
4.376368e-02	-4.906095e-02	-4.906172e-02	-2.823493e-02	9.821170e-01	9.821170e-01	9.691602e-01	5.263243e-01
4.366812e-02	-4.905965e-02	-4.906043e-02	-2.823456e-02	9.821312e-01	9.821312e-01	9.691875e-01	5.202676e-01
4.357298e-02	-4.905838e-02	-4.905915e-02	-2.823419e-02	9.821451e-01	9.821451e-01	9.692144e-01	5.142782e-01
4.347826e-02	-4.905712e-02	-4.905789e-02	-2.823383e-02	9.821588e-01	9.821588e-01	9.692409e-01	5.083554e-01
4.338395e-02	-4.905588e-02	-4.905665e-02	-2.823347e-02	9.821722e-01	9.821722e-01	9.692670e-01	5.024985e-01
4.329004e-02	-4.905466e-02	-4.905543e-02	-2.823312e-02	9.821855e-01	9.821855e-01	9.692927e-01	4.967069e-01
4.319654e-02	-4.905346e-02	-4.905422e-02	-2.823278e-02	9.821986e-01	9.821986e-01	9.693179e-01	4.909797e-01
4.310345e-02	-4.905227e-02	-4.905304e-02	-2.823244e-02	9.822114e-01	9.822114e-01	9.693428e-01	4.853163e-01
4.301075e-02	-4.905110e-02	-4.905187e-02	-2.823210e-02	9.822241e-01	9.822241e-01	9.693673e-01	4.797161e-01
4.291845e-02	-4.904995e-02	-4.905072e-02	-2.823177e-02	9.822365e-01	9.822365e-01	9.693914e-01	4.741784e-01
4.282655e-02	-4.904881e-02	-4.904958e-02	-2.823145e-02	9.822488e-01	9.822488e-01	9.694151e-01	4.687025e-01
4.273504e-02	-4.904769e-02	-4.904846e-02	-2.823113e-02	9.822609e-01	9.822609e-01	9.694385e-01	4.632878e-01
4.264392e-02	-4.904659e-02	-4.904736e-02	-2.823082e-02	9.822728e-01	9.822728e-01	9.694615e-01	4.579336e-01
4.255319e-02	-4.904551e-02	-4.904627e-02	-2.823051e-02	9.822845e-01	9.822845e-01	9.694842e-01	4.526393e-01
4.246285e-02	-4.904444e-02	-4.904520e-02	-2.823020e-02	9.822960e-01	9.822960e-01	9.695065e-01	4.474042e-01
4.237288e-02	-4.904338e-02	-4.904415e-02	-2.822990e-02	9.823073e-01	9.823073e-01	9.695284e-01	4.422277e-01
4.228330e-02	-4.904234e-02	-4.904311e-02	-2.822961e-02	9.823185e-01	9.823185e-01	9.695500e-01	4.371092e-01
4.219409e-02	-4.904132e-02	-4.904208e-02	-2.822932e-02	9.823295e-01	9.823295e-01	9.695713e-01	4.320481e-01
4.210526e-02	-4.904031e-02	-4.904108e-02	-2.822903e-02	9.823403e-01	9.823403e-01	9.695922e-01	4.270437e-01
4.201681e-02	-4.903931e-02	-4.904008e-02	-2.822875e-02	9.823510e-01	9.823510e-01	9.696129e-01	4.220955e-01
4.192872e-02	-4.903834e-02	-4.903910e-02	-2.822847e-02	9.823615e-01	9.823615e-01	9.696332e-01	4.172028e-01
4.184100e-02	-4.903737e-02	-4.903813e-02	-2.822820e-02	9.823718e-01	9.823718e-01	9.696531e-01	4.123650e-01
4.175365e-02	-4.903642e-02	-4.903718e-02	-2.822793e-02	9.823819e-01	9.823819e-01	9.696728e-01	4.075817e-01
4.166667e-02	-4.903548e-02	-4.903625e-02	-2.822767e-02	9.823920e-01	9.823920e-01	9.696922e-01	4.028521e-01
4.158004e-02	-4.903456e-02	-4.903532e-02	-2.822741e-02	9.824018e-01	9.824018e-01	9.697113e-01	3.981757e-01
4.149378e-02	-4.903365e-02	-4.903441e-02	-2.822715e-02	9.824115e-01	9.824115e-01	9.697300e-01	3.935519e-01
4.140787e-02	-4.903275e-02	-4.903351e-02	-2.822690e-02	9.824211e-01	9.824211e-01	9.697485e-01	3.889802e-01
4.132231e-02	-4.903186e-02	-4.903263e-02	-2.822665e-02	9.824305e-01	9.824305e-01	9.697667e-01	3.844600e-01
4.123711e-02	-4.903099e-02	-4.903176e-02	-2.822640e-02	9.824397e-01	9.824397e-01	9.697846e-01	3.799908e-01
4.115226e-02	-4.903014e-02	-4.903090e-02	-2.822616e-02	9.824488e-01	9.824488e-01	9.698023e-01	3.755720e-01
4.106776e-02	-4.902929e-02	-4.903005e-02	-2.822593e-02	9.824578e-01	9.824578e-01	9.698197e-01	3.712030e-01
4.098361e-02	-4.902846e-02	-4.902922e-02	-2.822569e-02	9.824666e-01	9.824666e-01	9.698368e-01	3.668833e-01
4.089980e-02	-4.902763e-02	-4.902840e-02	-2.822546e-02	9.824753e-01	9.824753e-01	9.698536e-01	3.626125e-01
4.081633e-02	-4.902683e-02	-4.902759e-02	-2.822524e-02	9.824839e-01	9.824839e-01	9.698702e-01	3.583899e-01
4.073320e-02	-4.902603e-02	-4.902679e-02	-2.822501e-02	9.824923e-01	9.824923e-01	9.698865e-01	3.542151e-01
4.065041e-02	-4.902524e-02	-4.902600e-02	-2.822479e-02	9.825006e-01	9.825006e-01	9.699026e-01	3.500874e-01
4.056795e-02	-4.902447e-02	-4.902523e-02	-2.822458e-02	9.825088e-01	9.825088e-01	9.699184e-01	3.460065e-01
4.048583e-02	-4.902370e-02	-4.902447e-02	-2.822437e-02	9.825168e-01	9.825168e-01	9.699340e-01	3.419718e-01
4.040404e-02	-4.902295e-02	-4.902371e-02	-2.822416e-02	9.825247e-01	9.825247e-01	9.699493e-01	3.379828e-01
4.032258e-02	-4.902221e-02	-4.902297e-02	-2.822395e-02	9.825325e-01	9.825325e-01	9.699644e-01	3.340391e-01
4.024145e-02	-4.902148e-02	-4.902224e-02	-2.822375e-02	9.825402e-01	9.825402e-01	9.699793e-01	3.301400e-01
4.016064e-02	-4.902076e-02	-4.902152e-02	-2.822355e-02	9.825478e-01	9.825478e-01	9.699939e-01	3.262852e-01
4.008016e-02	-4.902005e-02	-4.902081e-02	-2.822335e-02	9.825552e-01	9.825552e-01	9.700083e-01	3.224742e-01
4.000000e-02	-4.901935e-02	-4.902011e-02	-2.822316e-02	9.825625e-01	9.825625e-01	9.700225e-01	3.187064e-01
3.992016e-02	-4.901867e-02	-4.901943e-02	-2.822297e-02	9.825698e-01	9.825698e-01	9.700365e-01	3.149815e-01
3.984064e-02	-4.901799e-02	-4.901875e-02	-2.822278e-02	9.825769e-01	9.825769e-01	9.700502e-01	3.112989e-01
3.976143e-02	-4.901732e-02	-4.901808e-02	-2.822259e-02	9.825839e-01	9.825839e-01	9.700638e-01	3.076582e-01
3.968254e-02	-4.901666e-02	-4.901742e-02	-2.822241e-02	9.825907e-01	9.825907e-01	9.700771e-01	3.040589e-01
3.960396e-02	-4.901601e-02	-4.901677e-02	-2.822223e-02	9.825975e-01	9.825975e-01	9.700902e-01	3.005006e-01
3.952569e-02	-4.901537e-02	-4.901613e-02	-2.822206e-02	9.826042e-01	9.826042e-01	9.701032e-01	2.969829e-01
3.944773e-02	-4.901474e-02	-4.901550e-02	-2.822188e-02	9.826108e-01	9.826108e-01	9.701159e-01	2.935052e-01
3.937008e-02	-4.901412e-02	-4.901488e-02	-2.822171e-02	9.826172e-01	9.826172e-01	9.701284e-01	2.900671e-01
3.929273e-02	-4.901351e-02	-4.901427e-02	-2.822154e-02	9.826236e-01	9.826236e-01	9.701408e-01	2.866683e-01
3.921569e-02	-4.901291e-02	-4.901366e-02	-2.822138e-02	9.826299e-01	9.826299e-01	9.701529e-01	2.833083e-01
3.913894e-02	-4.901231e-02	-4.901307e-02	-2.822121e-02	9.826360e-01	9.826360e-01	9.701649e-01	2.799866e-01
3.906250e-02	-4.901173e-02	-4.901248e-02	-2.822105e-02	9.826421e-01	9.826421e-01	9.701766e-01	2.767028e-01
3.898635e-02	-4.901115e-02	-4.901191e-02	-2.822090e-02	9.826481e-01	9.826481e-01	9.701882e-01	2.734566e-01
3.891051e-02	-4.901058e-02	-4.901134e-02	-2.822074e-02	9.826540e-01	9.826540e-01	9.701997e-01	2.702475e-01
3.883495e-02	-4.901002e-02	-4.901078e-02	-2.822059e-02	9.826598e-01	9.826598e-01	9.702109e-01	2.670751e-01
3.875969e-02	-4.900947e-02	-4.901023e-02	-2.822043e-02	9.826655e-01	9.826655e-01	9.702220e-01	2.639389e-01
3.868472e-02	-4.900892e-02	-4.900968e-02	-2.822029e-02	9.826712e-01	9.826712e-01	9.702329e-01	2.608387e-01
3.861004e-02	-4.900839e-02	-4.900915e-02	-2.822014e-02	9.826767e-01	9.826767e-01	9.702436e-01	2.577740e-01
3.853565e-02	-4.900786e-02	-4.900862e-02	-2.822000e-02	9.826822e-01	9.826822e-01	9.702542e-01	2.547443e-01
3.846154e-02	-4.900734e-02	-4.900810e-02	-2.821985e-02	9.826875e-01	9.826875e-01	9.702646e-01	2.517494e-01
3.838772e-02	-4.900683e-02	-4.900758e-02	-2.821971e-02	9.826928e-01	9.826928e-01	9.702748e-01	2.487889e-01
3.831418e-02	-4.900632e-02	-4.900708e-02	-2.821958e-02	9.826980e-01	9.826980e-01	9.702849e-01	2.458622e-01
3.824092e-02	-4.900582e-02	-4.900658e-02	-2.821944e-02	9.827031e-01	9.827031e-01	9.702949e-01	2.429692e-01
3.816794e-02	-4.900533e-02	-4.900609e-02	-2.821931e-02	9.827082e-01	9.827082e-01	9.703046e-01	2.401094e-01
3.809524e-02	-4.900485e-02	-4.900560e-02	-2.821918e-02	9.827132e-01	9.827132e-01	9.703143e-01	2.372824e-01
3.802281e-02	-4.900437e-02	-4.900513e-02	-2.821905e-02	9.827181e-01	9.827181e-01	9.703237e-01	2.344879e-01
3.795066e-02	-4.900390e-02	-4.900466e-02	-2.821892e-02	9.827229e-01	9.827229e-01	9.703331e-01	2.317255e-01
3.787879e-02	-4.900344e-02	-4.900420e-02	-2.821879e-02	9.827276e-01	9.827276e-01	9.703423e-01	2.289948e-01
3.780718e-02	-4.900298e-02	-4.900374e-02	-2.821867e-02	9.827323e-01	9.827323e-01	9.703513e-01	2.262956e-01
3.773585e-02	-4.900253e-02	-4.900329e-02	-2.821855e-02	9.827369e-01	9.827369e-01	9.703603e-01	2.236274e-01
3.766478e-02	-4.900209e-02	-4.900285e-02	-2.821843e-02	9.827414e-01	9.827414e-01	9.703690e-01	2.209899e-01
3.759398e-02	-4.900166e-02	-4.900241e-02	-2.821831e-02	9.827459e-01	9.827459e-01	9.703777e-01	2.183828e-01
3.752345e-02	-4.900123e-02	-4.900198e-02	-2.821819e-02	9.827503e-01	9.827503e-01	9.703862e-01	2.158058e-01
3.745318e-02	-4.900080e-02	-4.900156e-02	-2.821808e-02	9.827546e-01	9.827546e-01	9.703946e-01	2.132584e-01
3.738318e-02	-4.900038e-02	-4.900114e-02	-2.821797e-02	9.827589e-01	9.827589e-01	9.704028e-01	2.107404e-01
3.731343e-02	-4.899997e-02	-4.900073e-02	-2.821786e-02	9.827631e-01	9.827631e-01	9.704110e-01	2.082514e-01
3.724395e-02	-4.899957e-02	-4.900032e-02	-2.821775e-02	9.827672e-01	9.827672e-01	9.704190e-01	2.057912e-01
3.717472e-02	-4.899917e-02	-4.899992e-02	-2.821764e-02	9.827713e-01	9.827713e-01	9.704268e-01	2.033593e-01
3.710575e-02	-4.899877e-02	-4.899953e-02	-2.821753e-02	9.827753e-01	9.827753e-01	9.704346e-01	2.009555e-01
3.703704e-02	-4.899839e-02	-4.899914e-02	-2.821743e-02	9.827792e-01	9.827792e-01	9.704422e-01	1.985795e-01
3.696858e-02	-4.899800e-02	-4.899876e-02	-2.821733e-02	9.827831e-01	9.827831e-01	9.704498e-01	1.962310e-01
3.690037e-02	-4.899763e-02	-4.899838e-02	-2.821723e-02	9.827869e-01	9.827869e-01	9.704572e-01	1.939096e-01
3.683241e-02	-4.899726e-02	-4.899801e-02	-2.821713e-02	9.827907e-01	9.827907e-01	9.704645e-01	1.916150e-01
3.676471e-02	-4.899689e-02	-4.899765e-02	-2.821703e-02	9.827944e-01	9.827944e-01	9.704717e-01	1.893470e-01
3.669725e-02	-4.899653e-02	-4.899729e-02	-2.821693e-02	9.827980e-01	9.827980e-01	9.704787e-01	1.871053e-01
3.663004e-02	-4.899618e-02	-4.899693e-02	-2.821684e-02	9.828016e-01	9.828016e-01	9.704857e-01	1.848895e-01
3.656307e-02	-4.899583e-02	-4.899658e-02	-2.821674e-02	9.828052e-01	9.828052e-01	9.704926e-01	1.826993e-01
3.649635e-02	-4.899548e-02	-4.899624e-02	-2.821665e-02	9.828087e-01	9.828087e-01	9.704993e-01	1.805346e-01
3.642987e-02	-4.899514e-02	-4.899590e-02	-2.821656e-02	9.828121e-01	9.828121e-01	9.705060e-01	1.783949e-01
3.636364e-02	-4.899481e-02	-4.899556e-02	-2.821647e-02	9.828155e-01	9.828155e-01	9.705125e-01	1.762801e-01
3.629764e-02	-4.899448e-02	-4.899523e-02	-2.821638e-02	9.828188e-01	9.828188e-01	9.705190e-01	1.741897e-01
3.623188e-02	-4.899415e-02	-4.899491e-02	-2.821630e-02	9.828221e-01	9.828221e-01	9.705253e-01	1.721237e-01
3.616637e-02	-4.899383e-02	-4.899458e-02	-2.821621e-02	9.828253e-01	9.828253e-01	9.705316e-01	1.700816e-01
3.610108e-02	-4.899352e-02	-4.899427e-02	-2.821613e-02	9.828285e-01	9.828285e-01	9.705377e-01	1.680633e-01
3.603604e-02	-4.899320e-02	-4.899396e-02	-2.821604e-02	9.828316e-01	9.828316e-01	9.705438e-01	1.660683e-01
3.597122e-02	-4.899290e-02	-4.899365e-02	-2.821596e-02	9.828347e-01	9.828347e-01	9.705498e-01	1.640966e-01
3.590664e-02	-4.899260e-02	-4.899335e-02	-2.821588e-02	9.828377e-01	9.828377e-01	9.705557e-01	1.621478e-01
3.584229e-02	-4.899230e-02	-4.899305e-02	-2.821580e-02	9.828407e-01	9.828407e-01	9.705615e-01	1.602217e-01
3.577818e-02	-4.899201e-02	-4.899276e-02	-2.821572e-02	9.828437e-01	9.828437e-01	9.705672e-01	1.583180e-01
3.571429e-02	-4.899172e-02	-4.899247e-02	-2.821565e-02	9.828466e-01	9.828466e-01	9.705728e-01	1.564364e-01
3.565062e-02	-4.899143e-02	-4.899218e-02	-2.821557e-02	9.828494e-01	9.828494e-01	9.705783e-01	1.545767e-01
3.558719e-02	-4.899115e-02	-4.899190e-02	-2.821550e-02	9.828522e-01	9.828522e-01	9.705838e-01	1.527387e-01
3.552398e-02	-4.899087e-02	-4.899163e-02	-2.821543e-02	9.828550e-01	9.828550e-01	9.705891e-01	1.509221e-01
3.546099e-02	-4.899060e-02	-4.899135e-02	-2.821535e-02	9.828577e-01	9.828577e-01	9.705944e-01	1.491267e-01
3.539823e-02	-4.899033e-02	-4.899109e-02	-2.821528e-02	9.828604e-01	9.828604e-01	9.705996e-01	1.473522e-01
3.533569e-02	-4.899007e-02	-4.899082e-02	-2.821521e-02	9.828631e-01	9.828631e-01	9.706047e-01	1.455984e-01
3.527337e-02	-4.898981e-02	-4.899056e-02	-2.821514e-02	9.828657e-01	9.828657e-01	9.706098e-01	1.438650e-01
3.521127e-02	-4.898955e-02	-4.899030e-02	-2.821508e-02	9.828682e-01	9.828682e-01	9.706147e-01	1.421519e-01
3.514938e-02	-4.898930e-02	-4.899005e-02	-2.821501e-02	9.828707e-01	9.828707e-01	9.706196e-01	1.404588e-01
3.508772e-02	-4.898905e-02	-4.898980e-02	-2.821494e-02	9.828732e-01	9.828732e-01	9.706245e-01	1.387854e-01
3.502627e-02	-4.898880e-02	-4.898955e-02	-2.821488e-02	9.828757e-01	9.828757e-01	9.706292e-01	1.371316e-01
3.496503e-02	-4.898856e-02	-4.898931e-02	-2.821482e-02	9.828781e-01	9.828781e-01	9.706339e-01	1.354972e-01
3.490401e-02	-4.898832e-02	-4.898907e-02	-2.821475e-02	9.828805e-01	9.828805e-01	9.706385e-01	1.338818e-01
3.484321e-02	-4.898809e-02	-4.898884e-02	-2.821469e-02	9.828828e-01	9.828828e-01	9.706430e-01	1.322853e-01
3.478261e-02	-4.898785e-02	-4.898861e-02	-2.821463e-02	9.828851e-01	9.828851e-01	9.706475e-01	1.307075e-01
3.472222e-02	-4.898763e-02	-4.898838e-02	-2.821457e-02	9.828874e-01	9.828874e-01	9.706519e-01	1.291481e-01
3.466205e-02	-4.898740e-02	-4.898815e-02	-2.821451e-02	9.828896e-01	9.828896e-01	9.706562e-01	1.276070e-01
3.460208e-02	-4.898718e-02	-4.898793e-02	-2.821445e-02	9.828918e-01	9.828918e-01	9.706605e-01	1.260840e-01
3.454231e-02	-4.898696e-02	-4.898771e-02	-2.821440e-02	9.828940e-01	9.828940e-01	9.706647e-01	1.245787e-01
3.448276e-02	-4.898675e-02	-4.898750e-02	-2.821434e-02	9.828961e-01	9.828961e-01	9.706688e-01	1.230912e-01
3.442341e-02	-4.898653e-02	-4.898728e-02	-2.821428e-02	9.828982e-01	9.828982e-01	9.706729e-01	1.216210e-01
3.436426e-02	-4.898632e-02	-4.898708e-02	-2.821423e-02	9.829003e-01	9.829003e-01	9.706769e-01	1.201681e-01
3.430532e-02	-4.898612e-02	-4.898687e-02	-2.821417e-02	9.829023e-01	9.829023e-01	9.706808e-01	1.187322e-01
3.424658e-02	-4.898591e-02	-4.898667e-02	-2.821412e-02	9.829043e-01	9.829043e-01	9.706847e-01	1.173132e-01
3.418803e-02	-4.898571e-02	-4.898647e-02	-2.821407e-02	9.829063e-01	9.829063e-01	9.706885e-01	1.159108e-01
3.412969e-02	-4.898552e-02	-4.898627e-02	-2.821402e-02	9.829082e-01	9.829082e-01	9.706923e-01	1.145249e-01
3.407155e-02	-4.898532e-02	-4.898607e-02	-2.821397e-02	9.829102e-01	9.829102e-01	9.706960e-01	1.131552e-01
3.401361e-02	-4.898513e-02	-4.898588e-02	-2.821392e-02	9.829120e-01	9.829120e-01	9.706997e-01	1.118017e-01
3.395586e-02	-4.898494e-02	-4.898569e-02	-2.821387e-02	9.829139e-01	9.829139e-01	9.707033e-01	1.104640e-01
3.389831e-02	-4.898476e-02	-4.898551e-02	-2.821382e-02	9.829157e-01	9.829157e-01	9.707068e-01	1.091421e-01
3.384095e-02	-4.898457e-02	-4.898533e-02	-2.821377e-02	9.829175e-01	9.829175e-01	9.707103e-01	1.078357e-01
3.378378e-02	-4.898439e-02	-4.898514e-02	-2.821373e-02	9.829193e-01	9.829193e-01	9.707138e-01	1.065446e-01
3.372681e-02	-4.898422e-02	-4.898497e-02	-2.821368e-02	9.829211e-01	9.829211e-01	9.707172e-01	1.052688e-01
3.367003e-02	-4.898404e-02	-4.898479e-02	-2.821363e-02	9.829228e-01	9.829228e-01	9.707205e-01	1.040080e-01
3.361345e-02	-4.898387e-02	-4.898462e-02	-2.821359e-02	9.829245e-01	9.829245e-01	9.707238e-01	1.027620e-01
3.355705e-02	-4.898370e-02	-4.898445e-02	-2.821354e-02	9.829261e-01	9.829261e-01	9.707270e-01	1.015306e-01
3.350084e-02	-4.898353e-02	-4.898428e-02	-2.821350e-02	9.829278e-01	9.829278e-01	9.707302e-01	1.003138e-01
3.344482e-02	-4.898336e-02	-4.898411e-02	-2.821346e-02	9.829294e-01	9.829294e-01	9.707334e-01	9.911134e-02
3.338898e-02	-4.898320e-02	-4.898395e-02	-2.821342e-02	9.829310e-01	9.829310e-01	9.707365e-01	9.792302e-02
3.333333e-02	-4.898304e-02	-4.898379e-02	-2.821337e-02	9.829326e-01	9.829326e-01	9.707395e-01	9.674871e-02
3.327787e-02	-4.898288e-02	-4.898363e-02	-2.821333e-02	9.829341e-01	9.829341e-01	9.707425e-01	9.558825e-02
3.322259e-02	-4.898273e-02	-4.898348e-02	-2.821329e-02	9.829357e-01	9.829357e-01	9.707455e-01	9.444147e-02
3.316750e-02	-4.898257e-02	-4.898332e-02	-2.821325e-02	9.829372e-01	9.829372e-01	9.707484e-01	9.330821e-02
3.311258e-02	-4.898242e-02	-4.898317e-02	-2.821321e-02	9.829386e-01	9.829386e-01	9.707512e-01	9.218834e-02
3.305785e-02	-4.898227e-02	-4.898302e-02	-2.821318e-02	9.829401e-01	9.829401e-01	9.707541e-01	9.108168e-02
3.300330e-02	-4.898213e-02	-4.898288e-02	-2.821314e-02	9.829415e-01	9.829415e-01	9.707568e-01	8.998808e-02
3.294893e-02	-4.898198e-02	-4.898273e-02	-2.821310e-02	9.829429e-01	9.829429e-01	9.707596e-01	8.890740e-02
3.289474e-02	-4.898184e-02	-4.898259e-02	-2.821306e-02	9.829443e-01	9.829443e-01	9.707623e-01	8.783949e-02
3.284072e-02	-4.898170e-02	-4.898245e-02	-2.821303e-02	9.829457e-01	9.829457e-01	9.707649e-01	8.678420e-02
3.278689e-02	-4.898156e-02	-4.898231e-02	-2.821299e-02	9.829470e-01	9.829470e-01	9.707675e-01	8.574136e-02
3.273322e-02	-4.898142e-02	-4.898217e-02	-2.821296e-02	9.829484e-01	9.829484e-01	9.707701e-01	8.471086e-02
3.267974e-02	-4.898129e-02	-4.898204e-02	-2.821292e-02	9.829497e-01	9.829497e-01	9.707727e-01	8.369255e-02
3.262643e-02	-4.898115e-02	-4.898191e-02	-2.821289e-02	9.829510e-01	9.829510e-01	9.707752e-01	8.268628e-02
3.257329e-02	-4.898102e-02	-4.898177e-02	-2.821286e-02	9.829522e-01	9.829522e-01	9.707776e-01	8.169191e-02
3.252033e-02	-4.898090e-02	-4.898165e-02	-2.821282e-02	9.829535e-01	9.829535e-01	9.707800e-01	8.070932e-02
3.246753e-02	-4.898077e-02	-4.898152e-02	-2.821279e-02	9.829547e-01	9.829547e-01	9.707824e-01	7.973835e-02
3.241491e-02	-4.898064e-02	-4.898139e-02	-2.821276e-02	9.829559e-01	9.829559e-01	9.707848e-01	7.877888e-02
3.236246e-02	-4.898052e-02	-4.898127e-02	-2.821273e-02	9.829571e-01	9.829571e-01	9.707871e-01	7.783077e-02
3.231018e-02	-4.898040e-02	-4.898115e-02	-2.821270e-02	9.829583e-01	9.829583e-01	9.707894e-01	7.689389e-02
3.225806e-02	-4.898028e-02	-4.898103e-02	-2.821266e-02	9.829595e-01	9.829595e-01	9.707916e-01	7.596812e-02
3.220612e-02	-4.898016e-02	-4.898091e-02	-2.821263e-02	9.829606e-01	9.829606e-01	9.707938e-01	7.505332e-02
3.215434e-02	-4.898004e-02	-4.898079e-02	-2.821260e-02	9.829617e-01	9.829617e-01	9.707960e-01	7.414935e-02
3.210273e-02	-4.897993e-02	-4.898068e-02	-2.821258e-02	9.829628e-01	9.829628e-01	9.707982e-01	7.325612e-02
3.205128e-02	-4.897982e-02	-4.898057e-02	-2.821255e-02	9.829639e-01	9.829639e-01	9.708003e-01	7.237347e-02
3.200000e-02	-4.897971e-02	-4.898046e-02	-2.821252e-02	9.829650e-01	9.829650e-01	9.708024e-01	7.150130e-02
3.194888e-02	-4.897960e-02	-4.898035e-02	-2.821249e-02	9.829661e-01	9.829661e-01	9.708044e-01	7.063948e-02
3.189793e-02	-4.897949e-02	-4.898024e-02	-2.821246e-02	9.829671e-01	9.829671e-01	9.708064e-01	6.978789e-02
3.184713e-02	-4.897938e-02	-4.898013e-02	-2.821244e-02	9.829681e-01	9.829681e-01	9.708084e-01	6.894641e-02
3.179650e-02	-4.897928e-02	-4.898003e-02	-2.821241e-02	9.829691e-01	9.829691e-01	9.708104e-01	6.811492e-02
3.174603e-02	-4.897917e-02	-4.897992e-02	-2.821238e-02	9.829701e-01	9.829701e-01	9.708123e-01	6.729331e-02
3.169572e-02	-4.897907e-02	-4.897982e-02	-2.821236e-02	9.829711e-01	9.829711e-01	9.708142e-01	6.648147e-02
3.164557e-02	-4.897897e-02	-4.897972e-02	-2.821233e-02	9.829721e-01	9.829721e-01	9.708161e-01	6.567926e-02
3.159558e-02	-4.897887e-02	-4.897962e-02	-2.821231e-02	9.829730e-01	9.829730e-01	9.708179e-01	6.488662e-02
3.154574e-02	-4.897877e-02	-4.897952e-02	-2.821228e-02	9.829740e-01	9.829740e-01	9.708198e-01	6.410337e-02
3.149606e-02	-4.897868e-02	-4.897943e-02	-2.821226e-02	9.829749e-01	9.829749e-01	9.708215e-01	6.332945e-02
3.144654e-02	-4.897858e-02	-4.897933e-02	-2.821223e-02	9.829758e-01	9.829758e-01	9.708233e-01	6.256474e-02
3.139717e-02	-4.897849e-02	-4.897924e-02	-2.821221e-02	9.829767e-01	9.829767e-01	9.708250e-01	6.180911e-02
3.134796e-02	-4.897840e-02	-4.897915e-02	-2.821219e-02	9.829776e-01	9.829776e-01	9.708268e-01	6.106250e-02
3.129890e-02	-4.897831e-02	-4.897906e-02	-2.821216e-02	9.829784e-01	9.829784e-01	9.708284e-01	6.032477e-02
3.125000e-02	-4.897822e-02	-4.897897e-02	-2.821214e-02	9.829793e-01	9.829793e-01	9.708301e-01	5.959582e-02
3.120125e-02	-4.897813e-02	-4.897888e-02	-2.821212e-02	9.829801e-01	9.829801e-01	9.708317e-01	5.887555e-02
3.115265e-02	-4.897804e-02	-4.897879e-02	-2.821210e-02	9.829810e-01	9.829810e-01	9.708333e-01	5.816386e-02
3.110420e-02	-4.897796e-02	-4.897871e-02	-2.821207e-02	9.829818e-01	9.829818e-01	9.708349e-01	5.746067e-02
3.105590e-02	-4.897787e-02	-4.897862e-02	-2.821205e-02	9.829826e-01	9.829826e-01	9.708365e-01	5.676584e-02
3.100775e-02	-4.897779e-02	-4.897854e-02	-2.821203e-02	9.829834e-01	9.829834e-01	9.708380e-01	5.607930e-02
3.095975e-02	-4.897771e-02	-4.897846e-02	-2.821201e-02	9.829842e-01	9.829842e-01	9.708395e-01	5.540094e-02
3.091190e-02	-4.897763e-02	-4.897838e-02	-2.821199e-02	9.829849e-01	9.829849e-01	9.708410e-01	5.473069e-02
3.086420e-02	-4.897755e-02	-4.897830e-02	-2.821197e-02	9.829857e-01	9.829857e-01	9.708425e-01	5.406842e-02
3.081664e-02	-4.897747e-02	-4.897822e-02	-2.821195e-02	9.829864e-01	9.829864e-01	9.708439e-01	5.341406e-02
3.076923e-02	-4.897740e-02	-4.897814e-02	-2.821193e-02	9.829872e-01	9.829872e-01	9.708454e-01	5.276751e-02
3.072197e-02	-4.897732e-02	-4.897807e-02	-2.821191e-02	9.829879e-01	9.829879e-01	9.708468e-01	5.212868e-02
3.067485e-02	-4.897724e-02	-4.897799e-02	-2.821189e-02	9.829886e-01	9.829886e-01	9.708482e-01	5.149746e-02
3.062787e-02	-4.897717e-02	-4.897792e-02	-2.821188e-02	9.829893e-01	9.829893e-01	9.708495e-01	5.087381e-02
3.058104e-02	-4.897710e-02	-4.897785e-02	-2.821186e-02	9.829900e-01	9.829900e-01	9.708509e-01	5.025759e-02
3.053435e-02	-4.897703e-02	-4.897778e-02	-2.821184e-02	9.829907e-01	9.829907e-01	9.708522e-01	4.964874e-02
3.048780e-02	-4.897696e-02	-4.897771e-02	-2.821182e-02	9.829914e-01	9.829914e-01	9.708535e-01	4.904717e-02
3.044140e-02	-4.897689e-02	-4.897764e-02	-2.821180e-02	9.829920e-01	9.829920e-01	9.708548e-01	4.845278e-02
3.039514e-02	-4.897682e-02	-4.897757e-02	-2.821179e-02	9.829927e-01	9.829927e-01	9.708560e-01	4.786550e-02
3.034901e-02	-4.897675e-02	-4.897750e-02	-2.821177e-02	9.829933e-01	9.829933e-01	9.708573e-01	4.728526e-02
3.030303e-02	-4.897668e-02	-4.897743e-02	-2.821175e-02	9.829939e-01	9.829939e-01	9.708585e-01	4.671194e-02
3.025719e-02	-4.897662e-02	-4.897737e-02	-2.821174e-02	9.829946e-01	9.829946e-01	9.708597e-01	4.614549e-02
3.021148e-02	-4.897655e-02	-4.897730e-02	-2.821172e-02	9.829952e-01	9.829952e-01	9.708609e-01	4.558582e-02
3.016591e-02	-4.897649e-02	-4.897724e-02	-2.821170e-02	9.829958e-01	9.829958e-01	9.708621e-01	4.503285e-02
3.012048e-02	-4.897643e-02	-4.897718e-02	-2.821169e-02	9.829964e-01	9.829964e-01	9.708632e-01	4.448650e-02
3.007519e-02	-4.897636e-02	-4.897711e-02	-2.821167e-02	9.829970e-01	9.829970e-01	9.708644e-01	4.394670e-02
3.003003e-02	-4.897630e-02	-4.897705e-02	-2.821166e-02	9.829975e-01	9.829975e-01	9.708655e-01	4.341335e-02
2.998501e-02	-4.897624e-02	-4.897699e-02	-2.821164e-02	9.829981e-01	9.829981e-01	9.708666e-01	4.288638e-02
2.994012e-02	-4.897618e-02	-4.897693e-02	-2.821163e-02	9.829987e-01	9.829987e-01	9.708677e-01	4.236576e-02
2.989537e-02	-4.897613e-02	-4.897688e-02	-2.821161e-02	9.829992e-01	9.829992e-01	9.708687e-01	4.185136e-02
2.985075e-02	-4.897607e-02	-4.897682e-02	-2.821160e-02	9.829998e-01	9.829998e-01	9.708698e-01	4.134313e-02
2.980626e-02	-4.897601e-02	-4.897676e-02	-2.821159e-02	9.830003e-01	9.830003e-01	9.708708e-01	4.084100e-02
2.976190e-02	-4.897596e-02	-4.897671e-02	-2.821157e-02	9.830008e-01	9.830008e-01	9.708719e-01	4.034488e-02
2.971768e-02	-4.897590e-02	-4.897665e-02	-2.821156e-02	9.830014e-01	9.830014e-01	9.708729e-01	3.985472e-02
2.967359e-02	-4.897585e-02	-4.897660e-02	-2.821154e-02	9.830019e-01	9.830019e-01	9.708739e-01	3.937044e-02
2.962963e-02	-4.897579e-02	-4.897654e-02	-2.821153e-02	9.830024e-01	9.830024e-01	9.708748e-01	3.889197e-02
2.958580e-02	-4.897574e-02	-4.897649e-02	-2.821152e-02	9.830029e-01	9.830029e-01	9.708758e-01	3.841924e-02
2.954210e-02	-4.897569e-02	-4.897644e-02	-2.821151e-02	9.830034e-01	9.830034e-01	9.708768e-01	3.795221e-02
2.949853e-02	-4.897564e-02	-4.897639e-02	-2.821149e-02	9.830038e-01	9.830038e-01	9.708777e-01	3.749076e-02
2.945508e-02	-4.897559e-02	-4.897634e-02	-2.821148e-02	9.830043e-01	9.830043e-01	9.708786e-01	3.703487e-02
2.941176e-02	-4.897554e-02	-4.897629e-02	-2.821147e-02	9.830048e-01	9.830048e-01	9.708795e-01	3.658444e-02
2.936858e-02	-4.897549e-02	-4.897624e-02	-2.821146e-02	9.830052e-01	9.830052e-01	9.708804e-01	3.613945e-02
2.932551e-02	-4.897544e-02	-4.897619e-02	-2.821144e-02	9.830057e-01	9.830057e-01	9.708813e-01	3.569978e-02
2.928258e-02	-4.897539e-02	-4.897614e-02	-2.821143e-02	9.830061e-01	9.830061e-01	9.708822e-01	3.526542e-02
2.923977e-02	-4.897535e-02	-4.897610e-02	-2.821142e-02	9.830066e-01	9.830066e-01	9.708830e-01	3.483627e-02
2.919708e-02	-4.897530e-02	-4.897605e-02	-2.821141e-02	9.830070e-01	9.830070e-01	9.708838e-01	3.441229e-02
2.915452e-02	-4.897525e-02	-4.897600e-02	-2.821140e-02	9.830074e-01	9.830074e-01	9.708847e-01	3.399341e-02
2.911208e-02	-4.897521e-02	-4.897596e-02	-2.821139e-02	9.830079e-01	9.830079e-01	9.708855e-01	3.357955e-02
2.906977e-02	-4.897517e-02	-4.897591e-02	-2.821138e-02	9.830083e-01	9.830083e-01	9.708863e-01	3.317072e-02
2.902758e-02	-4.897512e-02	-4.897587e-02	-2.821136e-02	9.830087e-01	9.830087e-01	9.708871e-01	3.276677e-02
2.898551e-02	-4.897508e-02	-4.897583e-02	-2.821135e-02	9.830091e-01	9.830091e-01	9.708879e-01	3.236770e-02
2.894356e-02	-4.897504e-02	-4.897579e-02	-2.821134e-02	9.830095e-01	9.830095e-01	9.708886e-01	3.197343e-02
2.890173e-02	-4.897499e-02	-4.897574e-02	-2.821133e-02	9.830099e-01	9.830099e-01	9.708894e-01	3.158391e-02
2.886003e-02	-4.897495e-02	-4.897570e-02	-2.821132e-02	9.830103e-01	9.830103e-01	9.708901e-01	3.119911e-02
2.881844e-02	-4.897491e-02	-4.897566e-02	-2.821131e-02	9.830106e-01	9.830106e-01	9.708909e-01	3.081892e-02
2.877698e-02	-4.897487e-02	-4.897562e-02	-2.821130e-02	9.830110e-01	9.830110e-01	9.708916e-01	3.044332e-02
2.873563e-02	-4.897483e-02	-4.897558e-02	-2.821129e-02	9.830114e-01	9.830114e-01	9.708923e-01	3.007226e-02
2.869440e-02	-4.897480e-02	-4.897554e-02	-2.821128e-02	9.830117e-01	9.830117e-01	9.708930e-01	2.970566e-02
2.865330e-02	-4.897476e-02	-4.897551e-02	-2.821127e-02	9.830121e-01	9.830121e-01	9.708937e-01	2.934349e-02
2.861230e-02	-4.897472e-02	-4.897547e-02	-2.821127e-02	9.830124e-01	9.830124e-01	9.708944e-01	2.898568e-02
2.857143e-02	-4.897468e-02	-4.897543e-02	-2.821126e-02	9.830128e-01	9.830128e-01	9.708951e-01	2.863222e-02
2.853067e-02	-4.897465e-02	-4.897540e-02	-2.821125e-02	9.830131e-01	9.830131e-01	9.708957e-01	2.828299e-02
2.849003e-02	-4.897461e-02	-4.897536e-02	-2.821124e-02	9.830135e-01	9.830135e-01	9.708964e-01	2.793799e-02
2.844950e-02	-4.897457e-02	-4.897532e-02	-2.821123e-02	9.830138e-01	9.830138e-01	9.708970e-01	2.759716e-02
2.840909e-02	-4.897454e-02	-4.897529e-02	-2.821122e-02	9.830141e-01	9.830141e-01	9.708976e-01	2.726044e-02
2.836879e-02	-4.897450e-02	-4.897525e-02	-2.821121e-02	9.830144e-01	9.830144e-01	9.708983e-01	2.692779e-02
2.832861e-02	-4.897447e-02	-4.897522e-02	-2.821120e-02	9.830148e-01	9.830148e-01	9.708989e-01	2.659917e-02
2.828854e-02	-4.897444e-02	-4.897519e-02	-2.821120e-02	9.830151e-01	9.830151e-01	9.708995e-01	2.627450e-02
2.824859e-02	-4.897440e-02	-4.897515e-02	-2.821119e-02	9.830154e-01	9.830154e-01	9.709001e-01	2.595376e-02
2.820874e-02	-4.897437e-02	-4.897512e-02	-2.821118e-02	9.830157e-01	9.830157e-01	9.709007e-01	2.563690e-02
2.816901e-02	-4.897434e-02	-4.897509e-02	-2.821117e-02	9.830160e-01	9.830160e-01	9.709012e-01	2.532387e-02
2.812940e-02	-4.897431e-02	-4.897506e-02	-2.821116e-02	9.830163e-01	9.830163e-01	9.709018e-01	2.501462e-02
2.808989e-02	-4.897428e-02	-4.897503e-02	-2.821116e-02	9.830166e-01	9.830166e-01	9.709024e-01	2.470910e-02
2.805049e-02	-4.897425e-02	-4.897500e-02	-2.821115e-02	9.830168e-01	9.830168e-01	9.709029e-01	2.440728e-02
2.801120e-02	-4.897422e-02	-4.897497e-02	-2.821114e-02	9.830171e-01	9.830171e-01	9.709035e-01	2.410911e-02
2.797203e-02	-4.897419e-02	-4.897494e-02	-2.821113e-02	9.830174e-01	9.830174e-01	9.709040e-01	2.381454e-02
2.793296e-02	-4.897416e-02	-4.897491e-02	-2.821113e-02	9.830177e-01	9.830177e-01	9.709045e-01	2.352354e-02
2.789400e-02	-4.897413e-02	-4.897488e-02	-2.821112e-02	9.830179e-01	9.830179e-01	9.709050e-01	2.323604e-02
2.785515e-02	-4.897410e-02	-4.897485e-02	-2.821111e-02	9.830182e-01	9.830182e-01	9.709056e-01	2.295202e-02
2.781641e-02	-4.897407e-02	-4.897482e-02	-2.821111e-02	9.830185e-01	9.830185e-01	9.709061e-01	2.267146e-02
2.777778e-02	-4.897404e-02	-4.897479e-02	-2.821110e-02	9.830187e-01	9.830187e-01	9.709066e-01	2.239425e-02
2.773925e-02	-4.897402e-02	-4.897477e-02	-2.821109e-02	9.830190e-01	9.830190e-01	9.709070e-01	2.212042e-02
2.770083e-02	-4.897399e-02	-4.897474e-02	-2.821109e-02	9.830192e-01	9.830192e-01	9.709075e-01	2.184990e-02
2.766252e-02	-4.897396e-02	-4.897471e-02	-2.821108e-02	9.830195e-01	9.830195e-01	9.709080e-01	2.158263e-02
2.762431e-02	-4.897394e-02	-4.897469e-02	-2.821107e-02	9.830197e-01	9.830197e-01	9.709085e-01	2.131861e-02
2.758621e-02	-4.897391e-02	-4.897466e-02	-2.821107e-02	9.830199e-01	9.830199e-01	9.709089e-01	2.105779e-02
2.754821e-02	-4.897389e-02	-4.897464e-02	-2.821106e-02	9.830202e-01	9.830202e-01	9.709094e-01	2.080011e-02
2.751032e-02	-4.897386e-02	-4.897461e-02	-2.821106e-02	9.830204e-01	9.830204e-01	9.709098e-01	2.054555e-02
2.747253e-02	-4.897384e-02	-4.897459e-02	-2.821105e-02	9.830206e-01	9.830206e-01	9.709103e-01	2.029408e-02
2.743484e-02	-4.897381e-02	-4.897456e-02	-2.821104e-02	9.830209e-01	9.830209e-01	9.709107e-01	2.004563e-02
2.739726e-02	-4.897379e-02	-4.897454e-02	-2.821104e-02	9.830211e-01	9.830211e-01	9.709111e-01	1.980021e-02
2.735978e-02	-4.897377e-02	-4.897451e-02	-2.821103e-02	9.830213e-01	9.830213e-01	9.709116e-01	1.955776e-02
2.732240e-02	-4.897374e-02	-4.897449e-02	-2.821103e-02	9.830215e-01	9.830215e-01	9.709120e-01	1.931824e-02
2.728513e-02	-4.897372e-02	-4.897447e-02	-2.821102e-02	9.830217e-01	9.830217e-01	9.709124e-01	1.908162e-02
2.724796e-02	-4.897370e-02	-4.897445e-02	-2.821102e-02	9.830219e-01	9.830219e-01	9.709128e-01	1.884785e-02
2.721088e-02	-4.897367e-02	-4.897442e-02	-2.821101e-02	9.830221e-01	9.830221e-01	9.709132e-01	1.861694e-02
2.717391e-02	-4.897365e-02	-4.897440e-02	-2.821100e-02	9.830223e-01	9.830223e-01	9.709136e-01	1.838880e-02
2.713704e-02	-4.897363e-02	-4.897438e-02	-2.821100e-02	9.830225e-01	9.830225e-01	9.709140e-01	1.816345e-02
2.710027e-02	-4.897361e-02	-4.897436e-02	-2.821099e-02	9.830227e-01	9.830227e-01	9.709143e-01	1.794081e-02
2.706360e-02	-4.897359e-02	-4.897434e-02	-2.821099e-02	9.830229e-01	9.830229e-01	9.709147e-01	1.772088e-02
2.702703e-02	-4.897357e-02	-4.897432e-02	-2.821098e-02	9.830231e-01	9.830231e-01	9.709151e-01	1.750362e-02
2.699055e-02	-4.897355e-02	-4.897430e-02	-2.821098e-02	9.830233e-01	9.830233e-01	9.709154e-01	1.728898e-02
2.695418e-02	-4.897353e-02	-4.897428e-02	-2.821097e-02	9.830235e-01	9.830235e-01	9.709158e-01	1.707695e-02
2.691790e-02	-4.897351e-02	-4.897426e-02	-2.821097e-02	9.830237e-01	9.830237e-01	9.709162e-01	1.686748e-02
2.688172e-02	-4.897349e-02	-4.897424e-02	-2.821097e-02	9.830238e-01	9.830238e-01	9.709165e-01	1.666056e-02
2.684564e-02	-4.897347e-02	-4.897422e-02	-2.821096e-02	9.830240e-01	9.830240e-01	9.709168e-01	1.645616e-02
2.680965e-02	-4.897345e-02	-4.897420e-02	-2.821096e-02	9.830242e-01	9.830242e-01	9.709172e-01	1.625424e-02
2.677376e-02	-4.897343e-02	-4.897418e-02	-2.821095e-02	9.830244e-01	9.830244e-01	9.709175e-01	1.605474e-02
2.673797e-02	-4.897341e-02	-4.897416e-02	-2.821095e-02	9.830245e-01	9.830245e-01	9.709178e-01	1.585769e-02
2.670227e-02	-4.897339e-02	-4.897414e-02	-2.821094e-02	9.830247e-01	9.830247e-01	9.709182e-01	1.566301e-02
2.666667e-02	-4.897338e-02	-4.897413e-02	-2.821094e-02	9.830249e-01	9.830249e-01	9.709185e-01	1.547071e-02
2.663116e-02	-4.897336e-02	-4.897411e-02	-2.821093e-02	9.830250e-01	9.830250e-01	9.709188e-01	1.528074e-02
2.659574e-02	-4.897334e-02	-4.897409e-02	-2.821093e-02	9.830252e-01	9.830252e-01	9.709191e-01	1.509306e-02
2.656042e-02	-4.897333e-02	-4.897407e-02	-2.821093e-02	9.830253e-01	9.830253e-01	9.709194e-01	1.490767e-02
2.652520e-02	-4.897331e-02	-4.897406e-02	-2.821092e-02	9.830255e-01	9.830255e-01	9.709197e-01	1.472454e-02
2.649007e-02	-4.897329e-02	-4.897404e-02	-2.821092e-02	9.830256e-01	9.830256e-01	9.709200e-01	1.454360e-02
2.645503e-02	-4.897328e-02	-4.897402e-02	-2.821091e-02	9.830258e-01	9.830258e-01	9.709203e-01	1.436489e-02
2.642008e-02	-4.897326e-02	-4.897401e-02	-2.821091e-02	9.830259e-01	9.830259e-01	9.709206e-01	1.418833e-02
2.638522e-02	-4.897324e-02	-4.897399e-02	-2.821091e-02	9.830261e-01	9.830261e-01	9.709208e-01	1.401391e-02
2.635046e-02	-4.897323e-02	-4.897398e-02	-2.821090e-02	9.830262e-01	9.830262e-01	9.709211e-01	1.384162e-02
2.631579e-02	-4.897321e-02	-4.897396e-02	-2.821090e-02	9.830264e-01	9.830264e-01	9.709214e-01	1.367142e-02
2.628121e-02	-4.897320e-02	-4.897395e-02	-2.821090e-02	9.830265e-01	9.830265e-01	9.709217e-01	1.350327e-02
2.624672e-02	-4.897318e-02	-4.897393e-02	-2.821089e-02	9.830266e-01	9.830266e-01	9.709219e-01	1.333718e-02
2.621232e-02	-4.897317e-02	-4.897392e-02	-2.821089e-02	9.830268e-01	9.830268e-01	9.709222e-01	1.317310e-02
2.617801e-02	-4.897315e-02	-4.897390e-02	-2.821089e-02	9.830269e-01	9.830269e-01	9.709225e-01	1.301101e-02
2.614379e-02	-4.897314e-02	-4.897389e-02	-2.821088e-02	9.830270e-01	9.830270e-01	9.709227e-01	1.285090e-02
2.610966e-02	-4.897312e-02	-4.897387e-02	-2.821088e-02	9.830272e-01	9.830272e-01	9.709230e-01	1.269272e-02
2.607562e-02	-4.897311e-02	-4.897386e-02	-2.821088e-02	9.830273e-01	9.830273e-01	9.709232e-01	1.253649e-02
2.604167e-02	-4.897310e-02	-4.897385e-02	-2.821087e-02	9.830274e-01	9.830274e-01	9.709234e-01	1.238213e-02
2.600780e-02	-4.897308e-02	-4.897383e-02	-2.821087e-02	9.830275e-01	9.830275e-01	9.709237e-01	1.222965e-02
2.597403e-02	-4.897307e-02	-4.897382e-02	-2.821087e-02	9.830277e-01	9.830277e-01	9.709239e-01	1.207906e-02
2.594034e-02	-4.897306e-02	-4.897381e-02	-2.821086e-02	9.830278e-01	9.830278e-01	9.709241e-01	1.193028e-02
2.590674e-02	-4.897304e-02	-4.897379e-02	-2.821086e-02	9.830279e-01	9.830279e-01	9.709244e-01	1.178332e-02
2.587322e-02	-4.897303e-02	-4.897378e-02	-2.821086e-02	9.830280e-01	9.830280e-01	9.709246e-01	1.163816e-02
2.583979e-02	-4.897302e-02	-4.897377e-02	-2.821085e-02	9.830281e-01	9.830281e-01	9.709248e-01	1.149474e-02
2.580645e-02	-4.897301e-02	-4.897376e-02	-2.821085e-02	9.830282e-01	9.830282e-01	9.709250e-01	1.135311e-02
2.577320e-02	-4.897299e-02	-4.897374e-02	-2.821085e-02	9.830284e-01	9.830284e-01	9.709253e-01	1.121318e-02
2.574003e-02	-4.897298e-02	-4.897373e-02	-2.821085e-02	9.830285e-01	9.830285e-01	9.709255e-01	1.107496e-02
2.570694e-02	-4.897297e-02	-4.897372e-02	-2.821084e-02	9.830286e-01	9.830286e-01	9.709257e-01	1.093846e-02
2.567394e-02	-4.897296e-02	-4.897371e-02	-2.821084e-02	9.830287e-01	9.830287e-01	9.709259e-01	1.080358e-02
2.564103e-02	-4.897295e-02	-4.897370e-02	-2.821084e-02	9.830288e-01	9.830288e-01	9.709261e-01	1.067037e-02
2.560819e-02	-4.897294e-02	-4.897369e-02	-2.821083e-02	9.830289e-01	9.830289e-01	9.709263e-01	1.053880e-02
2.557545e-02	-4.897292e-02	-4.897367e-02	-2.821083e-02	9.830290e-01	9.830290e-01	9.709265e-01	1.040882e-02
2.554278e-02	-4.897291e-02	-4.897366e-02	-2.821083e-02	9.830291e-01	9.830291e-01	9.709267e-01	1.028044e-02
2.551020e-02	-4.897290e-02	-4.897365e-02	-2.821083e-02	9.830292e-01	9.830292e-01	9.709269e-01	1.015361e-02
2.547771e-02	-4.897289e-02	-4.897364e-02	-2.821082e-02	9.830293e-01	9.830293e-01	9.709271e-01	1.002834e-02
2.544529e-02	-4.897288e-02	-4.897363e-02	-2.821082e-02	9.830294e-01	9.830294e-01	9.709272e-01	9.904588e-03
2.541296e-02	-4.897287e-02	-4.897362e-02	-2.821082e-02	9.830295e-01	9.830295e-01	9.709274e-01	9.782370e-03
2.538071e-02	-4.897286e-02	-4.897361e-02	-2.821082e-02	9.830296e-01	9.830296e-01	9.709276e-01	9.661625e-03
2.534854e-02	-4.897285e-02	-4.897360e-02	-2.821081e-02	9.830297e-01	9.830297e-01	9.709278e-01	9.542364e-03
2.531646e-02	-4.897284e-02	-4.897359e-02	-2.821081e-02	9.830297e-01	9.830297e-01	9.709280e-01	9.424556e-03
2.528445e-02	-4.897283e-02	-4.897358e-02	-2.821081e-02	9.830298e-01	9.830298e-01	9.709281e-01	9.308187e-03
2.525253e-02	-4.897282e-02	-4.897357e-02	-2.821081e-02	9.830299e-01	9.830299e-01	9.709283e-01	9.193232e-03
2.522068e-02	-4.897281e-02	-4.897356e-02	-2.821081e-02	9.830300e-01	9.830300e-01	9.709285e-01	9.079699e-03
2.518892e-02	-4.897280e-02	-4.897355e-02	-2.821080e-02	9.830301e-01	9.830301e-01	9.709286e-01	8.967535e-03
2.515723e-02	-4.897279e-02	-4.897354e-02	-2.821080e-02	9.830302e-01	9.830302e-01	9.709288e-01	8.856751e-03
2.512563e-02	-4.897278e-02	-4.897353e-02	-2.821080e-02	9.830303e-01	9.830303e-01	9.709289e-01	8.747324e-03
2.509410e-02	-4.897277e-02	-4.897352e-02	-2.821080e-02	9.830303e-01	9.830303e-01	9.709291e-01	8.639211e-03
2.506266e-02	-4.897277e-02	-4.897352e-02	-2.821080e-02	9.830304e-01	9.830304e-01	9.709293e-01	8.532467e-03
2.503129e-02	-4.897276e-02	-4.897351e-02	-2.821079e-02	9.830305e-01	9.830305e-01	9.709294e-01	8.426983e-03
2.500000e-02	-4.897275e-02	-4.897350e-02	-2.821079e-02	9.830306e-01	9.830306e-01	9.709296e-01	8.322809e-03
2.496879e-02	-4.897274e-02	-4.897349e-02	-2.821079e-02	9.830307e-01	9.830307e-01	9.709297e-01	8.219920e-03
2.493766e-02	-4.897273e-02	-4.897348e-02	-2.821079e-02	9.830307e-01	9.830307e-01	9.709299e-01	8.118261e-03
2.490660e-02	-4.897272e-02	-4.897347e-02	-2.821079e-02	9.830308e-01	9.830308e-01	9.709300e-01	8.017880e-03
2.487562e-02	-4.897272e-02	-4.897346e-02	-2.821078e-02	9.830309e-01	9.830309e-01	9.709301e-01	7.918721e-03
2.484472e-02	-4.897271e-02	-4.897346e-02	-2.821078e-02	9.830309e-01	9.830309e-01	9.709303e-01	7.820763e-03
2.481390e-02	-4.897270e-02	-4.897345e-02	-2.821078e-02	9.830310e-01	9.830310e-01	9.709304e-01	7.724028e-03
2.478315e-02	-4.897269e-02	-4.897344e-02	-2.821078e-02	9.830311e-01	9.830311e-01	9.709306e-01	7.628461e-03
2.475248e-02	-4.897268e-02	-4.897343e-02	-2.821078e-02	9.830312e-01	9.830312e-01	9.709307e-01	7.534067e-03
2.472188e-02	-4.897268e-02	-4.897343e-02	-2.821077e-02	9.830312e-01	9.830312e-01	9.709308e-01	7.440848e-03
2.469136e-02	-4.897267e-02	-4.897342e-02	-2.821077e-02	9.830313e-01	9.830313e-01	9.709310e-01	7.348756e-03
2.466091e-02	-4.897266e-02	-4.897341e-02	-2.821077e-02	9.830314e-01	9.830314e-01	9.709311e-01	7.257818e-03
2.463054e-02	-4.897265e-02	-4.897340e-02	-2.821077e-02	9.830314e-01	9.830314e-01	9.709312e-01	7.167975e-03
2.460025e-02	-4.897265e-02	-4.897340e-02	-2.821077e-02	9.830315e-01	9.830315e-01	9.709313e-01	7.079238e-03
2.457002e-02	-4.897264e-02	-4.897339e-02	-2.821077e-02	9.830315e-01	9.830315e-01	9.709315e-01	6.991621e-03
2.453988e-02	-4.897263e-02	-4.897338e-02	-2.821076e-02	9.830316e-01	9.830316e-01	9.709316e-01	6.905043e-03
2.450980e-02	-4.897263e-02	-4.897338e-02	-2.821076e-02	9.830317e-01	9.830317e-01	9.709317e-01	6.819547e-03
2.447980e-02	-4.897262e-02	-4.897337e-02	-2.821076e-02	9.830317e-01	9.830317e-01	9.709318e-01	6.735093e-03
2.444988e-02	-4.897261e-02	-4.897336e-02	-2.821076e-02	9.830318e-01	9.830318e-01	9.709319e-01	6.651702e-03
2.442002e-02	-4.897261e-02	-4.897336e-02	-2.821076e-02	9.830319e-01	9.830319e-01	9.709320e-01	6.569298e-03
2.439024e-02	-4.897260e-02	-4.897335e-02	-2.821076e-02	9.830319e-01	9.830319e-01	9.709321e-01	6.487949e-03
2.436054e-02	-4.897259e-02	-4.897334e-02	-2.821076e-02	9.830320e-01	9.830320e-01	9.709323e-01	6.407571e-03
2.433090e-02	-4.897259e-02	-4.897334e-02	-2.821075e-02	9.830320e-01	9.830320e-01	9.709324e-01	6.328189e-03
2.430134e-02	-4.897258e-02	-4.897333e-02	-2.821075e-02	9.830321e-01	9.830321e-01	9.709325e-01	6.249794e-03
2.427184e-02	-4.897258e-02	-4.897333e-02	-2.821075e-02	9.830321e-01	9.830321e-01	9.709326e-01	6.172360e-03
2.424242e-02	-4.897257e-02	-4.897332e-02	-2.821075e-02	9.830322e-01	9.830322e-01	9.709327e-01	6.095882e-03
2.421308e-02	-4.897256e-02	-4.897331e-02	-2.821075e-02	9.830322e-01	9.830322e-01	9.709328e-01	6.020313e-03
2.418380e-02	-4.897256e-02	-4.897331e-02	-2.821075e-02	9.830323e-01	9.830323e-01	9.709329e-01	5.945728e-03
2.415459e-02	-4.897255e-02	-4.897330e-02	-2.821075e-02	9.830323e-01	9.830323e-01	9.709330e-01	5.872025e-03
2.412545e-02	-4.897255e-02	-4.897330e-02	-2.821074e-02	9.830324e-01	9.830324e-01	9.709331e-01	5.799238e-03
2.409639e-02	-4.897254e-02	-4.897329e-02	-2.821074e-02	9.830324e-01	9.830324e-01	9.709332e-01	5.727341e-03
2.406739e-02	-4.897254e-02	-4.897329e-02	-2.821074e-02	9.830325e-01	9.830325e-01	9.709333e-01	5.656353e-03
2.403846e-02	-4.897253e-02	-4.897328e-02	-2.821074e-02	9.830325e-01	9.830325e-01	9.709334e-01	5.586205e-03
2.400960e-02	-4.897253e-02	-4.897327e-02	-2.821074e-02	9.830326e-01	9.830326e-01	9.709335e-01	5.516958e-03
2.398082e-02	-4.897252e-02	-4.897327e-02	-2.821074e-02	9.830326e-01	9.830326e-01	9.709336e-01	5.448525e-03
2.395210e-02	-4.897251e-02	-4.897326e-02	-2.821074e-02	9.830327e-01	9.830327e-01	9.709336e-01	5.380974e-03
2.392344e-02	-4.897251e-02	-4.897326e-02	-2.821074e-02	9.830327e-01	9.830327e-01	9.709337e-01	5.314241e-03
2.389486e-02	-4.897250e-02	-4.897325e-02	-2.821074e-02	9.830328e-01	9.830328e-01	9.709338e-01	5.248311e-03
2.386635e-02	-4.897250e-02	-4.897325e-02	-2.821073e-02	9.830328e-01	9.830328e-01	9.709339e-01	5.183217e-03
2.383790e-02	-4.897249e-02	-4.897324e-02	-2.821073e-02	9.830329e-01	9.830329e-01	9.709340e-01	5.118913e-03
2.380952e-02	-4.897249e-02	-4.897324e-02	-2.821073e-02	9.830329e-01	9.830329e-01	9.709341e-01	5.055396e-03
2.378121e-02	-4.897249e-02	-4.897323e-02	-2.821073e-02	9.830329e-01	9.830329e-01	9.709342e-01	4.992689e-03
2.375297e-02	-4.897248e-02	-4.897323e-02	-2.821073e-02	9.830330e-01	9.830330e-01	9.709342e-01	4.930726e-03
2.372479e-02	-4.897248e-02	-4.897323e-02	-2.821073e-02	9.830330e-01	9.830330e-01	9.709343e-01	4.869548e-03
2.369668e-02	-4.897247e-02	-4.897322e-02	-2.821073e-02	9.830331e-01	9.830331e-01	9.709344e-01	4.809116e-03
2.366864e-02	-4.897247e-02	-4.897322e-02	-2.821073e-02	9.830331e-01	9.830331e-01	9.709345e-01	4.749426e-03
2.364066e-02	-4.897246e-02	-4.897321e-02	-2.821073e-02	9.830331e-01	9.830331e-01	9.709345e-01	4.690480e-03
2.361275e-02	-4.897246e-02	-4.897321e-02	-2.821072e-02	9.830332e-01	9.830332e-01	9.709346e-01	4.632251e-03
2.358491e-02	-4.897245e-02	-4.897320e-02	-2.821072e-02	9.830332e-01	9.830332e-01	9.709347e-01	4.574754e-03
2.355713e-02	-4.897245e-02	-4.897320e-02	-2.821072e-02	9.830333e-01	9.830333e-01	9.709348e-01	4.517943e-03
2.352941e-02	-4.897245e-02	-4.897319e-02	-2.821072e-02	9.830333e-01	9.830333e-01	9.709348e-01	4.461865e-03
2.350176e-02	-4.897244e-02	-4.897319e-02	-2.821072e-02	9.830333e-01	9.830333e-01	9.709349e-01	4.406443e-03
2.347418e-02	-4.897244e-02	-4.897319e-02	-2.821072e-02	9.830334e-01	9.830334e-01	9.709350e-01	4.351756e-03
2.344666e-02	-4.897243e-02	-4.897318e-02	-2.821072e-02	9.830334e-01	9.830334e-01	9.709350e-01	4.297691e-03
2.341920e-02	-4.897243e-02	-4.897318e-02	-2.821072e-02	9.830334e-01	9.830334e-01	9.709351e-01	4.244325e-03
2.339181e-02	-4.897243e-02	-4.897318e-02	-2.821072e-02	9.830335e-01	9.830335e-01	9.709352e-01	4.191615e-03
2.336449e-02	-4.897242e-02	-4.897317e-02	-2.821072e-02	9.830335e-01	9.830335e-01	9.709352e-01	4.139539e-03
2.333722e-02	-4.897242e-02	-4.897317e-02	-2.821072e-02	9.830335e-01	9.830335e-01	9.709353e-01	4.088129e-03
2.331002e-02	-4.897241e-02	-4.897316e-02	-2.821071e-02	9.830336e-01	9.830336e-01	9.709354e-01	4.037328e-03
2.328289e-02	-4.897241e-02	-4.897316e-02	-2.821071e-02	9.830336e-01	9.830336e-01	9.709354e-01	3.987189e-03
2.325581e-02	-4.897241e-02	-4.897316e-02	-2.821071e-02	9.830336e-01	9.830336e-01	9.709355e-01	3.937634e-03
2.322880e-02	-4.897240e-02	-4.897315e-02	-2.821071e-02	9.830337e-01	9.830337e-01	9.709356e-01	3.888713e-03
2.320186e-02	-4.897240e-02	-4.897315e-02	-2.821071e-02	9.830337e-01	9.830337e-01	9.709356e-01	3.840392e-03
2.317497e-02	-4.897240e-02	-4.897315e-02	-2.821071e-02	9.830337e-01	9.830337e-01	9.709357e-01	3.792676e-03
2.314815e-02	-4.897239e-02	-4.897314e-02	-2.821071e-02	9.830338e-01	9.830338e-01	9.709357e-01	3.745535e-03
2.312139e-02	-4.897239e-02	-4.897314e-02	-2.821071e-02	9.830338e-01	9.830338e-01	9.709358e-01	3.698979e-03
2.309469e-02	-4.897239e-02	-4.897314e-02	-2.821071e-02	9.830338e-01	9.830338e-01	9.709359e-01	3.653006e-03
2.306805e-02	-4.897238e-02	-4.897313e-02	-2.821071e-02	9.830338e-01	9.830338e-01	9.709359e-01	3.607600e-03
2.304147e-02	-4.897238e-02	-4.897313e-02	-2.821071e-02	9.830339e-01	9.830339e-01	9.709360e-01	3.562743e-03
2.301496e-02	-4.897238e-02	-4.897313e-02	-2.821071e-02	9.830339e-01	9.830339e-01	9.709360e-01	3.518455e-03
2.298851e-02	-4.897237e-02	-4.897312e-02	-2.821071e-02	9.830339e-01	9.830339e-01	9.709361e-01	3.474718e-03
2.296211e-02	-4.897237e-02	-4.897312e-02	-2.821071e-02	9.830340e-01	9.830340e-01	9.709361e-01	3.431515e-03
2.293578e-02	-4.897237e-02	-4.897312e-02	-2.821070e-02	9.830340e-01	9.830340e-01	9.709362e-01	3.388850e-03
2.290951e-02	-4.897237e-02	-4.897311e-02	-2.821070e-02	9.830340e-01	9.830340e-01	9.709362e-01	3.346716e-03
2.288330e-02	-4.897236e-02	-4.897311e-02	-2.821070e-02	9.830340e-01	9.830340e-01	9.709363e-01	3.305062e-03
2.285714e-02	-4.897236e-02	-4.897311e-02	-2.821070e-02	9.830341e-01	9.830341e-01	9.709363e-01	3.263992e-03
2.283105e-02	-4.897236e-02	-4.897311e-02	-2.821070e-02	9.830341e-01	9.830341e-01	9.709364e-01	3.223376e-03
2.280502e-02	-4.897235e-02	-4.897310e-02	-2.821070e-02	9.830341e-01	9.830341e-01	9.709364e-01	3.183300e-03
2.277904e-02	-4.897235e-02	-4.897310e-02	-2.821070e-02	9.830341e-01	9.830341e-01	9.709365e-01	3.143695e-03
2.275313e-02	-4.897235e-02	-4.897310e-02	-2.821070e-02	9.830342e-01	9.830342e-01	9.709365e-01	3.104589e-03
2.272727e-02	-4.897235e-02	-4.897309e-02	-2.821070e-02	9.830342e-01	9.830342e-01	9.709366e-01	3.065956e-03
2.270148e-02	-4.897234e-02	-4.897309e-02	-2.821070e-02	9.830342e-01	9.830342e-01	9.709366e-01	3.027829e-03
2.267574e-02	-4.897234e-02	-4.897309e-02	-2.821070e-02	9.830342e-01	9.830342e-01	9.709367e-01	2.990147e-03
2.265006e-02	-4.897234e-02	-4.897309e-02	-2.821070e-02	9.830343e-01	9.830343e-01	9.709367e-01	2.952938e-03
2.262443e-02	-4.897234e-02	-4.897308e-02	-2.821070e-02	9.830343e-01	9.830343e-01	9.709367e-01	2.916195e-03
2.259887e-02	-4.897233e-02	-4.897308e-02	-2.821070e-02	9.830343e-01	9.830343e-01	9.709368e-01	2.879907e-03
2.257336e-02	-4.897233e-02	-4.897308e-02	-2.821070e-02	9.830343e-01	9.830343e-01	9.709368e-01	2.844060e-03
2.254791e-02	-4.897233e-02	-4.897308e-02	-2.821070e-02	9.830343e-01	9.830343e-01	9.709369e-01	2.808660e-03
2.252252e-02	-4.897233e-02	-4.897307e-02	-2.821069e-02	9.830344e-01	9.830344e-01	9.709369e-01	2.773703e-03
2.249719e-02	-4.897232e-02	-4.897307e-02	-2.821069e-02	9.830344e-01	9.830344e-01	9.709369e-01	2.739179e-03
2.247191e-02	-4.897232e-02	-4.897307e-02	-2.821069e-02	9.830344e-01	9.830344e-01	9.709370e-01	2.705069e-03
2.244669e-02	-4.897232e-02	-4.897307e-02	-2.821069e-02	9.830344e-01	9.830344e-01	9.709370e-01	2.671411e-03
2.242152e-02	-4.897232e-02	-4.897307e-02	-2.821069e-02	9.830344e-01	9.830344e-01	9.709371e-01	2.638127e-03
2.239642e-02	-4.897231e-02	-4.897306e-02	-2.821069e-02	9.830345e-01	9.830345e-01	9.709371e-01	2.605294e-03
2.237136e-02	-4.897231e-02	-4.897306e-02	-2.821069e-02	9.830345e-01	9.830345e-01	9.709371e-01	2.572845e-03
