# Finite Temperature Data for Kitaev Ladder
# chi_max = 300, h = 0.8500
# Columns: T | Sigmax | Sigmay | Sigmaz | S1 | S2 | Wp | Cv
# 
2.000000e+01	-7.605875e-02	-7.605906e-02	-7.570543e-02	5.977859e-05	5.977859e-05	-2.888331e-06	3.521863e-01
1.000000e+01	-1.070502e-01	-1.070515e-01	-1.062888e-01	2.550250e-04	2.550250e-04	-1.581542e-05	1.217572e+00
6.666667e+00	-1.335672e-01	-1.335701e-01	-1.322804e-01	6.658957e-04	6.658957e-04	-4.772372e-05	2.319840e+00
5.000000e+00	-1.560768e-01	-1.560819e-01	-1.541765e-01	1.331635e-03	1.331635e-03	-1.045958e-04	3.442268e+00
4.000000e+00	-1.751308e-01	-1.751386e-01	-1.725555e-01	2.253649e-03	2.253649e-03	-1.888735e-04	4.448308e+00
3.333333e+00	-1.912793e-01	-1.912902e-01	-1.879905e-01	3.405538e-03	3.405538e-03	-3.009378e-04	5.272417e+00
2.857143e+00	-2.050235e-01	-2.050374e-01	-2.010015e-01	4.745130e-03	4.745130e-03	-4.407994e-04	5.899197e+00
2.500000e+00	-2.167953e-01	-2.168124e-01	-2.120353e-01	6.224354e-03	6.224354e-03	-6.090210e-04	6.342708e+00
2.222222e+00	-2.269554e-01	-2.269756e-01	-2.214641e-01	7.795902e-03	7.795902e-03	-8.068778e-04	6.630873e+00
2.000000e+00	-2.357985e-01	-2.358216e-01	-2.295908e-01	9.417063e-03	9.417063e-03	-1.036080e-03	6.795519e+00
1.818182e+00	-2.435623e-01	-2.435882e-01	-2.366592e-01	1.105150e-02	1.105150e-02	-1.298364e-03	6.866886e+00
1.666667e+00	-2.504376e-01	-2.504661e-01	-2.428642e-01	1.266971e-02	1.266971e-02	-1.595148e-03	6.871101e+00
1.538462e+00	-2.565768e-01	-2.566078e-01	-2.483608e-01	1.424867e-02	1.424867e-02	-1.927291e-03	6.829422e+00
1.428571e+00	-2.621022e-01	-2.621353e-01	-2.532725e-01	1.577116e-02	1.577116e-02	-2.294992e-03	6.758403e+00
1.333333e+00	-2.671114e-01	-2.671467e-01	-2.576978e-01	1.722490e-02	1.722490e-02	-2.697783e-03	6.670485e+00
1.250000e+00	-2.716834e-01	-2.717206e-01	-2.617154e-01	1.860168e-02	1.860168e-02	-3.134580e-03	6.574712e+00
1.176471e+00	-2.758820e-01	-2.759209e-01	-2.653886e-01	1.989654e-02	1.989654e-02	-3.603784e-03	6.477432e+00
1.111111e+00	-2.797588e-01	-2.797994e-01	-2.687684e-01	2.110710e-02	2.110710e-02	-4.103378e-03	6.382920e+00
1.052632e+00	-2.833566e-01	-2.833986e-01	-2.718963e-01	2.223295e-02	2.223295e-02	-4.631046e-03	6.293888e+00
1.000000e+00	-2.867101e-01	-2.867535e-01	-2.748060e-01	2.327513e-02	2.327513e-02	-5.184264e-03	6.211907e+00
9.523810e-01	-2.898486e-01	-2.898932e-01	-2.775254e-01	2.423579e-02	2.423579e-02	-5.760392e-03	6.137723e+00
9.090909e-01	-2.927962e-01	-2.928420e-01	-2.800775e-01	2.511783e-02	2.511783e-02	-6.356744e-03	6.071511e+00
8.695652e-01	-2.955733e-01	-2.956203e-01	-2.824814e-01	2.592465e-02	2.592465e-02	-6.970652e-03	6.013058e+00
8.333333e-01	-2.981974e-01	-2.982453e-01	-2.847533e-01	2.666000e-02	2.666000e-02	-7.599504e-03	5.961903e+00
8.000000e-01	-3.006831e-01	-3.007319e-01	-2.869068e-01	2.732779e-02	2.732779e-02	-8.240787e-03	5.917436e+00
7.692308e-01	-3.030431e-01	-3.030928e-01	-2.889534e-01	2.793198e-02	2.793198e-02	-8.892109e-03	5.878972e+00
7.407407e-01	-3.052884e-01	-3.053389e-01	-2.909030e-01	2.847654e-02	2.847654e-02	-9.551213e-03	5.845800e+00
7.142857e-01	-3.074286e-01	-3.074798e-01	-2.927641e-01	2.896533e-02	2.896533e-02	-1.021599e-02	5.817219e+00
6.896552e-01	-3.094720e-01	-3.095239e-01	-2.945441e-01	2.940213e-02	2.940213e-02	-1.088450e-02	5.792559e+00
6.666667e-01	-3.114260e-01	-3.114785e-01	-2.962496e-01	2.979052e-02	2.979052e-02	-1.155493e-02	5.771196e+00
6.451613e-01	-3.132970e-01	-3.133502e-01	-2.978861e-01	3.013394e-02	3.013394e-02	-1.222564e-02	5.752562e+00
6.250000e-01	-3.150910e-01	-3.151448e-01	-2.994587e-01	3.043566e-02	3.043566e-02	-1.289514e-02	5.736145e+00
6.060606e-01	-3.168132e-01	-3.168674e-01	-3.009719e-01	3.069875e-02	3.069875e-02	-1.356208e-02	5.721489e+00
5.882353e-01	-3.184680e-01	-3.185227e-01	-3.024297e-01	3.092610e-02	3.092610e-02	-1.422525e-02	5.708196e+00
5.714286e-01	-3.200599e-01	-3.201151e-01	-3.038355e-01	3.112040e-02	3.112040e-02	-1.488355e-02	5.695922e+00
5.555556e-01	-3.215926e-01	-3.216482e-01	-3.051926e-01	3.128421e-02	3.128421e-02	-1.553603e-02	5.684371e+00
5.405405e-01	-3.230696e-01	-3.231256e-01	-3.065040e-01	3.141986e-02	3.141986e-02	-1.618184e-02	5.673290e+00
5.263158e-01	-3.244941e-01	-3.245504e-01	-3.077723e-01	3.152956e-02	3.152956e-02	-1.682023e-02	5.662470e+00
5.128205e-01	-3.258690e-01	-3.259256e-01	-3.089999e-01	3.161535e-02	3.161535e-02	-1.745055e-02	5.651736e+00
5.000000e-01	-3.271969e-01	-3.272539e-01	-3.101889e-01	3.167913e-02	3.167913e-02	-1.807224e-02	5.640946e+00
4.878049e-01	-3.284804e-01	-3.285376e-01	-3.113415e-01	3.172265e-02	3.172265e-02	-1.868482e-02	5.629985e+00
4.761905e-01	-3.297216e-01	-3.297791e-01	-3.124595e-01	3.174754e-02	3.174754e-02	-1.928789e-02	5.618763e+00
4.651163e-01	-3.309228e-01	-3.309806e-01	-3.135446e-01	3.175531e-02	3.175531e-02	-1.988110e-02	5.607211e+00
4.545455e-01	-3.320858e-01	-3.321438e-01	-3.145983e-01	3.174735e-02	3.174735e-02	-2.046419e-02	5.595278e+00
4.444444e-01	-3.332125e-01	-3.332708e-01	-3.156223e-01	3.172495e-02	3.172495e-02	-2.103693e-02	5.582927e+00
4.347826e-01	-3.343046e-01	-3.343631e-01	-3.166179e-01	3.168930e-02	3.168930e-02	-2.159914e-02	5.570136e+00
4.255319e-01	-3.353637e-01	-3.354224e-01	-3.175863e-01	3.164150e-02	3.164150e-02	-2.215071e-02	5.556891e+00
4.166667e-01	-3.363913e-01	-3.364501e-01	-3.185288e-01	3.158256e-02	3.158256e-02	-2.269153e-02	5.543189e+00
4.081633e-01	-3.373887e-01	-3.374477e-01	-3.194464e-01	3.151343e-02	3.151343e-02	-2.322157e-02	5.529031e+00
4.000000e-01	-3.383573e-01	-3.384164e-01	-3.203402e-01	3.143496e-02	3.143496e-02	-2.374079e-02	5.514429e+00
3.921569e-01	-3.392982e-01	-3.393575e-01	-3.212113e-01	3.134795e-02	3.134795e-02	-2.424921e-02	5.499393e+00
3.846154e-01	-3.402127e-01	-3.402722e-01	-3.220604e-01	3.125315e-02	3.125315e-02	-2.474687e-02	5.483943e+00
3.773585e-01	-3.411019e-01	-3.411614e-01	-3.228886e-01	3.115122e-02	3.115122e-02	-2.523380e-02	5.468095e+00
3.703704e-01	-3.419667e-01	-3.420264e-01	-3.236966e-01	3.104279e-02	3.104279e-02	-2.571011e-02	5.451873e+00
3.636364e-01	-3.428081e-01	-3.428679e-01	-3.244852e-01	3.092845e-02	3.092845e-02	-2.617586e-02	5.435298e+00
3.571429e-01	-3.436270e-01	-3.436869e-01	-3.252552e-01	3.080871e-02	3.080871e-02	-2.663117e-02	5.418393e+00
3.508772e-01	-3.444244e-01	-3.444844e-01	-3.260071e-01	3.068408e-02	3.068408e-02	-2.707616e-02	5.401183e+00
3.448276e-01	-3.452010e-01	-3.452611e-01	-3.267417e-01	3.055500e-02	3.055500e-02	-2.751095e-02	5.383690e+00
3.389831e-01	-3.459577e-01	-3.460178e-01	-3.274597e-01	3.042188e-02	3.042188e-02	-2.793570e-02	5.365939e+00
3.333333e-01	-3.466950e-01	-3.467553e-01	-3.281615e-01	3.028512e-02	3.028512e-02	-2.835053e-02	5.347951e+00
3.278689e-01	-3.474139e-01	-3.474742e-01	-3.288477e-01	3.014507e-02	3.014507e-02	-2.875561e-02	5.329750e+00
3.225806e-01	-3.481149e-01	-3.481752e-01	-3.295190e-01	3.000204e-02	3.000204e-02	-2.915110e-02	5.311356e+00
3.174603e-01	-3.487986e-01	-3.488590e-01	-3.301757e-01	2.985635e-02	2.985635e-02	-2.953716e-02	5.292791e+00
3.125000e-01	-3.494657e-01	-3.495262e-01	-3.308184e-01	2.970827e-02	2.970827e-02	-2.991395e-02	5.274073e+00
3.076923e-01	-3.501168e-01	-3.501773e-01	-3.314475e-01	2.955804e-02	2.955804e-02	-3.028165e-02	5.255223e+00
3.030303e-01	-3.507523e-01	-3.508129e-01	-3.320634e-01	2.940592e-02	2.940592e-02	-3.064042e-02	5.236257e+00
2.985075e-01	-3.513729e-01	-3.514335e-01	-3.326667e-01	2.925212e-02	2.925212e-02	-3.099044e-02	5.217193e+00
2.941176e-01	-3.519790e-01	-3.520397e-01	-3.332576e-01	2.909682e-02	2.909682e-02	-3.133189e-02	5.198046e+00
2.898551e-01	-3.525712e-01	-3.526318e-01	-3.338366e-01	2.894023e-02	2.894023e-02	-3.166492e-02	5.178832e+00
2.857143e-01	-3.531497e-01	-3.532105e-01	-3.344039e-01	2.878251e-02	2.878251e-02	-3.198972e-02	5.159565e+00
2.816901e-01	-3.537152e-01	-3.537760e-01	-3.349601e-01	2.862381e-02	2.862381e-02	-3.230646e-02	5.140258e+00
2.777778e-01	-3.542680e-01	-3.543288e-01	-3.355054e-01	2.846428e-02	2.846428e-02	-3.261530e-02	5.120924e+00
2.739726e-01	-3.548086e-01	-3.548694e-01	-3.360401e-01	2.830406e-02	2.830406e-02	-3.291643e-02	5.101573e+00
2.702703e-01	-3.553372e-01	-3.553981e-01	-3.365645e-01	2.814326e-02	2.814326e-02	-3.320999e-02	5.082217e+00
2.666667e-01	-3.558544e-01	-3.559152e-01	-3.370789e-01	2.798200e-02	2.798200e-02	-3.349617e-02	5.062867e+00
2.631579e-01	-3.563603e-01	-3.564212e-01	-3.375837e-01	2.782039e-02	2.782039e-02	-3.377511e-02	5.043531e+00
2.597403e-01	-3.568555e-01	-3.569163e-01	-3.380790e-01	2.765851e-02	2.765851e-02	-3.404699e-02	5.024218e+00
2.564103e-01	-3.573401e-01	-3.574010e-01	-3.385652e-01	2.749647e-02	2.749647e-02	-3.431196e-02	5.004937e+00
2.531646e-01	-3.578146e-01	-3.578755e-01	-3.390424e-01	2.733434e-02	2.733434e-02	-3.457018e-02	4.985695e+00
2.500000e-01	-3.582792e-01	-3.583401e-01	-3.395110e-01	2.717219e-02	2.717219e-02	-3.482180e-02	4.966499e+00
2.469136e-01	-3.587341e-01	-3.587950e-01	-3.399712e-01	2.701010e-02	2.701010e-02	-3.506697e-02	4.947356e+00
2.439024e-01	-3.591798e-01	-3.592407e-01	-3.404231e-01	2.684813e-02	2.684813e-02	-3.530584e-02	4.928272e+00
2.409639e-01	-3.596164e-01	-3.596773e-01	-3.408671e-01	2.668634e-02	2.668634e-02	-3.553856e-02	4.909252e+00
2.380952e-01	-3.600443e-01	-3.601052e-01	-3.413033e-01	2.652479e-02	2.652479e-02	-3.576526e-02	4.890302e+00
2.352941e-01	-3.604635e-01	-3.605245e-01	-3.417318e-01	2.636353e-02	2.636353e-02	-3.598608e-02	4.871426e+00
2.325581e-01	-3.608745e-01	-3.609355e-01	-3.421530e-01	2.620260e-02	2.620260e-02	-3.620117e-02	4.852630e+00
2.298851e-01	-3.612774e-01	-3.613384e-01	-3.425670e-01	2.604204e-02	2.604204e-02	-3.641065e-02	4.833916e+00
2.272727e-01	-3.616725e-01	-3.617334e-01	-3.429740e-01	2.588190e-02	2.588190e-02	-3.661466e-02	4.815289e+00
2.247191e-01	-3.620600e-01	-3.621209e-01	-3.433741e-01	2.572222e-02	2.572222e-02	-3.681332e-02	4.796753e+00
2.222222e-01	-3.624400e-01	-3.625009e-01	-3.437676e-01	2.556302e-02	2.556302e-02	-3.700676e-02	4.778311e+00
2.197802e-01	-3.628127e-01	-3.628736e-01	-3.441545e-01	2.540434e-02	2.540434e-02	-3.719510e-02	4.759965e+00
2.173913e-01	-3.631785e-01	-3.632394e-01	-3.445351e-01	2.524620e-02	2.524620e-02	-3.737846e-02	4.741718e+00
2.150538e-01	-3.635374e-01	-3.635983e-01	-3.449094e-01	2.508864e-02	2.508864e-02	-3.755696e-02	4.723573e+00
2.127660e-01	-3.638896e-01	-3.639505e-01	-3.452777e-01	2.493168e-02	2.493168e-02	-3.773070e-02	4.705532e+00
2.105263e-01	-3.642353e-01	-3.642962e-01	-3.456401e-01	2.477533e-02	2.477533e-02	-3.789981e-02	4.687597e+00
2.083333e-01	-3.645747e-01	-3.646356e-01	-3.459967e-01	2.461963e-02	2.461963e-02	-3.806439e-02	4.669770e+00
2.061856e-01	-3.649080e-01	-3.649688e-01	-3.463477e-01	2.446459e-02	2.446459e-02	-3.822454e-02	4.652053e+00
2.040816e-01	-3.652352e-01	-3.652960e-01	-3.466932e-01	2.431022e-02	2.431022e-02	-3.838038e-02	4.634447e+00
2.020202e-01	-3.655565e-01	-3.656174e-01	-3.470333e-01	2.415655e-02	2.415655e-02	-3.853199e-02	4.616953e+00
2.000000e-01	-3.658722e-01	-3.659330e-01	-3.473681e-01	2.400359e-02	2.400359e-02	-3.867948e-02	4.599574e+00
1.980198e-01	-3.661823e-01	-3.662431e-01	-3.476978e-01	2.385135e-02	2.385135e-02	-3.882295e-02	4.582309e+00
1.960784e-01	-3.664869e-01	-3.665478e-01	-3.480224e-01	2.369984e-02	2.369984e-02	-3.896249e-02	4.565160e+00
1.941748e-01	-3.667863e-01	-3.668471e-01	-3.483421e-01	2.354908e-02	2.354908e-02	-3.909818e-02	4.548128e+00
1.923077e-01	-3.670805e-01	-3.671413e-01	-3.486571e-01	2.339908e-02	2.339908e-02	-3.923013e-02	4.531213e+00
1.904762e-01	-3.673696e-01	-3.674304e-01	-3.489673e-01	2.324984e-02	2.324984e-02	-3.935841e-02	4.514416e+00
1.886792e-01	-3.676538e-01	-3.677146e-01	-3.492729e-01	2.310137e-02	2.310137e-02	-3.948311e-02	4.497738e+00
1.869159e-01	-3.679333e-01	-3.679940e-01	-3.495741e-01	2.295369e-02	2.295369e-02	-3.960432e-02	4.481179e+00
1.851852e-01	-3.682080e-01	-3.682687e-01	-3.498708e-01	2.280679e-02	2.280679e-02	-3.972211e-02	4.464739e+00
1.834862e-01	-3.684781e-01	-3.685388e-01	-3.501632e-01	2.266069e-02	2.266069e-02	-3.983656e-02	4.448419e+00
1.818182e-01	-3.687438e-01	-3.688045e-01	-3.504515e-01	2.251539e-02	2.251539e-02	-3.994775e-02	4.432218e+00
1.801802e-01	-3.690051e-01	-3.690658e-01	-3.507355e-01	2.237090e-02	2.237090e-02	-4.005576e-02	4.416138e+00
1.785714e-01	-3.692621e-01	-3.693228e-01	-3.510156e-01	2.222721e-02	2.222721e-02	-4.016066e-02	4.400178e+00
1.769912e-01	-3.695149e-01	-3.695756e-01	-3.512917e-01	2.208434e-02	2.208434e-02	-4.026252e-02	4.384337e+00
1.754386e-01	-3.697637e-01	-3.698244e-01	-3.515639e-01	2.194229e-02	2.194229e-02	-4.036140e-02	4.368617e+00
1.739130e-01	-3.700085e-01	-3.700691e-01	-3.518323e-01	2.180106e-02	2.180106e-02	-4.045738e-02	4.353017e+00
1.724138e-01	-3.702494e-01	-3.703100e-01	-3.520971e-01	2.166065e-02	2.166065e-02	-4.055053e-02	4.337536e+00
1.709402e-01	-3.704864e-01	-3.705471e-01	-3.523581e-01	2.152107e-02	2.152107e-02	-4.064090e-02	4.322174e+00
1.694915e-01	-3.707198e-01	-3.707804e-01	-3.526157e-01	2.138232e-02	2.138232e-02	-4.072856e-02	4.306932e+00
1.680672e-01	-3.709495e-01	-3.710101e-01	-3.528697e-01	2.124439e-02	2.124439e-02	-4.081357e-02	4.291809e+00
1.666667e-01	-3.711756e-01	-3.712362e-01	-3.531203e-01	2.110729e-02	2.110729e-02	-4.089599e-02	4.276804e+00
1.652893e-01	-3.713983e-01	-3.714589e-01	-3.533675e-01	2.097102e-02	2.097102e-02	-4.097588e-02	4.261917e+00
1.639344e-01	-3.716175e-01	-3.716781e-01	-3.536115e-01	2.083558e-02	2.083558e-02	-4.105330e-02	4.247148e+00
1.626016e-01	-3.718334e-01	-3.718940e-01	-3.538522e-01	2.070098e-02	2.070098e-02	-4.112830e-02	4.232496e+00
1.612903e-01	-3.720461e-01	-3.721066e-01	-3.540898e-01	2.056720e-02	2.056720e-02	-4.120093e-02	4.217962e+00
1.600000e-01	-3.722555e-01	-3.723161e-01	-3.543242e-01	2.043426e-02	2.043426e-02	-4.127126e-02	4.203543e+00
1.587302e-01	-3.724618e-01	-3.725224e-01	-3.545557e-01	2.030214e-02	2.030214e-02	-4.133932e-02	4.189241e+00
1.574803e-01	-3.726651e-01	-3.727256e-01	-3.547841e-01	2.017085e-02	2.017085e-02	-4.140517e-02	4.175053e+00
1.562500e-01	-3.728653e-01	-3.729258e-01	-3.550097e-01	2.004039e-02	2.004039e-02	-4.146886e-02	4.160981e+00
1.550388e-01	-3.730627e-01	-3.731231e-01	-3.552323e-01	1.991076e-02	1.991076e-02	-4.153044e-02	4.147022e+00
1.538462e-01	-3.732571e-01	-3.733175e-01	-3.554522e-01	1.978195e-02	1.978195e-02	-4.158996e-02	4.133178e+00
1.526718e-01	-3.734487e-01	-3.735091e-01	-3.556693e-01	1.965396e-02	1.965396e-02	-4.164745e-02	4.119446e+00
1.515152e-01	-3.736376e-01	-3.736980e-01	-3.558837e-01	1.952680e-02	1.952680e-02	-4.170296e-02	4.105826e+00
1.503759e-01	-3.738237e-01	-3.738841e-01	-3.560954e-01	1.940045e-02	1.940045e-02	-4.175655e-02	4.092318e+00
1.492537e-01	-3.740072e-01	-3.740676e-01	-3.563045e-01	1.927492e-02	1.927492e-02	-4.180824e-02	4.078922e+00
1.481481e-01	-3.741881e-01	-3.742485e-01	-3.565111e-01	1.915021e-02	1.915021e-02	-4.185808e-02	4.065635e+00
1.470588e-01	-3.743664e-01	-3.744268e-01	-3.567151e-01	1.902631e-02	1.902631e-02	-4.190612e-02	4.052459e+00
1.459854e-01	-3.745423e-01	-3.746027e-01	-3.569167e-01	1.890322e-02	1.890322e-02	-4.195239e-02	4.039391e+00
1.449275e-01	-3.747157e-01	-3.747760e-01	-3.571159e-01	1.878094e-02	1.878094e-02	-4.199692e-02	4.026432e+00
1.438849e-01	-3.748867e-01	-3.749470e-01	-3.573126e-01	1.865946e-02	1.865946e-02	-4.203976e-02	4.013580e+00
1.428571e-01	-3.750554e-01	-3.751157e-01	-3.575071e-01	1.853879e-02	1.853879e-02	-4.208095e-02	4.000836e+00
1.418440e-01	-3.752217e-01	-3.752820e-01	-3.576992e-01	1.841891e-02	1.841891e-02	-4.212052e-02	3.988197e+00
1.408451e-01	-3.753858e-01	-3.754461e-01	-3.578891e-01	1.829983e-02	1.829983e-02	-4.215850e-02	3.975665e+00
1.398601e-01	-3.755477e-01	-3.756080e-01	-3.580768e-01	1.818154e-02	1.818154e-02	-4.219493e-02	3.963237e+00
1.388889e-01	-3.757074e-01	-3.757676e-01	-3.582624e-01	1.806404e-02	1.806404e-02	-4.222984e-02	3.950913e+00
1.379310e-01	-3.758649e-01	-3.759252e-01	-3.584457e-01	1.794733e-02	1.794733e-02	-4.226326e-02	3.938693e+00
1.369863e-01	-3.760204e-01	-3.760806e-01	-3.586270e-01	1.783140e-02	1.783140e-02	-4.229523e-02	3.926576e+00
1.360544e-01	-3.761738e-01	-3.762340e-01	-3.588062e-01	1.771625e-02	1.771625e-02	-4.232578e-02	3.914561e+00
1.351351e-01	-3.763252e-01	-3.763854e-01	-3.589834e-01	1.760187e-02	1.760187e-02	-4.235494e-02	3.902647e+00
1.342282e-01	-3.764746e-01	-3.765348e-01	-3.591587e-01	1.748827e-02	1.748827e-02	-4.238273e-02	3.890833e+00
1.333333e-01	-3.766221e-01	-3.766823e-01	-3.593319e-01	1.737543e-02	1.737543e-02	-4.240920e-02	3.879120e+00
1.324503e-01	-3.767676e-01	-3.768278e-01	-3.595032e-01	1.726336e-02	1.726336e-02	-4.243435e-02	3.867506e+00
1.315789e-01	-3.769113e-01	-3.769715e-01	-3.596727e-01	1.715205e-02	1.715205e-02	-4.245823e-02	3.855990e+00
1.307190e-01	-3.770532e-01	-3.771133e-01	-3.598403e-01	1.704150e-02	1.704150e-02	-4.248086e-02	3.844572e+00
1.298701e-01	-3.771932e-01	-3.772533e-01	-3.600060e-01	1.693170e-02	1.693170e-02	-4.250227e-02	3.833252e+00
1.290323e-01	-3.773315e-01	-3.773916e-01	-3.601700e-01	1.682265e-02	1.682265e-02	-4.252248e-02	3.822027e+00
1.282051e-01	-3.774680e-01	-3.775281e-01	-3.603322e-01	1.671434e-02	1.671434e-02	-4.254151e-02	3.810898e+00
1.273885e-01	-3.776028e-01	-3.776629e-01	-3.604926e-01	1.660678e-02	1.660678e-02	-4.255940e-02	3.799865e+00
1.265823e-01	-3.777360e-01	-3.777960e-01	-3.606514e-01	1.649995e-02	1.649995e-02	-4.257616e-02	3.788925e+00
1.257862e-01	-3.778674e-01	-3.779275e-01	-3.608085e-01	1.639386e-02	1.639386e-02	-4.259183e-02	3.778079e+00
1.250000e-01	-3.779973e-01	-3.780574e-01	-3.609639e-01	1.628849e-02	1.628849e-02	-4.260641e-02	3.767326e+00
1.242236e-01	-3.781256e-01	-3.781856e-01	-3.611177e-01	1.618385e-02	1.618385e-02	-4.261995e-02	3.756666e+00
1.234568e-01	-3.782523e-01	-3.783123e-01	-3.612699e-01	1.607993e-02	1.607993e-02	-4.263245e-02	3.746096e+00
1.226994e-01	-3.783775e-01	-3.784375e-01	-3.614205e-01	1.597672e-02	1.597672e-02	-4.264394e-02	3.735618e+00
1.219512e-01	-3.785011e-01	-3.785611e-01	-3.615696e-01	1.587423e-02	1.587423e-02	-4.265444e-02	3.725230e+00
1.212121e-01	-3.786233e-01	-3.786833e-01	-3.617171e-01	1.577245e-02	1.577245e-02	-4.266397e-02	3.714931e+00
1.204819e-01	-3.787440e-01	-3.788040e-01	-3.618632e-01	1.567137e-02	1.567137e-02	-4.267255e-02	3.704721e+00
1.197605e-01	-3.788633e-01	-3.789233e-01	-3.620077e-01	1.557098e-02	1.557098e-02	-4.268021e-02	3.694599e+00
1.190476e-01	-3.789812e-01	-3.790411e-01	-3.621508e-01	1.547130e-02	1.547130e-02	-4.268695e-02	3.684565e+00
1.183432e-01	-3.790976e-01	-3.791576e-01	-3.622925e-01	1.537230e-02	1.537230e-02	-4.269281e-02	3.674617e+00
1.176471e-01	-3.792128e-01	-3.792727e-01	-3.624328e-01	1.527399e-02	1.527399e-02	-4.269779e-02	3.664756e+00
1.169591e-01	-3.793265e-01	-3.793865e-01	-3.625717e-01	1.517636e-02	1.517636e-02	-4.270192e-02	3.654980e+00
1.162791e-01	-3.794390e-01	-3.794989e-01	-3.627093e-01	1.507941e-02	1.507941e-02	-4.270521e-02	3.645289e+00
1.156069e-01	-3.795502e-01	-3.796100e-01	-3.628455e-01	1.498313e-02	1.498313e-02	-4.270768e-02	3.635682e+00
1.149425e-01	-3.796600e-01	-3.797199e-01	-3.629803e-01	1.488753e-02	1.488753e-02	-4.270936e-02	3.626158e+00
1.142857e-01	-3.797687e-01	-3.798285e-01	-3.631139e-01	1.479258e-02	1.479258e-02	-4.271024e-02	3.616718e+00
1.136364e-01	-3.798761e-01	-3.799359e-01	-3.632462e-01	1.469830e-02	1.469830e-02	-4.271036e-02	3.607360e+00
1.129944e-01	-3.799822e-01	-3.800421e-01	-3.633772e-01	1.460467e-02	1.460467e-02	-4.270973e-02	3.598083e+00
1.123596e-01	-3.800872e-01	-3.801471e-01	-3.635070e-01	1.451170e-02	1.451170e-02	-4.270836e-02	3.588888e+00
1.117318e-01	-3.801910e-01	-3.802509e-01	-3.636356e-01	1.441937e-02	1.441937e-02	-4.270626e-02	3.579772e+00
1.111111e-01	-3.802937e-01	-3.803535e-01	-3.637629e-01	1.432768e-02	1.432768e-02	-4.270346e-02	3.570737e+00
1.104972e-01	-3.803952e-01	-3.804550e-01	-3.638891e-01	1.423663e-02	1.423663e-02	-4.269997e-02	3.561781e+00
1.098901e-01	-3.804956e-01	-3.805554e-01	-3.640141e-01	1.414622e-02	1.414622e-02	-4.269579e-02	3.552903e+00
1.092896e-01	-3.805949e-01	-3.806547e-01	-3.641379e-01	1.405644e-02	1.405644e-02	-4.269096e-02	3.544103e+00
1.086957e-01	-3.806931e-01	-3.807529e-01	-3.642606e-01	1.396728e-02	1.396728e-02	-4.268547e-02	3.535380e+00
1.081081e-01	-3.807902e-01	-3.808500e-01	-3.643822e-01	1.387875e-02	1.387875e-02	-4.267935e-02	3.526734e+00
1.075269e-01	-3.808863e-01	-3.809461e-01	-3.645027e-01	1.379083e-02	1.379083e-02	-4.267260e-02	3.518164e+00
1.069519e-01	-3.809814e-01	-3.810411e-01	-3.646220e-01	1.370352e-02	1.370352e-02	-4.266524e-02	3.509669e+00
1.063830e-01	-3.810754e-01	-3.811351e-01	-3.647404e-01	1.361682e-02	1.361682e-02	-4.265728e-02	3.501250e+00
1.058201e-01	-3.811684e-01	-3.812282e-01	-3.648576e-01	1.353073e-02	1.353073e-02	-4.264874e-02	3.492904e+00
1.052632e-01	-3.812605e-01	-3.813202e-01	-3.649738e-01	1.344523e-02	1.344523e-02	-4.263962e-02	3.484633e+00
1.047120e-01	-3.813516e-01	-3.814113e-01	-3.650890e-01	1.336034e-02	1.336034e-02	-4.262994e-02	3.476434e+00
1.041667e-01	-3.814417e-01	-3.815014e-01	-3.652032e-01	1.327603e-02	1.327603e-02	-4.261971e-02	3.468308e+00
1.036269e-01	-3.815308e-01	-3.815905e-01	-3.653164e-01	1.319231e-02	1.319231e-02	-4.260895e-02	3.460254e+00
1.030928e-01	-3.816191e-01	-3.816787e-01	-3.654286e-01	1.310917e-02	1.310917e-02	-4.259765e-02	3.452271e+00
1.025641e-01	-3.817064e-01	-3.817661e-01	-3.655398e-01	1.302661e-02	1.302661e-02	-4.258584e-02	3.444359e+00
1.020408e-01	-3.817928e-01	-3.818525e-01	-3.656501e-01	1.294463e-02	1.294463e-02	-4.257352e-02	3.436517e+00
1.015228e-01	-3.818784e-01	-3.819380e-01	-3.657594e-01	1.286322e-02	1.286322e-02	-4.256070e-02	3.428744e+00
1.010101e-01	-3.819630e-01	-3.820226e-01	-3.658678e-01	1.278237e-02	1.278237e-02	-4.254740e-02	3.421041e+00
1.005025e-01	-3.820468e-01	-3.821064e-01	-3.659753e-01	1.270209e-02	1.270209e-02	-4.253363e-02	3.413406e+00
1.000000e-01	-3.821298e-01	-3.821894e-01	-3.660818e-01	1.262236e-02	1.262236e-02	-4.251939e-02	3.405839e+00
9.950249e-02	-3.822119e-01	-3.822715e-01	-3.661875e-01	1.254319e-02	1.254319e-02	-4.250469e-02	3.398340e+00
9.900990e-02	-3.822932e-01	-3.823527e-01	-3.662923e-01	1.246456e-02	1.246456e-02	-4.248955e-02	3.390907e+00
9.852217e-02	-3.823736e-01	-3.824332e-01	-3.663962e-01	1.238649e-02	1.238649e-02	-4.247397e-02	3.383540e+00
9.803922e-02	-3.824533e-01	-3.825129e-01	-3.664993e-01	1.230895e-02	1.230895e-02	-4.245796e-02	3.376239e+00
9.756098e-02	-3.825322e-01	-3.825917e-01	-3.666015e-01	1.223196e-02	1.223196e-02	-4.244153e-02	3.369004e+00
9.708738e-02	-3.826103e-01	-3.826698e-01	-3.667029e-01	1.215549e-02	1.215549e-02	-4.242470e-02	3.361833e+00
9.661836e-02	-3.826876e-01	-3.827472e-01	-3.668035e-01	1.207956e-02	1.207956e-02	-4.240746e-02	3.354726e+00
9.615385e-02	-3.827642e-01	-3.828237e-01	-3.669032e-01	1.200415e-02	1.200415e-02	-4.238983e-02	3.347682e+00
9.569378e-02	-3.828400e-01	-3.828996e-01	-3.670022e-01	1.192927e-02	1.192927e-02	-4.237181e-02	3.340702e+00
9.523810e-02	-3.829151e-01	-3.829747e-01	-3.671003e-01	1.185490e-02	1.185490e-02	-4.235342e-02	3.333784e+00
9.478673e-02	-3.829895e-01	-3.830490e-01	-3.671977e-01	1.178105e-02	1.178105e-02	-4.233466e-02	3.326928e+00
9.433962e-02	-3.830632e-01	-3.831227e-01	-3.672943e-01	1.170771e-02	1.170771e-02	-4.231553e-02	3.320133e+00
9.389671e-02	-3.831361e-01	-3.831956e-01	-3.673902e-01	1.163487e-02	1.163487e-02	-4.229606e-02	3.313399e+00
9.345794e-02	-3.832084e-01	-3.832679e-01	-3.674853e-01	1.156254e-02	1.156254e-02	-4.227623e-02	3.306725e+00
9.302326e-02	-3.832800e-01	-3.833394e-01	-3.675796e-01	1.149071e-02	1.149071e-02	-4.225607e-02	3.300112e+00
9.259259e-02	-3.833509e-01	-3.834103e-01	-3.676732e-01	1.141937e-02	1.141937e-02	-4.223558e-02	3.293557e+00
9.216590e-02	-3.834211e-01	-3.834806e-01	-3.677661e-01	1.134852e-02	1.134852e-02	-4.221476e-02	3.287061e+00
9.174312e-02	-3.834907e-01	-3.835501e-01	-3.678583e-01	1.127817e-02	1.127817e-02	-4.219363e-02	3.280624e+00
9.132420e-02	-3.835596e-01	-3.836191e-01	-3.679498e-01	1.120829e-02	1.120829e-02	-4.217219e-02	3.274245e+00
9.090909e-02	-3.836279e-01	-3.836873e-01	-3.680406e-01	1.113890e-02	1.113890e-02	-4.215044e-02	3.267922e+00
9.049774e-02	-3.836956e-01	-3.837550e-01	-3.681307e-01	1.106998e-02	1.106998e-02	-4.212839e-02	3.261657e+00
9.009009e-02	-3.837626e-01	-3.838220e-01	-3.682201e-01	1.100154e-02	1.100154e-02	-4.210605e-02	3.255447e+00
8.968610e-02	-3.838290e-01	-3.838884e-01	-3.683088e-01	1.093356e-02	1.093356e-02	-4.208343e-02	3.249294e+00
8.928571e-02	-3.838949e-01	-3.839543e-01	-3.683969e-01	1.086606e-02	1.086606e-02	-4.206053e-02	3.243195e+00
8.888889e-02	-3.839601e-01	-3.840195e-01	-3.684843e-01	1.079901e-02	1.079901e-02	-4.203736e-02	3.237152e+00
8.849558e-02	-3.840247e-01	-3.840841e-01	-3.685711e-01	1.073243e-02	1.073243e-02	-4.201392e-02	3.231162e+00
8.810573e-02	-3.840888e-01	-3.841481e-01	-3.686573e-01	1.066630e-02	1.066630e-02	-4.199022e-02	3.225227e+00
8.771930e-02	-3.841522e-01	-3.842116e-01	-3.687428e-01	1.060062e-02	1.060062e-02	-4.196627e-02	3.219345e+00
8.733624e-02	-3.842151e-01	-3.842745e-01	-3.688277e-01	1.053539e-02	1.053539e-02	-4.194206e-02	3.213515e+00
8.695652e-02	-3.842775e-01	-3.843368e-01	-3.689119e-01	1.047060e-02	1.047060e-02	-4.191761e-02	3.207738e+00
8.658009e-02	-3.843393e-01	-3.843986e-01	-3.689956e-01	1.040626e-02	1.040626e-02	-4.189293e-02	3.202013e+00
8.620690e-02	-3.844005e-01	-3.844599e-01	-3.690787e-01	1.034236e-02	1.034236e-02	-4.186801e-02	3.196339e+00
8.583691e-02	-3.844613e-01	-3.845206e-01	-3.691612e-01	1.027889e-02	1.027889e-02	-4.184286e-02	3.190716e+00
8.547009e-02	-3.845214e-01	-3.845807e-01	-3.692430e-01	1.021585e-02	1.021585e-02	-4.181749e-02	3.185144e+00
8.510638e-02	-3.845811e-01	-3.846404e-01	-3.693243e-01	1.015324e-02	1.015324e-02	-4.179190e-02	3.179621e+00
8.474576e-02	-3.846402e-01	-3.846995e-01	-3.694051e-01	1.009106e-02	1.009106e-02	-4.176609e-02	3.174148e+00
8.438819e-02	-3.846989e-01	-3.847582e-01	-3.694852e-01	1.002930e-02	1.002930e-02	-4.174008e-02	3.168725e+00
8.403361e-02	-3.847570e-01	-3.848163e-01	-3.695648e-01	9.967959e-03	9.967959e-03	-4.171387e-02	3.163349e+00
8.368201e-02	-3.848146e-01	-3.848739e-01	-3.696439e-01	9.907033e-03	9.907033e-03	-4.168746e-02	3.158022e+00
8.333333e-02	-3.848718e-01	-3.849310e-01	-3.697224e-01	9.846519e-03	9.846519e-03	-4.166085e-02	3.152743e+00
8.298755e-02	-3.849284e-01	-3.849877e-01	-3.698004e-01	9.786414e-03	9.786414e-03	-4.163405e-02	3.147510e+00
8.264463e-02	-3.849846e-01	-3.850438e-01	-3.698778e-01	9.726716e-03	9.726716e-03	-4.160707e-02	3.142325e+00
8.230453e-02	-3.850403e-01	-3.850995e-01	-3.699547e-01	9.667421e-03	9.667421e-03	-4.157991e-02	3.137186e+00
8.196721e-02	-3.850955e-01	-3.851547e-01	-3.700311e-01	9.608525e-03	9.608525e-03	-4.155257e-02	3.132093e+00
8.163265e-02	-3.851503e-01	-3.852095e-01	-3.701069e-01	9.550027e-03	9.550027e-03	-4.152506e-02	3.127045e+00
8.130081e-02	-3.852046e-01	-3.852638e-01	-3.701823e-01	9.491923e-03	9.491923e-03	-4.149737e-02	3.122042e+00
8.097166e-02	-3.852584e-01	-3.853177e-01	-3.702571e-01	9.434209e-03	9.434209e-03	-4.146953e-02	3.117084e+00
8.064516e-02	-3.853119e-01	-3.853711e-01	-3.703315e-01	9.376884e-03	9.376884e-03	-4.144152e-02	3.112170e+00
8.032129e-02	-3.853648e-01	-3.854240e-01	-3.704053e-01	9.319943e-03	9.319943e-03	-4.141336e-02	3.107300e+00
8.000000e-02	-3.854174e-01	-3.854766e-01	-3.704787e-01	9.263385e-03	9.263385e-03	-4.138504e-02	3.102473e+00
7.968127e-02	-3.854695e-01	-3.855287e-01	-3.705516e-01	9.207206e-03	9.207206e-03	-4.135658e-02	3.097689e+00
7.936508e-02	-3.855212e-01	-3.855804e-01	-3.706240e-01	9.151403e-03	9.151403e-03	-4.132796e-02	3.092948e+00
7.905138e-02	-3.855724e-01	-3.856316e-01	-3.706959e-01	9.095973e-03	9.095973e-03	-4.129921e-02	3.088249e+00
7.874016e-02	-3.856233e-01	-3.856825e-01	-3.707673e-01	9.040914e-03	9.040914e-03	-4.127032e-02	3.083591e+00
7.843137e-02	-3.856737e-01	-3.857329e-01	-3.708383e-01	8.986223e-03	8.986223e-03	-4.124129e-02	3.078974e+00
7.812500e-02	-3.857238e-01	-3.857829e-01	-3.709089e-01	8.931896e-03	8.931896e-03	-4.121213e-02	3.074399e+00
7.782101e-02	-3.857734e-01	-3.858326e-01	-3.709790e-01	8.877932e-03	8.877932e-03	-4.118285e-02	3.069863e+00
7.751938e-02	-3.858227e-01	-3.858818e-01	-3.710486e-01	8.824328e-03	8.824328e-03	-4.115343e-02	3.065368e+00
7.722008e-02	-3.858715e-01	-3.859307e-01	-3.711178e-01	8.771080e-03	8.771080e-03	-4.112390e-02	3.060913e+00
7.692308e-02	-3.859200e-01	-3.859791e-01	-3.711866e-01	8.718186e-03	8.718186e-03	-4.109425e-02	3.056496e+00
7.662835e-02	-3.859681e-01	-3.860272e-01	-3.712549e-01	8.665643e-03	8.665643e-03	-4.106448e-02	3.052119e+00
7.633588e-02	-3.860158e-01	-3.860749e-01	-3.713228e-01	8.613449e-03	8.613449e-03	-4.103460e-02	3.047780e+00
7.604563e-02	-3.860631e-01	-3.861222e-01	-3.713902e-01	8.561601e-03	8.561601e-03	-4.100461e-02	3.043479e+00
7.575758e-02	-3.861101e-01	-3.861692e-01	-3.714573e-01	8.510096e-03	8.510096e-03	-4.097451e-02	3.039215e+00
7.547170e-02	-3.861567e-01	-3.862158e-01	-3.715239e-01	8.458933e-03	8.458933e-03	-4.094431e-02	3.034989e+00
7.518797e-02	-3.862030e-01	-3.862621e-01	-3.715901e-01	8.408107e-03	8.408107e-03	-4.091401e-02	3.030800e+00
7.490637e-02	-3.862489e-01	-3.863079e-01	-3.716560e-01	8.357617e-03	8.357617e-03	-4.088361e-02	3.026648e+00
7.462687e-02	-3.862944e-01	-3.863535e-01	-3.717214e-01	8.307461e-03	8.307461e-03	-4.085311e-02	3.022531e+00
7.434944e-02	-3.863396e-01	-3.863987e-01	-3.717864e-01	8.257635e-03	8.257635e-03	-4.082252e-02	3.018451e+00
7.407407e-02	-3.863845e-01	-3.864435e-01	-3.718510e-01	8.208137e-03	8.208137e-03	-4.079184e-02	3.014405e+00
7.380074e-02	-3.864290e-01	-3.864880e-01	-3.719152e-01	8.158965e-03	8.158965e-03	-4.076108e-02	3.010395e+00
7.352941e-02	-3.864731e-01	-3.865322e-01	-3.719790e-01	8.110116e-03	8.110116e-03	-4.073023e-02	3.006420e+00
7.326007e-02	-3.865170e-01	-3.865760e-01	-3.720425e-01	8.061588e-03	8.061588e-03	-4.069929e-02	3.002479e+00
7.299270e-02	-3.865605e-01	-3.866195e-01	-3.721056e-01	8.013378e-03	8.013378e-03	-4.066828e-02	2.998572e+00
7.272727e-02	-3.866037e-01	-3.866627e-01	-3.721683e-01	7.965485e-03	7.965485e-03	-4.063719e-02	2.994698e+00
7.246377e-02	-3.866465e-01	-3.867056e-01	-3.722306e-01	7.917905e-03	7.917905e-03	-4.060602e-02	2.990858e+00
7.220217e-02	-3.866891e-01	-3.867481e-01	-3.722925e-01	7.870636e-03	7.870636e-03	-4.057478e-02	2.987051e+00
7.194245e-02	-3.867313e-01	-3.867903e-01	-3.723541e-01	7.823677e-03	7.823677e-03	-4.054347e-02	2.983276e+00
7.168459e-02	-3.867733e-01	-3.868323e-01	-3.724154e-01	7.777024e-03	7.777024e-03	-4.051209e-02	2.979533e+00
7.142857e-02	-3.868149e-01	-3.868739e-01	-3.724762e-01	7.730675e-03	7.730675e-03	-4.048065e-02	2.975823e+00
7.117438e-02	-3.868562e-01	-3.869152e-01	-3.725367e-01	7.684629e-03	7.684629e-03	-4.044914e-02	2.972144e+00
7.092199e-02	-3.868972e-01	-3.869562e-01	-3.725969e-01	7.638882e-03	7.638882e-03	-4.041757e-02	2.968496e+00
7.067138e-02	-3.869379e-01	-3.869969e-01	-3.726567e-01	7.593434e-03	7.593434e-03	-4.038594e-02	2.964879e+00
7.042254e-02	-3.869783e-01	-3.870373e-01	-3.727162e-01	7.548280e-03	7.548280e-03	-4.035425e-02	2.961293e+00
7.017544e-02	-3.870185e-01	-3.870774e-01	-3.727753e-01	7.503420e-03	7.503420e-03	-4.032251e-02	2.957737e+00
6.993007e-02	-3.870583e-01	-3.871173e-01	-3.728341e-01	7.458851e-03	7.458851e-03	-4.029071e-02	2.954211e+00
6.968641e-02	-3.870978e-01	-3.871568e-01	-3.728926e-01	7.414571e-03	7.414571e-03	-4.025886e-02	2.950715e+00
6.944444e-02	-3.871371e-01	-3.871961e-01	-3.729507e-01	7.370577e-03	7.370577e-03	-4.022696e-02	2.947247e+00
6.920415e-02	-3.871761e-01	-3.872351e-01	-3.730085e-01	7.326869e-03	7.326869e-03	-4.019502e-02	2.943809e+00
6.896552e-02	-3.872148e-01	-3.872738e-01	-3.730660e-01	7.283443e-03	7.283443e-03	-4.016302e-02	2.940400e+00
6.872852e-02	-3.872533e-01	-3.873122e-01	-3.731231e-01	7.240297e-03	7.240297e-03	-4.013098e-02	2.937018e+00
6.849315e-02	-3.872914e-01	-3.873504e-01	-3.731800e-01	7.197430e-03	7.197430e-03	-4.009890e-02	2.933665e+00
6.825939e-02	-3.873294e-01	-3.873883e-01	-3.732365e-01	7.154839e-03	7.154839e-03	-4.006678e-02	2.930340e+00
6.802721e-02	-3.873670e-01	-3.874259e-01	-3.732927e-01	7.112522e-03	7.112522e-03	-4.003462e-02	2.927042e+00
6.779661e-02	-3.874044e-01	-3.874633e-01	-3.733486e-01	7.070478e-03	7.070478e-03	-4.000242e-02	2.923771e+00
6.756757e-02	-3.874415e-01	-3.875004e-01	-3.734042e-01	7.028704e-03	7.028704e-03	-3.997019e-02	2.920527e+00
6.734007e-02	-3.874783e-01	-3.875372e-01	-3.734595e-01	6.987199e-03	6.987199e-03	-3.993792e-02	2.917309e+00
6.711409e-02	-3.875150e-01	-3.875738e-01	-3.735144e-01	6.945960e-03	6.945960e-03	-3.990562e-02	2.914118e+00
6.688963e-02	-3.875513e-01	-3.876102e-01	-3.735691e-01	6.904985e-03	6.904985e-03	-3.987329e-02	2.910953e+00
6.666667e-02	-3.875874e-01	-3.876463e-01	-3.736235e-01	6.864273e-03	6.864273e-03	-3.984093e-02	2.907814e+00
6.644518e-02	-3.876233e-01	-3.876822e-01	-3.736776e-01	6.823821e-03	6.823821e-03	-3.980854e-02	2.904699e+00
6.622517e-02	-3.876589e-01	-3.877178e-01	-3.737314e-01	6.783628e-03	6.783628e-03	-3.977612e-02	2.901611e+00
6.600660e-02	-3.876943e-01	-3.877531e-01	-3.737849e-01	6.743692e-03	6.743692e-03	-3.974368e-02	2.898546e+00
6.578947e-02	-3.877294e-01	-3.877883e-01	-3.738381e-01	6.704011e-03	6.704011e-03	-3.971122e-02	2.895507e+00
6.557377e-02	-3.877643e-01	-3.878232e-01	-3.738911e-01	6.664583e-03	6.664583e-03	-3.967873e-02	2.892492e+00
6.535948e-02	-3.877990e-01	-3.878578e-01	-3.739437e-01	6.625406e-03	6.625406e-03	-3.964622e-02	2.889500e+00
6.514658e-02	-3.878334e-01	-3.878922e-01	-3.739961e-01	6.586479e-03	6.586479e-03	-3.961370e-02	2.886533e+00
6.493506e-02	-3.878676e-01	-3.879264e-01	-3.740482e-01	6.547799e-03	6.547799e-03	-3.958115e-02	2.883589e+00
6.472492e-02	-3.879016e-01	-3.879604e-01	-3.741000e-01	6.509365e-03	6.509365e-03	-3.954859e-02	2.880668e+00
6.451613e-02	-3.879353e-01	-3.879941e-01	-3.741516e-01	6.471175e-03	6.471175e-03	-3.951601e-02	2.877771e+00
6.430868e-02	-3.879688e-01	-3.880277e-01	-3.742029e-01	6.433228e-03	6.433228e-03	-3.948342e-02	2.874896e+00
6.410256e-02	-3.880021e-01	-3.880610e-01	-3.742539e-01	6.395521e-03	6.395521e-03	-3.945082e-02	2.872043e+00
6.389776e-02	-3.880352e-01	-3.880940e-01	-3.743047e-01	6.358053e-03	6.358053e-03	-3.941820e-02	2.869213e+00
6.369427e-02	-3.880681e-01	-3.881269e-01	-3.743552e-01	6.320822e-03	6.320822e-03	-3.938558e-02	2.866405e+00
6.349206e-02	-3.881008e-01	-3.881596e-01	-3.744054e-01	6.283826e-03	6.283826e-03	-3.935294e-02	2.863618e+00
6.329114e-02	-3.881332e-01	-3.881920e-01	-3.744554e-01	6.247065e-03	6.247065e-03	-3.932030e-02	2.860853e+00
6.309148e-02	-3.881654e-01	-3.882242e-01	-3.745051e-01	6.210535e-03	6.210535e-03	-3.928765e-02	2.858109e+00
6.289308e-02	-3.881975e-01	-3.882562e-01	-3.745546e-01	6.174236e-03	6.174236e-03	-3.925499e-02	2.855386e+00
6.269592e-02	-3.882293e-01	-3.882881e-01	-3.746038e-01	6.138165e-03	6.138165e-03	-3.922233e-02	2.852684e+00
6.250000e-02	-3.882609e-01	-3.883197e-01	-3.746528e-01	6.102322e-03	6.102322e-03	-3.918966e-02	2.850002e+00
6.230530e-02	-3.882923e-01	-3.883511e-01	-3.747015e-01	6.066704e-03	6.066704e-03	-3.915699e-02	2.847341e+00
6.211180e-02	-3.883235e-01	-3.883823e-01	-3.747500e-01	6.031310e-03	6.031310e-03	-3.912432e-02	2.844700e+00
6.191950e-02	-3.883545e-01	-3.884133e-01	-3.747982e-01	5.996139e-03	5.996139e-03	-3.909165e-02	2.842078e+00
6.172840e-02	-3.883853e-01	-3.884441e-01	-3.748462e-01	5.961188e-03	5.961188e-03	-3.905898e-02	2.839477e+00
6.153846e-02	-3.884159e-01	-3.884747e-01	-3.748939e-01	5.926456e-03	5.926456e-03	-3.902631e-02	2.836894e+00
6.134969e-02	-3.884464e-01	-3.885051e-01	-3.749414e-01	5.891942e-03	5.891942e-03	-3.899365e-02	2.834331e+00
6.116208e-02	-3.884766e-01	-3.885354e-01	-3.749887e-01	5.857644e-03	5.857644e-03	-3.896099e-02	2.831787e+00
6.097561e-02	-3.885066e-01	-3.885654e-01	-3.750358e-01	5.823561e-03	5.823561e-03	-3.892833e-02	2.829261e+00
6.079027e-02	-3.885365e-01	-3.885952e-01	-3.750826e-01	5.789691e-03	5.789691e-03	-3.889567e-02	2.826754e+00
6.060606e-02	-3.885662e-01	-3.886249e-01	-3.751292e-01	5.756032e-03	5.756032e-03	-3.886303e-02	2.824265e+00
6.042296e-02	-3.885957e-01	-3.886544e-01	-3.751755e-01	5.722584e-03	5.722584e-03	-3.883038e-02	2.821794e+00
6.024096e-02	-3.886250e-01	-3.886837e-01	-3.752217e-01	5.689344e-03	5.689344e-03	-3.879775e-02	2.819342e+00
6.006006e-02	-3.886541e-01	-3.887128e-01	-3.752676e-01	5.656311e-03	5.656311e-03	-3.876513e-02	2.816906e+00
5.988024e-02	-3.886830e-01	-3.887417e-01	-3.753133e-01	5.623484e-03	5.623484e-03	-3.873251e-02	2.814489e+00
5.970149e-02	-3.887118e-01	-3.887705e-01	-3.753587e-01	5.590861e-03	5.590861e-03	-3.869991e-02	2.812088e+00
5.952381e-02	-3.887404e-01	-3.887991e-01	-3.754040e-01	5.558441e-03	5.558441e-03	-3.866732e-02	2.809705e+00
5.934718e-02	-3.887688e-01	-3.888275e-01	-3.754490e-01	5.526222e-03	5.526222e-03	-3.863473e-02	2.807338e+00
5.917160e-02	-3.887970e-01	-3.888557e-01	-3.754938e-01	5.494203e-03	5.494203e-03	-3.860217e-02	2.804989e+00
5.899705e-02	-3.888251e-01	-3.888838e-01	-3.755384e-01	5.462383e-03	5.462383e-03	-3.856961e-02	2.802655e+00
5.882353e-02	-3.888530e-01	-3.889117e-01	-3.755828e-01	5.430761e-03	5.430761e-03	-3.853707e-02	2.800338e+00
5.865103e-02	-3.888807e-01	-3.889394e-01	-3.756270e-01	5.399334e-03	5.399334e-03	-3.850454e-02	2.798037e+00
5.847953e-02	-3.889083e-01	-3.889670e-01	-3.756709e-01	5.368101e-03	5.368101e-03	-3.847203e-02	2.795752e+00
5.830904e-02	-3.889357e-01	-3.889944e-01	-3.757147e-01	5.337062e-03	5.337062e-03	-3.843954e-02	2.793483e+00
5.813953e-02	-3.889629e-01	-3.890216e-01	-3.757582e-01	5.306214e-03	5.306214e-03	-3.840706e-02	2.791229e+00
5.797101e-02	-3.889900e-01	-3.890487e-01	-3.758016e-01	5.275557e-03	5.275557e-03	-3.837460e-02	2.788991e+00
5.780347e-02	-3.890169e-01	-3.890756e-01	-3.758447e-01	5.245090e-03	5.245090e-03	-3.834216e-02	2.786768e+00
5.763689e-02	-3.890437e-01	-3.891023e-01	-3.758877e-01	5.214810e-03	5.214810e-03	-3.830974e-02	2.784559e+00
5.747126e-02	-3.890702e-01	-3.891289e-01	-3.759304e-01	5.184716e-03	5.184716e-03	-3.827734e-02	2.782366e+00
5.730659e-02	-3.890967e-01	-3.891553e-01	-3.759730e-01	5.154808e-03	5.154808e-03	-3.824496e-02	2.780187e+00
5.714286e-02	-3.891230e-01	-3.891816e-01	-3.760153e-01	5.125084e-03	5.125084e-03	-3.821260e-02	2.778023e+00
5.698006e-02	-3.891491e-01	-3.892077e-01	-3.760575e-01	5.095543e-03	5.095543e-03	-3.818026e-02	2.775873e+00
5.681818e-02	-3.891751e-01	-3.892337e-01	-3.760995e-01	5.066183e-03	5.066183e-03	-3.814794e-02	2.773737e+00
5.665722e-02	-3.892009e-01	-3.892595e-01	-3.761412e-01	5.037004e-03	5.037004e-03	-3.811565e-02	2.771616e+00
5.649718e-02	-3.892266e-01	-3.892852e-01	-3.761828e-01	5.008003e-03	5.008003e-03	-3.808338e-02	2.769508e+00
5.633803e-02	-3.892521e-01	-3.893107e-01	-3.762242e-01	4.979181e-03	4.979181e-03	-3.805113e-02	2.767413e+00
5.617978e-02	-3.892774e-01	-3.893361e-01	-3.762654e-01	4.950534e-03	4.950534e-03	-3.801891e-02	2.765332e+00
5.602241e-02	-3.893027e-01	-3.893613e-01	-3.763064e-01	4.922064e-03	4.922064e-03	-3.798671e-02	2.763265e+00
5.586592e-02	-3.893278e-01	-3.893864e-01	-3.763473e-01	4.893767e-03	4.893767e-03	-3.795454e-02	2.761211e+00
5.571031e-02	-3.893527e-01	-3.894113e-01	-3.763879e-01	4.865644e-03	4.865644e-03	-3.792239e-02	2.759169e+00
5.555556e-02	-3.893775e-01	-3.894361e-01	-3.764284e-01	4.837692e-03	4.837692e-03	-3.789027e-02	2.757141e+00
5.540166e-02	-3.894021e-01	-3.894608e-01	-3.764687e-01	4.809911e-03	4.809911e-03	-3.785818e-02	2.755125e+00
5.524862e-02	-3.894267e-01	-3.894853e-01	-3.765088e-01	4.782300e-03	4.782300e-03	-3.782612e-02	2.753122e+00
5.509642e-02	-3.894510e-01	-3.895096e-01	-3.765487e-01	4.754857e-03	4.754857e-03	-3.779408e-02	2.751131e+00
5.494505e-02	-3.894753e-01	-3.895339e-01	-3.765884e-01	4.727581e-03	4.727581e-03	-3.776207e-02	2.749153e+00
5.479452e-02	-3.894994e-01	-3.895580e-01	-3.766280e-01	4.700471e-03	4.700471e-03	-3.773010e-02	2.747187e+00
5.464481e-02	-3.895233e-01	-3.895819e-01	-3.766674e-01	4.673526e-03	4.673526e-03	-3.769815e-02	2.745232e+00
5.449591e-02	-3.895472e-01	-3.896058e-01	-3.767066e-01	4.646745e-03	4.646745e-03	-3.766623e-02	2.743290e+00
5.434783e-02	-3.895709e-01	-3.896295e-01	-3.767457e-01	4.620127e-03	4.620127e-03	-3.763434e-02	2.741359e+00
5.420054e-02	-3.895944e-01	-3.896530e-01	-3.767846e-01	4.593671e-03	4.593671e-03	-3.760248e-02	2.739440e+00
5.405405e-02	-3.896179e-01	-3.896764e-01	-3.768233e-01	4.567375e-03	4.567375e-03	-3.757065e-02	2.737532e+00
5.390836e-02	-3.896412e-01	-3.896997e-01	-3.768618e-01	4.541238e-03	4.541238e-03	-3.753886e-02	2.735635e+00
5.376344e-02	-3.896643e-01	-3.897229e-01	-3.769002e-01	4.515260e-03	4.515260e-03	-3.750710e-02	2.733750e+00
5.361930e-02	-3.896874e-01	-3.897460e-01	-3.769384e-01	4.489440e-03	4.489440e-03	-3.747537e-02	2.731876e+00
5.347594e-02	-3.897103e-01	-3.897689e-01	-3.769765e-01	4.463775e-03	4.463775e-03	-3.744367e-02	2.730012e+00
5.333333e-02	-3.897331e-01	-3.897917e-01	-3.770143e-01	4.438266e-03	4.438266e-03	-3.741200e-02	2.728160e+00
5.319149e-02	-3.897558e-01	-3.898143e-01	-3.770520e-01	4.412912e-03	4.412912e-03	-3.738037e-02	2.726318e+00
5.305040e-02	-3.897783e-01	-3.898369e-01	-3.770896e-01	4.387710e-03	4.387710e-03	-3.734878e-02	2.724486e+00
5.291005e-02	-3.898007e-01	-3.898593e-01	-3.771270e-01	4.362661e-03	4.362661e-03	-3.731721e-02	2.722665e+00
5.277045e-02	-3.898230e-01	-3.898816e-01	-3.771642e-01	4.337763e-03	4.337763e-03	-3.728569e-02	2.720854e+00
5.263158e-02	-3.898452e-01	-3.899037e-01	-3.772013e-01	4.313015e-03	4.313015e-03	-3.725419e-02	2.719053e+00
5.249344e-02	-3.898672e-01	-3.899258e-01	-3.772382e-01	4.288416e-03	4.288416e-03	-3.722274e-02	2.717262e+00
5.235602e-02	-3.898892e-01	-3.899477e-01	-3.772750e-01	4.263965e-03	4.263965e-03	-3.719131e-02	2.715482e+00
5.221932e-02	-3.899110e-01	-3.899695e-01	-3.773116e-01	4.239662e-03	4.239662e-03	-3.715993e-02	2.713710e+00
5.208333e-02	-3.899327e-01	-3.899912e-01	-3.773481e-01	4.215504e-03	4.215504e-03	-3.712858e-02	2.711949e+00
5.194805e-02	-3.899543e-01	-3.900128e-01	-3.773844e-01	4.191493e-03	4.191493e-03	-3.709727e-02	2.710197e+00
5.181347e-02	-3.899758e-01	-3.900343e-01	-3.774205e-01	4.167625e-03	4.167625e-03	-3.706599e-02	2.708455e+00
5.167959e-02	-3.899971e-01	-3.900556e-01	-3.774565e-01	4.143901e-03	4.143901e-03	-3.703475e-02	2.706722e+00
5.154639e-02	-3.900184e-01	-3.900769e-01	-3.774924e-01	4.120319e-03	4.120319e-03	-3.700355e-02	2.704998e+00
5.141388e-02	-3.900395e-01	-3.900980e-01	-3.775281e-01	4.096878e-03	4.096878e-03	-3.697239e-02	2.703283e+00
5.128205e-02	-3.900605e-01	-3.901190e-01	-3.775636e-01	4.073579e-03	4.073579e-03	-3.694126e-02	2.701577e+00
5.115090e-02	-3.900814e-01	-3.901399e-01	-3.775990e-01	4.050418e-03	4.050418e-03	-3.691018e-02	2.699880e+00
5.102041e-02	-3.901022e-01	-3.901607e-01	-3.776343e-01	4.027397e-03	4.027397e-03	-3.687913e-02	2.698192e+00
5.089059e-02	-3.901229e-01	-3.901814e-01	-3.776694e-01	4.004513e-03	4.004513e-03	-3.684812e-02	2.696512e+00
5.076142e-02	-3.901435e-01	-3.902020e-01	-3.777043e-01	3.981766e-03	3.981766e-03	-3.681715e-02	2.694842e+00
5.063291e-02	-3.901639e-01	-3.902224e-01	-3.777392e-01	3.959155e-03	3.959155e-03	-3.678622e-02	2.693179e+00
5.050505e-02	-3.901843e-01	-3.902428e-01	-3.777739e-01	3.936680e-03	3.936680e-03	-3.675533e-02	2.691525e+00
5.037783e-02	-3.902046e-01	-3.902630e-01	-3.778084e-01	3.914338e-03	3.914338e-03	-3.672447e-02	2.689879e+00
5.025126e-02	-3.902247e-01	-3.902832e-01	-3.778428e-01	3.892130e-03	3.892130e-03	-3.669366e-02	2.688242e+00
5.012531e-02	-3.902448e-01	-3.903032e-01	-3.778771e-01	3.870054e-03	3.870054e-03	-3.666289e-02	2.686612e+00
5.000000e-02	-3.902647e-01	-3.903232e-01	-3.779112e-01	3.848110e-03	3.848110e-03	-3.663216e-02	2.684990e+00
4.987531e-02	-3.902845e-01	-3.903430e-01	-3.779452e-01	3.826296e-03	3.826296e-03	-3.660147e-02	2.683377e+00
4.975124e-02	-3.903043e-01	-3.903628e-01	-3.779790e-01	3.804613e-03	3.804613e-03	-3.657082e-02	2.681771e+00
4.962779e-02	-3.903239e-01	-3.903824e-01	-3.780127e-01	3.783058e-03	3.783058e-03	-3.654022e-02	2.680172e+00
4.950495e-02	-3.903435e-01	-3.904019e-01	-3.780463e-01	3.761632e-03	3.761632e-03	-3.650965e-02	2.678582e+00
4.938272e-02	-3.903629e-01	-3.904214e-01	-3.780797e-01	3.740333e-03	3.740333e-03	-3.647913e-02	2.676999e+00
4.926108e-02	-3.903822e-01	-3.904407e-01	-3.781131e-01	3.719161e-03	3.719161e-03	-3.644864e-02	2.675423e+00
4.914005e-02	-3.904015e-01	-3.904599e-01	-3.781462e-01	3.698114e-03	3.698114e-03	-3.641820e-02	2.673854e+00
4.901961e-02	-3.904206e-01	-3.904791e-01	-3.781793e-01	3.677193e-03	3.677193e-03	-3.638780e-02	2.672293e+00
4.889976e-02	-3.904397e-01	-3.904981e-01	-3.782122e-01	3.656395e-03	3.656395e-03	-3.635745e-02	2.670739e+00
4.878049e-02	-3.904586e-01	-3.905171e-01	-3.782450e-01	3.635721e-03	3.635721e-03	-3.632713e-02	2.669192e+00
4.866180e-02	-3.904775e-01	-3.905359e-01	-3.782776e-01	3.615169e-03	3.615169e-03	-3.629686e-02	2.667652e+00
4.854369e-02	-3.904962e-01	-3.905547e-01	-3.783102e-01	3.594739e-03	3.594739e-03	-3.626663e-02	2.666119e+00
4.842615e-02	-3.905149e-01	-3.905733e-01	-3.783425e-01	3.574430e-03	3.574430e-03	-3.623645e-02	2.664593e+00
4.830918e-02	-3.905335e-01	-3.905919e-01	-3.783748e-01	3.554241e-03	3.554241e-03	-3.620631e-02	2.663074e+00
4.819277e-02	-3.905519e-01	-3.906104e-01	-3.784070e-01	3.534172e-03	3.534172e-03	-3.617621e-02	2.661561e+00
4.807692e-02	-3.905703e-01	-3.906288e-01	-3.784390e-01	3.514221e-03	3.514221e-03	-3.614615e-02	2.660055e+00
4.796163e-02	-3.905886e-01	-3.906471e-01	-3.784709e-01	3.494388e-03	3.494388e-03	-3.611614e-02	2.658555e+00
4.784689e-02	-3.906068e-01	-3.906653e-01	-3.785027e-01	3.474672e-03	3.474672e-03	-3.608617e-02	2.657062e+00
4.773270e-02	-3.906250e-01	-3.906834e-01	-3.785343e-01	3.455073e-03	3.455073e-03	-3.605625e-02	2.655575e+00
4.761905e-02	-3.906430e-01	-3.907014e-01	-3.785658e-01	3.435589e-03	3.435589e-03	-3.602637e-02	2.654094e+00
4.750594e-02	-3.906609e-01	-3.907193e-01	-3.785972e-01	3.416220e-03	3.416220e-03	-3.599653e-02	2.652620e+00
4.739336e-02	-3.906788e-01	-3.907372e-01	-3.786285e-01	3.396965e-03	3.396965e-03	-3.596674e-02	2.651151e+00
4.728132e-02	-3.906965e-01	-3.907549e-01	-3.786597e-01	3.377823e-03	3.377823e-03	-3.593699e-02	2.649689e+00
4.716981e-02	-3.907142e-01	-3.907726e-01	-3.786907e-01	3.358794e-03	3.358794e-03	-3.590729e-02	2.648233e+00
4.705882e-02	-3.907318e-01	-3.907902e-01	-3.787216e-01	3.339877e-03	3.339877e-03	-3.587763e-02	2.646782e+00
4.694836e-02	-3.907493e-01	-3.908077e-01	-3.787525e-01	3.321071e-03	3.321071e-03	-3.584801e-02	2.645338e+00
4.683841e-02	-3.907667e-01	-3.908251e-01	-3.787831e-01	3.302376e-03	3.302376e-03	-3.581845e-02	2.643899e+00
4.672897e-02	-3.907841e-01	-3.908425e-01	-3.788137e-01	3.283791e-03	3.283791e-03	-3.578892e-02	2.642466e+00
4.662005e-02	-3.908013e-01	-3.908597e-01	-3.788442e-01	3.265315e-03	3.265315e-03	-3.575944e-02	2.641038e+00
4.651163e-02	-3.908185e-01	-3.908769e-01	-3.788745e-01	3.246947e-03	3.246947e-03	-3.573001e-02	2.639616e+00
4.640371e-02	-3.908356e-01	-3.908939e-01	-3.789048e-01	3.228687e-03	3.228687e-03	-3.570062e-02	2.638200e+00
4.629630e-02	-3.908526e-01	-3.909109e-01	-3.789349e-01	3.210534e-03	3.210534e-03	-3.567127e-02	2.636789e+00
4.618938e-02	-3.908695e-01	-3.909279e-01	-3.789649e-01	3.192487e-03	3.192487e-03	-3.564198e-02	2.635384e+00
4.608295e-02	-3.908863e-01	-3.909447e-01	-3.789948e-01	3.174546e-03	3.174546e-03	-3.561272e-02	2.633983e+00
4.597701e-02	-3.909031e-01	-3.909615e-01	-3.790245e-01	3.156710e-03	3.156710e-03	-3.558351e-02	2.632588e+00
4.587156e-02	-3.909198e-01	-3.909781e-01	-3.790542e-01	3.138979e-03	3.138979e-03	-3.555435e-02	2.631199e+00
4.576659e-02	-3.909364e-01	-3.909947e-01	-3.790838e-01	3.121351e-03	3.121351e-03	-3.552524e-02	2.629814e+00
4.566210e-02	-3.909529e-01	-3.910113e-01	-3.791132e-01	3.103826e-03	3.103826e-03	-3.549616e-02	2.628434e+00
4.555809e-02	-3.909693e-01	-3.910277e-01	-3.791425e-01	3.086404e-03	3.086404e-03	-3.546714e-02	2.627060e+00
4.545455e-02	-3.909857e-01	-3.910441e-01	-3.791718e-01	3.069083e-03	3.069083e-03	-3.543816e-02	2.625690e+00
4.535147e-02	-3.910020e-01	-3.910604e-01	-3.792009e-01	3.051864e-03	3.051864e-03	-3.540923e-02	2.624325e+00
4.524887e-02	-3.910182e-01	-3.910766e-01	-3.792299e-01	3.034745e-03	3.034745e-03	-3.538034e-02	2.622965e+00
4.514673e-02	-3.910344e-01	-3.910927e-01	-3.792588e-01	3.017725e-03	3.017725e-03	-3.535150e-02	2.621610e+00
4.504505e-02	-3.910504e-01	-3.911088e-01	-3.792876e-01	3.000805e-03	3.000805e-03	-3.532270e-02	2.620260e+00
4.494382e-02	-3.910664e-01	-3.911248e-01	-3.793163e-01	2.983984e-03	2.983984e-03	-3.529395e-02	2.618914e+00
4.484305e-02	-3.910823e-01	-3.911407e-01	-3.793449e-01	2.967260e-03	2.967260e-03	-3.526525e-02	2.617573e+00
4.474273e-02	-3.910982e-01	-3.911565e-01	-3.793734e-01	2.950634e-03	2.950634e-03	-3.523660e-02	2.616236e+00
4.464286e-02	-3.911139e-01	-3.911723e-01	-3.794018e-01	2.934105e-03	2.934105e-03	-3.520798e-02	2.614904e+00
4.454343e-02	-3.911296e-01	-3.911880e-01	-3.794301e-01	2.917672e-03	2.917672e-03	-3.517942e-02	2.613576e+00
4.444444e-02	-3.911452e-01	-3.912036e-01	-3.794582e-01	2.901334e-03	2.901334e-03	-3.515090e-02	2.612253e+00
4.434590e-02	-3.911608e-01	-3.912191e-01	-3.794863e-01	2.885091e-03	2.885091e-03	-3.512243e-02	2.610934e+00
4.424779e-02	-3.911763e-01	-3.912346e-01	-3.795143e-01	2.868942e-03	2.868942e-03	-3.509401e-02	2.609620e+00
4.415011e-02	-3.911917e-01	-3.912500e-01	-3.795422e-01	2.852888e-03	2.852888e-03	-3.506563e-02	2.608309e+00
4.405286e-02	-3.912070e-01	-3.912653e-01	-3.795699e-01	2.836926e-03	2.836926e-03	-3.503730e-02	2.607003e+00
4.395604e-02	-3.912223e-01	-3.912806e-01	-3.795976e-01	2.821057e-03	2.821057e-03	-3.500901e-02	2.605701e+00
4.385965e-02	-3.912375e-01	-3.912958e-01	-3.796252e-01	2.805279e-03	2.805279e-03	-3.498077e-02	2.604403e+00
4.376368e-02	-3.912526e-01	-3.913109e-01	-3.796527e-01	2.789594e-03	2.789594e-03	-3.495258e-02	2.603109e+00
4.366812e-02	-3.912677e-01	-3.913260e-01	-3.796800e-01	2.773999e-03	2.773999e-03	-3.492444e-02	2.601819e+00
4.357298e-02	-3.912827e-01	-3.913410e-01	-3.797073e-01	2.758494e-03	2.758494e-03	-3.489634e-02	2.600534e+00
4.347826e-02	-3.912976e-01	-3.913559e-01	-3.797345e-01	2.743079e-03	2.743079e-03	-3.486828e-02	2.599252e+00
4.338395e-02	-3.913124e-01	-3.913707e-01	-3.797616e-01	2.727753e-03	2.727753e-03	-3.484028e-02	2.597973e+00
4.329004e-02	-3.913272e-01	-3.913855e-01	-3.797886e-01	2.712516e-03	2.712516e-03	-3.481232e-02	2.596699e+00
4.319654e-02	-3.913419e-01	-3.914003e-01	-3.798155e-01	2.697367e-03	2.697367e-03	-3.478441e-02	2.595429e+00
4.310345e-02	-3.913566e-01	-3.914149e-01	-3.798423e-01	2.682305e-03	2.682305e-03	-3.475654e-02	2.594162e+00
4.301075e-02	-3.913712e-01	-3.914295e-01	-3.798690e-01	2.667330e-03	2.667330e-03	-3.472872e-02	2.592899e+00
4.291845e-02	-3.913857e-01	-3.914440e-01	-3.798956e-01	2.652442e-03	2.652442e-03	-3.470095e-02	2.591640e+00
4.282655e-02	-3.914002e-01	-3.914585e-01	-3.799221e-01	2.637639e-03	2.637639e-03	-3.467322e-02	2.590384e+00
4.273504e-02	-3.914146e-01	-3.914729e-01	-3.799486e-01	2.622922e-03	2.622922e-03	-3.464555e-02	2.589132e+00
4.264392e-02	-3.914289e-01	-3.914872e-01	-3.799749e-01	2.608289e-03	2.608289e-03	-3.461791e-02	2.587883e+00
4.255319e-02	-3.914432e-01	-3.915015e-01	-3.800012e-01	2.593741e-03	2.593741e-03	-3.459033e-02	2.586638e+00
4.246285e-02	-3.914574e-01	-3.915157e-01	-3.800273e-01	2.579276e-03	2.579276e-03	-3.456279e-02	2.585396e+00
4.237288e-02	-3.914715e-01	-3.915298e-01	-3.800534e-01	2.564895e-03	2.564895e-03	-3.453530e-02	2.584158e+00
4.228330e-02	-3.914856e-01	-3.915439e-01	-3.800793e-01	2.550596e-03	2.550596e-03	-3.450785e-02	2.582923e+00
4.219409e-02	-3.914996e-01	-3.915579e-01	-3.801052e-01	2.536380e-03	2.536380e-03	-3.448045e-02	2.581692e+00
4.210526e-02	-3.915136e-01	-3.915719e-01	-3.801310e-01	2.522245e-03	2.522245e-03	-3.445310e-02	2.580463e+00
4.201681e-02	-3.915275e-01	-3.915858e-01	-3.801567e-01	2.508191e-03	2.508191e-03	-3.442580e-02	2.579238e+00
4.192872e-02	-3.915413e-01	-3.915996e-01	-3.801824e-01	2.494218e-03	2.494218e-03	-3.439854e-02	2.578017e+00
4.184100e-02	-3.915551e-01	-3.916134e-01	-3.802079e-01	2.480325e-03	2.480325e-03	-3.437132e-02	2.576798e+00
4.175365e-02	-3.915688e-01	-3.916271e-01	-3.802333e-01	2.466512e-03	2.466512e-03	-3.434416e-02	2.575583e+00
4.166667e-02	-3.915825e-01	-3.916408e-01	-3.802587e-01	2.452778e-03	2.452778e-03	-3.431704e-02	2.574370e+00
4.158004e-02	-3.915961e-01	-3.916544e-01	-3.802840e-01	2.439123e-03	2.439123e-03	-3.428997e-02	2.573161e+00
4.149378e-02	-3.916096e-01	-3.916679e-01	-3.803091e-01	2.425545e-03	2.425545e-03	-3.426294e-02	2.571955e+00
4.140787e-02	-3.916231e-01	-3.916814e-01	-3.803342e-01	2.412046e-03	2.412046e-03	-3.423596e-02	2.570752e+00
4.132231e-02	-3.916365e-01	-3.916948e-01	-3.803593e-01	2.398624e-03	2.398624e-03	-3.420903e-02	2.569552e+00
4.123711e-02	-3.916499e-01	-3.917082e-01	-3.803842e-01	2.385278e-03	2.385278e-03	-3.418214e-02	2.568355e+00
4.115226e-02	-3.916632e-01	-3.917215e-01	-3.804090e-01	2.372009e-03	2.372009e-03	-3.415530e-02	2.567161e+00
4.106776e-02	-3.916765e-01	-3.917347e-01	-3.804338e-01	2.358815e-03	2.358815e-03	-3.412851e-02	2.565969e+00
4.098361e-02	-3.916897e-01	-3.917479e-01	-3.804585e-01	2.345697e-03	2.345697e-03	-3.410176e-02	2.564781e+00
4.089980e-02	-3.917028e-01	-3.917611e-01	-3.804831e-01	2.332654e-03	2.332654e-03	-3.407506e-02	2.563595e+00
4.081633e-02	-3.917159e-01	-3.917741e-01	-3.805076e-01	2.319685e-03	2.319685e-03	-3.404841e-02	2.562412e+00
4.073320e-02	-3.917289e-01	-3.917872e-01	-3.805320e-01	2.306790e-03	2.306790e-03	-3.402180e-02	2.561232e+00
4.065041e-02	-3.917419e-01	-3.918001e-01	-3.805564e-01	2.293968e-03	2.293968e-03	-3.399524e-02	2.560055e+00
4.056795e-02	-3.917548e-01	-3.918131e-01	-3.805806e-01	2.281220e-03	2.281220e-03	-3.396872e-02	2.558881e+00
4.048583e-02	-3.917677e-01	-3.918259e-01	-3.806048e-01	2.268544e-03	2.268544e-03	-3.394225e-02	2.557709e+00
4.040404e-02	-3.917805e-01	-3.918387e-01	-3.806289e-01	2.255940e-03	2.255940e-03	-3.391583e-02	2.556539e+00
4.032258e-02	-3.917932e-01	-3.918515e-01	-3.806530e-01	2.243408e-03	2.243408e-03	-3.388945e-02	2.555373e+00
4.024145e-02	-3.918060e-01	-3.918642e-01	-3.806769e-01	2.230947e-03	2.230947e-03	-3.386312e-02	2.554209e+00
4.016064e-02	-3.918186e-01	-3.918768e-01	-3.807008e-01	2.218557e-03	2.218557e-03	-3.383684e-02	2.553047e+00
4.008016e-02	-3.918312e-01	-3.918894e-01	-3.807246e-01	2.206237e-03	2.206237e-03	-3.381060e-02	2.551888e+00
4.000000e-02	-3.918437e-01	-3.919020e-01	-3.807483e-01	2.193988e-03	2.193988e-03	-3.378441e-02	2.550732e+00
3.992016e-02	-3.918562e-01	-3.919145e-01	-3.807719e-01	2.181807e-03	2.181807e-03	-3.375826e-02	2.549578e+00
3.984064e-02	-3.918687e-01	-3.919269e-01	-3.807955e-01	2.169696e-03	2.169696e-03	-3.373216e-02	2.548427e+00
3.976143e-02	-3.918811e-01	-3.919393e-01	-3.808190e-01	2.157653e-03	2.157653e-03	-3.370610e-02	2.547278e+00
3.968254e-02	-3.918934e-01	-3.919516e-01	-3.808424e-01	2.145679e-03	2.145679e-03	-3.368010e-02	2.546131e+00
3.960396e-02	-3.919057e-01	-3.919639e-01	-3.808657e-01	2.133772e-03	2.133772e-03	-3.365413e-02	2.544987e+00
3.952569e-02	-3.919179e-01	-3.919761e-01	-3.808889e-01	2.121933e-03	2.121933e-03	-3.362821e-02	2.543845e+00
3.944773e-02	-3.919301e-01	-3.919883e-01	-3.809121e-01	2.110161e-03	2.110161e-03	-3.360234e-02	2.542706e+00
3.937008e-02	-3.919423e-01	-3.920005e-01	-3.809352e-01	2.098455e-03	2.098455e-03	-3.357652e-02	2.541569e+00
3.929273e-02	-3.919543e-01	-3.920125e-01	-3.809583e-01	2.086816e-03	2.086816e-03	-3.355074e-02	2.540434e+00
3.921569e-02	-3.919664e-01	-3.920246e-01	-3.809812e-01	2.075242e-03	2.075242e-03	-3.352500e-02	2.539301e+00
3.913894e-02	-3.919784e-01	-3.920366e-01	-3.810041e-01	2.063734e-03	2.063734e-03	-3.349931e-02	2.538171e+00
3.906250e-02	-3.919903e-01	-3.920485e-01	-3.810269e-01	2.052290e-03	2.052290e-03	-3.347367e-02	2.537043e+00
3.898635e-02	-3.920022e-01	-3.920604e-01	-3.810496e-01	2.040911e-03	2.040911e-03	-3.344807e-02	2.535917e+00
3.891051e-02	-3.920140e-01	-3.920722e-01	-3.810723e-01	2.029596e-03	2.029596e-03	-3.342251e-02	2.534793e+00
3.883495e-02	-3.920258e-01	-3.920840e-01	-3.810949e-01	2.018345e-03	2.018345e-03	-3.339700e-02	2.533671e+00
3.875969e-02	-3.920376e-01	-3.920958e-01	-3.811174e-01	2.007157e-03	2.007157e-03	-3.337154e-02	2.532552e+00
3.868472e-02	-3.920493e-01	-3.921075e-01	-3.811398e-01	1.996032e-03	1.996032e-03	-3.334612e-02	2.531435e+00
3.861004e-02	-3.920609e-01	-3.921191e-01	-3.811622e-01	1.984970e-03	1.984970e-03	-3.332075e-02	2.530320e+00
3.853565e-02	-3.920725e-01	-3.921307e-01	-3.811845e-01	1.973970e-03	1.973970e-03	-3.329542e-02	2.529206e+00
3.846154e-02	-3.920841e-01	-3.921423e-01	-3.812067e-01	1.963032e-03	1.963032e-03	-3.327014e-02	2.528095e+00
3.838772e-02	-3.920956e-01	-3.921538e-01	-3.812289e-01	1.952155e-03	1.952155e-03	-3.324490e-02	2.526986e+00
3.831418e-02	-3.921071e-01	-3.921653e-01	-3.812510e-01	1.941339e-03	1.941339e-03	-3.321971e-02	2.525879e+00
3.824092e-02	-3.921185e-01	-3.921767e-01	-3.812730e-01	1.930584e-03	1.930584e-03	-3.319456e-02	2.524774e+00
3.816794e-02	-3.921299e-01	-3.921881e-01	-3.812950e-01	1.919889e-03	1.919889e-03	-3.316946e-02	2.523671e+00
3.809524e-02	-3.921412e-01	-3.921994e-01	-3.813169e-01	1.909254e-03	1.909254e-03	-3.314440e-02	2.522570e+00
3.802281e-02	-3.921525e-01	-3.922107e-01	-3.813387e-01	1.898679e-03	1.898679e-03	-3.311938e-02	2.521471e+00
3.795066e-02	-3.921637e-01	-3.922219e-01	-3.813604e-01	1.888163e-03	1.888163e-03	-3.309441e-02	2.520374e+00
3.787879e-02	-3.921749e-01	-3.922331e-01	-3.813821e-01	1.877706e-03	1.877706e-03	-3.306949e-02	2.519278e+00
3.780718e-02	-3.921861e-01	-3.922443e-01	-3.814037e-01	1.867307e-03	1.867307e-03	-3.304461e-02	2.518185e+00
3.773585e-02	-3.921972e-01	-3.922554e-01	-3.814252e-01	1.856966e-03	1.856966e-03	-3.301977e-02	2.517093e+00
3.766478e-02	-3.922083e-01	-3.922664e-01	-3.814467e-01	1.846683e-03	1.846683e-03	-3.299498e-02	2.516004e+00
3.759398e-02	-3.922193e-01	-3.922774e-01	-3.814681e-01	1.836458e-03	1.836458e-03	-3.297023e-02	2.514916e+00
3.752345e-02	-3.922303e-01	-3.922884e-01	-3.814895e-01	1.826289e-03	1.826289e-03	-3.294553e-02	2.513830e+00
3.745318e-02	-3.922412e-01	-3.922994e-01	-3.815107e-01	1.816178e-03	1.816178e-03	-3.292087e-02	2.512745e+00
3.738318e-02	-3.922521e-01	-3.923102e-01	-3.815320e-01	1.806122e-03	1.806122e-03	-3.289625e-02	2.511663e+00
3.731343e-02	-3.922629e-01	-3.923211e-01	-3.815531e-01	1.796123e-03	1.796123e-03	-3.287168e-02	2.510582e+00
3.724395e-02	-3.922738e-01	-3.923319e-01	-3.815742e-01	1.786179e-03	1.786179e-03	-3.284715e-02	2.509503e+00
3.717472e-02	-3.922845e-01	-3.923427e-01	-3.815952e-01	1.776290e-03	1.776290e-03	-3.282267e-02	2.508426e+00
3.710575e-02	-3.922952e-01	-3.923534e-01	-3.816162e-01	1.766457e-03	1.766457e-03	-3.279823e-02	2.507351e+00
3.703704e-02	-3.923059e-01	-3.923641e-01	-3.816370e-01	1.756678e-03	1.756678e-03	-3.277383e-02	2.506277e+00
3.696858e-02	-3.923166e-01	-3.923747e-01	-3.816579e-01	1.746954e-03	1.746954e-03	-3.274948e-02	2.505205e+00
3.690037e-02	-3.923272e-01	-3.923853e-01	-3.816786e-01	1.737283e-03	1.737283e-03	-3.272517e-02	2.504134e+00
3.683241e-02	-3.923377e-01	-3.923959e-01	-3.816993e-01	1.727666e-03	1.727666e-03	-3.270090e-02	2.503065e+00
3.676471e-02	-3.923483e-01	-3.924064e-01	-3.817200e-01	1.718103e-03	1.718103e-03	-3.267668e-02	2.501998e+00
3.669725e-02	-3.923587e-01	-3.924169e-01	-3.817405e-01	1.708592e-03	1.708592e-03	-3.265250e-02	2.500933e+00
3.663004e-02	-3.923692e-01	-3.924273e-01	-3.817610e-01	1.699134e-03	1.699134e-03	-3.262837e-02	2.499869e+00
3.656307e-02	-3.923796e-01	-3.924377e-01	-3.817815e-01	1.689729e-03	1.689729e-03	-3.260427e-02	2.498807e+00
3.649635e-02	-3.923899e-01	-3.924481e-01	-3.818019e-01	1.680375e-03	1.680375e-03	-3.258022e-02	2.497746e+00
3.642987e-02	-3.924003e-01	-3.924584e-01	-3.818222e-01	1.671073e-03	1.671073e-03	-3.255622e-02	2.496687e+00
3.636364e-02	-3.924105e-01	-3.924687e-01	-3.818425e-01	1.661823e-03	1.661823e-03	-3.253225e-02	2.495629e+00
3.629764e-02	-3.924208e-01	-3.924789e-01	-3.818627e-01	1.652624e-03	1.652624e-03	-3.250833e-02	2.494573e+00
3.623188e-02	-3.924310e-01	-3.924891e-01	-3.818828e-01	1.643475e-03	1.643475e-03	-3.248446e-02	2.493519e+00
3.616637e-02	-3.924412e-01	-3.924993e-01	-3.819029e-01	1.634377e-03	1.634377e-03	-3.246062e-02	2.492466e+00
3.610108e-02	-3.924513e-01	-3.925094e-01	-3.819229e-01	1.625329e-03	1.625329e-03	-3.243683e-02	2.491415e+00
3.603604e-02	-3.924614e-01	-3.925195e-01	-3.819429e-01	1.616331e-03	1.616331e-03	-3.241308e-02	2.490365e+00
3.597122e-02	-3.924714e-01	-3.925296e-01	-3.819628e-01	1.607382e-03	1.607382e-03	-3.238937e-02	2.489316e+00
3.590664e-02	-3.924815e-01	-3.925396e-01	-3.819826e-01	1.598483e-03	1.598483e-03	-3.236571e-02	2.488270e+00
3.584229e-02	-3.924914e-01	-3.925495e-01	-3.820024e-01	1.589632e-03	1.589632e-03	-3.234209e-02	2.487224e+00
3.577818e-02	-3.925014e-01	-3.925595e-01	-3.820221e-01	1.580830e-03	1.580830e-03	-3.231851e-02	2.486180e+00
3.571429e-02	-3.925113e-01	-3.925694e-01	-3.820418e-01	1.572077e-03	1.572077e-03	-3.229497e-02	2.485137e+00
3.565062e-02	-3.925211e-01	-3.925792e-01	-3.820614e-01	1.563371e-03	1.563371e-03	-3.227147e-02	2.484096e+00
3.558719e-02	-3.925310e-01	-3.925891e-01	-3.820809e-01	1.554713e-03	1.554713e-03	-3.224802e-02	2.483057e+00
3.552398e-02	-3.925408e-01	-3.925989e-01	-3.821004e-01	1.546103e-03	1.546103e-03	-3.222461e-02	2.482018e+00
3.546099e-02	-3.925505e-01	-3.926086e-01	-3.821199e-01	1.537540e-03	1.537540e-03	-3.220124e-02	2.480981e+00
3.539823e-02	-3.925602e-01	-3.926183e-01	-3.821393e-01	1.529024e-03	1.529024e-03	-3.217791e-02	2.479946e+00
3.533569e-02	-3.925699e-01	-3.926280e-01	-3.821586e-01	1.520554e-03	1.520554e-03	-3.215463e-02	2.478912e+00
3.527337e-02	-3.925796e-01	-3.926377e-01	-3.821778e-01	1.512130e-03	1.512130e-03	-3.213138e-02	2.477879e+00
3.521127e-02	-3.925892e-01	-3.926473e-01	-3.821970e-01	1.503753e-03	1.503753e-03	-3.210818e-02	2.476848e+00
3.514938e-02	-3.925988e-01	-3.926569e-01	-3.822162e-01	1.495421e-03	1.495421e-03	-3.208502e-02	2.475818e+00
3.508772e-02	-3.926083e-01	-3.926664e-01	-3.822353e-01	1.487135e-03	1.487135e-03	-3.206190e-02	2.474789e+00
3.502627e-02	-3.926178e-01	-3.926759e-01	-3.822543e-01	1.478894e-03	1.478894e-03	-3.203883e-02	2.473761e+00
3.496503e-02	-3.926273e-01	-3.926854e-01	-3.822733e-01	1.470697e-03	1.470697e-03	-3.201579e-02	2.472735e+00
3.490401e-02	-3.926367e-01	-3.926948e-01	-3.822923e-01	1.462546e-03	1.462546e-03	-3.199279e-02	2.471710e+00
3.484321e-02	-3.926462e-01	-3.927042e-01	-3.823111e-01	1.454438e-03	1.454438e-03	-3.196984e-02	2.470687e+00
3.478261e-02	-3.926555e-01	-3.927136e-01	-3.823300e-01	1.446375e-03	1.446375e-03	-3.194693e-02	2.469665e+00
3.472222e-02	-3.926649e-01	-3.927229e-01	-3.823487e-01	1.438356e-03	1.438356e-03	-3.192406e-02	2.468644e+00
3.466205e-02	-3.926742e-01	-3.927322e-01	-3.823674e-01	1.430380e-03	1.430380e-03	-3.190123e-02	2.467624e+00
3.460208e-02	-3.926834e-01	-3.927415e-01	-3.823861e-01	1.422447e-03	1.422447e-03	-3.187844e-02	2.466606e+00
3.454231e-02	-3.926927e-01	-3.927508e-01	-3.824047e-01	1.414558e-03	1.414558e-03	-3.185569e-02	2.465589e+00
3.448276e-02	-3.927019e-01	-3.927600e-01	-3.824233e-01	1.406711e-03	1.406711e-03	-3.183298e-02	2.464573e+00
3.442341e-02	-3.927111e-01	-3.927691e-01	-3.824418e-01	1.398906e-03	1.398906e-03	-3.181031e-02	2.463558e+00
3.436426e-02	-3.927202e-01	-3.927783e-01	-3.824602e-01	1.391144e-03	1.391144e-03	-3.178768e-02	2.462545e+00
3.430532e-02	-3.927293e-01	-3.927874e-01	-3.824786e-01	1.383424e-03	1.383424e-03	-3.176510e-02	2.461533e+00
3.424658e-02	-3.927384e-01	-3.927964e-01	-3.824969e-01	1.375745e-03	1.375745e-03	-3.174255e-02	2.460522e+00
3.418803e-02	-3.927474e-01	-3.928055e-01	-3.825152e-01	1.368108e-03	1.368108e-03	-3.172005e-02	2.459512e+00
3.412969e-02	-3.927564e-01	-3.928145e-01	-3.825335e-01	1.360512e-03	1.360512e-03	-3.169758e-02	2.458503e+00
3.407155e-02	-3.927654e-01	-3.928235e-01	-3.825517e-01	1.352957e-03	1.352957e-03	-3.167515e-02	2.457496e+00
3.401361e-02	-3.927743e-01	-3.928324e-01	-3.825698e-01	1.345443e-03	1.345443e-03	-3.165277e-02	2.456490e+00
3.395586e-02	-3.927833e-01	-3.928413e-01	-3.825879e-01	1.337969e-03	1.337969e-03	-3.163042e-02	2.455485e+00
3.389831e-02	-3.927921e-01	-3.928502e-01	-3.826059e-01	1.330535e-03	1.330535e-03	-3.160812e-02	2.454481e+00
3.384095e-02	-3.928010e-01	-3.928590e-01	-3.826239e-01	1.323141e-03	1.323141e-03	-3.158585e-02	2.453478e+00
3.378378e-02	-3.928098e-01	-3.928679e-01	-3.826418e-01	1.315787e-03	1.315787e-03	-3.156363e-02	2.452477e+00
3.372681e-02	-3.928186e-01	-3.928767e-01	-3.826597e-01	1.308472e-03	1.308472e-03	-3.154144e-02	2.451476e+00
3.367003e-02	-3.928274e-01	-3.928854e-01	-3.826775e-01	1.301197e-03	1.301197e-03	-3.151930e-02	2.450477e+00
3.361345e-02	-3.928361e-01	-3.928941e-01	-3.826953e-01	1.293960e-03	1.293960e-03	-3.149719e-02	2.449479e+00
3.355705e-02	-3.928448e-01	-3.929028e-01	-3.827130e-01	1.286763e-03	1.286763e-03	-3.147512e-02	2.448482e+00
3.350084e-02	-3.928534e-01	-3.929115e-01	-3.827307e-01	1.279603e-03	1.279603e-03	-3.145309e-02	2.447486e+00
3.344482e-02	-3.928621e-01	-3.929201e-01	-3.827484e-01	1.272482e-03	1.272482e-03	-3.143110e-02	2.446491e+00
3.338898e-02	-3.928707e-01	-3.929287e-01	-3.827659e-01	1.265399e-03	1.265399e-03	-3.140916e-02	2.445497e+00
3.333333e-02	-3.928793e-01	-3.929373e-01	-3.827835e-01	1.258354e-03	1.258354e-03	-3.138725e-02	2.444505e+00
3.327787e-02	-3.928878e-01	-3.929459e-01	-3.828010e-01	1.251346e-03	1.251346e-03	-3.136537e-02	2.443513e+00
3.322259e-02	-3.928963e-01	-3.929544e-01	-3.828184e-01	1.244376e-03	1.244376e-03	-3.134354e-02	2.442523e+00
3.316750e-02	-3.929048e-01	-3.929629e-01	-3.828358e-01	1.237443e-03	1.237443e-03	-3.132175e-02	2.441534e+00
3.311258e-02	-3.929133e-01	-3.929713e-01	-3.828531e-01	1.230546e-03	1.230546e-03	-3.129999e-02	2.440545e+00
3.305785e-02	-3.929217e-01	-3.929797e-01	-3.828704e-01	1.223686e-03	1.223686e-03	-3.127828e-02	2.439558e+00
3.300330e-02	-3.929301e-01	-3.929881e-01	-3.828877e-01	1.216863e-03	1.216863e-03	-3.125660e-02	2.438572e+00
3.294893e-02	-3.929385e-01	-3.929965e-01	-3.829049e-01	1.210076e-03	1.210076e-03	-3.123496e-02	2.437587e+00
3.289474e-02	-3.929468e-01	-3.930049e-01	-3.829220e-01	1.203324e-03	1.203324e-03	-3.121336e-02	2.436603e+00
3.284072e-02	-3.929551e-01	-3.930132e-01	-3.829391e-01	1.196609e-03	1.196609e-03	-3.119180e-02	2.435620e+00
3.278689e-02	-3.929634e-01	-3.930215e-01	-3.829562e-01	1.189929e-03	1.189929e-03	-3.117028e-02	2.434638e+00
3.273322e-02	-3.929717e-01	-3.930297e-01	-3.829732e-01	1.183284e-03	1.183284e-03	-3.114879e-02	2.433657e+00
3.267974e-02	-3.929799e-01	-3.930379e-01	-3.829902e-01	1.176675e-03	1.176675e-03	-3.112735e-02	2.432677e+00
3.262643e-02	-3.929881e-01	-3.930461e-01	-3.830071e-01	1.170100e-03	1.170100e-03	-3.110594e-02	2.431699e+00
3.257329e-02	-3.929963e-01	-3.930543e-01	-3.830240e-01	1.163560e-03	1.163560e-03	-3.108457e-02	2.430721e+00
3.252033e-02	-3.930044e-01	-3.930625e-01	-3.830408e-01	1.157054e-03	1.157054e-03	-3.106324e-02	2.429744e+00
3.246753e-02	-3.930126e-01	-3.930706e-01	-3.830576e-01	1.150583e-03	1.150583e-03	-3.104194e-02	2.428768e+00
3.241491e-02	-3.930207e-01	-3.930787e-01	-3.830743e-01	1.144146e-03	1.144146e-03	-3.102068e-02	2.427793e+00
3.236246e-02	-3.930287e-01	-3.930867e-01	-3.830910e-01	1.137742e-03	1.137742e-03	-3.099947e-02	2.426820e+00
3.231018e-02	-3.930368e-01	-3.930948e-01	-3.831076e-01	1.131372e-03	1.131372e-03	-3.097828e-02	2.425847e+00
3.225806e-02	-3.930448e-01	-3.931028e-01	-3.831242e-01	1.125035e-03	1.125035e-03	-3.095714e-02	2.424875e+00
3.220612e-02	-3.930527e-01	-3.931108e-01	-3.831408e-01	1.118732e-03	1.118732e-03	-3.093603e-02	2.423904e+00
3.215434e-02	-3.930607e-01	-3.931187e-01	-3.831573e-01	1.112462e-03	1.112462e-03	-3.091497e-02	2.422934e+00
3.210273e-02	-3.930686e-01	-3.931266e-01	-3.831738e-01	1.106224e-03	1.106224e-03	-3.089393e-02	2.421966e+00
3.205128e-02	-3.930765e-01	-3.931345e-01	-3.831902e-01	1.100019e-03	1.100019e-03	-3.087294e-02	2.420998e+00
3.200000e-02	-3.930844e-01	-3.931424e-01	-3.832066e-01	1.093846e-03	1.093846e-03	-3.085198e-02	2.420031e+00
3.194888e-02	-3.930923e-01	-3.931503e-01	-3.832229e-01	1.087706e-03	1.087706e-03	-3.083106e-02	2.419065e+00
3.189793e-02	-3.931001e-01	-3.931581e-01	-3.832392e-01	1.081597e-03	1.081597e-03	-3.081018e-02	2.418100e+00
3.184713e-02	-3.931079e-01	-3.931659e-01	-3.832554e-01	1.075521e-03	1.075521e-03	-3.078933e-02	2.417136e+00
3.179650e-02	-3.931157e-01	-3.931737e-01	-3.832716e-01	1.069476e-03	1.069476e-03	-3.076852e-02	2.416173e+00
3.174603e-02	-3.931234e-01	-3.931814e-01	-3.832878e-01	1.063462e-03	1.063462e-03	-3.074775e-02	2.415210e+00
3.169572e-02	-3.931311e-01	-3.931891e-01	-3.833039e-01	1.057479e-03	1.057479e-03	-3.072702e-02	2.414249e+00
3.164557e-02	-3.931388e-01	-3.931968e-01	-3.833200e-01	1.051528e-03	1.051528e-03	-3.070632e-02	2.413289e+00
3.159558e-02	-3.931465e-01	-3.932045e-01	-3.833360e-01	1.045607e-03	1.045607e-03	-3.068566e-02	2.412330e+00
3.154574e-02	-3.931542e-01	-3.932122e-01	-3.833520e-01	1.039717e-03	1.039717e-03	-3.066503e-02	2.411371e+00
3.149606e-02	-3.931618e-01	-3.932198e-01	-3.833680e-01	1.033857e-03	1.033857e-03	-3.064444e-02	2.410414e+00
3.144654e-02	-3.931694e-01	-3.932274e-01	-3.833839e-01	1.028028e-03	1.028028e-03	-3.062389e-02	2.409457e+00
3.139717e-02	-3.931770e-01	-3.932349e-01	-3.833998e-01	1.022228e-03	1.022228e-03	-3.060337e-02	2.408501e+00
3.134796e-02	-3.931845e-01	-3.932425e-01	-3.834156e-01	1.016459e-03	1.016459e-03	-3.058289e-02	2.407547e+00
3.129890e-02	-3.931920e-01	-3.932500e-01	-3.834314e-01	1.010719e-03	1.010719e-03	-3.056245e-02	2.406593e+00
3.125000e-02	-3.931995e-01	-3.932575e-01	-3.834471e-01	1.005009e-03	1.005009e-03	-3.054204e-02	2.405640e+00
3.120125e-02	-3.932070e-01	-3.932650e-01	-3.834628e-01	9.993279e-04	9.993279e-04	-3.052166e-02	2.404688e+00
3.115265e-02	-3.932144e-01	-3.932724e-01	-3.834785e-01	9.936761e-04	9.936761e-04	-3.050133e-02	2.403737e+00
3.110420e-02	-3.932219e-01	-3.932799e-01	-3.834941e-01	9.880532e-04	9.880532e-04	-3.048103e-02	2.402787e+00
3.105590e-02	-3.932293e-01	-3.932873e-01	-3.835097e-01	9.824591e-04	9.824591e-04	-3.046076e-02	2.401837e+00
3.100775e-02	-3.932367e-01	-3.932946e-01	-3.835252e-01	9.768936e-04	9.768936e-04	-3.044053e-02	2.400889e+00
3.095975e-02	-3.932440e-01	-3.933020e-01	-3.835407e-01	9.713566e-04	9.713566e-04	-3.042034e-02	2.399941e+00
3.091190e-02	-3.932513e-01	-3.933093e-01	-3.835561e-01	9.658478e-04	9.658478e-04	-3.040018e-02	2.398995e+00
3.086420e-02	-3.932587e-01	-3.933166e-01	-3.835716e-01	9.603670e-04	9.603670e-04	-3.038006e-02	2.398049e+00
3.081664e-02	-3.932659e-01	-3.933239e-01	-3.835869e-01	9.549142e-04	9.549142e-04	-3.035997e-02	2.397104e+00
3.076923e-02	-3.932732e-01	-3.933312e-01	-3.836023e-01	9.494891e-04	9.494891e-04	-3.033992e-02	2.396160e+00
3.072197e-02	-3.932804e-01	-3.933384e-01	-3.836176e-01	9.440916e-04	9.440916e-04	-3.031990e-02	2.395217e+00
3.067485e-02	-3.932877e-01	-3.933456e-01	-3.836328e-01	9.387214e-04	9.387214e-04	-3.029992e-02	2.394274e+00
3.062787e-02	-3.932948e-01	-3.933528e-01	-3.836480e-01	9.333785e-04	9.333785e-04	-3.027997e-02	2.393333e+00
3.058104e-02	-3.933020e-01	-3.933600e-01	-3.836632e-01	9.280626e-04	9.280626e-04	-3.026006e-02	2.392392e+00
3.053435e-02	-3.933092e-01	-3.933671e-01	-3.836784e-01	9.227736e-04	9.227736e-04	-3.024018e-02	2.391452e+00
3.048780e-02	-3.933163e-01	-3.933743e-01	-3.836935e-01	9.175113e-04	9.175113e-04	-3.022034e-02	2.390514e+00
3.044140e-02	-3.933234e-01	-3.933814e-01	-3.837085e-01	9.122755e-04	9.122755e-04	-3.020053e-02	2.389576e+00
3.039514e-02	-3.933305e-01	-3.933884e-01	-3.837236e-01	9.070662e-04	9.070662e-04	-3.018076e-02	2.388638e+00
3.034901e-02	-3.933375e-01	-3.933955e-01	-3.837385e-01	9.018830e-04	9.018830e-04	-3.016102e-02	2.387702e+00
3.030303e-02	-3.933446e-01	-3.934025e-01	-3.837535e-01	8.967259e-04	8.967259e-04	-3.014132e-02	2.386766e+00
3.025719e-02	-3.933516e-01	-3.934095e-01	-3.837684e-01	8.915947e-04	8.915947e-04	-3.012165e-02	2.385832e+00
3.021148e-02	-3.933586e-01	-3.934165e-01	-3.837833e-01	8.864893e-04	8.864893e-04	-3.010202e-02	2.384898e+00
3.016591e-02	-3.933655e-01	-3.934235e-01	-3.837981e-01	8.814094e-04	8.814094e-04	-3.008241e-02	2.383965e+00
3.012048e-02	-3.933725e-01	-3.934304e-01	-3.838129e-01	8.763549e-04	8.763549e-04	-3.006285e-02	2.383033e+00
3.007519e-02	-3.933794e-01	-3.934374e-01	-3.838277e-01	8.713257e-04	8.713257e-04	-3.004332e-02	2.382102e+00
3.003003e-02	-3.933863e-01	-3.934443e-01	-3.838424e-01	8.663216e-04	8.663216e-04	-3.002382e-02	2.381171e+00
2.998501e-02	-3.933932e-01	-3.934511e-01	-3.838571e-01	8.613425e-04	8.613425e-04	-3.000436e-02	2.380241e+00
2.994012e-02	-3.934001e-01	-3.934580e-01	-3.838717e-01	8.563881e-04	8.563881e-04	-2.998493e-02	2.379312e+00
2.989537e-02	-3.934069e-01	-3.934648e-01	-3.838863e-01	8.514584e-04	8.514584e-04	-2.996553e-02	2.378384e+00
2.985075e-02	-3.934137e-01	-3.934717e-01	-3.839009e-01	8.465531e-04	8.465531e-04	-2.994617e-02	2.377457e+00
2.980626e-02	-3.934205e-01	-3.934785e-01	-3.839154e-01	8.416722e-04	8.416722e-04	-2.992684e-02	2.376531e+00
2.976190e-02	-3.934273e-01	-3.934852e-01	-3.839299e-01	8.368154e-04	8.368154e-04	-2.990754e-02	2.375605e+00
2.971768e-02	-3.934340e-01	-3.934920e-01	-3.839444e-01	8.319827e-04	8.319827e-04	-2.988828e-02	2.374680e+00
2.967359e-02	-3.934408e-01	-3.934987e-01	-3.839588e-01	8.271739e-04	8.271739e-04	-2.986906e-02	2.373756e+00
2.962963e-02	-3.934475e-01	-3.935054e-01	-3.839732e-01	8.223888e-04	8.223888e-04	-2.984986e-02	2.372833e+00
2.958580e-02	-3.934542e-01	-3.935121e-01	-3.839876e-01	8.176272e-04	8.176272e-04	-2.983070e-02	2.371911e+00
2.954210e-02	-3.934609e-01	-3.935188e-01	-3.840019e-01	8.128891e-04	8.128891e-04	-2.981157e-02	2.370989e+00
2.949853e-02	-3.934675e-01	-3.935255e-01	-3.840162e-01	8.081743e-04	8.081743e-04	-2.979248e-02	2.370068e+00
2.945508e-02	-3.934742e-01	-3.935321e-01	-3.840304e-01	8.034827e-04	8.034827e-04	-2.977342e-02	2.369148e+00
2.941176e-02	-3.934808e-01	-3.935387e-01	-3.840447e-01	7.988140e-04	7.988140e-04	-2.975439e-02	2.368229e+00
2.936858e-02	-3.934874e-01	-3.935453e-01	-3.840588e-01	7.941682e-04	7.941682e-04	-2.973540e-02	2.367311e+00
2.932551e-02	-3.934939e-01	-3.935519e-01	-3.840730e-01	7.895451e-04	7.895451e-04	-2.971643e-02	2.366393e+00
2.928258e-02	-3.935005e-01	-3.935584e-01	-3.840871e-01	7.849446e-04	7.849446e-04	-2.969751e-02	2.365476e+00
2.923977e-02	-3.935070e-01	-3.935650e-01	-3.841012e-01	7.803665e-04	7.803665e-04	-2.967861e-02	2.364560e+00
2.919708e-02	-3.935135e-01	-3.935715e-01	-3.841152e-01	7.758107e-04	7.758107e-04	-2.965975e-02	2.363645e+00
2.915452e-02	-3.935200e-01	-3.935780e-01	-3.841292e-01	7.712771e-04	7.712771e-04	-2.964092e-02	2.362730e+00
2.911208e-02	-3.935265e-01	-3.935844e-01	-3.841432e-01	7.667655e-04	7.667655e-04	-2.962212e-02	2.361816e+00
2.906977e-02	-3.935330e-01	-3.935909e-01	-3.841571e-01	7.622757e-04	7.622757e-04	-2.960335e-02	2.360903e+00
2.902758e-02	-3.935394e-01	-3.935973e-01	-3.841710e-01	7.578077e-04	7.578077e-04	-2.958462e-02	2.359991e+00
2.898551e-02	-3.935458e-01	-3.936037e-01	-3.841849e-01	7.533613e-04	7.533613e-04	-2.956592e-02	2.359079e+00
2.894356e-02	-3.935522e-01	-3.936101e-01	-3.841987e-01	7.489364e-04	7.489364e-04	-2.954725e-02	2.358169e+00
2.890173e-02	-3.935586e-01	-3.936165e-01	-3.842125e-01	7.445327e-04	7.445327e-04	-2.952862e-02	2.357259e+00
2.886003e-02	-3.935649e-01	-3.936229e-01	-3.842263e-01	7.401503e-04	7.401503e-04	-2.951001e-02	2.356350e+00
2.881844e-02	-3.935713e-01	-3.936292e-01	-3.842400e-01	7.357890e-04	7.357890e-04	-2.949144e-02	2.355441e+00
2.877698e-02	-3.935776e-01	-3.936355e-01	-3.842537e-01	7.314486e-04	7.314486e-04	-2.947290e-02	2.354534e+00
2.873563e-02	-3.935839e-01	-3.936418e-01	-3.842674e-01	7.271290e-04	7.271290e-04	-2.945439e-02	2.353627e+00
2.869440e-02	-3.935902e-01	-3.936481e-01	-3.842810e-01	7.228301e-04	7.228301e-04	-2.943592e-02	2.352720e+00
2.865330e-02	-3.935965e-01	-3.936544e-01	-3.842946e-01	7.185517e-04	7.185517e-04	-2.941748e-02	2.351815e+00
2.861230e-02	-3.936027e-01	-3.936606e-01	-3.843082e-01	7.142938e-04	7.142938e-04	-2.939906e-02	2.350910e+00
2.857143e-02	-3.936089e-01	-3.936668e-01	-3.843217e-01	7.100561e-04	7.100561e-04	-2.938068e-02	2.350006e+00
2.853067e-02	-3.936151e-01	-3.936731e-01	-3.843352e-01	7.058386e-04	7.058386e-04	-2.936234e-02	2.349103e+00
2.849003e-02	-3.936213e-01	-3.936792e-01	-3.843487e-01	7.016411e-04	7.016411e-04	-2.934402e-02	2.348201e+00
2.844950e-02	-3.936275e-01	-3.936854e-01	-3.843622e-01	6.974636e-04	6.974636e-04	-2.932573e-02	2.347299e+00
2.840909e-02	-3.936337e-01	-3.936916e-01	-3.843756e-01	6.933058e-04	6.933058e-04	-2.930748e-02	2.346398e+00
2.836879e-02	-3.936398e-01	-3.936977e-01	-3.843889e-01	6.891677e-04	6.891677e-04	-2.928926e-02	2.345498e+00
2.832861e-02	-3.936459e-01	-3.937038e-01	-3.844023e-01	6.850491e-04	6.850491e-04	-2.927107e-02	2.344598e+00
2.828854e-02	-3.936520e-01	-3.937099e-01	-3.844156e-01	6.809500e-04	6.809500e-04	-2.925291e-02	2.343699e+00
2.824859e-02	-3.936581e-01	-3.937160e-01	-3.844289e-01	6.768701e-04	6.768701e-04	-2.923478e-02	2.342801e+00
2.820874e-02	-3.936642e-01	-3.937221e-01	-3.844421e-01	6.728094e-04	6.728094e-04	-2.921668e-02	2.341904e+00
2.816901e-02	-3.936702e-01	-3.937281e-01	-3.844553e-01	6.687678e-04	6.687678e-04	-2.919862e-02	2.341007e+00
2.812940e-02	-3.936763e-01	-3.937342e-01	-3.844685e-01	6.647451e-04	6.647451e-04	-2.918058e-02	2.340111e+00
2.808989e-02	-3.936823e-01	-3.937402e-01	-3.844817e-01	6.607412e-04	6.607412e-04	-2.916258e-02	2.339216e+00
2.805049e-02	-3.936883e-01	-3.937462e-01	-3.844948e-01	6.567560e-04	6.567560e-04	-2.914461e-02	2.338322e+00
2.801120e-02	-3.936942e-01	-3.937521e-01	-3.845079e-01	6.527893e-04	6.527893e-04	-2.912666e-02	2.337428e+00
2.797203e-02	-3.937002e-01	-3.937581e-01	-3.845209e-01	6.488412e-04	6.488412e-04	-2.910875e-02	2.336535e+00
2.793296e-02	-3.937062e-01	-3.937640e-01	-3.845339e-01	6.449114e-04	6.449114e-04	-2.909087e-02	2.335643e+00
2.789400e-02	-3.937121e-01	-3.937700e-01	-3.845469e-01	6.409998e-04	6.409998e-04	-2.907302e-02	2.334751e+00
2.785515e-02	-3.937180e-01	-3.937759e-01	-3.845599e-01	6.371063e-04	6.371063e-04	-2.905520e-02	2.333860e+00
2.781641e-02	-3.937239e-01	-3.937818e-01	-3.845728e-01	6.332308e-04	6.332308e-04	-2.903741e-02	2.332970e+00
2.777778e-02	-3.937298e-01	-3.937876e-01	-3.845857e-01	6.293733e-04	6.293733e-04	-2.901966e-02	2.332080e+00
2.773925e-02	-3.937356e-01	-3.937935e-01	-3.845986e-01	6.255335e-04	6.255335e-04	-2.900193e-02	2.331192e+00
2.770083e-02	-3.937415e-01	-3.937993e-01	-3.846115e-01	6.217113e-04	6.217113e-04	-2.898423e-02	2.330304e+00
2.766252e-02	-3.937473e-01	-3.938052e-01	-3.846243e-01	6.179067e-04	6.179067e-04	-2.896656e-02	2.329416e+00
2.762431e-02	-3.937531e-01	-3.938110e-01	-3.846371e-01	6.141196e-04	6.141196e-04	-2.894893e-02	2.328529e+00
2.758621e-02	-3.937589e-01	-3.938168e-01	-3.846498e-01	6.103497e-04	6.103497e-04	-2.893132e-02	2.327643e+00
