# Finite Temperature Data for Kitaev Ladder
# chi_max = 300, h = 0.2500
# Columns: T | Sigmax | Sigmay | Sigmaz | S1 | S2 | Wp | Cv
# 
2.000000e+01	-2.247513e-02	-2.247512e-02	-2.236994e-02	3.007706e-05	3.007706e-05	9.382868e-08	1.792311e-01
1.000000e+01	-3.175476e-02	-3.175480e-02	-3.152518e-02	1.507081e-04	1.507081e-04	1.162412e-06	6.732791e-01
6.666667e+00	-3.975624e-02	-3.975641e-02	-3.936222e-02	4.543327e-04	4.543327e-04	6.383869e-06	1.393812e+00
5.000000e+00	-4.656584e-02	-4.656621e-02	-4.597389e-02	1.038933e-03	1.038933e-03	2.269867e-05	2.239432e+00
4.000000e+00	-5.230187e-02	-5.230253e-02	-5.148496e-02	1.993143e-03	1.993143e-03	6.151301e-05	3.115242e+00
3.333333e+00	-5.709773e-02	-5.709874e-02	-5.603485e-02	3.385212e-03	3.385212e-03	1.383343e-04	3.945756e+00
2.857143e+00	-6.108829e-02	-6.108970e-02	-5.976374e-02	5.258119e-03	5.258119e-03	2.714913e-04	4.679993e+00
2.500000e+00	-6.440071e-02	-6.440256e-02	-6.280326e-02	7.629751e-03	7.629751e-03	4.804291e-04	5.290380e+00
2.222222e+00	-6.714915e-02	-6.715145e-02	-6.527118e-02	1.049635e-02	1.049635e-02	7.840199e-04	5.768211e+00
2.000000e+00	-6.943264e-02	-6.943540e-02	-6.726937e-02	1.383746e-02	1.383746e-02	1.199206e-03	6.118012e+00
1.818182e+00	-7.133497e-02	-7.133818e-02	-6.888378e-02	1.762110e-02	1.762110e-02	1.740106e-03	6.352345e+00
1.666667e+00	-7.292578e-02	-7.292944e-02	-7.018565e-02	2.180835e-02	2.180835e-02	2.417584e-03	6.487724e+00
1.538462e+00	-7.426224e-02	-7.426633e-02	-7.123332e-02	2.635710e-02	2.635710e-02	3.239198e-03	6.541756e+00
1.428571e+00	-7.539092e-02	-7.539542e-02	-7.207413e-02	3.122480e-02	3.122480e-02	4.209415e-03	6.531358e+00
1.333333e+00	-7.634951e-02	-7.635439e-02	-7.274634e-02	3.637038e-02	3.637038e-02	5.329992e-03	6.471781e+00
1.250000e+00	-7.716841e-02	-7.717367e-02	-7.328072e-02	4.175546e-02	4.175546e-02	6.600430e-03	6.376176e+00
1.176471e+00	-7.787218e-02	-7.787779e-02	-7.370202e-02	4.734502e-02	4.734502e-02	8.018447e-03	6.255523e+00
1.111111e+00	-7.848060e-02	-7.848653e-02	-7.403014e-02	5.310772e-02	5.310772e-02	9.580422e-03	6.118752e+00
1.052632e+00	-7.900962e-02	-7.901586e-02	-7.428108e-02	5.901589e-02	5.901589e-02	1.128179e-02	5.972962e+00
1.000000e+00	-7.947219e-02	-7.947872e-02	-7.446775e-02	6.504539e-02	6.504539e-02	1.311736e-02	5.823687e+00
9.523810e-01	-7.987879e-02	-7.988559e-02	-7.460060e-02	7.117541e-02	7.117541e-02	1.508163e-02	5.675146e+00
9.090909e-01	-8.023796e-02	-8.024502e-02	-7.468809e-02	7.738810e-02	7.738810e-02	1.716897e-02	5.530487e+00
8.695652e-01	-8.055667e-02	-8.056398e-02	-7.473711e-02	8.366831e-02	8.366831e-02	1.937379e-02	5.392000e+00
8.333333e-01	-8.084066e-02	-8.084820e-02	-7.475328e-02	9.000323e-02	9.000323e-02	2.169068e-02	5.261289e+00
8.000000e-01	-8.109466e-02	-8.110241e-02	-7.474121e-02	9.638213e-02	9.638213e-02	2.411447e-02	5.139427e+00
7.692308e-01	-8.132256e-02	-8.133052e-02	-7.470469e-02	1.027961e-01	1.027961e-01	2.664032e-02	5.027076e+00
7.407407e-01	-8.152762e-02	-8.153578e-02	-7.464688e-02	1.092376e-01	1.092376e-01	2.926370e-02	4.924586e+00
7.142857e-01	-8.171257e-02	-8.172092e-02	-7.457036e-02	1.157005e-01	1.157005e-01	3.198049e-02	4.832075e+00
6.896552e-01	-8.187969e-02	-8.188822e-02	-7.447733e-02	1.221799e-01	1.221799e-01	3.478686e-02	4.749487e+00
6.666667e-01	-8.203092e-02	-8.203961e-02	-7.436960e-02	1.286715e-01	1.286715e-01	3.767939e-02	4.676647e+00
6.451613e-01	-8.216788e-02	-8.217674e-02	-7.424872e-02	1.351722e-01	1.351722e-01	4.065496e-02	4.613290e+00
6.250000e-01	-8.229199e-02	-8.230099e-02	-7.411598e-02	1.416792e-01	1.416792e-01	4.371077e-02	4.559099e+00
6.060606e-01	-8.240443e-02	-8.241358e-02	-7.397249e-02	1.481904e-01	1.481904e-01	4.684432e-02	4.513720e+00
5.882353e-01	-8.250623e-02	-8.251552e-02	-7.381922e-02	1.547041e-01	1.547041e-01	5.005337e-02	4.476782e+00
5.714286e-01	-8.259829e-02	-8.260771e-02	-7.365697e-02	1.612190e-01	1.612190e-01	5.333592e-02	4.447909e+00
5.555556e-01	-8.268138e-02	-8.269093e-02	-7.348645e-02	1.677341e-01	1.677341e-01	5.669019e-02	4.426725e+00
5.405405e-01	-8.275618e-02	-8.276584e-02	-7.330829e-02	1.742485e-01	1.742485e-01	6.011460e-02	4.412865e+00
5.263158e-01	-8.282327e-02	-8.283304e-02	-7.312302e-02	1.807618e-01	1.807618e-01	6.360775e-02	4.405978e+00
5.128205e-01	-8.288317e-02	-8.289305e-02	-7.293114e-02	1.872733e-01	1.872733e-01	6.716836e-02	4.405726e+00
5.000000e-01	-8.293635e-02	-8.294633e-02	-7.273305e-02	1.937829e-01	1.937829e-01	7.079532e-02	4.411793e+00
4.878049e-01	-8.298320e-02	-8.299328e-02	-7.252914e-02	2.002902e-01	2.002902e-01	7.448761e-02	4.423877e+00
4.761905e-01	-8.302409e-02	-8.303426e-02	-7.231975e-02	2.067952e-01	2.067952e-01	7.824431e-02	4.441696e+00
4.651163e-01	-8.305934e-02	-8.306960e-02	-7.210520e-02	2.132976e-01	2.132976e-01	8.206460e-02	4.464985e+00
4.545455e-01	-8.308924e-02	-8.309958e-02	-7.188576e-02	2.197973e-01	2.197973e-01	8.594770e-02	4.493498e+00
4.444444e-01	-8.311405e-02	-8.312445e-02	-7.166169e-02	2.262943e-01	2.262943e-01	8.989290e-02	4.527004e+00
4.347826e-01	-8.313399e-02	-8.314447e-02	-7.143323e-02	2.327884e-01	2.327884e-01	9.389954e-02	4.565287e+00
4.255319e-01	-8.314927e-02	-8.315982e-02	-7.120060e-02	2.392796e-01	2.392796e-01	9.796699e-02	4.608145e+00
4.166667e-01	-8.316010e-02	-8.317071e-02	-7.096401e-02	2.457678e-01	2.457678e-01	1.020946e-01	4.655391e+00
4.081633e-01	-8.316663e-02	-8.317730e-02	-7.072365e-02	2.522528e-01	2.522528e-01	1.062819e-01	4.706847e+00
4.000000e-01	-8.316903e-02	-8.317975e-02	-7.047970e-02	2.587345e-01	2.587345e-01	1.105282e-01	4.762347e+00
3.921569e-01	-8.316744e-02	-8.317821e-02	-7.023233e-02	2.652127e-01	2.652127e-01	1.148330e-01	4.821735e+00
3.846154e-01	-8.316199e-02	-8.317280e-02	-6.998172e-02	2.716871e-01	2.716871e-01	1.191956e-01	4.884862e+00
3.773585e-01	-8.315280e-02	-8.316366e-02	-6.972800e-02	2.781576e-01	2.781576e-01	1.236155e-01	4.951589e+00
3.703704e-01	-8.313999e-02	-8.315089e-02	-6.947135e-02	2.846239e-01	2.846239e-01	1.280922e-01	5.021782e+00
3.636364e-01	-8.312366e-02	-8.313459e-02	-6.921189e-02	2.910857e-01	2.910857e-01	1.326249e-01	5.095313e+00
3.571429e-01	-8.310390e-02	-8.311486e-02	-6.894978e-02	2.975426e-01	2.975426e-01	1.372131e-01	5.172059e+00
3.508772e-01	-8.308081e-02	-8.309180e-02	-6.868514e-02	3.039942e-01	3.039942e-01	1.418561e-01	5.251901e+00
3.448276e-01	-8.305447e-02	-8.306548e-02	-6.841811e-02	3.104401e-01	3.104401e-01	1.465533e-01	5.334724e+00
3.389831e-01	-8.302496e-02	-8.303599e-02	-6.814882e-02	3.168799e-01	3.168799e-01	1.513038e-01	5.420415e+00
3.333333e-01	-8.299234e-02	-8.300339e-02	-6.787738e-02	3.233131e-01	3.233131e-01	1.561071e-01	5.508866e+00
3.278689e-01	-8.295671e-02	-8.296777e-02	-6.760393e-02	3.297391e-01	3.297391e-01	1.609623e-01	5.599967e+00
3.225806e-01	-8.291811e-02	-8.292918e-02	-6.732859e-02	3.361575e-01	3.361575e-01	1.658686e-01	5.693614e+00
3.174603e-01	-8.287662e-02	-8.288770e-02	-6.705146e-02	3.425676e-01	3.425676e-01	1.708252e-01	5.789699e+00
3.125000e-01	-8.283229e-02	-8.284338e-02	-6.677268e-02	3.489687e-01	3.489687e-01	1.758312e-01	5.888120e+00
3.076923e-01	-8.278519e-02	-8.279628e-02	-6.649235e-02	3.553604e-01	3.553604e-01	1.808858e-01	5.988770e+00
3.030303e-01	-8.273537e-02	-8.274646e-02	-6.621059e-02	3.617418e-01	3.617418e-01	1.859879e-01	6.091546e+00
2.985075e-01	-8.268289e-02	-8.269397e-02	-6.592750e-02	3.681123e-01	3.681123e-01	1.911367e-01	6.196344e+00
2.941176e-01	-8.262780e-02	-8.263888e-02	-6.564320e-02	3.744712e-01	3.744712e-01	1.963310e-01	6.303058e+00
2.898551e-01	-8.257016e-02	-8.258122e-02	-6.535780e-02	3.808176e-01	3.808176e-01	2.015699e-01	6.411584e+00
2.857143e-01	-8.251001e-02	-8.252106e-02	-6.507140e-02	3.871509e-01	3.871509e-01	2.068523e-01	6.521816e+00
2.816901e-01	-8.244741e-02	-8.245844e-02	-6.478412e-02	3.934702e-01	3.934702e-01	2.121770e-01	6.633646e+00
2.777778e-01	-8.238240e-02	-8.239342e-02	-6.449605e-02	3.997747e-01	3.997747e-01	2.175430e-01	6.746967e+00
2.739726e-01	-8.231504e-02	-8.232603e-02	-6.420730e-02	4.060636e-01	4.060636e-01	2.229489e-01	6.861671e+00
2.702703e-01	-8.224537e-02	-8.225634e-02	-6.391798e-02	4.123359e-01	4.123359e-01	2.283937e-01	6.977649e+00
2.666667e-01	-8.217345e-02	-8.218439e-02	-6.362819e-02	4.185909e-01	4.185909e-01	2.338759e-01	7.094789e+00
2.631579e-01	-8.209931e-02	-8.211023e-02	-6.333802e-02	4.248277e-01	4.248277e-01	2.393944e-01	7.212981e+00
2.597403e-01	-8.202301e-02	-8.203390e-02	-6.304759e-02	4.310452e-01	4.310452e-01	2.449478e-01	7.332113e+00
2.564103e-01	-8.194460e-02	-8.195546e-02	-6.275698e-02	4.372428e-01	4.372428e-01	2.505347e-01	7.452071e+00
2.531646e-01	-8.186413e-02	-8.187495e-02	-6.246631e-02	4.434193e-01	4.434193e-01	2.561538e-01	7.572742e+00
2.500000e-01	-8.178163e-02	-8.179242e-02	-6.217565e-02	4.495739e-01	4.495739e-01	2.618037e-01	7.694011e+00
2.469136e-01	-8.169717e-02	-8.170792e-02	-6.188513e-02	4.557057e-01	4.557057e-01	2.674829e-01	7.815763e+00
2.439024e-01	-8.161078e-02	-8.162149e-02	-6.159482e-02	4.618137e-01	4.618137e-01	2.731899e-01	7.937882e+00
2.409639e-01	-8.152252e-02	-8.153319e-02	-6.130482e-02	4.678969e-01	4.678969e-01	2.789233e-01	8.060252e+00
2.380952e-01	-8.143243e-02	-8.144306e-02	-6.101522e-02	4.739545e-01	4.739545e-01	2.846816e-01	8.182757e+00
2.352941e-01	-8.134057e-02	-8.135115e-02	-6.072613e-02	4.799854e-01	4.799854e-01	2.904631e-01	8.305279e+00
2.325581e-01	-8.124698e-02	-8.125751e-02	-6.043762e-02	4.859888e-01	4.859888e-01	2.962664e-01	8.427704e+00
2.298851e-01	-8.115170e-02	-8.116219e-02	-6.014979e-02	4.919636e-01	4.919636e-01	3.020899e-01	8.549914e+00
2.272727e-01	-8.105480e-02	-8.106524e-02	-5.986272e-02	4.979090e-01	4.979090e-01	3.079320e-01	8.671793e+00
2.247191e-01	-8.095632e-02	-8.096671e-02	-5.957651e-02	5.038240e-01	5.038240e-01	3.137910e-01	8.793226e+00
2.222222e-01	-8.085631e-02	-8.086665e-02	-5.929123e-02	5.097077e-01	5.097077e-01	3.196654e-01	8.914098e+00
2.197802e-01	-8.075482e-02	-8.076510e-02	-5.900698e-02	5.155591e-01	5.155591e-01	3.255536e-01	9.034295e+00
2.173913e-01	-8.065190e-02	-8.066213e-02	-5.872382e-02	5.213774e-01	5.213774e-01	3.314539e-01	9.153704e+00
2.150538e-01	-8.054760e-02	-8.055777e-02	-5.844185e-02	5.271617e-01	5.271617e-01	3.373646e-01	9.272213e+00
2.127660e-01	-8.044197e-02	-8.045208e-02	-5.816115e-02	5.329110e-01	5.329110e-01	3.432841e-01	9.389711e+00
2.105263e-01	-8.033506e-02	-8.034511e-02	-5.788178e-02	5.386245e-01	5.386245e-01	3.492108e-01	9.506091e+00
2.083333e-01	-8.022692e-02	-8.023692e-02	-5.760382e-02	5.443014e-01	5.443014e-01	3.551430e-01	9.621243e+00
2.061856e-01	-8.011761e-02	-8.012754e-02	-5.732736e-02	5.499408e-01	5.499408e-01	3.610790e-01	9.735064e+00
2.040816e-01	-8.000717e-02	-8.001704e-02	-5.705245e-02	5.555418e-01	5.555418e-01	3.670172e-01	9.847450e+00
2.020202e-01	-7.989565e-02	-7.990546e-02	-5.677917e-02	5.611038e-01	5.611038e-01	3.729559e-01	9.958299e+00
2.000000e-01	-7.978311e-02	-7.979286e-02	-5.650759e-02	5.666258e-01	5.666258e-01	3.788935e-01	1.006751e+01
1.980198e-01	-7.966960e-02	-7.967928e-02	-5.623777e-02	5.721071e-01	5.721071e-01	3.848284e-01	1.017499e+01
1.960784e-01	-7.955516e-02	-7.956478e-02	-5.596977e-02	5.775470e-01	5.775470e-01	3.907589e-01	1.028065e+01
1.941748e-01	-7.943986e-02	-7.944941e-02	-5.570366e-02	5.829447e-01	5.829447e-01	3.966834e-01	1.038439e+01
1.923077e-01	-7.932373e-02	-7.933322e-02	-5.543950e-02	5.882996e-01	5.882996e-01	4.026004e-01	1.048613e+01
1.904762e-01	-7.920683e-02	-7.921625e-02	-5.517735e-02	5.936110e-01	5.936110e-01	4.085081e-01	1.058577e+01
1.886792e-01	-7.908922e-02	-7.909857e-02	-5.491725e-02	5.988782e-01	5.988782e-01	4.144051e-01	1.068325e+01
1.869159e-01	-7.897093e-02	-7.898021e-02	-5.465926e-02	6.041005e-01	6.041005e-01	4.202898e-01	1.077847e+01
1.851852e-01	-7.885202e-02	-7.886123e-02	-5.440344e-02	6.092775e-01	6.092775e-01	4.261606e-01	1.087138e+01
1.834862e-01	-7.873254e-02	-7.874168e-02	-5.414983e-02	6.144084e-01	6.144084e-01	4.320161e-01	1.096188e+01
1.818182e-01	-7.861254e-02	-7.862161e-02	-5.389847e-02	6.194928e-01	6.194928e-01	4.378547e-01	1.104992e+01
1.801802e-01	-7.849207e-02	-7.850107e-02	-5.364942e-02	6.245302e-01	6.245302e-01	4.436750e-01	1.113543e+01
1.785714e-01	-7.837117e-02	-7.838010e-02	-5.340271e-02	6.295199e-01	6.295199e-01	4.494755e-01	1.121834e+01
1.769912e-01	-7.824989e-02	-7.825875e-02	-5.315838e-02	6.344617e-01	6.344617e-01	4.552549e-01	1.129861e+01
1.754386e-01	-7.812828e-02	-7.813707e-02	-5.291647e-02	6.393549e-01	6.393549e-01	4.610116e-01	1.137618e+01
1.739130e-01	-7.800638e-02	-7.801510e-02	-5.267702e-02	6.441993e-01	6.441993e-01	4.667444e-01	1.145099e+01
1.724138e-01	-7.788425e-02	-7.789289e-02	-5.244006e-02	6.489944e-01	6.489944e-01	4.724520e-01	1.152301e+01
1.709402e-01	-7.776192e-02	-7.777049e-02	-5.220561e-02	6.537398e-01	6.537398e-01	4.781330e-01	1.159218e+01
1.694915e-01	-7.763944e-02	-7.764794e-02	-5.197371e-02	6.584353e-01	6.584353e-01	4.837861e-01	1.165848e+01
1.680672e-01	-7.751686e-02	-7.752529e-02	-5.174438e-02	6.630805e-01	6.630805e-01	4.894102e-01	1.172186e+01
1.666667e-01	-7.739421e-02	-7.740257e-02	-5.151765e-02	6.676752e-01	6.676752e-01	4.950039e-01	1.178230e+01
1.652893e-01	-7.727155e-02	-7.727983e-02	-5.129354e-02	6.722190e-01	6.722190e-01	5.005663e-01	1.183977e+01
1.639344e-01	-7.714890e-02	-7.715712e-02	-5.107207e-02	6.767119e-01	6.767119e-01	5.060960e-01	1.189424e+01
1.626016e-01	-7.702632e-02	-7.703446e-02	-5.085325e-02	6.811536e-01	6.811536e-01	5.115920e-01	1.194569e+01
1.612903e-01	-7.690383e-02	-7.691191e-02	-5.063711e-02	6.855439e-01	6.855439e-01	5.170533e-01	1.199412e+01
1.600000e-01	-7.678149e-02	-7.678950e-02	-5.042365e-02	6.898827e-01	6.898827e-01	5.224788e-01	1.203950e+01
1.587302e-01	-7.665933e-02	-7.666726e-02	-5.021289e-02	6.941699e-01	6.941699e-01	5.278675e-01	1.208183e+01
1.574803e-01	-7.653738e-02	-7.654524e-02	-5.000483e-02	6.984054e-01	6.984054e-01	5.332184e-01	1.212110e+01
1.562500e-01	-7.641568e-02	-7.642347e-02	-4.979949e-02	7.025891e-01	7.025891e-01	5.385307e-01	1.215731e+01
1.550388e-01	-7.629427e-02	-7.630199e-02	-4.959686e-02	7.067211e-01	7.067211e-01	5.438035e-01	1.219047e+01
1.538462e-01	-7.617319e-02	-7.618084e-02	-4.939697e-02	7.108013e-01	7.108013e-01	5.490359e-01	1.222057e+01
1.526718e-01	-7.605245e-02	-7.606003e-02	-4.919979e-02	7.148297e-01	7.148297e-01	5.542272e-01	1.224763e+01
1.515152e-01	-7.593210e-02	-7.593961e-02	-4.900534e-02	7.188064e-01	7.188064e-01	5.593765e-01	1.227166e+01
1.503759e-01	-7.581217e-02	-7.581961e-02	-4.881362e-02	7.227314e-01	7.227314e-01	5.644831e-01	1.229267e+01
1.492537e-01	-7.569269e-02	-7.570006e-02	-4.862462e-02	7.266049e-01	7.266049e-01	5.695464e-01	1.231068e+01
1.481481e-01	-7.557368e-02	-7.558099e-02	-4.843834e-02	7.304269e-01	7.304269e-01	5.745656e-01	1.232571e+01
1.470588e-01	-7.545518e-02	-7.546242e-02	-4.825477e-02	7.341975e-01	7.341975e-01	5.795402e-01	1.233778e+01
1.459854e-01	-7.533721e-02	-7.534438e-02	-4.807391e-02	7.379170e-01	7.379170e-01	5.844696e-01	1.234693e+01
1.449275e-01	-7.521980e-02	-7.522690e-02	-4.789573e-02	7.415855e-01	7.415855e-01	5.893532e-01	1.235317e+01
1.438849e-01	-7.510297e-02	-7.511001e-02	-4.772025e-02	7.452032e-01	7.452032e-01	5.941906e-01	1.235654e+01
1.428571e-01	-7.498675e-02	-7.499372e-02	-4.754744e-02	7.487703e-01	7.487703e-01	5.989813e-01	1.235707e+01
1.418440e-01	-7.487116e-02	-7.487806e-02	-4.737728e-02	7.522871e-01	7.522871e-01	6.037248e-01	1.235480e+01
1.408451e-01	-7.475622e-02	-7.476306e-02	-4.720978e-02	7.557537e-01	7.557537e-01	6.084207e-01	1.234976e+01
1.398601e-01	-7.464196e-02	-7.464873e-02	-4.704490e-02	7.591706e-01	7.591706e-01	6.130688e-01	1.234201e+01
1.388889e-01	-7.452839e-02	-7.453510e-02	-4.688264e-02	7.625379e-01	7.625379e-01	6.176685e-01	1.233157e+01
1.379310e-01	-7.441553e-02	-7.442217e-02	-4.672298e-02	7.658559e-01	7.658559e-01	6.222198e-01	1.231849e+01
1.369863e-01	-7.430340e-02	-7.430998e-02	-4.656589e-02	7.691250e-01	7.691250e-01	6.267222e-01	1.230282e+01
1.360544e-01	-7.419202e-02	-7.419854e-02	-4.641136e-02	7.723456e-01	7.723456e-01	6.311756e-01	1.228461e+01
1.351351e-01	-7.408140e-02	-7.408785e-02	-4.625937e-02	7.755179e-01	7.755179e-01	6.355798e-01	1.226390e+01
1.342282e-01	-7.397156e-02	-7.397795e-02	-4.610990e-02	7.786424e-01	7.786424e-01	6.399346e-01	1.224074e+01
1.333333e-01	-7.386251e-02	-7.386884e-02	-4.596292e-02	7.817193e-01	7.817193e-01	6.442399e-01	1.221519e+01
1.324503e-01	-7.375426e-02	-7.376054e-02	-4.581841e-02	7.847492e-01	7.847492e-01	6.484956e-01	1.218730e+01
1.315789e-01	-7.364683e-02	-7.365305e-02	-4.567635e-02	7.877323e-01	7.877323e-01	6.527016e-01	1.215713e+01
1.307190e-01	-7.354023e-02	-7.354639e-02	-4.553672e-02	7.906692e-01	7.906692e-01	6.568579e-01	1.212472e+01
1.298701e-01	-7.343447e-02	-7.344057e-02	-4.539948e-02	7.935601e-01	7.935601e-01	6.609643e-01	1.209013e+01
1.290323e-01	-7.332956e-02	-7.333560e-02	-4.526462e-02	7.964057e-01	7.964057e-01	6.650211e-01	1.205343e+01
1.282051e-01	-7.322551e-02	-7.323149e-02	-4.513210e-02	7.992062e-01	7.992062e-01	6.690282e-01	1.201466e+01
1.273885e-01	-7.312232e-02	-7.312825e-02	-4.500191e-02	8.019622e-01	8.019622e-01	6.729856e-01	1.197389e+01
1.265823e-01	-7.302000e-02	-7.302587e-02	-4.487400e-02	8.046741e-01	8.046741e-01	6.768934e-01	1.193118e+01
1.257862e-01	-7.291856e-02	-7.292438e-02	-4.474837e-02	8.073424e-01	8.073424e-01	6.807518e-01	1.188658e+01
1.250000e-01	-7.281801e-02	-7.282377e-02	-4.462497e-02	8.099675e-01	8.099675e-01	6.845610e-01	1.184015e+01
1.242236e-01	-7.271835e-02	-7.272405e-02	-4.450378e-02	8.125499e-01	8.125499e-01	6.883209e-01	1.179196e+01
1.234568e-01	-7.261958e-02	-7.262523e-02	-4.438477e-02	8.150902e-01	8.150902e-01	6.920319e-01	1.174206e+01
1.226994e-01	-7.252170e-02	-7.252730e-02	-4.426791e-02	8.175888e-01	8.175888e-01	6.956942e-01	1.169051e+01
1.219512e-01	-7.242473e-02	-7.243027e-02	-4.415318e-02	8.200461e-01	8.200461e-01	6.993079e-01	1.163737e+01
1.212121e-01	-7.232865e-02	-7.233415e-02	-4.404054e-02	8.224628e-01	8.224628e-01	7.028732e-01	1.158271e+01
1.204819e-01	-7.223348e-02	-7.223893e-02	-4.392997e-02	8.248392e-01	8.248392e-01	7.063906e-01	1.152657e+01
1.197605e-01	-7.213921e-02	-7.214461e-02	-4.382143e-02	8.271760e-01	8.271760e-01	7.098601e-01	1.146903e+01
1.190476e-01	-7.204585e-02	-7.205120e-02	-4.371490e-02	8.294736e-01	8.294736e-01	7.132822e-01	1.141014e+01
1.183432e-01	-7.195339e-02	-7.195869e-02	-4.361035e-02	8.317325e-01	8.317325e-01	7.166571e-01	1.134995e+01
1.176471e-01	-7.186184e-02	-7.186709e-02	-4.350774e-02	8.339533e-01	8.339533e-01	7.199852e-01	1.128854e+01
1.169591e-01	-7.177118e-02	-7.177639e-02	-4.340705e-02	8.361364e-01	8.361364e-01	7.232668e-01	1.122594e+01
1.162791e-01	-7.168143e-02	-7.168659e-02	-4.330824e-02	8.382824e-01	8.382824e-01	7.265022e-01	1.116223e+01
1.156069e-01	-7.159257e-02	-7.159768e-02	-4.321130e-02	8.403918e-01	8.403918e-01	7.296918e-01	1.109746e+01
1.149425e-01	-7.150461e-02	-7.150968e-02	-4.311618e-02	8.424651e-01	8.424651e-01	7.328359e-01	1.103168e+01
1.142857e-01	-7.141755e-02	-7.142256e-02	-4.302286e-02	8.445028e-01	8.445028e-01	7.359351e-01	1.096495e+01
1.136364e-01	-7.133136e-02	-7.133634e-02	-4.293131e-02	8.465055e-01	8.465055e-01	7.389896e-01	1.089732e+01
1.129944e-01	-7.124607e-02	-7.125100e-02	-4.284150e-02	8.484737e-01	8.484737e-01	7.419999e-01	1.082884e+01
1.123596e-01	-7.116165e-02	-7.116654e-02	-4.275339e-02	8.504078e-01	8.504078e-01	7.449665e-01	1.075958e+01
1.117318e-01	-7.107811e-02	-7.108295e-02	-4.266698e-02	8.523084e-01	8.523084e-01	7.478896e-01	1.068958e+01
1.111111e-01	-7.099544e-02	-7.100024e-02	-4.258221e-02	8.541759e-01	8.541759e-01	7.507698e-01	1.061889e+01
1.104972e-01	-7.091364e-02	-7.091840e-02	-4.249907e-02	8.560111e-01	8.560111e-01	7.536075e-01	1.054756e+01
1.098901e-01	-7.083269e-02	-7.083741e-02	-4.241752e-02	8.578142e-01	8.578142e-01	7.564032e-01	1.047564e+01
1.092896e-01	-7.075260e-02	-7.075728e-02	-4.233754e-02	8.595858e-01	8.595858e-01	7.591572e-01	1.040317e+01
1.086957e-01	-7.067336e-02	-7.067799e-02	-4.225910e-02	8.613265e-01	8.613265e-01	7.618702e-01	1.033022e+01
1.081081e-01	-7.059496e-02	-7.059955e-02	-4.218218e-02	8.630366e-01	8.630366e-01	7.645424e-01	1.025681e+01
1.075269e-01	-7.051739e-02	-7.052195e-02	-4.210673e-02	8.647168e-01	8.647168e-01	7.671745e-01	1.018300e+01
1.069519e-01	-7.044065e-02	-7.044517e-02	-4.203275e-02	8.663675e-01	8.663675e-01	7.697668e-01	1.010882e+01
1.063830e-01	-7.036473e-02	-7.036922e-02	-4.196020e-02	8.679892e-01	8.679892e-01	7.723200e-01	1.003433e+01
1.058201e-01	-7.028963e-02	-7.029408e-02	-4.188905e-02	8.695823e-01	8.695823e-01	7.748343e-01	9.959563e+00
1.052632e-01	-7.021534e-02	-7.021974e-02	-4.181927e-02	8.711474e-01	8.711474e-01	7.773104e-01	9.884556e+00
1.047120e-01	-7.014184e-02	-7.014621e-02	-4.175085e-02	8.726850e-01	8.726850e-01	7.797486e-01	9.809350e+00
1.041667e-01	-7.006914e-02	-7.007347e-02	-4.168376e-02	8.741954e-01	8.741954e-01	7.821496e-01	9.733983e+00
1.036269e-01	-6.999722e-02	-7.000152e-02	-4.161797e-02	8.756792e-01	8.756792e-01	7.845138e-01	9.658493e+00
1.030928e-01	-6.992608e-02	-6.993034e-02	-4.155345e-02	8.771368e-01	8.771368e-01	7.868416e-01	9.582915e+00
1.025641e-01	-6.985570e-02	-6.985994e-02	-4.149018e-02	8.785687e-01	8.785687e-01	7.891335e-01	9.507283e+00
1.020408e-01	-6.978609e-02	-6.979029e-02	-4.142814e-02	8.799753e-01	8.799753e-01	7.913901e-01	9.431631e+00
1.015228e-01	-6.971724e-02	-6.972140e-02	-4.136731e-02	8.813571e-01	8.813571e-01	7.936118e-01	9.355990e+00
1.010101e-01	-6.964912e-02	-6.965326e-02	-4.130765e-02	8.827145e-01	8.827145e-01	7.957992e-01	9.280392e+00
1.005025e-01	-6.958175e-02	-6.958585e-02	-4.124915e-02	8.840479e-01	8.840479e-01	7.979526e-01	9.204868e+00
1.000000e-01	-6.951511e-02	-6.951918e-02	-4.119178e-02	8.853579e-01	8.853579e-01	8.000726e-01	9.129445e+00
9.950249e-02	-6.944918e-02	-6.945322e-02	-4.113553e-02	8.866447e-01	8.866447e-01	8.021597e-01	9.054152e+00
9.900990e-02	-6.938397e-02	-6.938798e-02	-4.108036e-02	8.879088e-01	8.879088e-01	8.042143e-01	8.979015e+00
9.852217e-02	-6.931947e-02	-6.932345e-02	-4.102626e-02	8.891507e-01	8.891507e-01	8.062369e-01	8.904060e+00
9.803922e-02	-6.925566e-02	-6.925961e-02	-4.097320e-02	8.903707e-01	8.903707e-01	8.082280e-01	8.829311e+00
9.756098e-02	-6.919255e-02	-6.919647e-02	-4.092117e-02	8.915693e-01	8.915693e-01	8.101881e-01	8.754793e+00
9.708738e-02	-6.913011e-02	-6.913400e-02	-4.087014e-02	8.927467e-01	8.927467e-01	8.121176e-01	8.680527e+00
9.661836e-02	-6.906835e-02	-6.907221e-02	-4.082009e-02	8.939035e-01	8.939035e-01	8.140170e-01	8.606535e+00
9.615385e-02	-6.900725e-02	-6.901108e-02	-4.077101e-02	8.950400e-01	8.950400e-01	8.158867e-01	8.532837e+00
9.569378e-02	-6.894681e-02	-6.895062e-02	-4.072286e-02	8.961566e-01	8.961566e-01	8.177272e-01	8.459454e+00
9.523810e-02	-6.888702e-02	-6.889080e-02	-4.067564e-02	8.972537e-01	8.972537e-01	8.195390e-01	8.386403e+00
9.478673e-02	-6.882787e-02	-6.883162e-02	-4.062933e-02	8.983315e-01	8.983315e-01	8.213226e-01	8.313702e+00
9.433962e-02	-6.876936e-02	-6.877308e-02	-4.058390e-02	8.993905e-01	8.993905e-01	8.230782e-01	8.241369e+00
9.389671e-02	-6.871147e-02	-6.871517e-02	-4.053934e-02	9.004311e-01	9.004311e-01	8.248065e-01	8.169419e+00
9.345794e-02	-6.865420e-02	-6.865787e-02	-4.049563e-02	9.014536e-01	9.014536e-01	8.265078e-01	8.097866e+00
9.302326e-02	-6.859754e-02	-6.860119e-02	-4.045275e-02	9.024583e-01	9.024583e-01	8.281826e-01	8.026726e+00
9.259259e-02	-6.854148e-02	-6.854510e-02	-4.041068e-02	9.034455e-01	9.034455e-01	8.298312e-01	7.956011e+00
9.216590e-02	-6.848602e-02	-6.848962e-02	-4.036941e-02	9.044157e-01	9.044157e-01	8.314542e-01	7.885734e+00
9.174312e-02	-6.843115e-02	-6.843472e-02	-4.032893e-02	9.053690e-01	9.053690e-01	8.330518e-01	7.815907e+00
9.132420e-02	-6.837686e-02	-6.838041e-02	-4.028920e-02	9.063059e-01	9.063059e-01	8.346246e-01	7.746540e+00
9.090909e-02	-6.832314e-02	-6.832666e-02	-4.025023e-02	9.072267e-01	9.072267e-01	8.361730e-01	7.677644e+00
9.049774e-02	-6.826999e-02	-6.827349e-02	-4.021198e-02	9.081316e-01	9.081316e-01	8.376973e-01	7.609229e+00
9.009009e-02	-6.821740e-02	-6.822087e-02	-4.017446e-02	9.090210e-01	9.090210e-01	8.391979e-01	7.541303e+00
8.968610e-02	-6.816536e-02	-6.816881e-02	-4.013763e-02	9.098951e-01	9.098951e-01	8.406753e-01	7.473874e+00
8.928571e-02	-6.811386e-02	-6.811730e-02	-4.010150e-02	9.107543e-01	9.107543e-01	8.421298e-01	7.406950e+00
8.888889e-02	-6.806291e-02	-6.806632e-02	-4.006603e-02	9.115989e-01	9.115989e-01	8.435618e-01	7.340538e+00
8.849558e-02	-6.801248e-02	-6.801587e-02	-4.003123e-02	9.124291e-01	9.124291e-01	8.449716e-01	7.274644e+00
8.810573e-02	-6.796259e-02	-6.796595e-02	-3.999707e-02	9.132452e-01	9.132452e-01	8.463597e-01	7.209273e+00
8.771930e-02	-6.791321e-02	-6.791655e-02	-3.996354e-02	9.140474e-01	9.140474e-01	8.477264e-01	7.144431e+00
8.733624e-02	-6.786434e-02	-6.786767e-02	-3.993063e-02	9.148361e-01	9.148361e-01	8.490721e-01	7.080123e+00
8.695652e-02	-6.781598e-02	-6.781928e-02	-3.989832e-02	9.156115e-01	9.156115e-01	8.503971e-01	7.016352e+00
8.658009e-02	-6.776812e-02	-6.777140e-02	-3.986661e-02	9.163739e-01	9.163739e-01	8.517017e-01	6.953121e+00
8.620690e-02	-6.772075e-02	-6.772401e-02	-3.983547e-02	9.171235e-01	9.171235e-01	8.529864e-01	6.890435e+00
8.583691e-02	-6.767387e-02	-6.767711e-02	-3.980491e-02	9.178605e-01	9.178605e-01	8.542514e-01	6.828295e+00
8.547009e-02	-6.762747e-02	-6.763070e-02	-3.977490e-02	9.185852e-01	9.185852e-01	8.554971e-01	6.766703e+00
8.510638e-02	-6.758154e-02	-6.758475e-02	-3.974543e-02	9.192978e-01	9.192978e-01	8.567238e-01	6.705662e+00
8.474576e-02	-6.753609e-02	-6.753928e-02	-3.971649e-02	9.199987e-01	9.199987e-01	8.579318e-01	6.645172e+00
8.438819e-02	-6.749110e-02	-6.749427e-02	-3.968808e-02	9.206879e-01	9.206879e-01	8.591215e-01	6.585235e+00
8.403361e-02	-6.744656e-02	-6.744972e-02	-3.966017e-02	9.213657e-01	9.213657e-01	8.602931e-01	6.525850e+00
8.368201e-02	-6.740248e-02	-6.740562e-02	-3.963277e-02	9.220324e-01	9.220324e-01	8.614470e-01	6.467019e+00
8.333333e-02	-6.735885e-02	-6.736197e-02	-3.960585e-02	9.226881e-01	9.226881e-01	8.625834e-01	6.408740e+00
8.298755e-02	-6.731566e-02	-6.731876e-02	-3.957942e-02	9.233330e-01	9.233330e-01	8.637027e-01	6.351013e+00
8.264463e-02	-6.727290e-02	-6.727598e-02	-3.955345e-02	9.239675e-01	9.239675e-01	8.648052e-01	6.293838e+00
8.230453e-02	-6.723058e-02	-6.723364e-02	-3.952794e-02	9.245916e-01	9.245916e-01	8.658911e-01	6.237213e+00
8.196721e-02	-6.718868e-02	-6.719173e-02	-3.950288e-02	9.252055e-01	9.252055e-01	8.669607e-01	6.181136e+00
8.163265e-02	-6.714720e-02	-6.715023e-02	-3.947826e-02	9.258095e-01	9.258095e-01	8.680143e-01	6.125607e+00
8.130081e-02	-6.710614e-02	-6.710915e-02	-3.945407e-02	9.264038e-01	9.264038e-01	8.690522e-01	6.070623e+00
8.097166e-02	-6.706549e-02	-6.706849e-02	-3.943031e-02	9.269885e-01	9.269885e-01	8.700746e-01	6.016182e+00
8.064516e-02	-6.702524e-02	-6.702823e-02	-3.940696e-02	9.275638e-01	9.275638e-01	8.710818e-01	5.962281e+00
8.032129e-02	-6.698540e-02	-6.698837e-02	-3.938401e-02	9.281299e-01	9.281299e-01	8.720741e-01	5.908918e+00
8.000000e-02	-6.694595e-02	-6.694891e-02	-3.936146e-02	9.286869e-01	9.286869e-01	8.730517e-01	5.856090e+00
7.968127e-02	-6.690690e-02	-6.690984e-02	-3.933929e-02	9.292351e-01	9.292351e-01	8.740148e-01	5.803794e+00
7.936508e-02	-6.686823e-02	-6.687115e-02	-3.931751e-02	9.297746e-01	9.297746e-01	8.749638e-01	5.752027e+00
7.905138e-02	-6.682995e-02	-6.683286e-02	-3.929610e-02	9.303055e-01	9.303055e-01	8.758988e-01	5.700785e+00
7.874016e-02	-6.679205e-02	-6.679494e-02	-3.927505e-02	9.308281e-01	9.308281e-01	8.768200e-01	5.650065e+00
7.843137e-02	-6.675452e-02	-6.675739e-02	-3.925436e-02	9.313425e-01	9.313425e-01	8.777278e-01	5.599863e+00
7.812500e-02	-6.671736e-02	-6.672022e-02	-3.923402e-02	9.318488e-01	9.318488e-01	8.786223e-01	5.550175e+00
7.782101e-02	-6.668057e-02	-6.668342e-02	-3.921403e-02	9.323472e-01	9.323472e-01	8.795038e-01	5.500998e+00
7.751938e-02	-6.664414e-02	-6.664697e-02	-3.919437e-02	9.328378e-01	9.328378e-01	8.803724e-01	5.452328e+00
7.722008e-02	-6.660807e-02	-6.661089e-02	-3.917504e-02	9.333208e-01	9.333208e-01	8.812284e-01	5.404159e+00
7.692308e-02	-6.657235e-02	-6.657516e-02	-3.915603e-02	9.337963e-01	9.337963e-01	8.820720e-01	5.356489e+00
7.662835e-02	-6.653698e-02	-6.653978e-02	-3.913734e-02	9.342644e-01	9.342644e-01	8.829035e-01	5.309312e+00
7.633588e-02	-6.650196e-02	-6.650474e-02	-3.911896e-02	9.347254e-01	9.347254e-01	8.837229e-01	5.262624e+00
7.604563e-02	-6.646729e-02	-6.647005e-02	-3.910088e-02	9.351792e-01	9.351792e-01	8.845306e-01	5.216421e+00
7.575758e-02	-6.643295e-02	-6.643570e-02	-3.908310e-02	9.356262e-01	9.356262e-01	8.853267e-01	5.170699e+00
7.547170e-02	-6.639895e-02	-6.640169e-02	-3.906561e-02	9.360663e-01	9.360663e-01	8.861113e-01	5.125451e+00
7.518797e-02	-6.636528e-02	-6.636801e-02	-3.904840e-02	9.364997e-01	9.364997e-01	8.868848e-01	5.080675e+00
7.490637e-02	-6.633194e-02	-6.633465e-02	-3.903148e-02	9.369265e-01	9.369265e-01	8.876472e-01	5.036364e+00
7.462687e-02	-6.629892e-02	-6.630162e-02	-3.901483e-02	9.373469e-01	9.373469e-01	8.883988e-01	4.992515e+00
7.434944e-02	-6.626622e-02	-6.626892e-02	-3.899845e-02	9.377609e-01	9.377609e-01	8.891397e-01	4.949122e+00
7.407407e-02	-6.623385e-02	-6.623653e-02	-3.898233e-02	9.381688e-01	9.381688e-01	8.898702e-01	4.906181e+00
7.380074e-02	-6.620179e-02	-6.620445e-02	-3.896648e-02	9.385705e-01	9.385705e-01	8.905903e-01	4.863687e+00
7.352941e-02	-6.617004e-02	-6.617269e-02	-3.895087e-02	9.389661e-01	9.389661e-01	8.913002e-01	4.821634e+00
7.326007e-02	-6.613860e-02	-6.614124e-02	-3.893552e-02	9.393559e-01	9.393559e-01	8.920002e-01	4.780019e+00
7.299270e-02	-6.610746e-02	-6.611009e-02	-3.892041e-02	9.397399e-01	9.397399e-01	8.926903e-01	4.738836e+00
7.272727e-02	-6.607663e-02	-6.607925e-02	-3.890554e-02	9.401183e-01	9.401183e-01	8.933708e-01	4.698080e+00
7.246377e-02	-6.604609e-02	-6.604871e-02	-3.889090e-02	9.404910e-01	9.404910e-01	8.940418e-01	4.657746e+00
7.220217e-02	-6.601586e-02	-6.601846e-02	-3.887650e-02	9.408582e-01	9.408582e-01	8.947034e-01	4.617830e+00
7.194245e-02	-6.598591e-02	-6.598850e-02	-3.886232e-02	9.412200e-01	9.412200e-01	8.953558e-01	4.578326e+00
7.168459e-02	-6.595626e-02	-6.595884e-02	-3.884836e-02	9.415766e-01	9.415766e-01	8.959991e-01	4.539230e+00
7.142857e-02	-6.592689e-02	-6.592946e-02	-3.883462e-02	9.419279e-01	9.419279e-01	8.966336e-01	4.500536e+00
7.117438e-02	-6.589781e-02	-6.590037e-02	-3.882109e-02	9.422741e-01	9.422741e-01	8.972592e-01	4.462241e+00
7.092199e-02	-6.586901e-02	-6.587156e-02	-3.880777e-02	9.426153e-01	9.426153e-01	8.978762e-01	4.424339e+00
7.067138e-02	-6.584049e-02	-6.584303e-02	-3.879465e-02	9.429515e-01	9.429515e-01	8.984848e-01	4.386824e+00
7.042254e-02	-6.581225e-02	-6.581477e-02	-3.878174e-02	9.432829e-01	9.432829e-01	8.990849e-01	4.349694e+00
7.017544e-02	-6.578428e-02	-6.578679e-02	-3.876903e-02	9.436095e-01	9.436095e-01	8.996769e-01	4.312942e+00
6.993007e-02	-6.575658e-02	-6.575908e-02	-3.875651e-02	9.439314e-01	9.439314e-01	9.002607e-01	4.276564e+00
6.968641e-02	-6.572915e-02	-6.573164e-02	-3.874418e-02	9.442487e-01	9.442487e-01	9.008366e-01	4.240555e+00
6.944444e-02	-6.570198e-02	-6.570447e-02	-3.873203e-02	9.445614e-01	9.445614e-01	9.014046e-01	4.204911e+00
6.920415e-02	-6.567508e-02	-6.567756e-02	-3.872008e-02	9.448697e-01	9.448697e-01	9.019649e-01	4.169627e+00
6.896552e-02	-6.564844e-02	-6.565091e-02	-3.870830e-02	9.451736e-01	9.451736e-01	9.025176e-01	4.134699e+00
6.872852e-02	-6.562206e-02	-6.562452e-02	-3.869669e-02	9.454732e-01	9.454732e-01	9.030628e-01	4.100121e+00
6.849315e-02	-6.559593e-02	-6.559838e-02	-3.868526e-02	9.457686e-01	9.457686e-01	9.036006e-01	4.065890e+00
6.825939e-02	-6.557006e-02	-6.557250e-02	-3.867401e-02	9.460598e-01	9.460598e-01	9.041312e-01	4.032001e+00
6.802721e-02	-6.554443e-02	-6.554687e-02	-3.866292e-02	9.463469e-01	9.463469e-01	9.046546e-01	3.998449e+00
6.779661e-02	-6.551906e-02	-6.552149e-02	-3.865199e-02	9.466299e-01	9.466299e-01	9.051710e-01	3.965230e+00
6.756757e-02	-6.549393e-02	-6.549635e-02	-3.864123e-02	9.469090e-01	9.469090e-01	9.056805e-01	3.932341e+00
6.734007e-02	-6.546905e-02	-6.547146e-02	-3.863062e-02	9.471842e-01	9.471842e-01	9.061831e-01	3.899775e+00
6.711409e-02	-6.544441e-02	-6.544681e-02	-3.862017e-02	9.474556e-01	9.474556e-01	9.066790e-01	3.867530e+00
6.688963e-02	-6.542001e-02	-6.542240e-02	-3.860987e-02	9.477232e-01	9.477232e-01	9.071683e-01	3.835602e+00
6.666667e-02	-6.539584e-02	-6.539823e-02	-3.859973e-02	9.479871e-01	9.479871e-01	9.076511e-01	3.803985e+00
6.644518e-02	-6.537192e-02	-6.537429e-02	-3.858973e-02	9.482473e-01	9.482473e-01	9.081274e-01	3.772676e+00
6.622517e-02	-6.534822e-02	-6.535059e-02	-3.857988e-02	9.485039e-01	9.485039e-01	9.085975e-01	3.741671e+00
6.600660e-02	-6.532476e-02	-6.532711e-02	-3.857017e-02	9.487570e-01	9.487570e-01	9.090613e-01	3.710966e+00
6.578947e-02	-6.530152e-02	-6.530387e-02	-3.856060e-02	9.490066e-01	9.490066e-01	9.095189e-01	3.680557e+00
6.557377e-02	-6.527851e-02	-6.528085e-02	-3.855116e-02	9.492528e-01	9.492528e-01	9.099706e-01	3.650440e+00
6.535948e-02	-6.525572e-02	-6.525806e-02	-3.854187e-02	9.494956e-01	9.494956e-01	9.104162e-01	3.620611e+00
6.514658e-02	-6.523316e-02	-6.523549e-02	-3.853270e-02	9.497351e-01	9.497351e-01	9.108560e-01	3.591066e+00
6.493506e-02	-6.521082e-02	-6.521314e-02	-3.852367e-02	9.499714e-01	9.499714e-01	9.112900e-01	3.561803e+00
6.472492e-02	-6.518870e-02	-6.519101e-02	-3.851477e-02	9.502044e-01	9.502044e-01	9.117184e-01	3.532816e+00
6.451613e-02	-6.516679e-02	-6.516910e-02	-3.850599e-02	9.504343e-01	9.504343e-01	9.121411e-01	3.504103e+00
6.430868e-02	-6.514510e-02	-6.514740e-02	-3.849733e-02	9.506610e-01	9.506610e-01	9.125583e-01	3.475660e+00
6.410256e-02	-6.512362e-02	-6.512591e-02	-3.848880e-02	9.508847e-01	9.508847e-01	9.129700e-01	3.447483e+00
6.389776e-02	-6.510235e-02	-6.510463e-02	-3.848039e-02	9.511054e-01	9.511054e-01	9.133764e-01	3.419569e+00
6.369427e-02	-6.508129e-02	-6.508357e-02	-3.847210e-02	9.513231e-01	9.513231e-01	9.137774e-01	3.391914e+00
6.349206e-02	-6.506044e-02	-6.506271e-02	-3.846392e-02	9.515379e-01	9.515379e-01	9.141733e-01	3.364516e+00
6.329114e-02	-6.503979e-02	-6.504205e-02	-3.845586e-02	9.517498e-01	9.517498e-01	9.145640e-01	3.337370e+00
6.309148e-02	-6.501934e-02	-6.502160e-02	-3.844791e-02	9.519589e-01	9.519589e-01	9.149497e-01	3.310474e+00
6.289308e-02	-6.499910e-02	-6.500135e-02	-3.844008e-02	9.521651e-01	9.521651e-01	9.153303e-01	3.283825e+00
6.269592e-02	-6.497906e-02	-6.498130e-02	-3.843235e-02	9.523687e-01	9.523687e-01	9.157061e-01	3.257418e+00
6.250000e-02	-6.495921e-02	-6.496144e-02	-3.842472e-02	9.525695e-01	9.525695e-01	9.160769e-01	3.231251e+00
6.230530e-02	-6.493956e-02	-6.494179e-02	-3.841721e-02	9.527676e-01	9.527676e-01	9.164430e-01	3.205322e+00
6.211180e-02	-6.492010e-02	-6.492233e-02	-3.840979e-02	9.529631e-01	9.529631e-01	9.168044e-01	3.179626e+00
6.191950e-02	-6.490084e-02	-6.490306e-02	-3.840248e-02	9.531561e-01	9.531561e-01	9.171612e-01	3.154161e+00
6.172840e-02	-6.488177e-02	-6.488398e-02	-3.839527e-02	9.533465e-01	9.533465e-01	9.175133e-01	3.128925e+00
6.153846e-02	-6.486288e-02	-6.486509e-02	-3.838816e-02	9.535343e-01	9.535343e-01	9.178610e-01	3.103913e+00
6.134969e-02	-6.484418e-02	-6.484638e-02	-3.838114e-02	9.537197e-01	9.537197e-01	9.182042e-01	3.079124e+00
6.116208e-02	-6.482567e-02	-6.482787e-02	-3.837422e-02	9.539027e-01	9.539027e-01	9.185430e-01	3.054555e+00
6.097561e-02	-6.480735e-02	-6.480953e-02	-3.836740e-02	9.540833e-01	9.540833e-01	9.188775e-01	3.030202e+00
6.079027e-02	-6.478920e-02	-6.479138e-02	-3.836066e-02	9.542615e-01	9.542615e-01	9.192077e-01	3.006063e+00
6.060606e-02	-6.477124e-02	-6.477341e-02	-3.835402e-02	9.544373e-01	9.544373e-01	9.195336e-01	2.982136e+00
6.042296e-02	-6.475345e-02	-6.475562e-02	-3.834747e-02	9.546109e-01	9.546109e-01	9.198555e-01	2.958418e+00
6.024096e-02	-6.473584e-02	-6.473801e-02	-3.834101e-02	9.547822e-01	9.547822e-01	9.201732e-01	2.934907e+00
6.006006e-02	-6.471841e-02	-6.472057e-02	-3.833463e-02	9.549513e-01	9.549513e-01	9.204869e-01	2.911599e+00
5.988024e-02	-6.470115e-02	-6.470331e-02	-3.832834e-02	9.551181e-01	9.551181e-01	9.207967e-01	2.888492e+00
5.970149e-02	-6.468407e-02	-6.468622e-02	-3.832213e-02	9.552829e-01	9.552829e-01	9.211025e-01	2.865585e+00
5.952381e-02	-6.466715e-02	-6.466930e-02	-3.831601e-02	9.554454e-01	9.554454e-01	9.214044e-01	2.842874e+00
5.934718e-02	-6.465041e-02	-6.465255e-02	-3.830997e-02	9.556059e-01	9.556059e-01	9.217025e-01	2.820357e+00
5.917160e-02	-6.463383e-02	-6.463596e-02	-3.830401e-02	9.557643e-01	9.557643e-01	9.219969e-01	2.798032e+00
5.899705e-02	-6.461742e-02	-6.461955e-02	-3.829813e-02	9.559207e-01	9.559207e-01	9.222875e-01	2.775897e+00
5.882353e-02	-6.460118e-02	-6.460330e-02	-3.829232e-02	9.560750e-01	9.560750e-01	9.225745e-01	2.753950e+00
5.865103e-02	-6.458510e-02	-6.458721e-02	-3.828660e-02	9.562273e-01	9.562273e-01	9.228578e-01	2.732187e+00
5.847953e-02	-6.456918e-02	-6.457129e-02	-3.828095e-02	9.563777e-01	9.563777e-01	9.231376e-01	2.710608e+00
5.830904e-02	-6.455342e-02	-6.455552e-02	-3.827537e-02	9.565262e-01	9.565262e-01	9.234138e-01	2.689209e+00
5.813953e-02	-6.453782e-02	-6.453992e-02	-3.826987e-02	9.566727e-01	9.566727e-01	9.236866e-01	2.667989e+00
5.797101e-02	-6.452238e-02	-6.452447e-02	-3.826444e-02	9.568174e-01	9.568174e-01	9.239560e-01	2.646947e+00
5.780347e-02	-6.450709e-02	-6.450918e-02	-3.825908e-02	9.569602e-01	9.569602e-01	9.242220e-01	2.626079e+00
5.763689e-02	-6.449196e-02	-6.449404e-02	-3.825379e-02	9.571012e-01	9.571012e-01	9.244847e-01	2.605384e+00
5.747126e-02	-6.447698e-02	-6.447906e-02	-3.824857e-02	9.572405e-01	9.572405e-01	9.247440e-01	2.584859e+00
5.730659e-02	-6.446215e-02	-6.446423e-02	-3.824342e-02	9.573779e-01	9.573779e-01	9.250001e-01	2.564504e+00
5.714286e-02	-6.444748e-02	-6.444955e-02	-3.823834e-02	9.575136e-01	9.575136e-01	9.252531e-01	2.544316e+00
5.698006e-02	-6.443295e-02	-6.443502e-02	-3.823332e-02	9.576475e-01	9.576475e-01	9.255028e-01	2.524294e+00
5.681818e-02	-6.441857e-02	-6.442064e-02	-3.822837e-02	9.577798e-01	9.577798e-01	9.257495e-01	2.504434e+00
5.665722e-02	-6.440434e-02	-6.440640e-02	-3.822348e-02	9.579103e-01	9.579103e-01	9.259931e-01	2.484737e+00
5.649718e-02	-6.439025e-02	-6.439231e-02	-3.821866e-02	9.580393e-01	9.580393e-01	9.262336e-01	2.465199e+00
5.633803e-02	-6.437631e-02	-6.437836e-02	-3.821390e-02	9.581665e-01	9.581665e-01	9.264711e-01	2.445820e+00
5.617978e-02	-6.436251e-02	-6.436456e-02	-3.820920e-02	9.582922e-01	9.582922e-01	9.267057e-01	2.426597e+00
5.602241e-02	-6.434885e-02	-6.435089e-02	-3.820456e-02	9.584163e-01	9.584163e-01	9.269374e-01	2.407529e+00
5.586592e-02	-6.433533e-02	-6.433737e-02	-3.819998e-02	9.585388e-01	9.585388e-01	9.271662e-01	2.388615e+00
5.571031e-02	-6.432195e-02	-6.432398e-02	-3.819546e-02	9.586598e-01	9.586598e-01	9.273922e-01	2.369852e+00
5.555556e-02	-6.430871e-02	-6.431073e-02	-3.819100e-02	9.587793e-01	9.587793e-01	9.276153e-01	2.351239e+00
5.540166e-02	-6.429560e-02	-6.429762e-02	-3.818659e-02	9.588972e-01	9.588972e-01	9.278357e-01	2.332774e+00
5.524862e-02	-6.428262e-02	-6.428464e-02	-3.818225e-02	9.590137e-01	9.590137e-01	9.280534e-01	2.314457e+00
5.509642e-02	-6.426978e-02	-6.427180e-02	-3.817795e-02	9.591287e-01	9.591287e-01	9.282683e-01	2.296285e+00
5.494505e-02	-6.425708e-02	-6.425909e-02	-3.817372e-02	9.592423e-01	9.592423e-01	9.284806e-01	2.278257e+00
5.479452e-02	-6.424450e-02	-6.424651e-02	-3.816953e-02	9.593544e-01	9.593544e-01	9.286903e-01	2.260372e+00
5.464481e-02	-6.423205e-02	-6.423406e-02	-3.816541e-02	9.594651e-01	9.594651e-01	9.288974e-01	2.242628e+00
5.449591e-02	-6.421973e-02	-6.422174e-02	-3.816133e-02	9.595745e-01	9.595745e-01	9.291020e-01	2.225024e+00
5.434783e-02	-6.420754e-02	-6.420954e-02	-3.815730e-02	9.596824e-01	9.596824e-01	9.293040e-01	2.207558e+00
5.420054e-02	-6.419548e-02	-6.419747e-02	-3.815333e-02	9.597891e-01	9.597891e-01	9.295035e-01	2.190229e+00
5.405405e-02	-6.418354e-02	-6.418553e-02	-3.814941e-02	9.598944e-01	9.598944e-01	9.297006e-01	2.173036e+00
5.390836e-02	-6.417172e-02	-6.417371e-02	-3.814553e-02	9.599984e-01	9.599984e-01	9.298952e-01	2.155977e+00
5.376344e-02	-6.416003e-02	-6.416201e-02	-3.814171e-02	9.601010e-01	9.601010e-01	9.300874e-01	2.139051e+00
5.361930e-02	-6.414846e-02	-6.415044e-02	-3.813794e-02	9.602025e-01	9.602025e-01	9.302773e-01	2.122257e+00
5.347594e-02	-6.413700e-02	-6.413898e-02	-3.813421e-02	9.603026e-01	9.603026e-01	9.304649e-01	2.105594e+00
5.333333e-02	-6.412567e-02	-6.412764e-02	-3.813053e-02	9.604015e-01	9.604015e-01	9.306501e-01	2.089059e+00
5.319149e-02	-6.411446e-02	-6.411643e-02	-3.812689e-02	9.604992e-01	9.604992e-01	9.308331e-01	2.072653e+00
5.305040e-02	-6.410336e-02	-6.410532e-02	-3.812330e-02	9.605956e-01	9.605956e-01	9.310138e-01	2.056374e+00
5.291005e-02	-6.409238e-02	-6.409434e-02	-3.811976e-02	9.606909e-01	9.606909e-01	9.311923e-01	2.040221e+00
5.277045e-02	-6.408151e-02	-6.408347e-02	-3.811626e-02	9.607850e-01	9.607850e-01	9.313686e-01	2.024192e+00
5.263158e-02	-6.407076e-02	-6.407271e-02	-3.811281e-02	9.608779e-01	9.608779e-01	9.315427e-01	2.008287e+00
5.249344e-02	-6.406011e-02	-6.406207e-02	-3.810940e-02	9.609697e-01	9.609697e-01	9.317148e-01	1.992504e+00
5.235602e-02	-6.404958e-02	-6.405153e-02	-3.810603e-02	9.610603e-01	9.610603e-01	9.318847e-01	1.976842e+00
5.221932e-02	-6.403916e-02	-6.404111e-02	-3.810271e-02	9.611498e-01	9.611498e-01	9.320525e-01	1.961300e+00
5.208333e-02	-6.402885e-02	-6.403080e-02	-3.809942e-02	9.612382e-01	9.612382e-01	9.322183e-01	1.945878e+00
5.194805e-02	-6.401865e-02	-6.402059e-02	-3.809618e-02	9.613255e-01	9.613255e-01	9.323820e-01	1.930573e+00
5.181347e-02	-6.400856e-02	-6.401049e-02	-3.809298e-02	9.614117e-01	9.614117e-01	9.325438e-01	1.915386e+00
5.167959e-02	-6.399857e-02	-6.400050e-02	-3.808981e-02	9.614969e-01	9.614969e-01	9.327036e-01	1.900314e+00
5.154639e-02	-6.398869e-02	-6.399062e-02	-3.808669e-02	9.615810e-01	9.615810e-01	9.328614e-01	1.885357e+00
5.141388e-02	-6.397891e-02	-6.398083e-02	-3.808361e-02	9.616641e-01	9.616641e-01	9.330173e-01	1.870514e+00
5.128205e-02	-6.396923e-02	-6.397115e-02	-3.808056e-02	9.617462e-01	9.617462e-01	9.331713e-01	1.855784e+00
5.115090e-02	-6.395966e-02	-6.396158e-02	-3.807756e-02	9.618272e-01	9.618272e-01	9.333234e-01	1.841167e+00
5.102041e-02	-6.395018e-02	-6.395210e-02	-3.807459e-02	9.619073e-01	9.619073e-01	9.334736e-01	1.826660e+00
5.089059e-02	-6.394081e-02	-6.394273e-02	-3.807165e-02	9.619863e-01	9.619863e-01	9.336221e-01	1.812263e+00
5.076142e-02	-6.393154e-02	-6.393345e-02	-3.806876e-02	9.620644e-01	9.620644e-01	9.337687e-01	1.797975e+00
5.063291e-02	-6.392236e-02	-6.392427e-02	-3.806590e-02	9.621416e-01	9.621416e-01	9.339135e-01	1.783796e+00
5.050505e-02	-6.391328e-02	-6.391519e-02	-3.806307e-02	9.622178e-01	9.622178e-01	9.340566e-01	1.769724e+00
5.037783e-02	-6.390430e-02	-6.390620e-02	-3.806028e-02	9.622930e-01	9.622930e-01	9.341979e-01	1.755759e+00
5.025126e-02	-6.389541e-02	-6.389732e-02	-3.805753e-02	9.623673e-01	9.623673e-01	9.343376e-01	1.741899e+00
5.012531e-02	-6.388662e-02	-6.388852e-02	-3.805481e-02	9.624408e-01	9.624408e-01	9.344755e-01	1.728144e+00
5.000000e-02	-6.387792e-02	-6.387982e-02	-3.805212e-02	9.625133e-01	9.625133e-01	9.346117e-01	1.714492e+00
4.987531e-02	-6.386931e-02	-6.387121e-02	-3.804946e-02	9.625849e-01	9.625849e-01	9.347463e-01	1.700944e+00
4.975124e-02	-6.386080e-02	-6.386269e-02	-3.804684e-02	9.626557e-01	9.626557e-01	9.348792e-01	1.687498e+00
4.962779e-02	-6.385237e-02	-6.385426e-02	-3.804425e-02	9.627256e-01	9.627256e-01	9.350106e-01	1.674153e+00
4.950495e-02	-6.384404e-02	-6.384593e-02	-3.804170e-02	9.627946e-01	9.627946e-01	9.351403e-01	1.660909e+00
4.938272e-02	-6.383579e-02	-6.383768e-02	-3.803917e-02	9.628628e-01	9.628628e-01	9.352685e-01	1.647764e+00
4.926108e-02	-6.382764e-02	-6.382952e-02	-3.803668e-02	9.629302e-01	9.629302e-01	9.353951e-01	1.634719e+00
4.914005e-02	-6.381957e-02	-6.382145e-02	-3.803421e-02	9.629967e-01	9.629967e-01	9.355202e-01	1.621772e+00
4.901961e-02	-6.381158e-02	-6.381346e-02	-3.803178e-02	9.630624e-01	9.630624e-01	9.356437e-01	1.608922e+00
4.889976e-02	-6.380368e-02	-6.380556e-02	-3.802938e-02	9.631274e-01	9.631274e-01	9.357658e-01	1.596168e+00
4.878049e-02	-6.379587e-02	-6.379774e-02	-3.802700e-02	9.631915e-01	9.631915e-01	9.358864e-01	1.583511e+00
4.866180e-02	-6.378814e-02	-6.379001e-02	-3.802466e-02	9.632548e-01	9.632548e-01	9.360055e-01	1.570949e+00
4.854369e-02	-6.378049e-02	-6.378236e-02	-3.802234e-02	9.633174e-01	9.633174e-01	9.361232e-01	1.558481e+00
4.842615e-02	-6.377292e-02	-6.377479e-02	-3.802006e-02	9.633792e-01	9.633792e-01	9.362395e-01	1.546107e+00
4.830918e-02	-6.376544e-02	-6.376731e-02	-3.801780e-02	9.634403e-01	9.634403e-01	9.363543e-01	1.533826e+00
4.819277e-02	-6.375804e-02	-6.375990e-02	-3.801557e-02	9.635006e-01	9.635006e-01	9.364678e-01	1.521637e+00
4.807692e-02	-6.375071e-02	-6.375257e-02	-3.801336e-02	9.635602e-01	9.635602e-01	9.365799e-01	1.509539e+00
4.796163e-02	-6.374347e-02	-6.374532e-02	-3.801119e-02	9.636191e-01	9.636191e-01	9.366906e-01	1.497533e+00
4.784689e-02	-6.373630e-02	-6.373816e-02	-3.800903e-02	9.636772e-01	9.636772e-01	9.368000e-01	1.485616e+00
4.773270e-02	-6.372921e-02	-6.373106e-02	-3.800691e-02	9.637347e-01	9.637347e-01	9.369081e-01	1.473789e+00
4.761905e-02	-6.372219e-02	-6.372405e-02	-3.800481e-02	9.637914e-01	9.637914e-01	9.370148e-01	1.462051e+00
4.750594e-02	-6.371526e-02	-6.371711e-02	-3.800274e-02	9.638475e-01	9.638475e-01	9.371203e-01	1.450401e+00
4.739336e-02	-6.370839e-02	-6.371024e-02	-3.800069e-02	9.639029e-01	9.639029e-01	9.372245e-01	1.438839e+00
4.728132e-02	-6.370160e-02	-6.370345e-02	-3.799867e-02	9.639576e-01	9.639576e-01	9.373275e-01	1.427363e+00
4.716981e-02	-6.369489e-02	-6.369673e-02	-3.799667e-02	9.640116e-01	9.640116e-01	9.374292e-01	1.415974e+00
4.705882e-02	-6.368824e-02	-6.369009e-02	-3.799470e-02	9.640650e-01	9.640650e-01	9.375296e-01	1.404670e+00
4.694836e-02	-6.368167e-02	-6.368351e-02	-3.799275e-02	9.641177e-01	9.641177e-01	9.376289e-01	1.393451e+00
4.683841e-02	-6.367517e-02	-6.367701e-02	-3.799083e-02	9.641698e-01	9.641698e-01	9.377270e-01	1.382316e+00
4.672897e-02	-6.366874e-02	-6.367058e-02	-3.798893e-02	9.642213e-01	9.642213e-01	9.378239e-01	1.371265e+00
4.662005e-02	-6.366238e-02	-6.366422e-02	-3.798705e-02	9.642721e-01	9.642721e-01	9.379196e-01	1.360297e+00
4.651163e-02	-6.365609e-02	-6.365792e-02	-3.798519e-02	9.643224e-01	9.643224e-01	9.380142e-01	1.349412e+00
4.640371e-02	-6.364987e-02	-6.365170e-02	-3.798336e-02	9.643720e-01	9.643720e-01	9.381076e-01	1.338608e+00
4.629630e-02	-6.364371e-02	-6.364554e-02	-3.798155e-02	9.644210e-01	9.644210e-01	9.381999e-01	1.327886e+00
4.618938e-02	-6.363762e-02	-6.363945e-02	-3.797976e-02	9.644694e-01	9.644694e-01	9.382911e-01	1.317244e+00
4.608295e-02	-6.363160e-02	-6.363343e-02	-3.797799e-02	9.645173e-01	9.645173e-01	9.383812e-01	1.306682e+00
4.597701e-02	-6.362564e-02	-6.362747e-02	-3.797625e-02	9.645646e-01	9.645646e-01	9.384702e-01	1.296200e+00
4.587156e-02	-6.361975e-02	-6.362157e-02	-3.797452e-02	9.646113e-01	9.646113e-01	9.385581e-01	1.285797e+00
4.576659e-02	-6.361392e-02	-6.361574e-02	-3.797282e-02	9.646574e-01	9.646574e-01	9.386450e-01	1.275472e+00
4.566210e-02	-6.360816e-02	-6.360998e-02	-3.797114e-02	9.647030e-01	9.647030e-01	9.387308e-01	1.265225e+00
4.555809e-02	-6.360245e-02	-6.360427e-02	-3.796947e-02	9.647480e-01	9.647480e-01	9.388156e-01	1.255055e+00
4.545455e-02	-6.359681e-02	-6.359863e-02	-3.796783e-02	9.647925e-01	9.647925e-01	9.388994e-01	1.244962e+00
4.535147e-02	-6.359124e-02	-6.359305e-02	-3.796621e-02	9.648364e-01	9.648364e-01	9.389822e-01	1.234945e+00
4.524887e-02	-6.358572e-02	-6.358753e-02	-3.796461e-02	9.648798e-01	9.648798e-01	9.390640e-01	1.225004e+00
4.514673e-02	-6.358026e-02	-6.358207e-02	-3.796302e-02	9.649227e-01	9.649227e-01	9.391448e-01	1.215137e+00
4.504505e-02	-6.357486e-02	-6.357668e-02	-3.796146e-02	9.649651e-01	9.649651e-01	9.392246e-01	1.205345e+00
4.494382e-02	-6.356953e-02	-6.357134e-02	-3.795992e-02	9.650070e-01	9.650070e-01	9.393035e-01	1.195628e+00
4.484305e-02	-6.356425e-02	-6.356605e-02	-3.795839e-02	9.650483e-01	9.650483e-01	9.393814e-01	1.185983e+00
4.474273e-02	-6.355902e-02	-6.356083e-02	-3.795688e-02	9.650892e-01	9.650892e-01	9.394584e-01	1.176412e+00
4.464286e-02	-6.355386e-02	-6.355566e-02	-3.795539e-02	9.651295e-01	9.651295e-01	9.395344e-01	1.166913e+00
4.454343e-02	-6.354875e-02	-6.355055e-02	-3.795392e-02	9.651694e-01	9.651694e-01	9.396096e-01	1.157485e+00
4.444444e-02	-6.354370e-02	-6.354550e-02	-3.795247e-02	9.652088e-01	9.652088e-01	9.396838e-01	1.148130e+00
4.434590e-02	-6.353870e-02	-6.354050e-02	-3.795103e-02	9.652478e-01	9.652478e-01	9.397572e-01	1.138845e+00
4.424779e-02	-6.353376e-02	-6.353556e-02	-3.794961e-02	9.652862e-01	9.652862e-01	9.398297e-01	1.129630e+00
4.415011e-02	-6.352887e-02	-6.353067e-02	-3.794821e-02	9.653242e-01	9.653242e-01	9.399013e-01	1.120486e+00
4.405286e-02	-6.352403e-02	-6.352583e-02	-3.794682e-02	9.653618e-01	9.653618e-01	9.399720e-01	1.111410e+00
4.395604e-02	-6.351925e-02	-6.352105e-02	-3.794546e-02	9.653988e-01	9.653988e-01	9.400419e-01	1.102404e+00
4.385965e-02	-6.351452e-02	-6.351632e-02	-3.794411e-02	9.654355e-01	9.654355e-01	9.401110e-01	1.093466e+00
4.376368e-02	-6.350985e-02	-6.351164e-02	-3.794277e-02	9.654717e-01	9.654717e-01	9.401792e-01	1.084596e+00
4.366812e-02	-6.350522e-02	-6.350701e-02	-3.794145e-02	9.655075e-01	9.655075e-01	9.402466e-01	1.075794e+00
4.357298e-02	-6.350065e-02	-6.350244e-02	-3.794015e-02	9.655428e-01	9.655428e-01	9.403132e-01	1.067058e+00
4.347826e-02	-6.349612e-02	-6.349791e-02	-3.793886e-02	9.655777e-01	9.655777e-01	9.403791e-01	1.058389e+00
4.338395e-02	-6.349165e-02	-6.349344e-02	-3.793759e-02	9.656122e-01	9.656122e-01	9.404441e-01	1.049787e+00
4.329004e-02	-6.348722e-02	-6.348901e-02	-3.793633e-02	9.656463e-01	9.656463e-01	9.405083e-01	1.041249e+00
4.319654e-02	-6.348285e-02	-6.348463e-02	-3.793509e-02	9.656800e-01	9.656800e-01	9.405718e-01	1.032777e+00
4.310345e-02	-6.347852e-02	-6.348030e-02	-3.793386e-02	9.657132e-01	9.657132e-01	9.406345e-01	1.024370e+00
4.301075e-02	-6.347424e-02	-6.347602e-02	-3.793265e-02	9.657461e-01	9.657461e-01	9.406965e-01	1.016026e+00
4.291845e-02	-6.347000e-02	-6.347179e-02	-3.793145e-02	9.657786e-01	9.657786e-01	9.407577e-01	1.007747e+00
4.282655e-02	-6.346582e-02	-6.346760e-02	-3.793027e-02	9.658107e-01	9.658107e-01	9.408182e-01	9.995305e-01
4.273504e-02	-6.346168e-02	-6.346346e-02	-3.792910e-02	9.658424e-01	9.658424e-01	9.408780e-01	9.913771e-01
4.264392e-02	-6.345758e-02	-6.345936e-02	-3.792795e-02	9.658737e-01	9.658737e-01	9.409370e-01	9.832862e-01
4.255319e-02	-6.345353e-02	-6.345531e-02	-3.792681e-02	9.659047e-01	9.659047e-01	9.409954e-01	9.752572e-01
4.246285e-02	-6.344953e-02	-6.345130e-02	-3.792568e-02	9.659352e-01	9.659352e-01	9.410530e-01	9.672899e-01
4.237288e-02	-6.344557e-02	-6.344734e-02	-3.792457e-02	9.659654e-01	9.659654e-01	9.411100e-01	9.593836e-01
4.228330e-02	-6.344165e-02	-6.344342e-02	-3.792347e-02	9.659953e-01	9.659953e-01	9.411663e-01	9.515381e-01
4.219409e-02	-6.343778e-02	-6.343955e-02	-3.792238e-02	9.660248e-01	9.660248e-01	9.412219e-01	9.437528e-01
4.210526e-02	-6.343395e-02	-6.343572e-02	-3.792130e-02	9.660539e-01	9.660539e-01	9.412769e-01	9.360273e-01
4.201681e-02	-6.343016e-02	-6.343193e-02	-3.792024e-02	9.660827e-01	9.660827e-01	9.413311e-01	9.283613e-01
4.192872e-02	-6.342641e-02	-6.342818e-02	-3.791920e-02	9.661112e-01	9.661112e-01	9.413848e-01	9.207543e-01
4.184100e-02	-6.342271e-02	-6.342448e-02	-3.791816e-02	9.661393e-01	9.661393e-01	9.414378e-01	9.132059e-01
4.175365e-02	-6.341905e-02	-6.342081e-02	-3.791714e-02	9.661671e-01	9.661671e-01	9.414902e-01	9.057156e-01
4.166667e-02	-6.341542e-02	-6.341719e-02	-3.791613e-02	9.661945e-01	9.661945e-01	9.415419e-01	8.982831e-01
4.158004e-02	-6.341184e-02	-6.341360e-02	-3.791513e-02	9.662216e-01	9.662216e-01	9.415930e-01	8.909080e-01
4.149378e-02	-6.340830e-02	-6.341006e-02	-3.791414e-02	9.662484e-01	9.662484e-01	9.416436e-01	8.835899e-01
4.140787e-02	-6.340479e-02	-6.340656e-02	-3.791316e-02	9.662749e-01	9.662749e-01	9.416935e-01	8.763283e-01
4.132231e-02	-6.340133e-02	-6.340309e-02	-3.791220e-02	9.663010e-01	9.663010e-01	9.417428e-01	8.691228e-01
4.123711e-02	-6.339790e-02	-6.339966e-02	-3.791125e-02	9.663268e-01	9.663268e-01	9.417915e-01	8.619731e-01
4.115226e-02	-6.339451e-02	-6.339627e-02	-3.791031e-02	9.663524e-01	9.663524e-01	9.418397e-01	8.548788e-01
4.106776e-02	-6.339116e-02	-6.339292e-02	-3.790938e-02	9.663776e-01	9.663776e-01	9.418872e-01	8.478395e-01
4.098361e-02	-6.338785e-02	-6.338961e-02	-3.790846e-02	9.664025e-01	9.664025e-01	9.419343e-01	8.408547e-01
4.089980e-02	-6.338457e-02	-6.338633e-02	-3.790755e-02	9.664272e-01	9.664272e-01	9.419807e-01	8.339241e-01
4.081633e-02	-6.338133e-02	-6.338309e-02	-3.790666e-02	9.664515e-01	9.664515e-01	9.420266e-01	8.270474e-01
4.073320e-02	-6.337813e-02	-6.337988e-02	-3.790577e-02	9.664755e-01	9.664755e-01	9.420720e-01	8.202241e-01
4.065041e-02	-6.337496e-02	-6.337671e-02	-3.790490e-02	9.664993e-01	9.664993e-01	9.421168e-01	8.134538e-01
4.056795e-02	-6.337183e-02	-6.337358e-02	-3.790403e-02	9.665228e-01	9.665228e-01	9.421610e-01	8.067363e-01
4.048583e-02	-6.336873e-02	-6.337048e-02	-3.790318e-02	9.665460e-01	9.665460e-01	9.422048e-01	8.000710e-01
4.040404e-02	-6.336566e-02	-6.336742e-02	-3.790233e-02	9.665689e-01	9.665689e-01	9.422480e-01	7.934577e-01
4.032258e-02	-6.336263e-02	-6.336439e-02	-3.790150e-02	9.665915e-01	9.665915e-01	9.422907e-01	7.868959e-01
4.024145e-02	-6.335964e-02	-6.336139e-02	-3.790068e-02	9.666139e-01	9.666139e-01	9.423329e-01	7.803854e-01
4.016064e-02	-6.335668e-02	-6.335843e-02	-3.789986e-02	9.666360e-01	9.666360e-01	9.423746e-01	7.739256e-01
4.008016e-02	-6.335375e-02	-6.335550e-02	-3.789906e-02	9.666579e-01	9.666579e-01	9.424158e-01	7.675164e-01
4.000000e-02	-6.335085e-02	-6.335260e-02	-3.789826e-02	9.666794e-01	9.666794e-01	9.424566e-01	7.611572e-01
3.992016e-02	-6.334798e-02	-6.334973e-02	-3.789748e-02	9.667008e-01	9.667008e-01	9.424968e-01	7.548479e-01
3.984064e-02	-6.334515e-02	-6.334690e-02	-3.789670e-02	9.667218e-01	9.667218e-01	9.425366e-01	7.485879e-01
3.976143e-02	-6.334235e-02	-6.334410e-02	-3.789593e-02	9.667427e-01	9.667427e-01	9.425758e-01	7.423769e-01
3.968254e-02	-6.333958e-02	-6.334133e-02	-3.789518e-02	9.667632e-01	9.667632e-01	9.426147e-01	7.362147e-01
3.960396e-02	-6.333684e-02	-6.333859e-02	-3.789443e-02	9.667836e-01	9.667836e-01	9.426530e-01	7.301008e-01
3.952569e-02	-6.333413e-02	-6.333588e-02	-3.789369e-02	9.668037e-01	9.668037e-01	9.426909e-01	7.240348e-01
3.944773e-02	-6.333146e-02	-6.333320e-02	-3.789296e-02	9.668235e-01	9.668235e-01	9.427284e-01	7.180166e-01
3.937008e-02	-6.332881e-02	-6.333055e-02	-3.789224e-02	9.668431e-01	9.668431e-01	9.427654e-01	7.120457e-01
3.929273e-02	-6.332619e-02	-6.332793e-02	-3.789152e-02	9.668625e-01	9.668625e-01	9.428019e-01	7.061217e-01
3.921569e-02	-6.332360e-02	-6.332534e-02	-3.789082e-02	9.668817e-01	9.668817e-01	9.428380e-01	7.002444e-01
3.913894e-02	-6.332104e-02	-6.332278e-02	-3.789012e-02	9.669006e-01	9.669006e-01	9.428737e-01	6.944133e-01
3.906250e-02	-6.331851e-02	-6.332025e-02	-3.788943e-02	9.669193e-01	9.669193e-01	9.429090e-01	6.886283e-01
3.898635e-02	-6.331600e-02	-6.331774e-02	-3.788875e-02	9.669378e-01	9.669378e-01	9.429439e-01	6.828888e-01
3.891051e-02	-6.331353e-02	-6.331527e-02	-3.788808e-02	9.669560e-01	9.669560e-01	9.429783e-01	6.771947e-01
3.883495e-02	-6.331108e-02	-6.331282e-02	-3.788742e-02	9.669741e-01	9.669741e-01	9.430124e-01	6.715455e-01
3.875969e-02	-6.330866e-02	-6.331040e-02	-3.788676e-02	9.669919e-01	9.669919e-01	9.430460e-01	6.659410e-01
3.868472e-02	-6.330627e-02	-6.330800e-02	-3.788611e-02	9.670095e-01	9.670095e-01	9.430792e-01	6.603809e-01
3.861004e-02	-6.330390e-02	-6.330564e-02	-3.788547e-02	9.670269e-01	9.670269e-01	9.431121e-01	6.548647e-01
3.853565e-02	-6.330156e-02	-6.330329e-02	-3.788484e-02	9.670441e-01	9.670441e-01	9.431445e-01	6.493922e-01
3.846154e-02	-6.329925e-02	-6.330098e-02	-3.788421e-02	9.670611e-01	9.670611e-01	9.431766e-01	6.439631e-01
3.838772e-02	-6.329696e-02	-6.329869e-02	-3.788360e-02	9.670779e-01	9.670779e-01	9.432083e-01	6.385770e-01
3.831418e-02	-6.329470e-02	-6.329643e-02	-3.788298e-02	9.670945e-01	9.670945e-01	9.432396e-01	6.332337e-01
3.824092e-02	-6.329246e-02	-6.329419e-02	-3.788238e-02	9.671109e-01	9.671109e-01	9.432705e-01	6.279328e-01
3.816794e-02	-6.329025e-02	-6.329198e-02	-3.788178e-02	9.671271e-01	9.671271e-01	9.433011e-01	6.226741e-01
3.809524e-02	-6.328806e-02	-6.328979e-02	-3.788120e-02	9.671431e-01	9.671431e-01	9.433313e-01	6.174571e-01
3.802281e-02	-6.328590e-02	-6.328763e-02	-3.788061e-02	9.671589e-01	9.671589e-01	9.433611e-01	6.122817e-01
3.795066e-02	-6.328376e-02	-6.328549e-02	-3.788004e-02	9.671746e-01	9.671746e-01	9.433906e-01	6.071475e-01
3.787879e-02	-6.328164e-02	-6.328337e-02	-3.787947e-02	9.671900e-01	9.671900e-01	9.434198e-01	6.020542e-01
3.780718e-02	-6.327955e-02	-6.328128e-02	-3.787891e-02	9.672053e-01	9.672053e-01	9.434486e-01	5.970015e-01
3.773585e-02	-6.327749e-02	-6.327921e-02	-3.787835e-02	9.672204e-01	9.672204e-01	9.434771e-01	5.919891e-01
3.766478e-02	-6.327544e-02	-6.327717e-02	-3.787780e-02	9.672353e-01	9.672353e-01	9.435052e-01	5.870167e-01
3.759398e-02	-6.327342e-02	-6.327515e-02	-3.787726e-02	9.672500e-01	9.672500e-01	9.435330e-01	5.820840e-01
3.752345e-02	-6.327142e-02	-6.327315e-02	-3.787673e-02	9.672645e-01	9.672645e-01	9.435604e-01	5.771908e-01
3.745318e-02	-6.326945e-02	-6.327117e-02	-3.787620e-02	9.672789e-01	9.672789e-01	9.435876e-01	5.723367e-01
3.738318e-02	-6.326749e-02	-6.326922e-02	-3.787568e-02	9.672931e-01	9.672931e-01	9.436144e-01	5.675214e-01
3.731343e-02	-6.326556e-02	-6.326729e-02	-3.787516e-02	9.673072e-01	9.673072e-01	9.436409e-01	5.627447e-01
3.724395e-02	-6.326365e-02	-6.326537e-02	-3.787465e-02	9.673211e-01	9.673211e-01	9.436671e-01	5.580063e-01
3.717472e-02	-6.326176e-02	-6.326349e-02	-3.787414e-02	9.673348e-01	9.673348e-01	9.436930e-01	5.533059e-01
3.710575e-02	-6.325989e-02	-6.326162e-02	-3.787364e-02	9.673483e-01	9.673483e-01	9.437185e-01	5.486432e-01
3.703704e-02	-6.325805e-02	-6.325977e-02	-3.787315e-02	9.673617e-01	9.673617e-01	9.437438e-01	5.440179e-01
3.696858e-02	-6.325622e-02	-6.325794e-02	-3.787267e-02	9.673750e-01	9.673750e-01	9.437688e-01	5.394298e-01
3.690037e-02	-6.325442e-02	-6.325614e-02	-3.787218e-02	9.673880e-01	9.673880e-01	9.437935e-01	5.348786e-01
3.683241e-02	-6.325263e-02	-6.325435e-02	-3.787171e-02	9.674010e-01	9.674010e-01	9.438178e-01	5.303640e-01
3.676471e-02	-6.325087e-02	-6.325259e-02	-3.787124e-02	9.674137e-01	9.674137e-01	9.438419e-01	5.258857e-01
3.669725e-02	-6.324912e-02	-6.325084e-02	-3.787078e-02	9.674264e-01	9.674264e-01	9.438657e-01	5.214435e-01
3.663004e-02	-6.324739e-02	-6.324912e-02	-3.787032e-02	9.674388e-01	9.674388e-01	9.438893e-01	5.170371e-01
3.656307e-02	-6.324569e-02	-6.324741e-02	-3.786986e-02	9.674512e-01	9.674512e-01	9.439125e-01	5.126662e-01
3.649635e-02	-6.324400e-02	-6.324572e-02	-3.786942e-02	9.674633e-01	9.674633e-01	9.439355e-01	5.083306e-01
3.642987e-02	-6.324233e-02	-6.324405e-02	-3.786897e-02	9.674754e-01	9.674754e-01	9.439582e-01	5.040299e-01
3.636364e-02	-6.324068e-02	-6.324240e-02	-3.786854e-02	9.674873e-01	9.674873e-01	9.439807e-01	4.997641e-01
3.629764e-02	-6.323905e-02	-6.324077e-02	-3.786810e-02	9.674990e-01	9.674990e-01	9.440028e-01	4.955327e-01
3.623188e-02	-6.323744e-02	-6.323916e-02	-3.786768e-02	9.675106e-01	9.675106e-01	9.440247e-01	4.913355e-01
3.616637e-02	-6.323585e-02	-6.323756e-02	-3.786725e-02	9.675221e-01	9.675221e-01	9.440464e-01	4.871723e-01
3.610108e-02	-6.323427e-02	-6.323599e-02	-3.786684e-02	9.675334e-01	9.675334e-01	9.440678e-01	4.830428e-01
3.603604e-02	-6.323271e-02	-6.323443e-02	-3.786643e-02	9.675447e-01	9.675447e-01	9.440889e-01	4.789467e-01
3.597122e-02	-6.323117e-02	-6.323289e-02	-3.786602e-02	9.675557e-01	9.675557e-01	9.441098e-01	4.748839e-01
3.590664e-02	-6.322965e-02	-6.323136e-02	-3.786562e-02	9.675667e-01	9.675667e-01	9.441305e-01	4.708540e-01
3.584229e-02	-6.322814e-02	-6.322986e-02	-3.786522e-02	9.675775e-01	9.675775e-01	9.441509e-01	4.668569e-01
3.577818e-02	-6.322665e-02	-6.322837e-02	-3.786482e-02	9.675882e-01	9.675882e-01	9.441711e-01	4.628921e-01
3.571429e-02	-6.322518e-02	-6.322689e-02	-3.786444e-02	9.675987e-01	9.675987e-01	9.441910e-01	4.589596e-01
3.565062e-02	-6.322372e-02	-6.322544e-02	-3.786405e-02	9.676092e-01	9.676092e-01	9.442107e-01	4.550591e-01
3.558719e-02	-6.322228e-02	-6.322400e-02	-3.786367e-02	9.676195e-01	9.676195e-01	9.442302e-01	4.511903e-01
3.552398e-02	-6.322086e-02	-6.322257e-02	-3.786330e-02	9.676297e-01	9.676297e-01	9.442494e-01	4.473530e-01
3.546099e-02	-6.321945e-02	-6.322116e-02	-3.786293e-02	9.676398e-01	9.676398e-01	9.442684e-01	4.435469e-01
3.539823e-02	-6.321806e-02	-6.321977e-02	-3.786256e-02	9.676497e-01	9.676497e-01	9.442872e-01	4.397719e-01
3.533569e-02	-6.321668e-02	-6.321840e-02	-3.786220e-02	9.676596e-01	9.676596e-01	9.443057e-01	4.360276e-01
3.527337e-02	-6.321532e-02	-6.321703e-02	-3.786184e-02	9.676693e-01	9.676693e-01	9.443241e-01	4.323139e-01
3.521127e-02	-6.321398e-02	-6.321569e-02	-3.786149e-02	9.676789e-01	9.676789e-01	9.443422e-01	4.286305e-01
3.514938e-02	-6.321265e-02	-6.321436e-02	-3.786114e-02	9.676884e-01	9.676884e-01	9.443601e-01	4.249772e-01
3.508772e-02	-6.321133e-02	-6.321304e-02	-3.786080e-02	9.676978e-01	9.676978e-01	9.443778e-01	4.213537e-01
3.502627e-02	-6.321003e-02	-6.321174e-02	-3.786046e-02	9.677070e-01	9.677070e-01	9.443953e-01	4.177598e-01
