# Finite Temperature Data for Kitaev Ladder
# chi_max = 300, h = 0.9000
# Columns: T | Sigmax | Sigmay | Sigmaz | S1 | S2 | Wp | Cv
# 
2.000000e+01	-8.048297e-02	-8.048332e-02	-8.010946e-02	6.788210e-05	6.788210e-05	-3.614607e-06	3.749111e-01
1.000000e+01	-1.132196e-01	-1.132209e-01	-1.124160e-01	2.852576e-04	2.852576e-04	-1.978353e-05	1.288442e+00
6.666667e+00	-1.411995e-01	-1.412027e-01	-1.398442e-01	7.344365e-04	7.344365e-04	-5.979700e-05	2.439931e+00
5.000000e+00	-1.649393e-01	-1.649449e-01	-1.629421e-01	1.448928e-03	1.448928e-03	-1.315656e-04	3.599482e+00
4.000000e+00	-1.850410e-01	-1.850495e-01	-1.823407e-01	2.420458e-03	2.420458e-03	-2.389570e-04	4.627247e+00
3.333333e+00	-2.020982e-01	-2.021098e-01	-1.986578e-01	3.612543e-03	3.612543e-03	-3.834254e-04	5.460166e+00
2.857143e+00	-2.166459e-01	-2.166607e-01	-2.124484e-01	4.974756e-03	4.974756e-03	-5.657641e-04	6.087414e+00
2.500000e+00	-2.291417e-01	-2.291597e-01	-2.241855e-01	6.453464e-03	6.453464e-03	-7.869682e-04	6.527509e+00
2.222222e+00	-2.399645e-01	-2.399855e-01	-2.342596e-01	7.998463e-03	7.998463e-03	-1.048310e-03	6.811780e+00
2.000000e+00	-2.494218e-01	-2.494458e-01	-2.429866e-01	9.566358e-03	9.566358e-03	-1.351025e-03	6.974248e+00
1.818182e+00	-2.577608e-01	-2.577874e-01	-2.506195e-01	1.112176e-02	1.112176e-02	-1.695937e-03	7.046313e+00
1.666667e+00	-2.651785e-01	-2.652077e-01	-2.573593e-01	1.263717e-02	1.263717e-02	-2.083188e-03	7.054513e+00
1.538462e+00	-2.718323e-01	-2.718637e-01	-2.633655e-01	1.409226e-02	1.409226e-02	-2.512113e-03	7.020030e+00
1.428571e+00	-2.778475e-01	-2.778811e-01	-2.687647e-01	1.547278e-02	1.547278e-02	-2.981242e-03	6.959063e+00
1.333333e+00	-2.833247e-01	-2.833601e-01	-2.736576e-01	1.676949e-02	1.676949e-02	-3.488392e-03	6.883560e+00
1.250000e+00	-2.883445e-01	-2.883817e-01	-2.781246e-01	1.797714e-02	1.797714e-02	-4.030795e-03	6.802035e+00
1.176471e+00	-2.929723e-01	-2.930111e-01	-2.822303e-01	1.909357e-02	1.909357e-02	-4.605256e-03	6.720322e+00
1.111111e+00	-2.972613e-01	-2.973015e-01	-2.860268e-01	2.011896e-02	2.011896e-02	-5.208291e-03	6.642232e+00
1.052632e+00	-3.012551e-01	-3.012965e-01	-2.895564e-01	2.105518e-02	2.105518e-02	-5.836265e-03	6.570077e+00
1.000000e+00	-3.049895e-01	-3.050321e-01	-2.928537e-01	2.190534e-02	2.190534e-02	-6.485499e-03	6.505092e+00
9.523810e-01	-3.084944e-01	-3.085381e-01	-2.959474e-01	2.267337e-02	2.267337e-02	-7.152357e-03	6.447754e+00
9.090909e-01	-3.117949e-01	-3.118396e-01	-2.988609e-01	2.336372e-02	2.336372e-02	-7.833320e-03	6.398023e+00
8.695652e-01	-3.149121e-01	-3.149576e-01	-3.016143e-01	2.398115e-02	2.398115e-02	-8.525029e-03	6.355524e+00
8.333333e-01	-3.178640e-01	-3.179103e-01	-3.042240e-01	2.453052e-02	2.453052e-02	-9.224325e-03	6.319676e+00
8.000000e-01	-3.206659e-01	-3.207129e-01	-3.067042e-01	2.501672e-02	2.501672e-02	-9.928269e-03	6.289784e+00
7.692308e-01	-3.233311e-01	-3.233787e-01	-3.090670e-01	2.544452e-02	2.544452e-02	-1.063415e-02	6.265108e+00
7.407407e-01	-3.258710e-01	-3.259192e-01	-3.113228e-01	2.581853e-02	2.581853e-02	-1.133951e-02	6.244904e+00
7.142857e-01	-3.282957e-01	-3.283444e-01	-3.134806e-01	2.614318e-02	2.614318e-02	-1.204210e-02	6.228456e+00
6.896552e-01	-3.306141e-01	-3.306632e-01	-3.155481e-01	2.642265e-02	2.642265e-02	-1.273992e-02	6.215097e+00
6.666667e-01	-3.328339e-01	-3.328834e-01	-3.175324e-01	2.666088e-02	2.666088e-02	-1.343117e-02	6.204214e+00
6.451613e-01	-3.349620e-01	-3.350120e-01	-3.194394e-01	2.686155e-02	2.686155e-02	-1.411429e-02	6.195257e+00
6.250000e-01	-3.370048e-01	-3.370550e-01	-3.212745e-01	2.702810e-02	2.702810e-02	-1.478788e-02	6.187740e+00
6.060606e-01	-3.389677e-01	-3.390182e-01	-3.230426e-01	2.716373e-02	2.716373e-02	-1.545073e-02	6.181237e+00
5.882353e-01	-3.408557e-01	-3.409065e-01	-3.247479e-01	2.727137e-02	2.727137e-02	-1.610182e-02	6.175384e+00
5.714286e-01	-3.426735e-01	-3.427245e-01	-3.263944e-01	2.735375e-02	2.735375e-02	-1.674026e-02	6.169869e+00
5.555556e-01	-3.444251e-01	-3.444763e-01	-3.279855e-01	2.741336e-02	2.741336e-02	-1.736531e-02	6.164429e+00
5.405405e-01	-3.461143e-01	-3.461657e-01	-3.295244e-01	2.745251e-02	2.745251e-02	-1.797636e-02	6.158850e+00
5.263158e-01	-3.477446e-01	-3.477961e-01	-3.310141e-01	2.747331e-02	2.747331e-02	-1.857290e-02	6.152953e+00
5.128205e-01	-3.493191e-01	-3.493708e-01	-3.324572e-01	2.747766e-02	2.747766e-02	-1.915455e-02	6.146598e+00
5.000000e-01	-3.508409e-01	-3.508927e-01	-3.338561e-01	2.746734e-02	2.746734e-02	-1.972100e-02	6.139675e+00
4.878049e-01	-3.523125e-01	-3.523644e-01	-3.352132e-01	2.744393e-02	2.744393e-02	-2.027204e-02	6.132098e+00
4.761905e-01	-3.537365e-01	-3.537885e-01	-3.365304e-01	2.740891e-02	2.740891e-02	-2.080753e-02	6.123807e+00
4.651163e-01	-3.551153e-01	-3.551673e-01	-3.378098e-01	2.736360e-02	2.736360e-02	-2.132740e-02	6.114759e+00
4.545455e-01	-3.564509e-01	-3.565029e-01	-3.390531e-01	2.730920e-02	2.730920e-02	-2.183162e-02	6.104931e+00
4.444444e-01	-3.577455e-01	-3.577975e-01	-3.402619e-01	2.724681e-02	2.724681e-02	-2.232023e-02	6.094309e+00
4.347826e-01	-3.590008e-01	-3.590529e-01	-3.414378e-01	2.717741e-02	2.717741e-02	-2.279331e-02	6.082893e+00
4.255319e-01	-3.602187e-01	-3.602708e-01	-3.425823e-01	2.710191e-02	2.710191e-02	-2.325099e-02	6.070692e+00
4.166667e-01	-3.614009e-01	-3.614529e-01	-3.436968e-01	2.702112e-02	2.702112e-02	-2.369340e-02	6.057722e+00
4.081633e-01	-3.625488e-01	-3.626008e-01	-3.447824e-01	2.693576e-02	2.693576e-02	-2.412074e-02	6.044005e+00
4.000000e-01	-3.636639e-01	-3.637159e-01	-3.458404e-01	2.684651e-02	2.684651e-02	-2.453321e-02	6.029567e+00
3.921569e-01	-3.647477e-01	-3.647996e-01	-3.468719e-01	2.675395e-02	2.675395e-02	-2.493103e-02	6.014439e+00
3.846154e-01	-3.658013e-01	-3.658532e-01	-3.478780e-01	2.665863e-02	2.665863e-02	-2.531446e-02	5.998653e+00
3.773585e-01	-3.668261e-01	-3.668780e-01	-3.488597e-01	2.656103e-02	2.656103e-02	-2.568376e-02	5.982243e+00
3.703704e-01	-3.678232e-01	-3.678750e-01	-3.498179e-01	2.646158e-02	2.646158e-02	-2.603918e-02	5.965244e+00
3.636364e-01	-3.687937e-01	-3.688454e-01	-3.507534e-01	2.636067e-02	2.636067e-02	-2.638102e-02	5.947692e+00
3.571429e-01	-3.697386e-01	-3.697902e-01	-3.516673e-01	2.625865e-02	2.625865e-02	-2.670957e-02	5.929623e+00
3.508772e-01	-3.706589e-01	-3.707104e-01	-3.525601e-01	2.615583e-02	2.615583e-02	-2.702511e-02	5.911073e+00
3.448276e-01	-3.715555e-01	-3.716070e-01	-3.534328e-01	2.605250e-02	2.605250e-02	-2.732795e-02	5.892077e+00
3.389831e-01	-3.724293e-01	-3.724807e-01	-3.542860e-01	2.594889e-02	2.594889e-02	-2.761838e-02	5.872668e+00
3.333333e-01	-3.732812e-01	-3.733325e-01	-3.551204e-01	2.584525e-02	2.584525e-02	-2.789671e-02	5.852881e+00
3.278689e-01	-3.741120e-01	-3.741632e-01	-3.559366e-01	2.574175e-02	2.574175e-02	-2.816324e-02	5.832748e+00
3.225806e-01	-3.749224e-01	-3.749735e-01	-3.567353e-01	2.563858e-02	2.563858e-02	-2.841825e-02	5.812300e+00
3.174603e-01	-3.757131e-01	-3.757642e-01	-3.575171e-01	2.553590e-02	2.553590e-02	-2.866206e-02	5.791567e+00
3.125000e-01	-3.764849e-01	-3.765358e-01	-3.582825e-01	2.543384e-02	2.543384e-02	-2.889496e-02	5.770577e+00
3.076923e-01	-3.772384e-01	-3.772892e-01	-3.590321e-01	2.533252e-02	2.533252e-02	-2.911724e-02	5.749359e+00
3.030303e-01	-3.779742e-01	-3.780249e-01	-3.597664e-01	2.523205e-02	2.523205e-02	-2.932918e-02	5.727938e+00
2.985075e-01	-3.786929e-01	-3.787435e-01	-3.604858e-01	2.513252e-02	2.513252e-02	-2.953106e-02	5.706340e+00
2.941176e-01	-3.793952e-01	-3.794457e-01	-3.611909e-01	2.503402e-02	2.503402e-02	-2.972318e-02	5.684588e+00
2.898551e-01	-3.800815e-01	-3.801318e-01	-3.618820e-01	2.493662e-02	2.493662e-02	-2.990579e-02	5.662705e+00
2.857143e-01	-3.807523e-01	-3.808026e-01	-3.625597e-01	2.484038e-02	2.484038e-02	-3.007917e-02	5.640713e+00
2.816901e-01	-3.814083e-01	-3.814584e-01	-3.632243e-01	2.474535e-02	2.474535e-02	-3.024358e-02	5.618631e+00
2.777778e-01	-3.820498e-01	-3.820998e-01	-3.638763e-01	2.465157e-02	2.465157e-02	-3.039928e-02	5.596479e+00
2.739726e-01	-3.826774e-01	-3.827273e-01	-3.645159e-01	2.455910e-02	2.455910e-02	-3.054652e-02	5.574275e+00
2.702703e-01	-3.832914e-01	-3.833412e-01	-3.651437e-01	2.446795e-02	2.446795e-02	-3.068554e-02	5.552036e+00
2.666667e-01	-3.838923e-01	-3.839420e-01	-3.657598e-01	2.437816e-02	2.437816e-02	-3.081658e-02	5.529779e+00
2.631579e-01	-3.844805e-01	-3.845301e-01	-3.663647e-01	2.428975e-02	2.428975e-02	-3.093987e-02	5.507519e+00
2.597403e-01	-3.850564e-01	-3.851058e-01	-3.669587e-01	2.420274e-02	2.420274e-02	-3.105565e-02	5.485270e+00
2.564103e-01	-3.856204e-01	-3.856697e-01	-3.675420e-01	2.411715e-02	2.411715e-02	-3.116413e-02	5.463045e+00
2.531646e-01	-3.861728e-01	-3.862220e-01	-3.681151e-01	2.403298e-02	2.403298e-02	-3.126554e-02	5.440858e+00
2.500000e-01	-3.867140e-01	-3.867630e-01	-3.686782e-01	2.395024e-02	2.395024e-02	-3.136007e-02	5.418721e+00
2.469136e-01	-3.872442e-01	-3.872932e-01	-3.692315e-01	2.386894e-02	2.386894e-02	-3.144794e-02	5.396644e+00
2.439024e-01	-3.877640e-01	-3.878128e-01	-3.697753e-01	2.378908e-02	2.378908e-02	-3.152935e-02	5.374639e+00
2.409639e-01	-3.882734e-01	-3.883221e-01	-3.703099e-01	2.371067e-02	2.371067e-02	-3.160447e-02	5.352715e+00
2.380952e-01	-3.887729e-01	-3.888215e-01	-3.708355e-01	2.363370e-02	2.363370e-02	-3.167352e-02	5.330882e+00
2.352941e-01	-3.892627e-01	-3.893112e-01	-3.713524e-01	2.355816e-02	2.355816e-02	-3.173666e-02	5.309148e+00
2.325581e-01	-3.897432e-01	-3.897915e-01	-3.718608e-01	2.348407e-02	2.348407e-02	-3.179407e-02	5.287522e+00
2.298851e-01	-3.902144e-01	-3.902627e-01	-3.723610e-01	2.341140e-02	2.341140e-02	-3.184593e-02	5.266012e+00
2.272727e-01	-3.906769e-01	-3.907250e-01	-3.728531e-01	2.334016e-02	2.334016e-02	-3.189240e-02	5.244623e+00
2.247191e-01	-3.911306e-01	-3.911786e-01	-3.733373e-01	2.327034e-02	2.327034e-02	-3.193364e-02	5.223364e+00
2.222222e-01	-3.915760e-01	-3.916239e-01	-3.738139e-01	2.320193e-02	2.320193e-02	-3.196982e-02	5.202240e+00
2.197802e-01	-3.920132e-01	-3.920610e-01	-3.742830e-01	2.313492e-02	2.313492e-02	-3.200108e-02	5.181257e+00
2.173913e-01	-3.924425e-01	-3.924902e-01	-3.747449e-01	2.306931e-02	2.306931e-02	-3.202757e-02	5.160420e+00
2.150538e-01	-3.928641e-01	-3.929116e-01	-3.751997e-01	2.300508e-02	2.300508e-02	-3.204943e-02	5.139735e+00
2.127660e-01	-3.932781e-01	-3.933255e-01	-3.756476e-01	2.294222e-02	2.294222e-02	-3.206681e-02	5.119206e+00
2.105263e-01	-3.936848e-01	-3.937321e-01	-3.760888e-01	2.288073e-02	2.288073e-02	-3.207984e-02	5.098837e+00
2.083333e-01	-3.940844e-01	-3.941316e-01	-3.765234e-01	2.282059e-02	2.282059e-02	-3.208865e-02	5.078631e+00
2.061856e-01	-3.944771e-01	-3.945241e-01	-3.769515e-01	2.276179e-02	2.276179e-02	-3.209337e-02	5.058594e+00
2.040816e-01	-3.948630e-01	-3.949099e-01	-3.773735e-01	2.270433e-02	2.270433e-02	-3.209411e-02	5.038727e+00
2.020202e-01	-3.952423e-01	-3.952891e-01	-3.777893e-01	2.264819e-02	2.264819e-02	-3.209101e-02	5.019035e+00
2.000000e-01	-3.956152e-01	-3.956619e-01	-3.781992e-01	2.259336e-02	2.259336e-02	-3.208417e-02	4.999519e+00
1.980198e-01	-3.959818e-01	-3.960284e-01	-3.786033e-01	2.253982e-02	2.253982e-02	-3.207371e-02	4.980182e+00
1.960784e-01	-3.963423e-01	-3.963888e-01	-3.790017e-01	2.248757e-02	2.248757e-02	-3.205973e-02	4.961026e+00
1.941748e-01	-3.966969e-01	-3.967433e-01	-3.793945e-01	2.243660e-02	2.243660e-02	-3.204235e-02	4.942054e+00
1.923077e-01	-3.970457e-01	-3.970920e-01	-3.797820e-01	2.238690e-02	2.238690e-02	-3.202166e-02	4.923267e+00
1.904762e-01	-3.973889e-01	-3.974351e-01	-3.801641e-01	2.233844e-02	2.233844e-02	-3.199776e-02	4.904667e+00
1.886792e-01	-3.977265e-01	-3.977726e-01	-3.805411e-01	2.229123e-02	2.229123e-02	-3.197075e-02	4.886255e+00
1.869159e-01	-3.980588e-01	-3.981047e-01	-3.809130e-01	2.224525e-02	2.224525e-02	-3.194073e-02	4.868032e+00
1.851852e-01	-3.983858e-01	-3.984317e-01	-3.812801e-01	2.220049e-02	2.220049e-02	-3.190778e-02	4.850000e+00
1.834862e-01	-3.987077e-01	-3.987534e-01	-3.816422e-01	2.215693e-02	2.215693e-02	-3.187199e-02	4.832158e+00
1.818182e-01	-3.990246e-01	-3.990702e-01	-3.819997e-01	2.211458e-02	2.211458e-02	-3.183344e-02	4.814509e+00
1.801802e-01	-3.993366e-01	-3.993822e-01	-3.823525e-01	2.207340e-02	2.207340e-02	-3.179223e-02	4.797052e+00
1.785714e-01	-3.996439e-01	-3.996893e-01	-3.827009e-01	2.203341e-02	2.203341e-02	-3.174842e-02	4.779789e+00
1.769912e-01	-3.999465e-01	-3.999918e-01	-3.830448e-01	2.199457e-02	2.199457e-02	-3.170210e-02	4.762718e+00
1.754386e-01	-4.002446e-01	-4.002898e-01	-3.833844e-01	2.195689e-02	2.195689e-02	-3.165334e-02	4.745841e+00
1.739130e-01	-4.005382e-01	-4.005833e-01	-3.837198e-01	2.192035e-02	2.192035e-02	-3.160221e-02	4.729157e+00
1.724138e-01	-4.008275e-01	-4.008724e-01	-3.840511e-01	2.188495e-02	2.188495e-02	-3.154879e-02	4.712667e+00
1.709402e-01	-4.011125e-01	-4.011574e-01	-3.843784e-01	2.185066e-02	2.185066e-02	-3.149315e-02	4.696370e+00
1.694915e-01	-4.013934e-01	-4.014382e-01	-3.847016e-01	2.181748e-02	2.181748e-02	-3.143534e-02	4.680266e+00
1.680672e-01	-4.016703e-01	-4.017149e-01	-3.850210e-01	2.178540e-02	2.178540e-02	-3.137544e-02	4.664355e+00
1.666667e-01	-4.019431e-01	-4.019877e-01	-3.853367e-01	2.175442e-02	2.175442e-02	-3.131351e-02	4.648635e+00
1.652893e-01	-4.022122e-01	-4.022566e-01	-3.856486e-01	2.172451e-02	2.172451e-02	-3.124961e-02	4.633108e+00
1.639344e-01	-4.024774e-01	-4.025218e-01	-3.859568e-01	2.169567e-02	2.169567e-02	-3.118379e-02	4.617771e+00
1.626016e-01	-4.027389e-01	-4.027832e-01	-3.862615e-01	2.166788e-02	2.166788e-02	-3.111612e-02	4.602625e+00
1.612903e-01	-4.029969e-01	-4.030410e-01	-3.865628e-01	2.164115e-02	2.164115e-02	-3.104666e-02	4.587669e+00
1.600000e-01	-4.032512e-01	-4.032953e-01	-3.868606e-01	2.161545e-02	2.161545e-02	-3.097544e-02	4.572902e+00
1.587302e-01	-4.035021e-01	-4.035461e-01	-3.871551e-01	2.159079e-02	2.159079e-02	-3.090254e-02	4.558322e+00
1.574803e-01	-4.037496e-01	-4.037935e-01	-3.874462e-01	2.156714e-02	2.156714e-02	-3.082799e-02	4.543930e+00
1.562500e-01	-4.039938e-01	-4.040376e-01	-3.877342e-01	2.154450e-02	2.154450e-02	-3.075185e-02	4.529724e+00
1.550388e-01	-4.042348e-01	-4.042785e-01	-3.880191e-01	2.152286e-02	2.152286e-02	-3.067417e-02	4.515703e+00
1.538462e-01	-4.044726e-01	-4.045161e-01	-3.883008e-01	2.150220e-02	2.150220e-02	-3.059499e-02	4.501866e+00
1.526718e-01	-4.047072e-01	-4.047507e-01	-3.885795e-01	2.148253e-02	2.148253e-02	-3.051436e-02	4.488212e+00
1.515152e-01	-4.049388e-01	-4.049822e-01	-3.888553e-01	2.146383e-02	2.146383e-02	-3.043233e-02	4.474740e+00
1.503759e-01	-4.051674e-01	-4.052107e-01	-3.891281e-01	2.144609e-02	2.144609e-02	-3.034893e-02	4.461449e+00
1.492537e-01	-4.053931e-01	-4.054363e-01	-3.893981e-01	2.142930e-02	2.142930e-02	-3.026420e-02	4.448338e+00
1.481481e-01	-4.056159e-01	-4.056591e-01	-3.896653e-01	2.141346e-02	2.141346e-02	-3.017819e-02	4.435404e+00
1.470588e-01	-4.058359e-01	-4.058790e-01	-3.899297e-01	2.139855e-02	2.139855e-02	-3.009094e-02	4.422648e+00
1.459854e-01	-4.060532e-01	-4.060961e-01	-3.901915e-01	2.138456e-02	2.138456e-02	-3.000248e-02	4.410067e+00
1.449275e-01	-4.062678e-01	-4.063106e-01	-3.904506e-01	2.137149e-02	2.137149e-02	-2.991286e-02	4.397660e+00
1.438849e-01	-4.064797e-01	-4.065225e-01	-3.907071e-01	2.135932e-02	2.135932e-02	-2.982210e-02	4.385427e+00
1.428571e-01	-4.066890e-01	-4.067317e-01	-3.909611e-01	2.134805e-02	2.134805e-02	-2.973024e-02	4.373365e+00
1.418440e-01	-4.068958e-01	-4.069384e-01	-3.912126e-01	2.133767e-02	2.133767e-02	-2.963733e-02	4.361473e+00
1.408451e-01	-4.071001e-01	-4.071426e-01	-3.914616e-01	2.132817e-02	2.132817e-02	-2.954338e-02	4.349751e+00
1.398601e-01	-4.073020e-01	-4.073444e-01	-3.917082e-01	2.131954e-02	2.131954e-02	-2.944843e-02	4.338196e+00
1.388889e-01	-4.075015e-01	-4.075438e-01	-3.919525e-01	2.131178e-02	2.131178e-02	-2.935252e-02	4.326806e+00
1.379310e-01	-4.076986e-01	-4.077408e-01	-3.921944e-01	2.130486e-02	2.130486e-02	-2.925567e-02	4.315582e+00
1.369863e-01	-4.078934e-01	-4.079356e-01	-3.924341e-01	2.129880e-02	2.129880e-02	-2.915791e-02	4.304520e+00
1.360544e-01	-4.080860e-01	-4.081280e-01	-3.926715e-01	2.129357e-02	2.129357e-02	-2.905928e-02	4.293620e+00
1.351351e-01	-4.082763e-01	-4.083183e-01	-3.929067e-01	2.128917e-02	2.128917e-02	-2.895979e-02	4.282880e+00
1.342282e-01	-4.084645e-01	-4.085064e-01	-3.931398e-01	2.128559e-02	2.128559e-02	-2.885949e-02	4.272299e+00
1.333333e-01	-4.086505e-01	-4.086923e-01	-3.933707e-01	2.128282e-02	2.128282e-02	-2.875839e-02	4.261875e+00
1.324503e-01	-4.088345e-01	-4.088762e-01	-3.935995e-01	2.128086e-02	2.128086e-02	-2.865651e-02	4.251607e+00
1.315789e-01	-4.090163e-01	-4.090580e-01	-3.938263e-01	2.127969e-02	2.127969e-02	-2.855389e-02	4.241492e+00
1.307190e-01	-4.091962e-01	-4.092378e-01	-3.940511e-01	2.127931e-02	2.127931e-02	-2.845056e-02	4.231531e+00
1.298701e-01	-4.093741e-01	-4.094156e-01	-3.942739e-01	2.127971e-02	2.127971e-02	-2.834652e-02	4.221720e+00
1.290323e-01	-4.095500e-01	-4.095914e-01	-3.944948e-01	2.128088e-02	2.128088e-02	-2.824181e-02	4.212059e+00
1.282051e-01	-4.097241e-01	-4.097654e-01	-3.947137e-01	2.128281e-02	2.128281e-02	-2.813645e-02	4.202546e+00
1.273885e-01	-4.098962e-01	-4.099375e-01	-3.949308e-01	2.128551e-02	2.128551e-02	-2.803046e-02	4.193180e+00
1.265823e-01	-4.100665e-01	-4.101077e-01	-3.951460e-01	2.128895e-02	2.128895e-02	-2.792386e-02	4.183959e+00
1.257862e-01	-4.102350e-01	-4.102761e-01	-3.953594e-01	2.129313e-02	2.129313e-02	-2.781668e-02	4.174881e+00
1.250000e-01	-4.104018e-01	-4.104428e-01	-3.955710e-01	2.129804e-02	2.129804e-02	-2.770892e-02	4.165945e+00
1.242236e-01	-4.105667e-01	-4.106077e-01	-3.957808e-01	2.130368e-02	2.130368e-02	-2.760062e-02	4.157149e+00
1.234568e-01	-4.107300e-01	-4.107708e-01	-3.959889e-01	2.131004e-02	2.131004e-02	-2.749180e-02	4.148493e+00
1.226994e-01	-4.108916e-01	-4.109323e-01	-3.961954e-01	2.131711e-02	2.131711e-02	-2.738246e-02	4.139973e+00
1.219512e-01	-4.110515e-01	-4.110922e-01	-3.964001e-01	2.132489e-02	2.132489e-02	-2.727263e-02	4.131590e+00
1.212121e-01	-4.112098e-01	-4.112504e-01	-3.966032e-01	2.133336e-02	2.133336e-02	-2.716233e-02	4.123341e+00
1.204819e-01	-4.113665e-01	-4.114070e-01	-3.968046e-01	2.134252e-02	2.134252e-02	-2.705157e-02	4.115225e+00
1.197605e-01	-4.115216e-01	-4.115620e-01	-3.970045e-01	2.135236e-02	2.135236e-02	-2.694038e-02	4.107240e+00
1.190476e-01	-4.116751e-01	-4.117155e-01	-3.972027e-01	2.136287e-02	2.136287e-02	-2.682876e-02	4.099385e+00
1.183432e-01	-4.118272e-01	-4.118675e-01	-3.973995e-01	2.137405e-02	2.137405e-02	-2.671673e-02	4.091658e+00
1.176471e-01	-4.119777e-01	-4.120179e-01	-3.975947e-01	2.138589e-02	2.138589e-02	-2.660432e-02	4.084059e+00
1.169591e-01	-4.121268e-01	-4.121669e-01	-3.977884e-01	2.139839e-02	2.139839e-02	-2.649152e-02	4.076584e+00
1.162791e-01	-4.122744e-01	-4.123145e-01	-3.979806e-01	2.141153e-02	2.141153e-02	-2.637837e-02	4.069234e+00
1.156069e-01	-4.124206e-01	-4.124606e-01	-3.981714e-01	2.142532e-02	2.142532e-02	-2.626487e-02	4.062006e+00
1.149425e-01	-4.125654e-01	-4.126053e-01	-3.983607e-01	2.143973e-02	2.143973e-02	-2.615104e-02	4.054898e+00
1.142857e-01	-4.127088e-01	-4.127487e-01	-3.985486e-01	2.145477e-02	2.145477e-02	-2.603689e-02	4.047911e+00
1.136364e-01	-4.128509e-01	-4.128907e-01	-3.987351e-01	2.147044e-02	2.147044e-02	-2.592243e-02	4.041041e+00
1.129944e-01	-4.129916e-01	-4.130313e-01	-3.989203e-01	2.148671e-02	2.148671e-02	-2.580768e-02	4.034288e+00
1.123596e-01	-4.131311e-01	-4.131707e-01	-3.991041e-01	2.150359e-02	2.150359e-02	-2.569265e-02	4.027650e+00
1.117318e-01	-4.132692e-01	-4.133087e-01	-3.992866e-01	2.152107e-02	2.152107e-02	-2.557736e-02	4.021126e+00
1.111111e-01	-4.134060e-01	-4.134455e-01	-3.994677e-01	2.153915e-02	2.153915e-02	-2.546181e-02	4.014714e+00
1.104972e-01	-4.135417e-01	-4.135811e-01	-3.996476e-01	2.155781e-02	2.155781e-02	-2.534601e-02	4.008413e+00
1.098901e-01	-4.136760e-01	-4.137154e-01	-3.998262e-01	2.157705e-02	2.157705e-02	-2.522999e-02	4.002222e+00
1.092896e-01	-4.138092e-01	-4.138485e-01	-4.000035e-01	2.159687e-02	2.159687e-02	-2.511374e-02	3.996138e+00
1.086957e-01	-4.139412e-01	-4.139804e-01	-4.001796e-01	2.161725e-02	2.161725e-02	-2.499729e-02	3.990162e+00
1.081081e-01	-4.140719e-01	-4.141111e-01	-4.003545e-01	2.163820e-02	2.163820e-02	-2.488063e-02	3.984291e+00
1.075269e-01	-4.142016e-01	-4.142406e-01	-4.005281e-01	2.165970e-02	2.165970e-02	-2.476379e-02	3.978523e+00
1.069519e-01	-4.143301e-01	-4.143691e-01	-4.007006e-01	2.168176e-02	2.168176e-02	-2.464677e-02	3.972859e+00
1.063830e-01	-4.144574e-01	-4.144964e-01	-4.008719e-01	2.170435e-02	2.170435e-02	-2.452958e-02	3.967295e+00
1.058201e-01	-4.145837e-01	-4.146226e-01	-4.010420e-01	2.172749e-02	2.172749e-02	-2.441224e-02	3.961832e+00
1.052632e-01	-4.147089e-01	-4.147477e-01	-4.012110e-01	2.175116e-02	2.175116e-02	-2.429474e-02	3.956467e+00
1.047120e-01	-4.148330e-01	-4.148717e-01	-4.013789e-01	2.177535e-02	2.177535e-02	-2.417711e-02	3.951199e+00
1.041667e-01	-4.149560e-01	-4.149947e-01	-4.015457e-01	2.180006e-02	2.180006e-02	-2.405934e-02	3.946028e+00
1.036269e-01	-4.150780e-01	-4.151166e-01	-4.017113e-01	2.182529e-02	2.182529e-02	-2.394145e-02	3.940951e+00
1.030928e-01	-4.151990e-01	-4.152375e-01	-4.018759e-01	2.185103e-02	2.185103e-02	-2.382345e-02	3.935967e+00
1.025641e-01	-4.153189e-01	-4.153574e-01	-4.020395e-01	2.187727e-02	2.187727e-02	-2.370535e-02	3.931076e+00
1.020408e-01	-4.154379e-01	-4.154763e-01	-4.022019e-01	2.190401e-02	2.190401e-02	-2.358714e-02	3.926275e+00
1.015228e-01	-4.155559e-01	-4.155942e-01	-4.023633e-01	2.193124e-02	2.193124e-02	-2.346885e-02	3.921565e+00
1.010101e-01	-4.156729e-01	-4.157111e-01	-4.025237e-01	2.195896e-02	2.195896e-02	-2.335048e-02	3.916942e+00
1.005025e-01	-4.157889e-01	-4.158271e-01	-4.026831e-01	2.198716e-02	2.198716e-02	-2.323204e-02	3.912407e+00
1.000000e-01	-4.159040e-01	-4.159421e-01	-4.028415e-01	2.201584e-02	2.201584e-02	-2.311353e-02	3.907957e+00
9.950249e-02	-4.160182e-01	-4.160563e-01	-4.029989e-01	2.204499e-02	2.204499e-02	-2.299496e-02	3.903592e+00
9.900990e-02	-4.161315e-01	-4.161695e-01	-4.031553e-01	2.207460e-02	2.207460e-02	-2.287634e-02	3.899311e+00
9.852217e-02	-4.162438e-01	-4.162817e-01	-4.033108e-01	2.210467e-02	2.210467e-02	-2.275767e-02	3.895112e+00
9.803922e-02	-4.163553e-01	-4.163932e-01	-4.034653e-01	2.213520e-02	2.213520e-02	-2.263897e-02	3.890994e+00
9.756098e-02	-4.164659e-01	-4.165037e-01	-4.036189e-01	2.216618e-02	2.216618e-02	-2.252023e-02	3.886956e+00
9.708738e-02	-4.165756e-01	-4.166133e-01	-4.037715e-01	2.219760e-02	2.219760e-02	-2.240148e-02	3.882996e+00
9.661836e-02	-4.166845e-01	-4.167221e-01	-4.039233e-01	2.222946e-02	2.222946e-02	-2.228270e-02	3.879115e+00
9.615385e-02	-4.167925e-01	-4.168301e-01	-4.040741e-01	2.226176e-02	2.226176e-02	-2.216391e-02	3.875310e+00
9.569378e-02	-4.168997e-01	-4.169372e-01	-4.042240e-01	2.229449e-02	2.229449e-02	-2.204512e-02	3.871580e+00
9.523810e-02	-4.170061e-01	-4.170435e-01	-4.043730e-01	2.232764e-02	2.232764e-02	-2.192632e-02	3.867924e+00
9.478673e-02	-4.171116e-01	-4.171490e-01	-4.045212e-01	2.236121e-02	2.236121e-02	-2.180753e-02	3.864342e+00
9.433962e-02	-4.172164e-01	-4.172537e-01	-4.046685e-01	2.239520e-02	2.239520e-02	-2.168876e-02	3.860832e+00
9.389671e-02	-4.173203e-01	-4.173577e-01	-4.048149e-01	2.242960e-02	2.242960e-02	-2.157000e-02	3.857392e+00
9.345794e-02	-4.174235e-01	-4.174608e-01	-4.049605e-01	2.246440e-02	2.246440e-02	-2.145126e-02	3.854023e+00
9.302326e-02	-4.175260e-01	-4.175631e-01	-4.051053e-01	2.249961e-02	2.249961e-02	-2.133255e-02	3.850722e+00
9.259259e-02	-4.176276e-01	-4.176648e-01	-4.052493e-01	2.253521e-02	2.253521e-02	-2.121387e-02	3.847489e+00
9.216590e-02	-4.177286e-01	-4.177656e-01	-4.053924e-01	2.257120e-02	2.257120e-02	-2.109523e-02	3.844323e+00
9.174312e-02	-4.178287e-01	-4.178657e-01	-4.055347e-01	2.260759e-02	2.260759e-02	-2.097663e-02	3.841222e+00
9.132420e-02	-4.179282e-01	-4.179651e-01	-4.056762e-01	2.264435e-02	2.264435e-02	-2.085808e-02	3.838187e+00
9.090909e-02	-4.180269e-01	-4.180638e-01	-4.058170e-01	2.268149e-02	2.268149e-02	-2.073958e-02	3.835214e+00
9.049774e-02	-4.181249e-01	-4.181617e-01	-4.059569e-01	2.271901e-02	2.271901e-02	-2.062113e-02	3.832305e+00
9.009009e-02	-4.182222e-01	-4.182590e-01	-4.060961e-01	2.275690e-02	2.275690e-02	-2.050275e-02	3.829457e+00
8.968610e-02	-4.183189e-01	-4.183556e-01	-4.062345e-01	2.279515e-02	2.279515e-02	-2.038443e-02	3.826670e+00
8.928571e-02	-4.184148e-01	-4.184514e-01	-4.063722e-01	2.283376e-02	2.283376e-02	-2.026619e-02	3.823943e+00
8.888889e-02	-4.185101e-01	-4.185466e-01	-4.065091e-01	2.287273e-02	2.287273e-02	-2.014801e-02	3.821274e+00
8.849558e-02	-4.186046e-01	-4.186412e-01	-4.066453e-01	2.291205e-02	2.291205e-02	-2.002992e-02	3.818663e+00
8.810573e-02	-4.186986e-01	-4.187350e-01	-4.067807e-01	2.295172e-02	2.295172e-02	-1.991190e-02	3.816109e+00
8.771930e-02	-4.187919e-01	-4.188283e-01	-4.069155e-01	2.299174e-02	2.299174e-02	-1.979397e-02	3.813611e+00
8.733624e-02	-4.188845e-01	-4.189208e-01	-4.070495e-01	2.303209e-02	2.303209e-02	-1.967613e-02	3.811168e+00
8.695652e-02	-4.189765e-01	-4.190128e-01	-4.071828e-01	2.307278e-02	2.307278e-02	-1.955839e-02	3.808780e+00
8.658009e-02	-4.190678e-01	-4.191041e-01	-4.073154e-01	2.311381e-02	2.311381e-02	-1.944074e-02	3.806444e+00
8.620690e-02	-4.191586e-01	-4.191948e-01	-4.074473e-01	2.315516e-02	2.315516e-02	-1.932319e-02	3.804161e+00
8.583691e-02	-4.192487e-01	-4.192849e-01	-4.075785e-01	2.319683e-02	2.319683e-02	-1.920575e-02	3.801929e+00
8.547009e-02	-4.193382e-01	-4.193743e-01	-4.077090e-01	2.323883e-02	2.323883e-02	-1.908841e-02	3.799748e+00
8.510638e-02	-4.194272e-01	-4.194632e-01	-4.078389e-01	2.328114e-02	2.328114e-02	-1.897118e-02	3.797617e+00
8.474576e-02	-4.195155e-01	-4.195515e-01	-4.079681e-01	2.332377e-02	2.332377e-02	-1.885407e-02	3.795534e+00
8.438819e-02	-4.196032e-01	-4.196391e-01	-4.080967e-01	2.336670e-02	2.336670e-02	-1.873707e-02	3.793500e+00
8.403361e-02	-4.196904e-01	-4.197263e-01	-4.082245e-01	2.340994e-02	2.340994e-02	-1.862020e-02	3.791513e+00
8.368201e-02	-4.197770e-01	-4.198128e-01	-4.083518e-01	2.345348e-02	2.345348e-02	-1.850344e-02	3.789572e+00
8.333333e-02	-4.198630e-01	-4.198988e-01	-4.084784e-01	2.349731e-02	2.349731e-02	-1.838682e-02	3.787677e+00
8.298755e-02	-4.199485e-01	-4.199842e-01	-4.086044e-01	2.354145e-02	2.354145e-02	-1.827032e-02	3.785827e+00
8.264463e-02	-4.200334e-01	-4.200690e-01	-4.087297e-01	2.358587e-02	2.358587e-02	-1.815396e-02	3.784020e+00
8.230453e-02	-4.201178e-01	-4.201533e-01	-4.088544e-01	2.363057e-02	2.363057e-02	-1.803772e-02	3.782257e+00
8.196721e-02	-4.202016e-01	-4.202371e-01	-4.089785e-01	2.367557e-02	2.367557e-02	-1.792163e-02	3.780537e+00
8.163265e-02	-4.202849e-01	-4.203203e-01	-4.091020e-01	2.372084e-02	2.372084e-02	-1.780568e-02	3.778858e+00
8.130081e-02	-4.203676e-01	-4.204030e-01	-4.092249e-01	2.376638e-02	2.376638e-02	-1.768987e-02	3.777220e+00
8.097166e-02	-4.204499e-01	-4.204852e-01	-4.093472e-01	2.381220e-02	2.381220e-02	-1.757420e-02	3.775622e+00
8.064516e-02	-4.205316e-01	-4.205669e-01	-4.094689e-01	2.385829e-02	2.385829e-02	-1.745868e-02	3.774064e+00
8.032129e-02	-4.206128e-01	-4.206480e-01	-4.095900e-01	2.390464e-02	2.390464e-02	-1.734332e-02	3.772544e+00
8.000000e-02	-4.206935e-01	-4.207287e-01	-4.097105e-01	2.395126e-02	2.395126e-02	-1.722810e-02	3.771063e+00
7.968127e-02	-4.207737e-01	-4.208088e-01	-4.098304e-01	2.399813e-02	2.399813e-02	-1.711304e-02	3.769618e+00
7.936508e-02	-4.208534e-01	-4.208885e-01	-4.099498e-01	2.404526e-02	2.404526e-02	-1.699813e-02	3.768211e+00
7.905138e-02	-4.209326e-01	-4.209676e-01	-4.100686e-01	2.409265e-02	2.409265e-02	-1.688339e-02	3.766839e+00
7.874016e-02	-4.210113e-01	-4.210463e-01	-4.101868e-01	2.414028e-02	2.414028e-02	-1.676881e-02	3.765502e+00
7.843137e-02	-4.210895e-01	-4.211245e-01	-4.103045e-01	2.418816e-02	2.418816e-02	-1.665439e-02	3.764200e+00
7.812500e-02	-4.211673e-01	-4.212022e-01	-4.104217e-01	2.423628e-02	2.423628e-02	-1.654013e-02	3.762932e+00
7.782101e-02	-4.212446e-01	-4.212794e-01	-4.105382e-01	2.428464e-02	2.428464e-02	-1.642605e-02	3.761697e+00
7.751938e-02	-4.213214e-01	-4.213562e-01	-4.106543e-01	2.433323e-02	2.433323e-02	-1.631213e-02	3.760495e+00
7.722008e-02	-4.213978e-01	-4.214325e-01	-4.107698e-01	2.438206e-02	2.438206e-02	-1.619838e-02	3.759324e+00
7.692308e-02	-4.214737e-01	-4.215084e-01	-4.108847e-01	2.443112e-02	2.443112e-02	-1.608481e-02	3.758185e+00
7.662835e-02	-4.215491e-01	-4.215838e-01	-4.109992e-01	2.448041e-02	2.448041e-02	-1.597141e-02	3.757076e+00
7.633588e-02	-4.216241e-01	-4.216587e-01	-4.111131e-01	2.452992e-02	2.452992e-02	-1.585819e-02	3.755998e+00
7.604563e-02	-4.216987e-01	-4.217332e-01	-4.112265e-01	2.457965e-02	2.457965e-02	-1.574515e-02	3.754948e+00
7.575758e-02	-4.217728e-01	-4.218073e-01	-4.113393e-01	2.462960e-02	2.462960e-02	-1.563229e-02	3.753928e+00
7.547170e-02	-4.218465e-01	-4.218810e-01	-4.114517e-01	2.467977e-02	2.467977e-02	-1.551961e-02	3.752936e+00
7.518797e-02	-4.219198e-01	-4.219542e-01	-4.115636e-01	2.473015e-02	2.473015e-02	-1.540711e-02	3.751971e+00
7.490637e-02	-4.219926e-01	-4.220270e-01	-4.116749e-01	2.478073e-02	2.478073e-02	-1.529480e-02	3.751033e+00
7.462687e-02	-4.220651e-01	-4.220993e-01	-4.117858e-01	2.483153e-02	2.483153e-02	-1.518268e-02	3.750122e+00
7.434944e-02	-4.221371e-01	-4.221713e-01	-4.118961e-01	2.488252e-02	2.488252e-02	-1.507074e-02	3.749237e+00
7.407407e-02	-4.222087e-01	-4.222428e-01	-4.120060e-01	2.493372e-02	2.493372e-02	-1.495900e-02	3.748376e+00
7.380074e-02	-4.222798e-01	-4.223140e-01	-4.121153e-01	2.498512e-02	2.498512e-02	-1.484745e-02	3.747541e+00
7.352941e-02	-4.223506e-01	-4.223847e-01	-4.122242e-01	2.503671e-02	2.503671e-02	-1.473608e-02	3.746730e+00
7.326007e-02	-4.224210e-01	-4.224550e-01	-4.123326e-01	2.508849e-02	2.508849e-02	-1.462492e-02	3.745942e+00
7.299270e-02	-4.224910e-01	-4.225249e-01	-4.124406e-01	2.514046e-02	2.514046e-02	-1.451395e-02	3.745178e+00
7.272727e-02	-4.225605e-01	-4.225945e-01	-4.125480e-01	2.519262e-02	2.519262e-02	-1.440317e-02	3.744436e+00
7.246377e-02	-4.226297e-01	-4.226636e-01	-4.126550e-01	2.524497e-02	2.524497e-02	-1.429260e-02	3.743716e+00
7.220217e-02	-4.226985e-01	-4.227324e-01	-4.127616e-01	2.529749e-02	2.529749e-02	-1.418222e-02	3.743017e+00
7.194245e-02	-4.227670e-01	-4.228008e-01	-4.128676e-01	2.535020e-02	2.535020e-02	-1.407204e-02	3.742340e+00
7.168459e-02	-4.228350e-01	-4.228688e-01	-4.129732e-01	2.540308e-02	2.540308e-02	-1.396207e-02	3.741683e+00
7.142857e-02	-4.229027e-01	-4.229364e-01	-4.130784e-01	2.545613e-02	2.545613e-02	-1.385230e-02	3.741046e+00
7.117438e-02	-4.229700e-01	-4.230036e-01	-4.131831e-01	2.550936e-02	2.550936e-02	-1.374273e-02	3.740429e+00
7.092199e-02	-4.230369e-01	-4.230705e-01	-4.132873e-01	2.556275e-02	2.556275e-02	-1.363337e-02	3.739830e+00
7.067138e-02	-4.231035e-01	-4.231370e-01	-4.133911e-01	2.561632e-02	2.561632e-02	-1.352421e-02	3.739250e+00
7.042254e-02	-4.231697e-01	-4.232032e-01	-4.134945e-01	2.567004e-02	2.567004e-02	-1.341527e-02	3.738688e+00
7.017544e-02	-4.232355e-01	-4.232690e-01	-4.135974e-01	2.572393e-02	2.572393e-02	-1.330653e-02	3.738144e+00
6.993007e-02	-4.233010e-01	-4.233344e-01	-4.136999e-01	2.577797e-02	2.577797e-02	-1.319800e-02	3.737617e+00
6.968641e-02	-4.233661e-01	-4.233995e-01	-4.138019e-01	2.583217e-02	2.583217e-02	-1.308968e-02	3.737107e+00
6.944444e-02	-4.234309e-01	-4.234642e-01	-4.139035e-01	2.588653e-02	2.588653e-02	-1.298157e-02	3.736612e+00
6.920415e-02	-4.234953e-01	-4.235286e-01	-4.140047e-01	2.594103e-02	2.594103e-02	-1.287367e-02	3.736134e+00
6.896552e-02	-4.235594e-01	-4.235927e-01	-4.141055e-01	2.599569e-02	2.599569e-02	-1.276599e-02	3.735671e+00
6.872852e-02	-4.236232e-01	-4.236564e-01	-4.142058e-01	2.605049e-02	2.605049e-02	-1.265852e-02	3.735222e+00
6.849315e-02	-4.236866e-01	-4.237197e-01	-4.143058e-01	2.610543e-02	2.610543e-02	-1.255127e-02	3.734789e+00
6.825939e-02	-4.237497e-01	-4.237828e-01	-4.144053e-01	2.616052e-02	2.616052e-02	-1.244423e-02	3.734369e+00
6.802721e-02	-4.238124e-01	-4.238455e-01	-4.145044e-01	2.621575e-02	2.621575e-02	-1.233741e-02	3.733962e+00
6.779661e-02	-4.238748e-01	-4.239078e-01	-4.146031e-01	2.627111e-02	2.627111e-02	-1.223081e-02	3.733569e+00
6.756757e-02	-4.239369e-01	-4.239699e-01	-4.147014e-01	2.632661e-02	2.632661e-02	-1.212442e-02	3.733189e+00
6.734007e-02	-4.239987e-01	-4.240316e-01	-4.147993e-01	2.638225e-02	2.638225e-02	-1.201826e-02	3.732821e+00
6.711409e-02	-4.240601e-01	-4.240930e-01	-4.148967e-01	2.643801e-02	2.643801e-02	-1.191231e-02	3.732465e+00
6.688963e-02	-4.241213e-01	-4.241541e-01	-4.149938e-01	2.649390e-02	2.649390e-02	-1.180659e-02	3.732121e+00
6.666667e-02	-4.241821e-01	-4.242149e-01	-4.150905e-01	2.654992e-02	2.654992e-02	-1.170108e-02	3.731788e+00
6.644518e-02	-4.242426e-01	-4.242753e-01	-4.151868e-01	2.660606e-02	2.660606e-02	-1.159580e-02	3.731466e+00
6.622517e-02	-4.243028e-01	-4.243355e-01	-4.152827e-01	2.666233e-02	2.666233e-02	-1.149074e-02	3.731154e+00
6.600660e-02	-4.243627e-01	-4.243953e-01	-4.153782e-01	2.671871e-02	2.671871e-02	-1.138591e-02	3.730852e+00
6.578947e-02	-4.244223e-01	-4.244549e-01	-4.154734e-01	2.677521e-02	2.677521e-02	-1.128130e-02	3.730559e+00
6.557377e-02	-4.244815e-01	-4.245141e-01	-4.155681e-01	2.683183e-02	2.683183e-02	-1.117691e-02	3.730276e+00
6.535948e-02	-4.245405e-01	-4.245730e-01	-4.156625e-01	2.688856e-02	2.688856e-02	-1.107275e-02	3.730002e+00
6.514658e-02	-4.245992e-01	-4.246317e-01	-4.157565e-01	2.694540e-02	2.694540e-02	-1.096881e-02	3.729737e+00
6.493506e-02	-4.246576e-01	-4.246900e-01	-4.158501e-01	2.700235e-02	2.700235e-02	-1.086510e-02	3.729480e+00
6.472492e-02	-4.247157e-01	-4.247481e-01	-4.159433e-01	2.705941e-02	2.705941e-02	-1.076161e-02	3.729230e+00
6.451613e-02	-4.247735e-01	-4.248058e-01	-4.160362e-01	2.711657e-02	2.711657e-02	-1.065836e-02	3.728988e+00
6.430868e-02	-4.248310e-01	-4.248633e-01	-4.161287e-01	2.717384e-02	2.717384e-02	-1.055533e-02	3.728754e+00
6.410256e-02	-4.248882e-01	-4.249205e-01	-4.162208e-01	2.723121e-02	2.723121e-02	-1.045253e-02	3.728526e+00
6.389776e-02	-4.249451e-01	-4.249774e-01	-4.163126e-01	2.728868e-02	2.728868e-02	-1.034996e-02	3.728304e+00
6.369427e-02	-4.250018e-01	-4.250340e-01	-4.164040e-01	2.734624e-02	2.734624e-02	-1.024762e-02	3.728089e+00
6.349206e-02	-4.250582e-01	-4.250903e-01	-4.164950e-01	2.740390e-02	2.740390e-02	-1.014550e-02	3.727880e+00
6.329114e-02	-4.251143e-01	-4.251464e-01	-4.165857e-01	2.746165e-02	2.746165e-02	-1.004362e-02	3.727676e+00
6.309148e-02	-4.251701e-01	-4.252022e-01	-4.166760e-01	2.751950e-02	2.751950e-02	-9.941968e-03	3.727477e+00
6.289308e-02	-4.252257e-01	-4.252577e-01	-4.167660e-01	2.757743e-02	2.757743e-02	-9.840547e-03	3.727284e+00
6.269592e-02	-4.252810e-01	-4.253129e-01	-4.168556e-01	2.763545e-02	2.763545e-02	-9.739358e-03	3.727094e+00
6.250000e-02	-4.253360e-01	-4.253679e-01	-4.169449e-01	2.769356e-02	2.769356e-02	-9.638400e-03	3.726910e+00
6.230530e-02	-4.253907e-01	-4.254226e-01	-4.170338e-01	2.775175e-02	2.775175e-02	-9.537674e-03	3.726729e+00
6.211180e-02	-4.254452e-01	-4.254771e-01	-4.171224e-01	2.781003e-02	2.781003e-02	-9.437181e-03	3.726551e+00
6.191950e-02	-4.254994e-01	-4.255312e-01	-4.172106e-01	2.786838e-02	2.786838e-02	-9.336921e-03	3.726377e+00
6.172840e-02	-4.255534e-01	-4.255851e-01	-4.172985e-01	2.792681e-02	2.792681e-02	-9.236894e-03	3.726206e+00
6.153846e-02	-4.256071e-01	-4.256388e-01	-4.173861e-01	2.798532e-02	2.798532e-02	-9.137100e-03	3.726038e+00
6.134969e-02	-4.256605e-01	-4.256922e-01	-4.174733e-01	2.804390e-02	2.804390e-02	-9.037540e-03	3.725873e+00
6.116208e-02	-4.257137e-01	-4.257454e-01	-4.175601e-01	2.810256e-02	2.810256e-02	-8.938214e-03	3.725709e+00
6.097561e-02	-4.257667e-01	-4.257983e-01	-4.176467e-01	2.816129e-02	2.816129e-02	-8.839123e-03	3.725548e+00
6.079027e-02	-4.258193e-01	-4.258509e-01	-4.177329e-01	2.822009e-02	2.822009e-02	-8.740266e-03	3.725388e+00
6.060606e-02	-4.258718e-01	-4.259033e-01	-4.178188e-01	2.827895e-02	2.827895e-02	-8.641644e-03	3.725229e+00
6.042296e-02	-4.259240e-01	-4.259554e-01	-4.179043e-01	2.833788e-02	2.833788e-02	-8.543257e-03	3.725072e+00
6.024096e-02	-4.259759e-01	-4.260073e-01	-4.179895e-01	2.839688e-02	2.839688e-02	-8.445106e-03	3.724915e+00
6.006006e-02	-4.260276e-01	-4.260590e-01	-4.180744e-01	2.845594e-02	2.845594e-02	-8.347190e-03	3.724759e+00
5.988024e-02	-4.260790e-01	-4.261104e-01	-4.181590e-01	2.851506e-02	2.851506e-02	-8.249510e-03	3.724604e+00
5.970149e-02	-4.261302e-01	-4.261616e-01	-4.182433e-01	2.857424e-02	2.857424e-02	-8.152066e-03	3.724448e+00
5.952381e-02	-4.261812e-01	-4.262125e-01	-4.183272e-01	2.863347e-02	2.863347e-02	-8.054858e-03	3.724292e+00
5.934718e-02	-4.262319e-01	-4.262632e-01	-4.184108e-01	2.869277e-02	2.869277e-02	-7.957887e-03	3.724136e+00
5.917160e-02	-4.262824e-01	-4.263136e-01	-4.184941e-01	2.875211e-02	2.875211e-02	-7.861152e-03	3.723979e+00
5.899705e-02	-4.263327e-01	-4.263639e-01	-4.185771e-01	2.881151e-02	2.881151e-02	-7.764655e-03	3.723821e+00
5.882353e-02	-4.263827e-01	-4.264139e-01	-4.186597e-01	2.887097e-02	2.887097e-02	-7.668394e-03	3.723661e+00
5.865103e-02	-4.264325e-01	-4.264636e-01	-4.187421e-01	2.893047e-02	2.893047e-02	-7.572370e-03	3.723501e+00
5.847953e-02	-4.264821e-01	-4.265131e-01	-4.188241e-01	2.899002e-02	2.899002e-02	-7.476583e-03	3.723338e+00
5.830904e-02	-4.265314e-01	-4.265624e-01	-4.189059e-01	2.904961e-02	2.904961e-02	-7.381034e-03	3.723174e+00
5.813953e-02	-4.265806e-01	-4.266115e-01	-4.189873e-01	2.910925e-02	2.910925e-02	-7.285723e-03	3.723008e+00
5.797101e-02	-4.266294e-01	-4.266604e-01	-4.190684e-01	2.916894e-02	2.916894e-02	-7.190649e-03	3.722839e+00
5.780347e-02	-4.266781e-01	-4.267090e-01	-4.191493e-01	2.922866e-02	2.922866e-02	-7.095812e-03	3.722668e+00
5.763689e-02	-4.267265e-01	-4.267574e-01	-4.192298e-01	2.928843e-02	2.928843e-02	-7.001214e-03	3.722493e+00
5.747126e-02	-4.267748e-01	-4.268056e-01	-4.193100e-01	2.934823e-02	2.934823e-02	-6.906853e-03	3.722316e+00
5.730659e-02	-4.268228e-01	-4.268535e-01	-4.193899e-01	2.940807e-02	2.940807e-02	-6.812731e-03	3.722135e+00
5.714286e-02	-4.268706e-01	-4.269013e-01	-4.194695e-01	2.946795e-02	2.946795e-02	-6.718846e-03	3.721951e+00
5.698006e-02	-4.269181e-01	-4.269488e-01	-4.195488e-01	2.952786e-02	2.952786e-02	-6.625200e-03	3.721763e+00
5.681818e-02	-4.269655e-01	-4.269961e-01	-4.196279e-01	2.958781e-02	2.958781e-02	-6.531792e-03	3.721571e+00
5.665722e-02	-4.270126e-01	-4.270432e-01	-4.197066e-01	2.964779e-02	2.964779e-02	-6.438622e-03	3.721376e+00
5.649718e-02	-4.270595e-01	-4.270901e-01	-4.197850e-01	2.970779e-02	2.970779e-02	-6.345690e-03	3.721175e+00
5.633803e-02	-4.271063e-01	-4.271368e-01	-4.198632e-01	2.976783e-02	2.976783e-02	-6.252997e-03	3.720970e+00
5.617978e-02	-4.271528e-01	-4.271833e-01	-4.199410e-01	2.982789e-02	2.982789e-02	-6.160543e-03	3.720761e+00
5.602241e-02	-4.271991e-01	-4.272295e-01	-4.200186e-01	2.988798e-02	2.988798e-02	-6.068326e-03	3.720546e+00
5.586592e-02	-4.272452e-01	-4.272756e-01	-4.200959e-01	2.994809e-02	2.994809e-02	-5.976348e-03	3.720326e+00
5.571031e-02	-4.272910e-01	-4.273214e-01	-4.201729e-01	3.000823e-02	3.000823e-02	-5.884609e-03	3.720101e+00
5.555556e-02	-4.273367e-01	-4.273671e-01	-4.202496e-01	3.006838e-02	3.006838e-02	-5.793108e-03	3.719871e+00
5.540166e-02	-4.273822e-01	-4.274125e-01	-4.203260e-01	3.012856e-02	3.012856e-02	-5.701845e-03	3.719634e+00
5.524862e-02	-4.274275e-01	-4.274578e-01	-4.204022e-01	3.018875e-02	3.018875e-02	-5.610821e-03	3.719392e+00
5.509642e-02	-4.274726e-01	-4.275028e-01	-4.204781e-01	3.024897e-02	3.024897e-02	-5.520035e-03	3.719143e+00
5.494505e-02	-4.275174e-01	-4.275477e-01	-4.205537e-01	3.030920e-02	3.030920e-02	-5.429488e-03	3.718888e+00
5.479452e-02	-4.275621e-01	-4.275923e-01	-4.206290e-01	3.036944e-02	3.036944e-02	-5.339179e-03	3.718627e+00
5.464481e-02	-4.276066e-01	-4.276368e-01	-4.207040e-01	3.042970e-02	3.042970e-02	-5.249109e-03	3.718359e+00
5.449591e-02	-4.276509e-01	-4.276810e-01	-4.207788e-01	3.048997e-02	3.048997e-02	-5.159277e-03	3.718084e+00
5.434783e-02	-4.276950e-01	-4.277251e-01	-4.208533e-01	3.055025e-02	3.055025e-02	-5.069683e-03	3.717802e+00
5.420054e-02	-4.277389e-01	-4.277689e-01	-4.209275e-01	3.061054e-02	3.061054e-02	-4.980327e-03	3.717513e+00
5.405405e-02	-4.277826e-01	-4.278126e-01	-4.210014e-01	3.067084e-02	3.067084e-02	-4.891209e-03	3.717216e+00
5.390836e-02	-4.278261e-01	-4.278561e-01	-4.210751e-01	3.073114e-02	3.073114e-02	-4.802330e-03	3.716912e+00
5.376344e-02	-4.278694e-01	-4.278994e-01	-4.211485e-01	3.079146e-02	3.079146e-02	-4.713689e-03	3.716600e+00
5.361930e-02	-4.279126e-01	-4.279425e-01	-4.212216e-01	3.085177e-02	3.085177e-02	-4.625285e-03	3.716281e+00
5.347594e-02	-4.279555e-01	-4.279854e-01	-4.212945e-01	3.091209e-02	3.091209e-02	-4.537120e-03	3.715953e+00
5.333333e-02	-4.279983e-01	-4.280281e-01	-4.213671e-01	3.097241e-02	3.097241e-02	-4.449192e-03	3.715617e+00
5.319149e-02	-4.280409e-01	-4.280707e-01	-4.214394e-01	3.103273e-02	3.103273e-02	-4.361502e-03	3.715272e+00
5.305040e-02	-4.280833e-01	-4.281130e-01	-4.215115e-01	3.109306e-02	3.109306e-02	-4.274050e-03	3.714919e+00
5.291005e-02	-4.281255e-01	-4.281552e-01	-4.215833e-01	3.115338e-02	3.115338e-02	-4.186836e-03	3.714557e+00
5.277045e-02	-4.281675e-01	-4.281972e-01	-4.216549e-01	3.121369e-02	3.121369e-02	-4.099858e-03	3.714186e+00
5.263158e-02	-4.282094e-01	-4.282390e-01	-4.217262e-01	3.127401e-02	3.127401e-02	-4.013118e-03	3.713806e+00
5.249344e-02	-4.282510e-01	-4.282806e-01	-4.217972e-01	3.133431e-02	3.133431e-02	-3.926616e-03	3.713417e+00
5.235602e-02	-4.282925e-01	-4.283221e-01	-4.218680e-01	3.139462e-02	3.139462e-02	-3.840350e-03	3.713019e+00
5.221932e-02	-4.283338e-01	-4.283634e-01	-4.219385e-01	3.145491e-02	3.145491e-02	-3.754322e-03	3.712611e+00
5.208333e-02	-4.283750e-01	-4.284045e-01	-4.220088e-01	3.151520e-02	3.151520e-02	-3.668530e-03	3.712194e+00
5.194805e-02	-4.284159e-01	-4.284454e-01	-4.220788e-01	3.157547e-02	3.157547e-02	-3.582975e-03	3.711766e+00
5.181347e-02	-4.284567e-01	-4.284861e-01	-4.221485e-01	3.163574e-02	3.163574e-02	-3.497657e-03	3.711329e+00
5.167959e-02	-4.284973e-01	-4.285267e-01	-4.222180e-01	3.169599e-02	3.169599e-02	-3.412575e-03	3.710882e+00
5.154639e-02	-4.285377e-01	-4.285671e-01	-4.222873e-01	3.175623e-02	3.175623e-02	-3.327730e-03	3.710424e+00
5.141388e-02	-4.285780e-01	-4.286073e-01	-4.223563e-01	3.181646e-02	3.181646e-02	-3.243121e-03	3.709956e+00
5.128205e-02	-4.286181e-01	-4.286474e-01	-4.224250e-01	3.187667e-02	3.187667e-02	-3.158748e-03	3.709478e+00
5.115090e-02	-4.286580e-01	-4.286873e-01	-4.224935e-01	3.193686e-02	3.193686e-02	-3.074610e-03	3.708988e+00
5.102041e-02	-4.286978e-01	-4.287270e-01	-4.225618e-01	3.199704e-02	3.199704e-02	-2.990709e-03	3.708488e+00
5.089059e-02	-4.287373e-01	-4.287666e-01	-4.226298e-01	3.205720e-02	3.205720e-02	-2.907043e-03	3.707977e+00
5.076142e-02	-4.287768e-01	-4.288060e-01	-4.226975e-01	3.211734e-02	3.211734e-02	-2.823612e-03	3.707456e+00
5.063291e-02	-4.288160e-01	-4.288452e-01	-4.227651e-01	3.217746e-02	3.217746e-02	-2.740417e-03	3.706922e+00
5.050505e-02	-4.288551e-01	-4.288842e-01	-4.228323e-01	3.223755e-02	3.223755e-02	-2.657457e-03	3.706378e+00
5.037783e-02	-4.288940e-01	-4.289231e-01	-4.228994e-01	3.229763e-02	3.229763e-02	-2.574732e-03	3.705822e+00
5.025126e-02	-4.289328e-01	-4.289618e-01	-4.229662e-01	3.235768e-02	3.235768e-02	-2.492241e-03	3.705254e+00
5.012531e-02	-4.289714e-01	-4.290004e-01	-4.230327e-01	3.241770e-02	3.241770e-02	-2.409985e-03	3.704675e+00
5.000000e-02	-4.290098e-01	-4.290388e-01	-4.230990e-01	3.247770e-02	3.247770e-02	-2.327964e-03	3.704084e+00
4.987531e-02	-4.290481e-01	-4.290770e-01	-4.231651e-01	3.253767e-02	3.253767e-02	-2.246176e-03	3.703481e+00
4.975124e-02	-4.290862e-01	-4.291151e-01	-4.232309e-01	3.259762e-02	3.259762e-02	-2.164623e-03	3.702866e+00
4.962779e-02	-4.291241e-01	-4.291530e-01	-4.232965e-01	3.265753e-02	3.265753e-02	-2.083303e-03	3.702239e+00
4.950495e-02	-4.291619e-01	-4.291908e-01	-4.233619e-01	3.271742e-02	3.271742e-02	-2.002217e-03	3.701599e+00
4.938272e-02	-4.291995e-01	-4.292284e-01	-4.234270e-01	3.277727e-02	3.277727e-02	-1.921364e-03	3.700947e+00
4.926108e-02	-4.292370e-01	-4.292658e-01	-4.234919e-01	3.283710e-02	3.283710e-02	-1.840745e-03	3.700282e+00
4.914005e-02	-4.292743e-01	-4.293031e-01	-4.235565e-01	3.289689e-02	3.289689e-02	-1.760358e-03	3.699605e+00
4.901961e-02	-4.293115e-01	-4.293402e-01	-4.236210e-01	3.295665e-02	3.295665e-02	-1.680204e-03	3.698915e+00
4.889976e-02	-4.293485e-01	-4.293772e-01	-4.236852e-01	3.301637e-02	3.301637e-02	-1.600283e-03	3.698212e+00
4.878049e-02	-4.293854e-01	-4.294140e-01	-4.237491e-01	3.307605e-02	3.307605e-02	-1.520594e-03	3.697496e+00
4.866180e-02	-4.294221e-01	-4.294507e-01	-4.238129e-01	3.313571e-02	3.313571e-02	-1.441137e-03	3.696767e+00
4.854369e-02	-4.294586e-01	-4.294872e-01	-4.238764e-01	3.319532e-02	3.319532e-02	-1.361912e-03	3.696025e+00
4.842615e-02	-4.294950e-01	-4.295236e-01	-4.239396e-01	3.325489e-02	3.325489e-02	-1.282919e-03	3.695269e+00
4.830918e-02	-4.295313e-01	-4.295598e-01	-4.240027e-01	3.331443e-02	3.331443e-02	-1.204157e-03	3.694500e+00
4.819277e-02	-4.295673e-01	-4.295959e-01	-4.240655e-01	3.337392e-02	3.337392e-02	-1.125626e-03	3.693718e+00
4.807692e-02	-4.296033e-01	-4.296318e-01	-4.241281e-01	3.343338e-02	3.343338e-02	-1.047326e-03	3.692922e+00
4.796163e-02	-4.296391e-01	-4.296675e-01	-4.241905e-01	3.349279e-02	3.349279e-02	-9.692570e-04	3.692112e+00
4.784689e-02	-4.296747e-01	-4.297032e-01	-4.242526e-01	3.355216e-02	3.355216e-02	-8.914183e-04	3.691288e+00
4.773270e-02	-4.297102e-01	-4.297386e-01	-4.243145e-01	3.361149e-02	3.361149e-02	-8.138099e-04	3.690451e+00
4.761905e-02	-4.297456e-01	-4.297740e-01	-4.243762e-01	3.367077e-02	3.367077e-02	-7.364315e-04	3.689599e+00
4.750594e-02	-4.297808e-01	-4.298091e-01	-4.244377e-01	3.373001e-02	3.373001e-02	-6.592827e-04	3.688733e+00
4.739336e-02	-4.298159e-01	-4.298442e-01	-4.244990e-01	3.378920e-02	3.378920e-02	-5.823635e-04	3.687853e+00
4.728132e-02	-4.298508e-01	-4.298791e-01	-4.245600e-01	3.384834e-02	3.384834e-02	-5.056735e-04	3.686959e+00
4.716981e-02	-4.298856e-01	-4.299138e-01	-4.246208e-01	3.390744e-02	3.390744e-02	-4.292124e-04	3.686050e+00
4.705882e-02	-4.299202e-01	-4.299484e-01	-4.246814e-01	3.396648e-02	3.396648e-02	-3.529800e-04	3.685127e+00
4.694836e-02	-4.299547e-01	-4.299829e-01	-4.247418e-01	3.402548e-02	3.402548e-02	-2.769761e-04	3.684189e+00
4.683841e-02	-4.299890e-01	-4.300172e-01	-4.248020e-01	3.408443e-02	3.408443e-02	-2.012004e-04	3.683237e+00
4.672897e-02	-4.300233e-01	-4.300514e-01	-4.248619e-01	3.414332e-02	3.414332e-02	-1.256526e-04	3.682270e+00
4.662005e-02	-4.300573e-01	-4.300854e-01	-4.249216e-01	3.420217e-02	3.420217e-02	-5.033238e-05	3.681288e+00
4.651163e-02	-4.300913e-01	-4.301193e-01	-4.249812e-01	3.426096e-02	3.426096e-02	2.476043e-05	3.680291e+00
4.640371e-02	-4.301250e-01	-4.301531e-01	-4.250405e-01	3.431970e-02	3.431970e-02	9.962613e-05	3.679279e+00
4.629630e-02	-4.301587e-01	-4.301867e-01	-4.250996e-01	3.437838e-02	3.437838e-02	1.742650e-04	3.678252e+00
4.618938e-02	-4.301922e-01	-4.302202e-01	-4.251584e-01	3.443701e-02	3.443701e-02	2.486774e-04	3.677209e+00
4.608295e-02	-4.302256e-01	-4.302535e-01	-4.252171e-01	3.449558e-02	3.449558e-02	3.228634e-04	3.676152e+00
4.597701e-02	-4.302588e-01	-4.302867e-01	-4.252756e-01	3.455410e-02	3.455410e-02	3.968235e-04	3.675079e+00
4.587156e-02	-4.302919e-01	-4.303198e-01	-4.253338e-01	3.461256e-02	3.461256e-02	4.705579e-04	3.673991e+00
4.576659e-02	-4.303249e-01	-4.303528e-01	-4.253918e-01	3.467096e-02	3.467096e-02	5.440669e-04	3.672887e+00
4.566210e-02	-4.303577e-01	-4.303856e-01	-4.254497e-01	3.472930e-02	3.472930e-02	6.173508e-04	3.671768e+00
4.555809e-02	-4.303904e-01	-4.304182e-01	-4.255073e-01	3.478758e-02	3.478758e-02	6.904098e-04	3.670633e+00
4.545455e-02	-4.304230e-01	-4.304508e-01	-4.255647e-01	3.484581e-02	3.484581e-02	7.632443e-04	3.669483e+00
4.535147e-02	-4.304555e-01	-4.304832e-01	-4.256219e-01	3.490397e-02	3.490397e-02	8.358546e-04	3.668317e+00
4.524887e-02	-4.304878e-01	-4.305155e-01	-4.256789e-01	3.496207e-02	3.496207e-02	9.082409e-04	3.667134e+00
4.514673e-02	-4.305199e-01	-4.305476e-01	-4.257357e-01	3.502010e-02	3.502010e-02	9.804036e-04	3.665937e+00
