# Finite Temperature Data for Kitaev Ladder
# chi_max = 300, h = 0.6000
# Columns: T | Sigmax | Sigmay | Sigmaz | S1 | S2 | Wp | Cv
# 
2.000000e+01	-5.382653e-02	-5.382666e-02	-5.357549e-02	3.650165e-05	3.650165e-05	-6.690717e-07	2.575306e-01
1.000000e+01	-7.591907e-02	-7.591967e-02	-7.537431e-02	1.699562e-04	1.699562e-04	-3.350480e-06	9.207528e-01
6.666667e+00	-9.490398e-02	-9.490548e-02	-9.397561e-02	4.801732e-04	4.801732e-04	-8.676733e-06	1.815571e+00
5.000000e+00	-1.110466e-01	-1.110494e-01	-1.096628e-01	1.034259e-03	1.034259e-03	-1.467756e-05	2.784858e+00
4.000000e+00	-1.246820e-01	-1.246865e-01	-1.227882e-01	1.877384e-03	1.877384e-03	-1.652725e-05	3.710896e+00
3.333333e+00	-1.361641e-01	-1.361705e-01	-1.337212e-01	3.029992e-03	3.029992e-03	-7.540827e-06	4.520507e+00
2.857143e+00	-1.458314e-01	-1.458399e-01	-1.428136e-01	4.490525e-03	4.490525e-03	1.931304e-05	5.178982e+00
2.500000e+00	-1.539889e-01	-1.539996e-01	-1.503816e-01	6.240713e-03	6.240713e-03	7.011603e-05	5.679505e+00
2.222222e+00	-1.609004e-01	-1.609134e-01	-1.566978e-01	8.251323e-03	8.251323e-03	1.491991e-04	6.032621e+00
2.000000e+00	-1.667884e-01	-1.668036e-01	-1.619916e-01	1.048721e-02	1.048721e-02	2.588538e-04	6.257847e+00
1.818182e+00	-1.718367e-01	-1.718541e-01	-1.664524e-01	1.291125e-02	1.291125e-02	3.994213e-04	6.377899e+00
1.666667e+00	-1.761960e-01	-1.762155e-01	-1.702349e-01	1.548702e-02	1.548702e-02	5.696001e-04	6.415169e+00
1.538462e+00	-1.799887e-01	-1.800102e-01	-1.734643e-01	1.818061e-02	1.818061e-02	7.668467e-04	6.389856e+00
1.428571e+00	-1.833137e-01	-1.833371e-01	-1.762419e-01	2.096147e-02	2.096147e-02	9.877798e-04	6.319175e+00
1.333333e+00	-1.862510e-01	-1.862763e-01	-1.786490e-01	2.380290e-02	2.380290e-02	1.228538e-03	6.217220e+00
1.250000e+00	-1.888656e-01	-1.888925e-01	-1.807513e-01	2.668199e-02	2.668199e-02	1.485073e-03	6.095166e+00
1.176471e+00	-1.912096e-01	-1.912382e-01	-1.826016e-01	2.957951e-02	2.957951e-02	1.753374e-03	5.961642e+00
1.111111e+00	-1.933258e-01	-1.933559e-01	-1.842424e-01	3.247951e-02	3.247951e-02	2.029622e-03	5.823137e+00
1.052632e+00	-1.952487e-01	-1.952802e-01	-1.857085e-01	3.536900e-02	3.536900e-02	2.310299e-03	5.684401e+00
1.000000e+00	-1.970067e-01	-1.970396e-01	-1.870276e-01	3.823754e-02	3.823754e-02	2.592244e-03	5.548804e+00
9.523810e-01	-1.986231e-01	-1.986573e-01	-1.882226e-01	4.107686e-02	4.107686e-02	2.872682e-03	5.418639e+00
9.090909e-01	-2.001172e-01	-2.001525e-01	-1.893121e-01	4.388055e-02	4.388055e-02	3.149228e-03	5.295377e+00
8.695652e-01	-2.015047e-01	-2.015412e-01	-1.903112e-01	4.664372e-02	4.664372e-02	3.419875e-03	5.179868e+00
8.333333e-01	-2.027990e-01	-2.028365e-01	-1.912326e-01	4.936275e-02	4.936275e-02	3.682968e-03	5.072506e+00
8.000000e-01	-2.040111e-01	-2.040497e-01	-1.920866e-01	5.203507e-02	5.203507e-02	3.937177e-03	4.973353e+00
7.692308e-01	-2.051504e-01	-2.051899e-01	-1.928817e-01	5.465896e-02	5.465896e-02	4.181461e-03	4.882240e+00
7.407407e-01	-2.062248e-01	-2.062652e-01	-1.936251e-01	5.723338e-02	5.723338e-02	4.415040e-03	4.798838e+00
7.142857e-01	-2.072409e-01	-2.072822e-01	-1.943228e-01	5.975783e-02	5.975783e-02	4.637356e-03	4.722718e+00
6.896552e-01	-2.082045e-01	-2.082467e-01	-1.949797e-01	6.223227e-02	6.223227e-02	4.848044e-03	4.653392e+00
6.666667e-01	-2.091206e-01	-2.091635e-01	-1.956002e-01	6.465697e-02	6.465697e-02	5.046905e-03	4.590342e+00
6.451613e-01	-2.099932e-01	-2.100369e-01	-1.961879e-01	6.703250e-02	6.703250e-02	5.233877e-03	4.533046e+00
6.250000e-01	-2.108262e-01	-2.108706e-01	-1.967457e-01	6.935962e-02	6.935962e-02	5.409015e-03	4.480990e+00
6.060606e-01	-2.116228e-01	-2.116678e-01	-1.972763e-01	7.163924e-02	7.163924e-02	5.572468e-03	4.433679e+00
5.882353e-01	-2.123857e-01	-2.124314e-01	-1.977820e-01	7.387238e-02	7.387238e-02	5.724459e-03	4.390647e+00
5.714286e-01	-2.131174e-01	-2.131637e-01	-1.982648e-01	7.606015e-02	7.606015e-02	5.865275e-03	4.351458e+00
5.555556e-01	-2.138202e-01	-2.138671e-01	-1.987263e-01	7.820372e-02	7.820372e-02	5.995248e-03	4.315709e+00
5.405405e-01	-2.144959e-01	-2.145434e-01	-1.991681e-01	8.030427e-02	8.030427e-02	6.114745e-03	4.283032e+00
5.263158e-01	-2.151464e-01	-2.151944e-01	-1.995915e-01	8.236302e-02	8.236302e-02	6.224161e-03	4.253089e+00
5.128205e-01	-2.157731e-01	-2.158216e-01	-1.999976e-01	8.438117e-02	8.438117e-02	6.323906e-03	4.225579e+00
5.000000e-01	-2.163775e-01	-2.164265e-01	-2.003875e-01	8.635994e-02	8.635994e-02	6.414403e-03	4.200227e+00
4.878049e-01	-2.169609e-01	-2.170104e-01	-2.007622e-01	8.830051e-02	8.830051e-02	6.496077e-03	4.176789e+00
4.761905e-01	-2.175244e-01	-2.175743e-01	-2.011224e-01	9.020404e-02	9.020404e-02	6.569356e-03	4.155046e+00
4.651163e-01	-2.180691e-01	-2.181194e-01	-2.014690e-01	9.207169e-02	9.207169e-02	6.634662e-03	4.134806e+00
4.545455e-01	-2.185959e-01	-2.186467e-01	-2.018027e-01	9.390455e-02	9.390455e-02	6.692412e-03	4.115895e+00
4.444444e-01	-2.191057e-01	-2.191569e-01	-2.021240e-01	9.570371e-02	9.570371e-02	6.743013e-03	4.098163e+00
4.347826e-01	-2.195994e-01	-2.196510e-01	-2.024336e-01	9.747022e-02	9.747022e-02	6.786861e-03	4.081476e+00
4.255319e-01	-2.200776e-01	-2.201296e-01	-2.027320e-01	9.920509e-02	9.920509e-02	6.824340e-03	4.065717e+00
4.166667e-01	-2.205412e-01	-2.205936e-01	-2.030197e-01	1.009093e-01	1.009093e-01	6.855820e-03	4.050783e+00
4.081633e-01	-2.209908e-01	-2.210434e-01	-2.032971e-01	1.025838e-01	1.025838e-01	6.881657e-03	4.036586e+00
4.000000e-01	-2.214269e-01	-2.214799e-01	-2.035648e-01	1.042295e-01	1.042295e-01	6.902192e-03	4.023047e+00
3.921569e-01	-2.218501e-01	-2.219034e-01	-2.038231e-01	1.058472e-01	1.058472e-01	6.917750e-03	4.010099e+00
3.846154e-01	-2.222610e-01	-2.223147e-01	-2.040724e-01	1.074379e-01	1.074379e-01	6.928644e-03	3.997683e+00
3.773585e-01	-2.226601e-01	-2.227140e-01	-2.043131e-01	1.090022e-01	1.090022e-01	6.935169e-03	3.985748e+00
3.703704e-01	-2.230478e-01	-2.231020e-01	-2.045455e-01	1.105411e-01	1.105411e-01	6.937606e-03	3.974251e+00
3.636364e-01	-2.234245e-01	-2.234791e-01	-2.047699e-01	1.120552e-01	1.120552e-01	6.936223e-03	3.963154e+00
3.571429e-01	-2.237908e-01	-2.238456e-01	-2.049866e-01	1.135453e-01	1.135453e-01	6.931272e-03	3.952425e+00
3.508772e-01	-2.241470e-01	-2.242020e-01	-2.051960e-01	1.150121e-01	1.150121e-01	6.922992e-03	3.942035e+00
3.448276e-01	-2.244934e-01	-2.245487e-01	-2.053983e-01	1.164562e-01	1.164562e-01	6.911610e-03	3.931962e+00
3.389831e-01	-2.248305e-01	-2.248860e-01	-2.055937e-01	1.178782e-01	1.178782e-01	6.897337e-03	3.922184e+00
3.333333e-01	-2.251585e-01	-2.252143e-01	-2.057825e-01	1.192789e-01	1.192789e-01	6.880375e-03	3.912684e+00
3.278689e-01	-2.254778e-01	-2.255338e-01	-2.059650e-01	1.206587e-01	1.206587e-01	6.860912e-03	3.903448e+00
3.225806e-01	-2.257887e-01	-2.258449e-01	-2.061414e-01	1.220183e-01	1.220183e-01	6.839126e-03	3.894463e+00
3.174603e-01	-2.260914e-01	-2.261479e-01	-2.063118e-01	1.233581e-01	1.233581e-01	6.815185e-03	3.885718e+00
3.125000e-01	-2.263863e-01	-2.264430e-01	-2.064766e-01	1.246788e-01	1.246788e-01	6.789244e-03	3.877203e+00
3.076923e-01	-2.266736e-01	-2.267305e-01	-2.066358e-01	1.259807e-01	1.259807e-01	6.761452e-03	3.868910e+00
3.030303e-01	-2.269536e-01	-2.270107e-01	-2.067898e-01	1.272645e-01	1.272645e-01	6.731945e-03	3.860834e+00
2.985075e-01	-2.272266e-01	-2.272838e-01	-2.069387e-01	1.285305e-01	1.285305e-01	6.700854e-03	3.852967e+00
2.941176e-01	-2.274926e-01	-2.275501e-01	-2.070826e-01	1.297793e-01	1.297793e-01	6.668298e-03	3.845305e+00
2.898551e-01	-2.277520e-01	-2.278097e-01	-2.072217e-01	1.310111e-01	1.310111e-01	6.634392e-03	3.837843e+00
2.857143e-01	-2.280050e-01	-2.280628e-01	-2.073562e-01	1.322266e-01	1.322266e-01	6.599240e-03	3.830577e+00
2.816901e-01	-2.282518e-01	-2.283098e-01	-2.074862e-01	1.334260e-01	1.334260e-01	6.562941e-03	3.823503e+00
2.777778e-01	-2.284926e-01	-2.285507e-01	-2.076120e-01	1.346098e-01	1.346098e-01	6.525589e-03	3.816618e+00
2.739726e-01	-2.287275e-01	-2.287858e-01	-2.077336e-01	1.357782e-01	1.357782e-01	6.487268e-03	3.809919e+00
2.702703e-01	-2.289568e-01	-2.290152e-01	-2.078511e-01	1.369318e-01	1.369318e-01	6.448059e-03	3.803404e+00
2.666667e-01	-2.291806e-01	-2.292392e-01	-2.079648e-01	1.380708e-01	1.380708e-01	6.408037e-03	3.797069e+00
2.631579e-01	-2.293990e-01	-2.294578e-01	-2.080747e-01	1.391955e-01	1.391955e-01	6.367271e-03	3.790912e+00
2.597403e-01	-2.296124e-01	-2.296712e-01	-2.081809e-01	1.403063e-01	1.403063e-01	6.325827e-03	3.784931e+00
2.564103e-01	-2.298207e-01	-2.298797e-01	-2.082837e-01	1.414035e-01	1.414035e-01	6.283764e-03	3.779123e+00
2.531646e-01	-2.300241e-01	-2.300833e-01	-2.083830e-01	1.424874e-01	1.424874e-01	6.241138e-03	3.773485e+00
2.500000e-01	-2.302229e-01	-2.302822e-01	-2.084790e-01	1.435582e-01	1.435582e-01	6.198002e-03	3.768016e+00
2.469136e-01	-2.304171e-01	-2.304765e-01	-2.085718e-01	1.446164e-01	1.446164e-01	6.154404e-03	3.762714e+00
2.439024e-01	-2.306068e-01	-2.306663e-01	-2.086615e-01	1.456620e-01	1.456620e-01	6.110388e-03	3.757575e+00
2.409639e-01	-2.307922e-01	-2.308519e-01	-2.087482e-01	1.466954e-01	1.466954e-01	6.065997e-03	3.752597e+00
2.380952e-01	-2.309735e-01	-2.310332e-01	-2.088320e-01	1.477169e-01	1.477169e-01	6.021269e-03	3.747779e+00
2.352941e-01	-2.311506e-01	-2.312105e-01	-2.089130e-01	1.487266e-01	1.487266e-01	5.976239e-03	3.743117e+00
2.325581e-01	-2.313238e-01	-2.313839e-01	-2.089913e-01	1.497249e-01	1.497249e-01	5.930941e-03	3.738610e+00
2.298851e-01	-2.314932e-01	-2.315533e-01	-2.090669e-01	1.507119e-01	1.507119e-01	5.885404e-03	3.734255e+00
2.272727e-01	-2.316588e-01	-2.317191e-01	-2.091400e-01	1.516878e-01	1.516878e-01	5.839657e-03	3.730049e+00
2.247191e-01	-2.318208e-01	-2.318812e-01	-2.092106e-01	1.526530e-01	1.526530e-01	5.793727e-03	3.725990e+00
2.222222e-01	-2.319793e-01	-2.320397e-01	-2.092787e-01	1.536075e-01	1.536075e-01	5.747636e-03	3.722076e+00
2.197802e-01	-2.321343e-01	-2.321948e-01	-2.093446e-01	1.545517e-01	1.545517e-01	5.701407e-03	3.718304e+00
2.173913e-01	-2.322860e-01	-2.323466e-01	-2.094081e-01	1.554856e-01	1.554856e-01	5.655060e-03	3.714672e+00
2.150538e-01	-2.324344e-01	-2.324951e-01	-2.094695e-01	1.564094e-01	1.564094e-01	5.608614e-03	3.711177e+00
2.127660e-01	-2.325796e-01	-2.326404e-01	-2.095288e-01	1.573235e-01	1.573235e-01	5.562086e-03	3.707817e+00
2.105263e-01	-2.327218e-01	-2.327827e-01	-2.095859e-01	1.582279e-01	1.582279e-01	5.515491e-03	3.704589e+00
2.083333e-01	-2.328609e-01	-2.329219e-01	-2.096411e-01	1.591228e-01	1.591228e-01	5.468845e-03	3.701491e+00
2.061856e-01	-2.329972e-01	-2.330583e-01	-2.096943e-01	1.600083e-01	1.600083e-01	5.422159e-03	3.698520e+00
2.040816e-01	-2.331305e-01	-2.331917e-01	-2.097456e-01	1.608847e-01	1.608847e-01	5.375447e-03	3.695674e+00
2.020202e-01	-2.332612e-01	-2.333224e-01	-2.097951e-01	1.617521e-01	1.617521e-01	5.328718e-03	3.692951e+00
2.000000e-01	-2.333891e-01	-2.334504e-01	-2.098428e-01	1.626107e-01	1.626107e-01	5.281983e-03	3.690347e+00
1.980198e-01	-2.335143e-01	-2.335758e-01	-2.098888e-01	1.634605e-01	1.634605e-01	5.235251e-03	3.687861e+00
1.960784e-01	-2.336371e-01	-2.336986e-01	-2.099331e-01	1.643018e-01	1.643018e-01	5.188530e-03	3.685490e+00
1.941748e-01	-2.337573e-01	-2.338189e-01	-2.099757e-01	1.651347e-01	1.651347e-01	5.141828e-03	3.683233e+00
1.923077e-01	-2.338750e-01	-2.339367e-01	-2.100168e-01	1.659593e-01	1.659593e-01	5.095150e-03	3.681085e+00
1.904762e-01	-2.339904e-01	-2.340522e-01	-2.100563e-01	1.667757e-01	1.667757e-01	5.048504e-03	3.679046e+00
1.886792e-01	-2.341035e-01	-2.341653e-01	-2.100943e-01	1.675842e-01	1.675842e-01	5.001894e-03	3.677113e+00
1.869159e-01	-2.342144e-01	-2.342762e-01	-2.101309e-01	1.683848e-01	1.683848e-01	4.955326e-03	3.675283e+00
1.851852e-01	-2.343230e-01	-2.343849e-01	-2.101660e-01	1.691776e-01	1.691776e-01	4.908802e-03	3.673555e+00
1.834862e-01	-2.344294e-01	-2.344915e-01	-2.101998e-01	1.699628e-01	1.699628e-01	4.862329e-03	3.671925e+00
1.818182e-01	-2.345338e-01	-2.345959e-01	-2.102322e-01	1.707404e-01	1.707404e-01	4.815907e-03	3.670393e+00
1.801802e-01	-2.346362e-01	-2.346983e-01	-2.102633e-01	1.715107e-01	1.715107e-01	4.769542e-03	3.668956e+00
1.785714e-01	-2.347365e-01	-2.347987e-01	-2.102932e-01	1.722736e-01	1.722736e-01	4.723235e-03	3.667611e+00
1.769912e-01	-2.348349e-01	-2.348972e-01	-2.103218e-01	1.730294e-01	1.730294e-01	4.676988e-03	3.666357e+00
1.754386e-01	-2.349314e-01	-2.349937e-01	-2.103492e-01	1.737781e-01	1.737781e-01	4.630803e-03	3.665192e+00
1.739130e-01	-2.350260e-01	-2.350884e-01	-2.103755e-01	1.745198e-01	1.745198e-01	4.584682e-03	3.664113e+00
1.724138e-01	-2.351188e-01	-2.351813e-01	-2.104006e-01	1.752546e-01	1.752546e-01	4.538626e-03	3.663119e+00
1.709402e-01	-2.352099e-01	-2.352724e-01	-2.104246e-01	1.759827e-01	1.759827e-01	4.492637e-03	3.662207e+00
1.694915e-01	-2.352992e-01	-2.353618e-01	-2.104475e-01	1.767041e-01	1.767041e-01	4.446715e-03	3.661377e+00
1.680672e-01	-2.353868e-01	-2.354495e-01	-2.104694e-01	1.774189e-01	1.774189e-01	4.400861e-03	3.660625e+00
1.666667e-01	-2.354728e-01	-2.355355e-01	-2.104902e-01	1.781272e-01	1.781272e-01	4.355075e-03	3.659950e+00
1.652893e-01	-2.355572e-01	-2.356200e-01	-2.105101e-01	1.788292e-01	1.788292e-01	4.309358e-03	3.659350e+00
1.639344e-01	-2.356400e-01	-2.357028e-01	-2.105290e-01	1.795248e-01	1.795248e-01	4.263711e-03	3.658824e+00
1.626016e-01	-2.357213e-01	-2.357842e-01	-2.105469e-01	1.802141e-01	1.802141e-01	4.218132e-03	3.658369e+00
1.612903e-01	-2.358011e-01	-2.358640e-01	-2.105640e-01	1.808974e-01	1.808974e-01	4.172622e-03	3.657985e+00
1.600000e-01	-2.358794e-01	-2.359424e-01	-2.105801e-01	1.815746e-01	1.815746e-01	4.127181e-03	3.657668e+00
1.587302e-01	-2.359563e-01	-2.360193e-01	-2.105954e-01	1.822458e-01	1.822458e-01	4.081808e-03	3.657418e+00
1.574803e-01	-2.360317e-01	-2.360948e-01	-2.106098e-01	1.829111e-01	1.829111e-01	4.036504e-03	3.657233e+00
1.562500e-01	-2.361058e-01	-2.361690e-01	-2.106234e-01	1.835706e-01	1.835706e-01	3.991268e-03	3.657112e+00
1.550388e-01	-2.361786e-01	-2.362418e-01	-2.106362e-01	1.842243e-01	1.842243e-01	3.946099e-03	3.657052e+00
1.538462e-01	-2.362501e-01	-2.363133e-01	-2.106482e-01	1.848724e-01	1.848724e-01	3.900997e-03	3.657053e+00
1.526718e-01	-2.363202e-01	-2.363835e-01	-2.106595e-01	1.855149e-01	1.855149e-01	3.855961e-03	3.657112e+00
1.515152e-01	-2.363892e-01	-2.364525e-01	-2.106700e-01	1.861518e-01	1.861518e-01	3.810991e-03	3.657228e+00
1.503759e-01	-2.364569e-01	-2.365202e-01	-2.106798e-01	1.867833e-01	1.867833e-01	3.766086e-03	3.657401e+00
1.492537e-01	-2.365234e-01	-2.365868e-01	-2.106889e-01	1.874094e-01	1.874094e-01	3.721246e-03	3.657627e+00
1.481481e-01	-2.365887e-01	-2.366522e-01	-2.106973e-01	1.880302e-01	1.880302e-01	3.676470e-03	3.657907e+00
1.470588e-01	-2.366529e-01	-2.367164e-01	-2.107050e-01	1.886457e-01	1.886457e-01	3.631756e-03	3.658238e+00
1.459854e-01	-2.367160e-01	-2.367795e-01	-2.107120e-01	1.892561e-01	1.892561e-01	3.587105e-03	3.658620e+00
1.449275e-01	-2.367779e-01	-2.368415e-01	-2.107185e-01	1.898613e-01	1.898613e-01	3.542516e-03	3.659050e+00
1.438849e-01	-2.368388e-01	-2.369024e-01	-2.107243e-01	1.904615e-01	1.904615e-01	3.497987e-03	3.659528e+00
1.428571e-01	-2.368987e-01	-2.369623e-01	-2.107295e-01	1.910566e-01	1.910566e-01	3.453519e-03	3.660052e+00
1.418440e-01	-2.369575e-01	-2.370212e-01	-2.107341e-01	1.916468e-01	1.916468e-01	3.409110e-03	3.660621e+00
1.408451e-01	-2.370153e-01	-2.370790e-01	-2.107381e-01	1.922321e-01	1.922321e-01	3.364761e-03	3.661234e+00
1.398601e-01	-2.370721e-01	-2.371359e-01	-2.107416e-01	1.928126e-01	1.928126e-01	3.320469e-03	3.661890e+00
1.388889e-01	-2.371280e-01	-2.371918e-01	-2.107445e-01	1.933883e-01	1.933883e-01	3.276235e-03	3.662586e+00
1.379310e-01	-2.371829e-01	-2.372467e-01	-2.107469e-01	1.939593e-01	1.939593e-01	3.232057e-03	3.663323e+00
1.369863e-01	-2.372369e-01	-2.373008e-01	-2.107488e-01	1.945257e-01	1.945257e-01	3.187936e-03	3.664100e+00
1.360544e-01	-2.372900e-01	-2.373539e-01	-2.107501e-01	1.950874e-01	1.950874e-01	3.143870e-03	3.664913e+00
1.351351e-01	-2.373422e-01	-2.374061e-01	-2.107510e-01	1.956446e-01	1.956446e-01	3.099859e-03	3.665764e+00
1.342282e-01	-2.373935e-01	-2.374575e-01	-2.107514e-01	1.961972e-01	1.961972e-01	3.055903e-03	3.666651e+00
1.333333e-01	-2.374440e-01	-2.375080e-01	-2.107513e-01	1.967455e-01	1.967455e-01	3.012000e-03	3.667571e+00
1.324503e-01	-2.374936e-01	-2.375577e-01	-2.107508e-01	1.972893e-01	1.972893e-01	2.968151e-03	3.668526e+00
1.315789e-01	-2.375424e-01	-2.376065e-01	-2.107498e-01	1.978287e-01	1.978287e-01	2.924354e-03	3.669513e+00
1.307190e-01	-2.375905e-01	-2.376546e-01	-2.107484e-01	1.983639e-01	1.983639e-01	2.880609e-03	3.670531e+00
1.298701e-01	-2.376377e-01	-2.377019e-01	-2.107465e-01	1.988948e-01	1.988948e-01	2.836915e-03	3.671580e+00
1.290323e-01	-2.376842e-01	-2.377484e-01	-2.107443e-01	1.994215e-01	1.994215e-01	2.793273e-03	3.672658e+00
1.282051e-01	-2.377299e-01	-2.377942e-01	-2.107416e-01	1.999440e-01	1.999440e-01	2.749682e-03	3.673765e+00
1.273885e-01	-2.377749e-01	-2.378392e-01	-2.107385e-01	2.004624e-01	2.004624e-01	2.706141e-03	3.674899e+00
1.265823e-01	-2.378192e-01	-2.378835e-01	-2.107351e-01	2.009768e-01	2.009768e-01	2.662650e-03	3.676060e+00
1.257862e-01	-2.378627e-01	-2.379271e-01	-2.107313e-01	2.014871e-01	2.014871e-01	2.619209e-03	3.677246e+00
1.250000e-01	-2.379056e-01	-2.379699e-01	-2.107271e-01	2.019934e-01	2.019934e-01	2.575817e-03	3.678457e+00
1.242236e-01	-2.379478e-01	-2.380122e-01	-2.107225e-01	2.024958e-01	2.024958e-01	2.532474e-03	3.679692e+00
1.234568e-01	-2.379893e-01	-2.380537e-01	-2.107176e-01	2.029942e-01	2.029942e-01	2.489179e-03	3.680950e+00
1.226994e-01	-2.380301e-01	-2.380946e-01	-2.107124e-01	2.034888e-01	2.034888e-01	2.445933e-03	3.682230e+00
1.219512e-01	-2.380703e-01	-2.381348e-01	-2.107068e-01	2.039796e-01	2.039796e-01	2.402735e-03	3.683531e+00
1.212121e-01	-2.381099e-01	-2.381744e-01	-2.107010e-01	2.044666e-01	2.044666e-01	2.359585e-03	3.684852e+00
1.204819e-01	-2.381489e-01	-2.382134e-01	-2.106948e-01	2.049498e-01	2.049498e-01	2.316483e-03	3.686193e+00
1.197605e-01	-2.381873e-01	-2.382518e-01	-2.106883e-01	2.054294e-01	2.054294e-01	2.273428e-03	3.687552e+00
1.190476e-01	-2.382250e-01	-2.382896e-01	-2.106815e-01	2.059052e-01	2.059052e-01	2.230421e-03	3.688929e+00
1.183432e-01	-2.382622e-01	-2.383268e-01	-2.106744e-01	2.063775e-01	2.063775e-01	2.187461e-03	3.690324e+00
1.176471e-01	-2.382988e-01	-2.383635e-01	-2.106670e-01	2.068461e-01	2.068461e-01	2.144548e-03	3.691734e+00
1.169591e-01	-2.383349e-01	-2.383996e-01	-2.106593e-01	2.073112e-01	2.073112e-01	2.101683e-03	3.693160e+00
1.162791e-01	-2.383704e-01	-2.384351e-01	-2.106514e-01	2.077728e-01	2.077728e-01	2.058865e-03	3.694601e+00
1.156069e-01	-2.384054e-01	-2.384701e-01	-2.106432e-01	2.082309e-01	2.082309e-01	2.016093e-03	3.696056e+00
1.149425e-01	-2.384398e-01	-2.385046e-01	-2.106348e-01	2.086855e-01	2.086855e-01	1.973369e-03	3.697524e+00
1.142857e-01	-2.384737e-01	-2.385385e-01	-2.106261e-01	2.091367e-01	2.091367e-01	1.930692e-03	3.699005e+00
1.136364e-01	-2.385071e-01	-2.385719e-01	-2.106171e-01	2.095845e-01	2.095845e-01	1.888061e-03	3.700498e+00
1.129944e-01	-2.385400e-01	-2.386049e-01	-2.106079e-01	2.100290e-01	2.100290e-01	1.845478e-03	3.702001e+00
1.123596e-01	-2.385725e-01	-2.386373e-01	-2.105985e-01	2.104702e-01	2.104702e-01	1.802942e-03	3.703516e+00
1.117318e-01	-2.386044e-01	-2.386693e-01	-2.105889e-01	2.109081e-01	2.109081e-01	1.760454e-03	3.705039e+00
1.111111e-01	-2.386359e-01	-2.387008e-01	-2.105790e-01	2.113427e-01	2.113427e-01	1.718012e-03	3.706573e+00
1.104972e-01	-2.386669e-01	-2.387318e-01	-2.105690e-01	2.117741e-01	2.117741e-01	1.675618e-03	3.708114e+00
1.098901e-01	-2.386974e-01	-2.387624e-01	-2.105587e-01	2.122023e-01	2.122023e-01	1.633272e-03	3.709663e+00
1.092896e-01	-2.387275e-01	-2.387925e-01	-2.105482e-01	2.126273e-01	2.126273e-01	1.590974e-03	3.711220e+00
1.086957e-01	-2.387571e-01	-2.388221e-01	-2.105375e-01	2.130493e-01	2.130493e-01	1.548723e-03	3.712783e+00
1.081081e-01	-2.387864e-01	-2.388514e-01	-2.105266e-01	2.134681e-01	2.134681e-01	1.506521e-03	3.714352e+00
1.075269e-01	-2.388152e-01	-2.388802e-01	-2.105156e-01	2.138838e-01	2.138838e-01	1.464366e-03	3.715926e+00
1.069519e-01	-2.388436e-01	-2.389086e-01	-2.105043e-01	2.142965e-01	2.142965e-01	1.422260e-03	3.717505e+00
1.063830e-01	-2.388715e-01	-2.389366e-01	-2.104929e-01	2.147062e-01	2.147062e-01	1.380203e-03	3.719089e+00
1.058201e-01	-2.388991e-01	-2.389642e-01	-2.104813e-01	2.151129e-01	2.151129e-01	1.338195e-03	3.720675e+00
1.052632e-01	-2.389263e-01	-2.389914e-01	-2.104695e-01	2.155167e-01	2.155167e-01	1.296236e-03	3.722265e+00
1.047120e-01	-2.389531e-01	-2.390182e-01	-2.104576e-01	2.159175e-01	2.159175e-01	1.254327e-03	3.723857e+00
1.041667e-01	-2.389795e-01	-2.390447e-01	-2.104455e-01	2.163154e-01	2.163154e-01	1.212467e-03	3.725452e+00
1.036269e-01	-2.390056e-01	-2.390707e-01	-2.104333e-01	2.167104e-01	2.167104e-01	1.170657e-03	3.727047e+00
1.030928e-01	-2.390312e-01	-2.390964e-01	-2.104209e-01	2.171026e-01	2.171026e-01	1.128897e-03	3.728644e+00
1.025641e-01	-2.390565e-01	-2.391218e-01	-2.104083e-01	2.174920e-01	2.174920e-01	1.087188e-03	3.730240e+00
1.020408e-01	-2.390815e-01	-2.391468e-01	-2.103956e-01	2.178785e-01	2.178785e-01	1.045530e-03	3.731837e+00
1.015228e-01	-2.391061e-01	-2.391714e-01	-2.103828e-01	2.182623e-01	2.182623e-01	1.003923e-03	3.733433e+00
1.010101e-01	-2.391304e-01	-2.391957e-01	-2.103698e-01	2.186434e-01	2.186434e-01	9.623669e-04	3.735027e+00
1.005025e-01	-2.391543e-01	-2.392196e-01	-2.103567e-01	2.190217e-01	2.190217e-01	9.208631e-04	3.736620e+00
1.000000e-01	-2.391779e-01	-2.392433e-01	-2.103435e-01	2.193973e-01	2.193973e-01	8.794114e-04	3.738211e+00
9.950249e-02	-2.392012e-01	-2.392666e-01	-2.103301e-01	2.197703e-01	2.197703e-01	8.380122e-04	3.739800e+00
9.900990e-02	-2.392242e-01	-2.392895e-01	-2.103167e-01	2.201406e-01	2.201406e-01	7.966659e-04	3.741385e+00
9.852217e-02	-2.392468e-01	-2.393122e-01	-2.103031e-01	2.205082e-01	2.205082e-01	7.553728e-04	3.742967e+00
9.803922e-02	-2.392692e-01	-2.393346e-01	-2.102894e-01	2.208733e-01	2.208733e-01	7.141333e-04	3.744544e+00
9.756098e-02	-2.392912e-01	-2.393566e-01	-2.102755e-01	2.212358e-01	2.212358e-01	6.729477e-04	3.746118e+00
9.708738e-02	-2.393129e-01	-2.393784e-01	-2.102616e-01	2.215957e-01	2.215957e-01	6.318165e-04	3.747686e+00
9.661836e-02	-2.393344e-01	-2.393998e-01	-2.102476e-01	2.219531e-01	2.219531e-01	5.907399e-04	3.749250e+00
9.615385e-02	-2.393555e-01	-2.394210e-01	-2.102334e-01	2.223080e-01	2.223080e-01	5.497185e-04	3.750807e+00
9.569378e-02	-2.393764e-01	-2.394419e-01	-2.102192e-01	2.226604e-01	2.226604e-01	5.087525e-04	3.752359e+00
9.523810e-02	-2.393970e-01	-2.394625e-01	-2.102049e-01	2.230103e-01	2.230103e-01	4.678425e-04	3.753904e+00
9.478673e-02	-2.394173e-01	-2.394829e-01	-2.101904e-01	2.233578e-01	2.233578e-01	4.269887e-04	3.755442e+00
9.433962e-02	-2.394374e-01	-2.395029e-01	-2.101759e-01	2.237028e-01	2.237028e-01	3.861916e-04	3.756973e+00
9.389671e-02	-2.394572e-01	-2.395227e-01	-2.101613e-01	2.240454e-01	2.240454e-01	3.454515e-04	3.758497e+00
9.345794e-02	-2.394767e-01	-2.395423e-01	-2.101466e-01	2.243857e-01	2.243857e-01	3.047690e-04	3.760013e+00
9.302326e-02	-2.394960e-01	-2.395616e-01	-2.101319e-01	2.247236e-01	2.247236e-01	2.641444e-04	3.761520e+00
9.259259e-02	-2.395150e-01	-2.395806e-01	-2.101170e-01	2.250591e-01	2.250591e-01	2.235781e-04	3.763018e+00
9.216590e-02	-2.395338e-01	-2.395994e-01	-2.101021e-01	2.253923e-01	2.253923e-01	1.830705e-04	3.764508e+00
9.174312e-02	-2.395523e-01	-2.396180e-01	-2.100871e-01	2.257233e-01	2.257233e-01	1.426220e-04	3.765988e+00
9.132420e-02	-2.395706e-01	-2.396363e-01	-2.100720e-01	2.260519e-01	2.260519e-01	1.022332e-04	3.767459e+00
9.090909e-02	-2.395887e-01	-2.396544e-01	-2.100569e-01	2.263782e-01	2.263782e-01	6.190430e-05	3.768920e+00
9.049774e-02	-2.396065e-01	-2.396722e-01	-2.100416e-01	2.267024e-01	2.267024e-01	2.163582e-05	3.770370e+00
9.009009e-02	-2.396241e-01	-2.396898e-01	-2.100264e-01	2.270242e-01	2.270242e-01	-1.857183e-05	3.771810e+00
8.968610e-02	-2.396415e-01	-2.397072e-01	-2.100110e-01	2.273439e-01	2.273439e-01	-5.871824e-05	3.773238e+00
8.928571e-02	-2.396587e-01	-2.397244e-01	-2.099956e-01	2.276614e-01	2.276614e-01	-9.880298e-05	3.774656e+00
8.888889e-02	-2.396756e-01	-2.397413e-01	-2.099802e-01	2.279767e-01	2.279767e-01	-1.388256e-04	3.776062e+00
8.849558e-02	-2.396923e-01	-2.397581e-01	-2.099646e-01	2.282899e-01	2.282899e-01	-1.787858e-04	3.777456e+00
8.810573e-02	-2.397088e-01	-2.397746e-01	-2.099491e-01	2.286009e-01	2.286009e-01	-2.186830e-04	3.778839e+00
8.771930e-02	-2.397252e-01	-2.397909e-01	-2.099334e-01	2.289098e-01	2.289098e-01	-2.585168e-04	3.780208e+00
8.733624e-02	-2.397413e-01	-2.398070e-01	-2.099178e-01	2.292166e-01	2.292166e-01	-2.982869e-04	3.781566e+00
8.695652e-02	-2.397572e-01	-2.398230e-01	-2.099020e-01	2.295213e-01	2.295213e-01	-3.379927e-04	3.782910e+00
8.658009e-02	-2.397729e-01	-2.398387e-01	-2.098863e-01	2.298240e-01	2.298240e-01	-3.776340e-04	3.784241e+00
8.620690e-02	-2.397884e-01	-2.398542e-01	-2.098704e-01	2.301246e-01	2.301246e-01	-4.172102e-04	3.785559e+00
8.583691e-02	-2.398037e-01	-2.398696e-01	-2.098546e-01	2.304231e-01	2.304231e-01	-4.567210e-04	3.786864e+00
8.547009e-02	-2.398188e-01	-2.398847e-01	-2.098387e-01	2.307197e-01	2.307197e-01	-4.961659e-04	3.788154e+00
8.510638e-02	-2.398338e-01	-2.398997e-01	-2.098227e-01	2.310142e-01	2.310142e-01	-5.355445e-04	3.789431e+00
8.474576e-02	-2.398486e-01	-2.399144e-01	-2.098067e-01	2.313068e-01	2.313068e-01	-5.748564e-04	3.790693e+00
8.438819e-02	-2.398632e-01	-2.399291e-01	-2.097907e-01	2.315974e-01	2.315974e-01	-6.141012e-04	3.791940e+00
8.403361e-02	-2.398776e-01	-2.399435e-01	-2.097747e-01	2.318860e-01	2.318860e-01	-6.532785e-04	3.793173e+00
8.368201e-02	-2.398918e-01	-2.399577e-01	-2.097586e-01	2.321727e-01	2.321727e-01	-6.923879e-04	3.794391e+00
8.333333e-02	-2.399059e-01	-2.399718e-01	-2.097425e-01	2.324575e-01	2.324575e-01	-7.314290e-04	3.795594e+00
8.298755e-02	-2.399198e-01	-2.399857e-01	-2.097263e-01	2.327404e-01	2.327404e-01	-7.704013e-04	3.796782e+00
8.264463e-02	-2.399335e-01	-2.399995e-01	-2.097101e-01	2.330214e-01	2.330214e-01	-8.093046e-04	3.797954e+00
8.230453e-02	-2.399471e-01	-2.400131e-01	-2.096939e-01	2.333005e-01	2.333005e-01	-8.481383e-04	3.799110e+00
8.196721e-02	-2.399605e-01	-2.400265e-01	-2.096777e-01	2.335777e-01	2.335777e-01	-8.869021e-04	3.800251e+00
8.163265e-02	-2.399738e-01	-2.400397e-01	-2.096614e-01	2.338531e-01	2.338531e-01	-9.255956e-04	3.801375e+00
8.130081e-02	-2.399868e-01	-2.400528e-01	-2.096451e-01	2.341267e-01	2.341267e-01	-9.642184e-04	3.802483e+00
8.097166e-02	-2.399998e-01	-2.400658e-01	-2.096288e-01	2.343985e-01	2.343985e-01	-1.002770e-03	3.803575e+00
8.064516e-02	-2.400126e-01	-2.400786e-01	-2.096125e-01	2.346684e-01	2.346684e-01	-1.041250e-03	3.804651e+00
8.032129e-02	-2.400252e-01	-2.400913e-01	-2.095962e-01	2.349366e-01	2.349366e-01	-1.079659e-03	3.805709e+00
8.000000e-02	-2.400377e-01	-2.401038e-01	-2.095798e-01	2.352030e-01	2.352030e-01	-1.117995e-03	3.806751e+00
7.968127e-02	-2.400501e-01	-2.401161e-01	-2.095634e-01	2.354676e-01	2.354676e-01	-1.156259e-03	3.807776e+00
7.936508e-02	-2.400623e-01	-2.401283e-01	-2.095470e-01	2.357305e-01	2.357305e-01	-1.194449e-03	3.808783e+00
7.905138e-02	-2.400744e-01	-2.401404e-01	-2.095306e-01	2.359916e-01	2.359916e-01	-1.232567e-03	3.809774e+00
7.874016e-02	-2.400863e-01	-2.401524e-01	-2.095142e-01	2.362511e-01	2.362511e-01	-1.270610e-03	3.810747e+00
7.843137e-02	-2.400981e-01	-2.401642e-01	-2.094977e-01	2.365088e-01	2.365088e-01	-1.308580e-03	3.811702e+00
7.812500e-02	-2.401097e-01	-2.401758e-01	-2.094813e-01	2.367648e-01	2.367648e-01	-1.346475e-03	3.812640e+00
7.782101e-02	-2.401213e-01	-2.401874e-01	-2.094648e-01	2.370192e-01	2.370192e-01	-1.384295e-03	3.813560e+00
7.751938e-02	-2.401327e-01	-2.401988e-01	-2.094484e-01	2.372719e-01	2.372719e-01	-1.422041e-03	3.814462e+00
7.722008e-02	-2.401439e-01	-2.402101e-01	-2.094319e-01	2.375229e-01	2.375229e-01	-1.459711e-03	3.815346e+00
7.692308e-02	-2.401551e-01	-2.402212e-01	-2.094154e-01	2.377723e-01	2.377723e-01	-1.497305e-03	3.816212e+00
7.662835e-02	-2.401661e-01	-2.402323e-01	-2.093989e-01	2.380200e-01	2.380200e-01	-1.534823e-03	3.817059e+00
7.633588e-02	-2.401770e-01	-2.402432e-01	-2.093824e-01	2.382662e-01	2.382662e-01	-1.572264e-03	3.817889e+00
7.604563e-02	-2.401878e-01	-2.402540e-01	-2.093659e-01	2.385107e-01	2.385107e-01	-1.609629e-03	3.818700e+00
7.575758e-02	-2.401984e-01	-2.402646e-01	-2.093494e-01	2.387537e-01	2.387537e-01	-1.646917e-03	3.819492e+00
7.547170e-02	-2.402090e-01	-2.402752e-01	-2.093329e-01	2.389951e-01	2.389951e-01	-1.684127e-03	3.820266e+00
7.518797e-02	-2.402194e-01	-2.402856e-01	-2.093164e-01	2.392349e-01	2.392349e-01	-1.721259e-03	3.821022e+00
7.490637e-02	-2.402297e-01	-2.402959e-01	-2.092998e-01	2.394731e-01	2.394731e-01	-1.758314e-03	3.821758e+00
7.462687e-02	-2.402399e-01	-2.403061e-01	-2.092833e-01	2.397098e-01	2.397098e-01	-1.795290e-03	3.822476e+00
7.434944e-02	-2.402500e-01	-2.403162e-01	-2.092668e-01	2.399450e-01	2.399450e-01	-1.832187e-03	3.823175e+00
7.407407e-02	-2.402600e-01	-2.403262e-01	-2.092503e-01	2.401786e-01	2.401786e-01	-1.869006e-03	3.823855e+00
7.380074e-02	-2.402699e-01	-2.403361e-01	-2.092338e-01	2.404108e-01	2.404108e-01	-1.905745e-03	3.824515e+00
7.352941e-02	-2.402796e-01	-2.403459e-01	-2.092173e-01	2.406414e-01	2.406414e-01	-1.942405e-03	3.825157e+00
7.326007e-02	-2.402893e-01	-2.403556e-01	-2.092008e-01	2.408706e-01	2.408706e-01	-1.978985e-03	3.825780e+00
7.299270e-02	-2.402988e-01	-2.403651e-01	-2.091843e-01	2.410983e-01	2.410983e-01	-2.015485e-03	3.826383e+00
7.272727e-02	-2.403083e-01	-2.403746e-01	-2.091678e-01	2.413245e-01	2.413245e-01	-2.051904e-03	3.826967e+00
7.246377e-02	-2.403177e-01	-2.403839e-01	-2.091513e-01	2.415493e-01	2.415493e-01	-2.088243e-03	3.827532e+00
7.220217e-02	-2.403269e-01	-2.403932e-01	-2.091348e-01	2.417726e-01	2.417726e-01	-2.124501e-03	3.828077e+00
7.194245e-02	-2.403361e-01	-2.404024e-01	-2.091183e-01	2.419945e-01	2.419945e-01	-2.160677e-03	3.828603e+00
7.168459e-02	-2.403451e-01	-2.404115e-01	-2.091018e-01	2.422150e-01	2.422150e-01	-2.196772e-03	3.829110e+00
7.142857e-02	-2.403541e-01	-2.404204e-01	-2.090854e-01	2.424340e-01	2.424340e-01	-2.232786e-03	3.829597e+00
7.117438e-02	-2.403630e-01	-2.404293e-01	-2.090689e-01	2.426517e-01	2.426517e-01	-2.268717e-03	3.830065e+00
7.092199e-02	-2.403718e-01	-2.404381e-01	-2.090525e-01	2.428680e-01	2.428680e-01	-2.304567e-03	3.830513e+00
7.067138e-02	-2.403805e-01	-2.404468e-01	-2.090361e-01	2.430829e-01	2.430829e-01	-2.340334e-03	3.830941e+00
7.042254e-02	-2.403891e-01	-2.404554e-01	-2.090196e-01	2.432964e-01	2.432964e-01	-2.376018e-03	3.831350e+00
7.017544e-02	-2.403976e-01	-2.404640e-01	-2.090032e-01	2.435086e-01	2.435086e-01	-2.411619e-03	3.831740e+00
6.993007e-02	-2.404060e-01	-2.404724e-01	-2.089868e-01	2.437194e-01	2.437194e-01	-2.447137e-03	3.832109e+00
6.968641e-02	-2.404144e-01	-2.404807e-01	-2.089704e-01	2.439289e-01	2.439289e-01	-2.482572e-03	3.832459e+00
6.944444e-02	-2.404226e-01	-2.404890e-01	-2.089541e-01	2.441370e-01	2.441370e-01	-2.517923e-03	3.832790e+00
6.920415e-02	-2.404308e-01	-2.404972e-01	-2.089377e-01	2.443438e-01	2.443438e-01	-2.553191e-03	3.833100e+00
6.896552e-02	-2.404389e-01	-2.405053e-01	-2.089214e-01	2.445494e-01	2.445494e-01	-2.588374e-03	3.833391e+00
6.872852e-02	-2.404469e-01	-2.405133e-01	-2.089050e-01	2.447536e-01	2.447536e-01	-2.623473e-03	3.833663e+00
6.849315e-02	-2.404548e-01	-2.405213e-01	-2.088887e-01	2.449565e-01	2.449565e-01	-2.658488e-03	3.833914e+00
6.825939e-02	-2.404627e-01	-2.405291e-01	-2.088724e-01	2.451582e-01	2.451582e-01	-2.693418e-03	3.834146e+00
6.802721e-02	-2.404705e-01	-2.405369e-01	-2.088561e-01	2.453585e-01	2.453585e-01	-2.728264e-03	3.834358e+00
6.779661e-02	-2.404782e-01	-2.405446e-01	-2.088398e-01	2.455577e-01	2.455577e-01	-2.763024e-03	3.834551e+00
6.756757e-02	-2.404858e-01	-2.405522e-01	-2.088236e-01	2.457555e-01	2.457555e-01	-2.797699e-03	3.834723e+00
6.734007e-02	-2.404933e-01	-2.405598e-01	-2.088073e-01	2.459521e-01	2.459521e-01	-2.832289e-03	3.834876e+00
6.711409e-02	-2.405008e-01	-2.405673e-01	-2.087911e-01	2.461475e-01	2.461475e-01	-2.866794e-03	3.835010e+00
6.688963e-02	-2.405082e-01	-2.405747e-01	-2.087749e-01	2.463417e-01	2.463417e-01	-2.901212e-03	3.835124e+00
6.666667e-02	-2.405155e-01	-2.405820e-01	-2.087587e-01	2.465346e-01	2.465346e-01	-2.935545e-03	3.835218e+00
6.644518e-02	-2.405228e-01	-2.405893e-01	-2.087426e-01	2.467263e-01	2.467263e-01	-2.969792e-03	3.835292e+00
6.622517e-02	-2.405300e-01	-2.405965e-01	-2.087264e-01	2.469169e-01	2.469169e-01	-3.003952e-03	3.835347e+00
6.600660e-02	-2.405371e-01	-2.406036e-01	-2.087103e-01	2.471062e-01	2.471062e-01	-3.038026e-03	3.835382e+00
6.578947e-02	-2.405442e-01	-2.406107e-01	-2.086942e-01	2.472944e-01	2.472944e-01	-3.072014e-03	3.835397e+00
6.557377e-02	-2.405511e-01	-2.406176e-01	-2.086781e-01	2.474814e-01	2.474814e-01	-3.105915e-03	3.835393e+00
6.535948e-02	-2.405581e-01	-2.406246e-01	-2.086620e-01	2.476672e-01	2.476672e-01	-3.139729e-03	3.835370e+00
6.514658e-02	-2.405649e-01	-2.406314e-01	-2.086460e-01	2.478518e-01	2.478518e-01	-3.173456e-03	3.835327e+00
6.493506e-02	-2.405717e-01	-2.406382e-01	-2.086299e-01	2.480353e-01	2.480353e-01	-3.207097e-03	3.835264e+00
6.472492e-02	-2.405784e-01	-2.406450e-01	-2.086139e-01	2.482177e-01	2.482177e-01	-3.240649e-03	3.835182e+00
6.451613e-02	-2.405851e-01	-2.406516e-01	-2.085979e-01	2.483989e-01	2.483989e-01	-3.274115e-03	3.835081e+00
6.430868e-02	-2.405917e-01	-2.406582e-01	-2.085820e-01	2.485790e-01	2.485790e-01	-3.307493e-03	3.834960e+00
6.410256e-02	-2.405982e-01	-2.406648e-01	-2.085660e-01	2.487580e-01	2.487580e-01	-3.340784e-03	3.834820e+00
6.389776e-02	-2.406047e-01	-2.406713e-01	-2.085501e-01	2.489359e-01	2.489359e-01	-3.373987e-03	3.834660e+00
6.369427e-02	-2.406111e-01	-2.406777e-01	-2.085342e-01	2.491127e-01	2.491127e-01	-3.407102e-03	3.834481e+00
6.349206e-02	-2.406175e-01	-2.406840e-01	-2.085183e-01	2.492884e-01	2.492884e-01	-3.440129e-03	3.834283e+00
6.329114e-02	-2.406238e-01	-2.406903e-01	-2.085025e-01	2.494630e-01	2.494630e-01	-3.473069e-03	3.834066e+00
6.309148e-02	-2.406300e-01	-2.406966e-01	-2.084867e-01	2.496365e-01	2.496365e-01	-3.505920e-03	3.833829e+00
6.289308e-02	-2.406362e-01	-2.407028e-01	-2.084709e-01	2.498089e-01	2.498089e-01	-3.538683e-03	3.833574e+00
6.269592e-02	-2.406423e-01	-2.407089e-01	-2.084551e-01	2.499803e-01	2.499803e-01	-3.571357e-03	3.833299e+00
6.250000e-02	-2.406484e-01	-2.407150e-01	-2.084393e-01	2.501507e-01	2.501507e-01	-3.603943e-03	3.833005e+00
6.230530e-02	-2.406544e-01	-2.407210e-01	-2.084236e-01	2.503200e-01	2.503200e-01	-3.636441e-03	3.832692e+00
6.211180e-02	-2.406604e-01	-2.407270e-01	-2.084079e-01	2.504882e-01	2.504882e-01	-3.668850e-03	3.832361e+00
6.191950e-02	-2.406663e-01	-2.407329e-01	-2.083922e-01	2.506554e-01	2.506554e-01	-3.701171e-03	3.832010e+00
6.172840e-02	-2.406722e-01	-2.407388e-01	-2.083765e-01	2.508216e-01	2.508216e-01	-3.733403e-03	3.831641e+00
6.153846e-02	-2.406780e-01	-2.407446e-01	-2.083609e-01	2.509868e-01	2.509868e-01	-3.765546e-03	3.831252e+00
6.134969e-02	-2.406838e-01	-2.407504e-01	-2.083453e-01	2.511509e-01	2.511509e-01	-3.797600e-03	3.830845e+00
6.116208e-02	-2.406895e-01	-2.407561e-01	-2.083297e-01	2.513141e-01	2.513141e-01	-3.829566e-03	3.830420e+00
6.097561e-02	-2.406951e-01	-2.407617e-01	-2.083141e-01	2.514762e-01	2.514762e-01	-3.861442e-03	3.829975e+00
6.079027e-02	-2.407007e-01	-2.407674e-01	-2.082986e-01	2.516374e-01	2.516374e-01	-3.893229e-03	3.829512e+00
6.060606e-02	-2.407063e-01	-2.407729e-01	-2.082831e-01	2.517975e-01	2.517975e-01	-3.924927e-03	3.829031e+00
6.042296e-02	-2.407118e-01	-2.407784e-01	-2.082676e-01	2.519567e-01	2.519567e-01	-3.956537e-03	3.828531e+00
6.024096e-02	-2.407173e-01	-2.407839e-01	-2.082522e-01	2.521150e-01	2.521150e-01	-3.988056e-03	3.828013e+00
6.006006e-02	-2.407227e-01	-2.407893e-01	-2.082367e-01	2.522722e-01	2.522722e-01	-4.019487e-03	3.827476e+00
5.988024e-02	-2.407281e-01	-2.407947e-01	-2.082213e-01	2.524285e-01	2.524285e-01	-4.050829e-03	3.826921e+00
5.970149e-02	-2.407334e-01	-2.408000e-01	-2.082060e-01	2.525839e-01	2.525839e-01	-4.082081e-03	3.826348e+00
5.952381e-02	-2.407387e-01	-2.408053e-01	-2.081906e-01	2.527383e-01	2.527383e-01	-4.113244e-03	3.825757e+00
5.934718e-02	-2.407439e-01	-2.408106e-01	-2.081753e-01	2.528918e-01	2.528918e-01	-4.144317e-03	3.825147e+00
5.917160e-02	-2.407491e-01	-2.408158e-01	-2.081600e-01	2.530443e-01	2.530443e-01	-4.175301e-03	3.824520e+00
5.899705e-02	-2.407542e-01	-2.408209e-01	-2.081447e-01	2.531960e-01	2.531960e-01	-4.206196e-03	3.823874e+00
5.882353e-02	-2.407593e-01	-2.408260e-01	-2.081295e-01	2.533467e-01	2.533467e-01	-4.237001e-03	3.823211e+00
5.865103e-02	-2.407644e-01	-2.408311e-01	-2.081143e-01	2.534965e-01	2.534965e-01	-4.267717e-03	3.822530e+00
5.847953e-02	-2.407694e-01	-2.408361e-01	-2.080991e-01	2.536453e-01	2.536453e-01	-4.298343e-03	3.821831e+00
5.830904e-02	-2.407744e-01	-2.408411e-01	-2.080839e-01	2.537933e-01	2.537933e-01	-4.328880e-03	3.821115e+00
5.813953e-02	-2.407793e-01	-2.408460e-01	-2.080688e-01	2.539404e-01	2.539404e-01	-4.359327e-03	3.820380e+00
5.797101e-02	-2.407842e-01	-2.408509e-01	-2.080537e-01	2.540866e-01	2.540866e-01	-4.389685e-03	3.819629e+00
5.780347e-02	-2.407891e-01	-2.408558e-01	-2.080386e-01	2.542319e-01	2.542319e-01	-4.419953e-03	3.818859e+00
5.763689e-02	-2.407939e-01	-2.408606e-01	-2.080236e-01	2.543764e-01	2.543764e-01	-4.450132e-03	3.818073e+00
5.747126e-02	-2.407987e-01	-2.408654e-01	-2.080085e-01	2.545200e-01	2.545200e-01	-4.480221e-03	3.817269e+00
5.730659e-02	-2.408034e-01	-2.408702e-01	-2.079935e-01	2.546627e-01	2.546627e-01	-4.510221e-03	3.816448e+00
5.714286e-02	-2.408081e-01	-2.408749e-01	-2.079786e-01	2.548046e-01	2.548046e-01	-4.540131e-03	3.815609e+00
5.698006e-02	-2.408128e-01	-2.408795e-01	-2.079636e-01	2.549456e-01	2.549456e-01	-4.569952e-03	3.814754e+00
5.681818e-02	-2.408174e-01	-2.408842e-01	-2.079487e-01	2.550857e-01	2.550857e-01	-4.599683e-03	3.813881e+00
5.665722e-02	-2.408220e-01	-2.408888e-01	-2.079338e-01	2.552250e-01	2.552250e-01	-4.629325e-03	3.812992e+00
5.649718e-02	-2.408266e-01	-2.408933e-01	-2.079190e-01	2.553635e-01	2.553635e-01	-4.658877e-03	3.812085e+00
5.633803e-02	-2.408311e-01	-2.408978e-01	-2.079042e-01	2.555012e-01	2.555012e-01	-4.688341e-03	3.811162e+00
5.617978e-02	-2.408356e-01	-2.409023e-01	-2.078894e-01	2.556380e-01	2.556380e-01	-4.717714e-03	3.810222e+00
5.602241e-02	-2.408400e-01	-2.409068e-01	-2.078746e-01	2.557741e-01	2.557741e-01	-4.746999e-03	3.809266e+00
5.586592e-02	-2.408444e-01	-2.409112e-01	-2.078599e-01	2.559093e-01	2.559093e-01	-4.776194e-03	3.808293e+00
5.571031e-02	-2.408488e-01	-2.409156e-01	-2.078452e-01	2.560437e-01	2.560437e-01	-4.805299e-03	3.807303e+00
5.555556e-02	-2.408532e-01	-2.409199e-01	-2.078305e-01	2.561773e-01	2.561773e-01	-4.834316e-03	3.806297e+00
5.540166e-02	-2.408575e-01	-2.409243e-01	-2.078158e-01	2.563101e-01	2.563101e-01	-4.863243e-03	3.805275e+00
5.524862e-02	-2.408618e-01	-2.409285e-01	-2.078012e-01	2.564421e-01	2.564421e-01	-4.892081e-03	3.804237e+00
5.509642e-02	-2.408660e-01	-2.409328e-01	-2.077866e-01	2.565733e-01	2.565733e-01	-4.920830e-03	3.803182e+00
5.494505e-02	-2.408702e-01	-2.409370e-01	-2.077720e-01	2.567038e-01	2.567038e-01	-4.949490e-03	3.802111e+00
5.479452e-02	-2.408744e-01	-2.409412e-01	-2.077575e-01	2.568335e-01	2.568335e-01	-4.978061e-03	3.801024e+00
5.464481e-02	-2.408786e-01	-2.409453e-01	-2.077430e-01	2.569624e-01	2.569624e-01	-5.006543e-03	3.799922e+00
5.449591e-02	-2.408827e-01	-2.409495e-01	-2.077285e-01	2.570905e-01	2.570905e-01	-5.034936e-03	3.798803e+00
5.434783e-02	-2.408868e-01	-2.409536e-01	-2.077141e-01	2.572179e-01	2.572179e-01	-5.063240e-03	3.797669e+00
5.420054e-02	-2.408908e-01	-2.409576e-01	-2.076996e-01	2.573445e-01	2.573445e-01	-5.091455e-03	3.796519e+00
5.405405e-02	-2.408948e-01	-2.409617e-01	-2.076852e-01	2.574704e-01	2.574704e-01	-5.119582e-03	3.795354e+00
5.390836e-02	-2.408988e-01	-2.409657e-01	-2.076709e-01	2.575955e-01	2.575955e-01	-5.147620e-03	3.794173e+00
5.376344e-02	-2.409028e-01	-2.409696e-01	-2.076565e-01	2.577199e-01	2.577199e-01	-5.175569e-03	3.792977e+00
5.361930e-02	-2.409068e-01	-2.409736e-01	-2.076422e-01	2.578436e-01	2.578436e-01	-5.203430e-03	3.791765e+00
5.347594e-02	-2.409107e-01	-2.409775e-01	-2.076279e-01	2.579666e-01	2.579666e-01	-5.231202e-03	3.790539e+00
5.333333e-02	-2.409145e-01	-2.409814e-01	-2.076137e-01	2.580888e-01	2.580888e-01	-5.258886e-03	3.789297e+00
5.319149e-02	-2.409184e-01	-2.409852e-01	-2.075995e-01	2.582103e-01	2.582103e-01	-5.286481e-03	3.788040e+00
5.305040e-02	-2.409222e-01	-2.409891e-01	-2.075853e-01	2.583310e-01	2.583310e-01	-5.313988e-03	3.786768e+00
5.291005e-02	-2.409260e-01	-2.409929e-01	-2.075711e-01	2.584511e-01	2.584511e-01	-5.341407e-03	3.785481e+00
5.277045e-02	-2.409298e-01	-2.409966e-01	-2.075570e-01	2.585705e-01	2.585705e-01	-5.368738e-03	3.784179e+00
5.263158e-02	-2.409335e-01	-2.410004e-01	-2.075429e-01	2.586891e-01	2.586891e-01	-5.395981e-03	3.782863e+00
5.249344e-02	-2.409373e-01	-2.410041e-01	-2.075288e-01	2.588071e-01	2.588071e-01	-5.423136e-03	3.781532e+00
5.235602e-02	-2.409409e-01	-2.410078e-01	-2.075147e-01	2.589244e-01	2.589244e-01	-5.450203e-03	3.780187e+00
5.221932e-02	-2.409446e-01	-2.410115e-01	-2.075007e-01	2.590410e-01	2.590410e-01	-5.477182e-03	3.778827e+00
5.208333e-02	-2.409483e-01	-2.410151e-01	-2.074867e-01	2.591569e-01	2.591569e-01	-5.504074e-03	3.777453e+00
5.194805e-02	-2.409519e-01	-2.410187e-01	-2.074728e-01	2.592721e-01	2.592721e-01	-5.530878e-03	3.776064e+00
5.181347e-02	-2.409555e-01	-2.410223e-01	-2.074588e-01	2.593867e-01	2.593867e-01	-5.557595e-03	3.774661e+00
5.167959e-02	-2.409590e-01	-2.410259e-01	-2.074449e-01	2.595006e-01	2.595006e-01	-5.584224e-03	3.773245e+00
5.154639e-02	-2.409626e-01	-2.410294e-01	-2.074311e-01	2.596138e-01	2.596138e-01	-5.610766e-03	3.771814e+00
5.141388e-02	-2.409661e-01	-2.410329e-01	-2.074172e-01	2.597264e-01	2.597264e-01	-5.637221e-03	3.770369e+00
5.128205e-02	-2.409696e-01	-2.410364e-01	-2.074034e-01	2.598383e-01	2.598383e-01	-5.663588e-03	3.768911e+00
5.115090e-02	-2.409730e-01	-2.410399e-01	-2.073896e-01	2.599495e-01	2.599495e-01	-5.689869e-03	3.767439e+00
5.102041e-02	-2.409765e-01	-2.410433e-01	-2.073758e-01	2.600602e-01	2.600602e-01	-5.716063e-03	3.765953e+00
5.089059e-02	-2.409799e-01	-2.410468e-01	-2.073621e-01	2.601701e-01	2.601701e-01	-5.742170e-03	3.764454e+00
5.076142e-02	-2.409833e-01	-2.410502e-01	-2.073484e-01	2.602795e-01	2.602795e-01	-5.768190e-03	3.762941e+00
5.063291e-02	-2.409867e-01	-2.410535e-01	-2.073347e-01	2.603882e-01	2.603882e-01	-5.794124e-03	3.761415e+00
5.050505e-02	-2.409900e-01	-2.410569e-01	-2.073211e-01	2.604962e-01	2.604962e-01	-5.819972e-03	3.759876e+00
5.037783e-02	-2.409933e-01	-2.410602e-01	-2.073074e-01	2.606037e-01	2.606037e-01	-5.845733e-03	3.758323e+00
5.025126e-02	-2.409966e-01	-2.410635e-01	-2.072938e-01	2.607105e-01	2.607105e-01	-5.871408e-03	3.756758e+00
5.012531e-02	-2.409999e-01	-2.410668e-01	-2.072803e-01	2.608167e-01	2.608167e-01	-5.896997e-03	3.755179e+00
5.000000e-02	-2.410032e-01	-2.410701e-01	-2.072667e-01	2.609223e-01	2.609223e-01	-5.922500e-03	3.753588e+00
4.987531e-02	-2.410064e-01	-2.410733e-01	-2.072532e-01	2.610273e-01	2.610273e-01	-5.947917e-03	3.751984e+00
4.975124e-02	-2.410096e-01	-2.410766e-01	-2.072398e-01	2.611316e-01	2.611316e-01	-5.973249e-03	3.750367e+00
4.962779e-02	-2.410128e-01	-2.410798e-01	-2.072263e-01	2.612354e-01	2.612354e-01	-5.998495e-03	3.748737e+00
4.950495e-02	-2.410160e-01	-2.410829e-01	-2.072129e-01	2.613386e-01	2.613386e-01	-6.023655e-03	3.747095e+00
4.938272e-02	-2.410192e-01	-2.410861e-01	-2.071995e-01	2.614412e-01	2.614412e-01	-6.048730e-03	3.745441e+00
4.926108e-02	-2.410223e-01	-2.410892e-01	-2.071861e-01	2.615432e-01	2.615432e-01	-6.073720e-03	3.743774e+00
4.914005e-02	-2.410254e-01	-2.410924e-01	-2.071728e-01	2.616446e-01	2.616446e-01	-6.098625e-03	3.742095e+00
4.901961e-02	-2.410285e-01	-2.410955e-01	-2.071595e-01	2.617454e-01	2.617454e-01	-6.123445e-03	3.740404e+00
4.889976e-02	-2.410316e-01	-2.410985e-01	-2.071462e-01	2.618456e-01	2.618456e-01	-6.148181e-03	3.738701e+00
4.878049e-02	-2.410347e-01	-2.411016e-01	-2.071329e-01	2.619453e-01	2.619453e-01	-6.172831e-03	3.736985e+00
4.866180e-02	-2.410377e-01	-2.411046e-01	-2.071197e-01	2.620444e-01	2.620444e-01	-6.197397e-03	3.735258e+00
4.854369e-02	-2.410407e-01	-2.411077e-01	-2.071065e-01	2.621429e-01	2.621429e-01	-6.221879e-03	3.733520e+00
4.842615e-02	-2.410437e-01	-2.411107e-01	-2.070933e-01	2.622409e-01	2.622409e-01	-6.246277e-03	3.731769e+00
4.830918e-02	-2.410467e-01	-2.411136e-01	-2.070802e-01	2.623383e-01	2.623383e-01	-6.270590e-03	3.730007e+00
4.819277e-02	-2.410497e-01	-2.411166e-01	-2.070670e-01	2.624351e-01	2.624351e-01	-6.294820e-03	3.728233e+00
4.807692e-02	-2.410526e-01	-2.411195e-01	-2.070539e-01	2.625314e-01	2.625314e-01	-6.318966e-03	3.726448e+00
4.796163e-02	-2.410555e-01	-2.411225e-01	-2.070409e-01	2.626272e-01	2.626272e-01	-6.343028e-03	3.724652e+00
4.784689e-02	-2.410584e-01	-2.411254e-01	-2.070278e-01	2.627224e-01	2.627224e-01	-6.367007e-03	3.722845e+00
4.773270e-02	-2.410613e-01	-2.411283e-01	-2.070148e-01	2.628170e-01	2.628170e-01	-6.390902e-03	3.721026e+00
4.761905e-02	-2.410642e-01	-2.411312e-01	-2.070018e-01	2.629111e-01	2.629111e-01	-6.414715e-03	3.719196e+00
4.750594e-02	-2.410670e-01	-2.411340e-01	-2.069889e-01	2.630047e-01	2.630047e-01	-6.438444e-03	3.717356e+00
4.739336e-02	-2.410699e-01	-2.411368e-01	-2.069760e-01	2.630978e-01	2.630978e-01	-6.462090e-03	3.715504e+00
4.728132e-02	-2.410727e-01	-2.411397e-01	-2.069630e-01	2.631903e-01	2.631903e-01	-6.485654e-03	3.713642e+00
4.716981e-02	-2.410755e-01	-2.411425e-01	-2.069502e-01	2.632823e-01	2.632823e-01	-6.509135e-03	3.711769e+00
4.705882e-02	-2.410783e-01	-2.411453e-01	-2.069373e-01	2.633738e-01	2.633738e-01	-6.532534e-03	3.709886e+00
4.694836e-02	-2.410811e-01	-2.411480e-01	-2.069245e-01	2.634647e-01	2.634647e-01	-6.555850e-03	3.707992e+00
4.683841e-02	-2.410838e-01	-2.411508e-01	-2.069117e-01	2.635552e-01	2.635552e-01	-6.579084e-03	3.706088e+00
4.672897e-02	-2.410865e-01	-2.411535e-01	-2.068989e-01	2.636451e-01	2.636451e-01	-6.602237e-03	3.704173e+00
4.662005e-02	-2.410893e-01	-2.411562e-01	-2.068862e-01	2.637345e-01	2.637345e-01	-6.625308e-03	3.702248e+00
4.651163e-02	-2.410920e-01	-2.411590e-01	-2.068735e-01	2.638234e-01	2.638234e-01	-6.648297e-03	3.700313e+00
4.640371e-02	-2.410947e-01	-2.411616e-01	-2.068608e-01	2.639118e-01	2.639118e-01	-6.671205e-03	3.698368e+00
4.629630e-02	-2.410973e-01	-2.411643e-01	-2.068481e-01	2.639997e-01	2.639997e-01	-6.694031e-03	3.696414e+00
4.618938e-02	-2.411000e-01	-2.411670e-01	-2.068355e-01	2.640872e-01	2.640872e-01	-6.716776e-03	3.694449e+00
4.608295e-02	-2.411026e-01	-2.411696e-01	-2.068229e-01	2.641741e-01	2.641741e-01	-6.739441e-03	3.692474e+00
4.597701e-02	-2.411053e-01	-2.411722e-01	-2.068103e-01	2.642605e-01	2.642605e-01	-6.762024e-03	3.690490e+00
4.587156e-02	-2.411079e-01	-2.411749e-01	-2.067977e-01	2.643465e-01	2.643465e-01	-6.784528e-03	3.688497e+00
4.576659e-02	-2.411105e-01	-2.411775e-01	-2.067852e-01	2.644319e-01	2.644319e-01	-6.806950e-03	3.686493e+00
4.566210e-02	-2.411130e-01	-2.411800e-01	-2.067727e-01	2.645169e-01	2.645169e-01	-6.829293e-03	3.684481e+00
4.555809e-02	-2.411156e-01	-2.411826e-01	-2.067602e-01	2.646014e-01	2.646014e-01	-6.851555e-03	3.682459e+00
4.545455e-02	-2.411182e-01	-2.411852e-01	-2.067477e-01	2.646855e-01	2.646855e-01	-6.873737e-03	3.680428e+00
4.535147e-02	-2.411207e-01	-2.411877e-01	-2.067353e-01	2.647690e-01	2.647690e-01	-6.895840e-03	3.678388e+00
4.524887e-02	-2.411232e-01	-2.411902e-01	-2.067229e-01	2.648521e-01	2.648521e-01	-6.917863e-03	3.676339e+00
4.514673e-02	-2.411257e-01	-2.411927e-01	-2.067105e-01	2.649348e-01	2.649348e-01	-6.939807e-03	3.674281e+00
4.504505e-02	-2.411282e-01	-2.411952e-01	-2.066982e-01	2.650169e-01	2.650169e-01	-6.961672e-03	3.672214e+00
4.494382e-02	-2.411307e-01	-2.411977e-01	-2.066858e-01	2.650986e-01	2.650986e-01	-6.983457e-03	3.670138e+00
4.484305e-02	-2.411332e-01	-2.412002e-01	-2.066735e-01	2.651799e-01	2.651799e-01	-7.005164e-03	3.668054e+00
4.474273e-02	-2.411356e-01	-2.412026e-01	-2.066612e-01	2.652607e-01	2.652607e-01	-7.026792e-03	3.665960e+00
4.464286e-02	-2.411381e-01	-2.412051e-01	-2.066490e-01	2.653410e-01	2.653410e-01	-7.048342e-03	3.663859e+00
4.454343e-02	-2.411405e-01	-2.412075e-01	-2.066368e-01	2.654209e-01	2.654209e-01	-7.069813e-03	3.661749e+00
4.444444e-02	-2.411429e-01	-2.412099e-01	-2.066246e-01	2.655004e-01	2.655004e-01	-7.091206e-03	3.659631e+00
4.434590e-02	-2.411453e-01	-2.412123e-01	-2.066124e-01	2.655794e-01	2.655794e-01	-7.112522e-03	3.657504e+00
4.424779e-02	-2.411477e-01	-2.412147e-01	-2.066002e-01	2.656580e-01	2.656580e-01	-7.133759e-03	3.655370e+00
4.415011e-02	-2.411501e-01	-2.412171e-01	-2.065881e-01	2.657361e-01	2.657361e-01	-7.154919e-03	3.653227e+00
4.405286e-02	-2.411524e-01	-2.412194e-01	-2.065760e-01	2.658138e-01	2.658138e-01	-7.176001e-03	3.651076e+00
4.395604e-02	-2.411548e-01	-2.412218e-01	-2.065639e-01	2.658911e-01	2.658911e-01	-7.197007e-03	3.648918e+00
4.385965e-02	-2.411571e-01	-2.412241e-01	-2.065519e-01	2.659679e-01	2.659679e-01	-7.217935e-03	3.646751e+00
4.376368e-02	-2.411594e-01	-2.412265e-01	-2.065398e-01	2.660443e-01	2.660443e-01	-7.238786e-03	3.644577e+00
4.366812e-02	-2.411617e-01	-2.412288e-01	-2.065278e-01	2.661203e-01	2.661203e-01	-7.259561e-03	3.642395e+00
4.357298e-02	-2.411640e-01	-2.412311e-01	-2.065158e-01	2.661959e-01	2.661959e-01	-7.280260e-03	3.640206e+00
4.347826e-02	-2.411663e-01	-2.412334e-01	-2.065039e-01	2.662711e-01	2.662711e-01	-7.300882e-03	3.638009e+00
4.338395e-02	-2.411686e-01	-2.412356e-01	-2.064919e-01	2.663458e-01	2.663458e-01	-7.321428e-03	3.635805e+00
4.329004e-02	-2.411708e-01	-2.412379e-01	-2.064800e-01	2.664201e-01	2.664201e-01	-7.341898e-03	3.633593e+00
4.319654e-02	-2.411731e-01	-2.412401e-01	-2.064681e-01	2.664941e-01	2.664941e-01	-7.362292e-03	3.631374e+00
4.310345e-02	-2.411753e-01	-2.412424e-01	-2.064563e-01	2.665676e-01	2.665676e-01	-7.382611e-03	3.629149e+00
4.301075e-02	-2.411776e-01	-2.412446e-01	-2.064444e-01	2.666407e-01	2.666407e-01	-7.402854e-03	3.626916e+00
4.291845e-02	-2.411798e-01	-2.412468e-01	-2.064326e-01	2.667134e-01	2.667134e-01	-7.423022e-03	3.624676e+00
4.282655e-02	-2.411820e-01	-2.412490e-01	-2.064208e-01	2.667857e-01	2.667857e-01	-7.443116e-03	3.622429e+00
4.273504e-02	-2.411842e-01	-2.412512e-01	-2.064091e-01	2.668576e-01	2.668576e-01	-7.463134e-03	3.620175e+00
4.264392e-02	-2.411864e-01	-2.412534e-01	-2.063973e-01	2.669291e-01	2.669291e-01	-7.483078e-03	3.617915e+00
4.255319e-02	-2.411885e-01	-2.412556e-01	-2.063856e-01	2.670002e-01	2.670002e-01	-7.502948e-03	3.615648e+00
4.246285e-02	-2.411907e-01	-2.412577e-01	-2.063739e-01	2.670710e-01	2.670710e-01	-7.522743e-03	3.613374e+00
4.237288e-02	-2.411928e-01	-2.412599e-01	-2.063622e-01	2.671413e-01	2.671413e-01	-7.542464e-03	3.611094e+00
4.228330e-02	-2.411950e-01	-2.412620e-01	-2.063506e-01	2.672113e-01	2.672113e-01	-7.562112e-03	3.608807e+00
4.219409e-02	-2.411971e-01	-2.412642e-01	-2.063389e-01	2.672808e-01	2.672808e-01	-7.581686e-03	3.606514e+00
4.210526e-02	-2.411992e-01	-2.412663e-01	-2.063273e-01	2.673500e-01	2.673500e-01	-7.601186e-03	3.604215e+00
4.201681e-02	-2.412013e-01	-2.412684e-01	-2.063157e-01	2.674188e-01	2.674188e-01	-7.620614e-03	3.601910e+00
4.192872e-02	-2.412034e-01	-2.412705e-01	-2.063042e-01	2.674873e-01	2.674873e-01	-7.639968e-03	3.599599e+00
4.184100e-02	-2.412055e-01	-2.412726e-01	-2.062926e-01	2.675554e-01	2.675554e-01	-7.659249e-03	3.597281e+00
4.175365e-02	-2.412076e-01	-2.412746e-01	-2.062811e-01	2.676231e-01	2.676231e-01	-7.678458e-03	3.594958e+00
4.166667e-02	-2.412096e-01	-2.412767e-01	-2.062696e-01	2.676904e-01	2.676904e-01	-7.697594e-03	3.592629e+00
4.158004e-02	-2.412117e-01	-2.412788e-01	-2.062582e-01	2.677573e-01	2.677573e-01	-7.716658e-03	3.590294e+00
4.149378e-02	-2.412137e-01	-2.412808e-01	-2.062467e-01	2.678239e-01	2.678239e-01	-7.735650e-03	3.587953e+00
4.140787e-02	-2.412158e-01	-2.412828e-01	-2.062353e-01	2.678902e-01	2.678902e-01	-7.754570e-03	3.585607e+00
4.132231e-02	-2.412178e-01	-2.412849e-01	-2.062239e-01	2.679561e-01	2.679561e-01	-7.773418e-03	3.583255e+00
4.123711e-02	-2.412198e-01	-2.412869e-01	-2.062125e-01	2.680216e-01	2.680216e-01	-7.792195e-03	3.580897e+00
4.115226e-02	-2.412218e-01	-2.412889e-01	-2.062011e-01	2.680867e-01	2.680867e-01	-7.810900e-03	3.578535e+00
4.106776e-02	-2.412238e-01	-2.412909e-01	-2.061898e-01	2.681516e-01	2.681516e-01	-7.829534e-03	3.576166e+00
4.098361e-02	-2.412258e-01	-2.412929e-01	-2.061785e-01	2.682160e-01	2.682160e-01	-7.848098e-03	3.573793e+00
4.089980e-02	-2.412278e-01	-2.412948e-01	-2.061672e-01	2.682801e-01	2.682801e-01	-7.866590e-03	3.571415e+00
4.081633e-02	-2.412297e-01	-2.412968e-01	-2.061559e-01	2.683439e-01	2.683439e-01	-7.885013e-03	3.569031e+00
4.073320e-02	-2.412317e-01	-2.412988e-01	-2.061447e-01	2.684073e-01	2.684073e-01	-7.903364e-03	3.566642e+00
4.065041e-02	-2.412336e-01	-2.413007e-01	-2.061334e-01	2.684704e-01	2.684704e-01	-7.921646e-03	3.564249e+00
4.056795e-02	-2.412356e-01	-2.413026e-01	-2.061222e-01	2.685331e-01	2.685331e-01	-7.939858e-03	3.561850e+00
4.048583e-02	-2.412375e-01	-2.413046e-01	-2.061110e-01	2.685955e-01	2.685955e-01	-7.958000e-03	3.559447e+00
4.040404e-02	-2.412394e-01	-2.413065e-01	-2.060999e-01	2.686576e-01	2.686576e-01	-7.976072e-03	3.557039e+00
4.032258e-02	-2.412413e-01	-2.413084e-01	-2.060887e-01	2.687193e-01	2.687193e-01	-7.994075e-03	3.554626e+00
4.024145e-02	-2.412432e-01	-2.413103e-01	-2.060776e-01	2.687807e-01	2.687807e-01	-8.012009e-03	3.552209e+00
4.016064e-02	-2.412451e-01	-2.413122e-01	-2.060665e-01	2.688418e-01	2.688418e-01	-8.029874e-03	3.549787e+00
4.008016e-02	-2.412470e-01	-2.413141e-01	-2.060554e-01	2.689025e-01	2.689025e-01	-8.047671e-03	3.547361e+00
4.000000e-02	-2.412489e-01	-2.413160e-01	-2.060444e-01	2.689629e-01	2.689629e-01	-8.065398e-03	3.544931e+00
3.992016e-02	-2.412507e-01	-2.413178e-01	-2.060333e-01	2.690230e-01	2.690230e-01	-8.083057e-03	3.542496e+00
3.984064e-02	-2.412526e-01	-2.413197e-01	-2.060223e-01	2.690828e-01	2.690828e-01	-8.100648e-03	3.540057e+00
3.976143e-02	-2.412544e-01	-2.413215e-01	-2.060113e-01	2.691423e-01	2.691423e-01	-8.118172e-03	3.537613e+00
3.968254e-02	-2.412563e-01	-2.413234e-01	-2.060003e-01	2.692014e-01	2.692014e-01	-8.135627e-03	3.535166e+00
3.960396e-02	-2.412581e-01	-2.413252e-01	-2.059894e-01	2.692602e-01	2.692602e-01	-8.153014e-03	3.532715e+00
3.952569e-02	-2.412599e-01	-2.413270e-01	-2.059784e-01	2.693187e-01	2.693187e-01	-8.170335e-03	3.530259e+00
3.944773e-02	-2.412618e-01	-2.413289e-01	-2.059675e-01	2.693769e-01	2.693769e-01	-8.187588e-03	3.527800e+00
3.937008e-02	-2.412636e-01	-2.413307e-01	-2.059566e-01	2.694348e-01	2.694348e-01	-8.204774e-03	3.525337e+00
3.929273e-02	-2.412654e-01	-2.413325e-01	-2.059457e-01	2.694924e-01	2.694924e-01	-8.221893e-03	3.522871e+00
3.921569e-02	-2.412672e-01	-2.413343e-01	-2.059349e-01	2.695496e-01	2.695496e-01	-8.238946e-03	3.520400e+00
3.913894e-02	-2.412689e-01	-2.413360e-01	-2.059241e-01	2.696066e-01	2.696066e-01	-8.255932e-03	3.517926e+00
3.906250e-02	-2.412707e-01	-2.413378e-01	-2.059132e-01	2.696632e-01	2.696632e-01	-8.272852e-03	3.515449e+00
3.898635e-02	-2.412725e-01	-2.413396e-01	-2.059024e-01	2.697196e-01	2.697196e-01	-8.289706e-03	3.512968e+00
3.891051e-02	-2.412742e-01	-2.413414e-01	-2.058917e-01	2.697757e-01	2.697757e-01	-8.306494e-03	3.510483e+00
3.883495e-02	-2.412760e-01	-2.413431e-01	-2.058809e-01	2.698314e-01	2.698314e-01	-8.323217e-03	3.507996e+00
3.875969e-02	-2.412777e-01	-2.413448e-01	-2.058702e-01	2.698869e-01	2.698869e-01	-8.339874e-03	3.505505e+00
3.868472e-02	-2.412795e-01	-2.413466e-01	-2.058595e-01	2.699421e-01	2.699421e-01	-8.356465e-03	3.503011e+00
3.861004e-02	-2.412812e-01	-2.413483e-01	-2.058488e-01	2.699969e-01	2.699969e-01	-8.372992e-03	3.500513e+00
3.853565e-02	-2.412829e-01	-2.413500e-01	-2.058381e-01	2.700515e-01	2.700515e-01	-8.389454e-03	3.498013e+00
3.846154e-02	-2.412846e-01	-2.413518e-01	-2.058274e-01	2.701058e-01	2.701058e-01	-8.405851e-03	3.495509e+00
3.838772e-02	-2.412863e-01	-2.413535e-01	-2.058168e-01	2.701598e-01	2.701598e-01	-8.422184e-03	3.493003e+00
3.831418e-02	-2.412880e-01	-2.413552e-01	-2.058062e-01	2.702136e-01	2.702136e-01	-8.438452e-03	3.490494e+00
3.824092e-02	-2.412897e-01	-2.413569e-01	-2.057956e-01	2.702670e-01	2.702670e-01	-8.454656e-03	3.487982e+00
3.816794e-02	-2.412914e-01	-2.413585e-01	-2.057850e-01	2.703202e-01	2.703202e-01	-8.470797e-03	3.485467e+00
3.809524e-02	-2.412931e-01	-2.413602e-01	-2.057744e-01	2.703731e-01	2.703731e-01	-8.486874e-03	3.482950e+00
3.802281e-02	-2.412948e-01	-2.413619e-01	-2.057639e-01	2.704257e-01	2.704257e-01	-8.502887e-03	3.480430e+00
3.795066e-02	-2.412964e-01	-2.413635e-01	-2.057533e-01	2.704780e-01	2.704780e-01	-8.518837e-03	3.477907e+00
3.787879e-02	-2.412981e-01	-2.413652e-01	-2.057428e-01	2.705301e-01	2.705301e-01	-8.534723e-03	3.475382e+00
3.780718e-02	-2.412997e-01	-2.413669e-01	-2.057323e-01	2.705819e-01	2.705819e-01	-8.550547e-03	3.472855e+00
3.773585e-02	-2.413014e-01	-2.413685e-01	-2.057219e-01	2.706334e-01	2.706334e-01	-8.566308e-03	3.470325e+00
3.766478e-02	-2.413030e-01	-2.413701e-01	-2.057114e-01	2.706846e-01	2.706846e-01	-8.582007e-03	3.467793e+00
3.759398e-02	-2.413046e-01	-2.413718e-01	-2.057010e-01	2.707356e-01	2.707356e-01	-8.597643e-03	3.465259e+00
3.752345e-02	-2.413063e-01	-2.413734e-01	-2.056906e-01	2.707863e-01	2.707863e-01	-8.613217e-03	3.462722e+00
3.745318e-02	-2.413079e-01	-2.413750e-01	-2.056802e-01	2.708368e-01	2.708368e-01	-8.628729e-03	3.460183e+00
3.738318e-02	-2.413095e-01	-2.413766e-01	-2.056698e-01	2.708869e-01	2.708869e-01	-8.644180e-03	3.457643e+00
3.731343e-02	-2.413111e-01	-2.413782e-01	-2.056594e-01	2.709369e-01	2.709369e-01	-8.659568e-03	3.455100e+00
3.724395e-02	-2.413127e-01	-2.413798e-01	-2.056491e-01	2.709865e-01	2.709865e-01	-8.674896e-03	3.452555e+00
3.717472e-02	-2.413143e-01	-2.413814e-01	-2.056388e-01	2.710359e-01	2.710359e-01	-8.690162e-03	3.450009e+00
3.710575e-02	-2.413158e-01	-2.413830e-01	-2.056285e-01	2.710851e-01	2.710851e-01	-8.705367e-03	3.447460e+00
3.703704e-02	-2.413174e-01	-2.413845e-01	-2.056182e-01	2.711340e-01	2.711340e-01	-8.720511e-03	3.444910e+00
3.696858e-02	-2.413190e-01	-2.413861e-01	-2.056079e-01	2.711826e-01	2.711826e-01	-8.735595e-03	3.442359e+00
3.690037e-02	-2.413205e-01	-2.413877e-01	-2.055976e-01	2.712310e-01	2.712310e-01	-8.750618e-03	3.439805e+00
3.683241e-02	-2.413221e-01	-2.413892e-01	-2.055874e-01	2.712791e-01	2.712791e-01	-8.765581e-03	3.437250e+00
3.676471e-02	-2.413236e-01	-2.413908e-01	-2.055772e-01	2.713270e-01	2.713270e-01	-8.780484e-03	3.434694e+00
3.669725e-02	-2.413252e-01	-2.413923e-01	-2.055670e-01	2.713746e-01	2.713746e-01	-8.795327e-03	3.432136e+00
3.663004e-02	-2.413267e-01	-2.413939e-01	-2.055568e-01	2.714220e-01	2.714220e-01	-8.810110e-03	3.429576e+00
3.656307e-02	-2.413283e-01	-2.413954e-01	-2.055466e-01	2.714692e-01	2.714692e-01	-8.824834e-03	3.427016e+00
3.649635e-02	-2.413298e-01	-2.413969e-01	-2.055365e-01	2.715161e-01	2.715161e-01	-8.839499e-03	3.424453e+00
3.642987e-02	-2.413313e-01	-2.413984e-01	-2.055264e-01	2.715627e-01	2.715627e-01	-8.854104e-03	3.421890e+00
3.636364e-02	-2.413328e-01	-2.413999e-01	-2.055162e-01	2.716091e-01	2.716091e-01	-8.868650e-03	3.419326e+00
3.629764e-02	-2.413343e-01	-2.414014e-01	-2.055061e-01	2.716553e-01	2.716553e-01	-8.883138e-03	3.416760e+00
3.623188e-02	-2.413358e-01	-2.414029e-01	-2.054961e-01	2.717013e-01	2.717013e-01	-8.897567e-03	3.414193e+00
3.616637e-02	-2.413373e-01	-2.414044e-01	-2.054860e-01	2.717470e-01	2.717470e-01	-8.911938e-03	3.411626e+00
3.610108e-02	-2.413388e-01	-2.414059e-01	-2.054759e-01	2.717924e-01	2.717924e-01	-8.926251e-03	3.409057e+00
3.603604e-02	-2.413403e-01	-2.414074e-01	-2.054659e-01	2.718377e-01	2.718377e-01	-8.940505e-03	3.406488e+00
3.597122e-02	-2.413418e-01	-2.414089e-01	-2.054559e-01	2.718827e-01	2.718827e-01	-8.954702e-03	3.403917e+00
3.590664e-02	-2.413432e-01	-2.414104e-01	-2.054459e-01	2.719275e-01	2.719275e-01	-8.968841e-03	3.401346e+00
3.584229e-02	-2.413447e-01	-2.414118e-01	-2.054359e-01	2.719720e-01	2.719720e-01	-8.982923e-03	3.398774e+00
3.577818e-02	-2.413461e-01	-2.414133e-01	-2.054260e-01	2.720163e-01	2.720163e-01	-8.996947e-03	3.396201e+00
3.571429e-02	-2.413476e-01	-2.414147e-01	-2.054160e-01	2.720604e-01	2.720604e-01	-9.010915e-03	3.393628e+00
3.565062e-02	-2.413490e-01	-2.414162e-01	-2.054061e-01	2.721043e-01	2.721043e-01	-9.024825e-03	3.391054e+00
3.558719e-02	-2.413505e-01	-2.414176e-01	-2.053962e-01	2.721479e-01	2.721479e-01	-9.038679e-03	3.388480e+00
3.552398e-02	-2.413519e-01	-2.414191e-01	-2.053863e-01	2.721913e-01	2.721913e-01	-9.052476e-03	3.385905e+00
3.546099e-02	-2.413534e-01	-2.414205e-01	-2.053764e-01	2.722345e-01	2.722345e-01	-9.066217e-03	3.383330e+00
3.539823e-02	-2.413548e-01	-2.414219e-01	-2.053665e-01	2.722775e-01	2.722775e-01	-9.079902e-03	3.380754e+00
3.533569e-02	-2.413562e-01	-2.414233e-01	-2.053566e-01	2.723203e-01	2.723203e-01	-9.093531e-03	3.378178e+00
3.527337e-02	-2.413576e-01	-2.414247e-01	-2.053468e-01	2.723628e-01	2.723628e-01	-9.107104e-03	3.375601e+00
3.521127e-02	-2.413590e-01	-2.414262e-01	-2.053370e-01	2.724052e-01	2.724052e-01	-9.120621e-03	3.373025e+00
3.514938e-02	-2.413604e-01	-2.414276e-01	-2.053272e-01	2.724473e-01	2.724473e-01	-9.134083e-03	3.370448e+00
3.508772e-02	-2.413618e-01	-2.414290e-01	-2.053174e-01	2.724892e-01	2.724892e-01	-9.147490e-03	3.367871e+00
3.502627e-02	-2.413632e-01	-2.414304e-01	-2.053076e-01	2.725309e-01	2.725309e-01	-9.160842e-03	3.365294e+00
3.496503e-02	-2.413646e-01	-2.414317e-01	-2.052979e-01	2.725723e-01	2.725723e-01	-9.174138e-03	3.362717e+00
3.490401e-02	-2.413660e-01	-2.414331e-01	-2.052881e-01	2.726136e-01	2.726136e-01	-9.187380e-03	3.360140e+00
3.484321e-02	-2.413674e-01	-2.414345e-01	-2.052784e-01	2.726547e-01	2.726547e-01	-9.200568e-03	3.357563e+00
3.478261e-02	-2.413687e-01	-2.414359e-01	-2.052687e-01	2.726955e-01	2.726955e-01	-9.213701e-03	3.354986e+00
3.472222e-02	-2.413701e-01	-2.414372e-01	-2.052590e-01	2.727361e-01	2.727361e-01	-9.226780e-03	3.352410e+00
3.466205e-02	-2.413714e-01	-2.414386e-01	-2.052493e-01	2.727766e-01	2.727766e-01	-9.239805e-03	3.349833e+00
3.460208e-02	-2.413728e-01	-2.414400e-01	-2.052396e-01	2.728168e-01	2.728168e-01	-9.252776e-03	3.347257e+00
3.454231e-02	-2.413742e-01	-2.414413e-01	-2.052300e-01	2.728569e-01	2.728569e-01	-9.265694e-03	3.344681e+00
3.448276e-02	-2.413755e-01	-2.414426e-01	-2.052203e-01	2.728967e-01	2.728967e-01	-9.278558e-03	3.342105e+00
3.442341e-02	-2.413768e-01	-2.414440e-01	-2.052107e-01	2.729363e-01	2.729363e-01	-9.291369e-03	3.339530e+00
3.436426e-02	-2.413782e-01	-2.414453e-01	-2.052011e-01	2.729758e-01	2.729758e-01	-9.304126e-03	3.336955e+00
3.430532e-02	-2.413795e-01	-2.414467e-01	-2.051915e-01	2.730150e-01	2.730150e-01	-9.316831e-03	3.334381e+00
3.424658e-02	-2.413808e-01	-2.414480e-01	-2.051819e-01	2.730540e-01	2.730540e-01	-9.329483e-03	3.331807e+00
3.418803e-02	-2.413822e-01	-2.414493e-01	-2.051724e-01	2.730929e-01	2.730929e-01	-9.342082e-03	3.329234e+00
3.412969e-02	-2.413835e-01	-2.414506e-01	-2.051628e-01	2.731315e-01	2.731315e-01	-9.354629e-03	3.326661e+00
3.407155e-02	-2.413848e-01	-2.414519e-01	-2.051533e-01	2.731700e-01	2.731700e-01	-9.367124e-03	3.324089e+00
3.401361e-02	-2.413861e-01	-2.414532e-01	-2.051438e-01	2.732082e-01	2.732082e-01	-9.379567e-03	3.321518e+00
3.395586e-02	-2.413874e-01	-2.414545e-01	-2.051342e-01	2.732463e-01	2.732463e-01	-9.391957e-03	3.318948e+00
3.389831e-02	-2.413887e-01	-2.414558e-01	-2.051248e-01	2.732842e-01	2.732842e-01	-9.404296e-03	3.316378e+00
3.384095e-02	-2.413900e-01	-2.414571e-01	-2.051153e-01	2.733219e-01	2.733219e-01	-9.416584e-03	3.313809e+00
3.378378e-02	-2.413913e-01	-2.414584e-01	-2.051058e-01	2.733594e-01	2.733594e-01	-9.428820e-03	3.311241e+00
3.372681e-02	-2.413925e-01	-2.414597e-01	-2.050964e-01	2.733967e-01	2.733967e-01	-9.441005e-03	3.308674e+00
3.367003e-02	-2.413938e-01	-2.414610e-01	-2.050869e-01	2.734339e-01	2.734339e-01	-9.453139e-03	3.306108e+00
3.361345e-02	-2.413951e-01	-2.414622e-01	-2.050775e-01	2.734708e-01	2.734708e-01	-9.465222e-03	3.303543e+00
3.355705e-02	-2.413964e-01	-2.414635e-01	-2.050681e-01	2.735076e-01	2.735076e-01	-9.477254e-03	3.300979e+00
3.350084e-02	-2.413976e-01	-2.414648e-01	-2.050587e-01	2.735442e-01	2.735442e-01	-9.489236e-03	3.298416e+00
3.344482e-02	-2.413989e-01	-2.414660e-01	-2.050493e-01	2.735806e-01	2.735806e-01	-9.501167e-03	3.295854e+00
3.338898e-02	-2.414001e-01	-2.414673e-01	-2.050400e-01	2.736168e-01	2.736168e-01	-9.513048e-03	3.293293e+00
3.333333e-02	-2.414014e-01	-2.414685e-01	-2.050306e-01	2.736529e-01	2.736529e-01	-9.524880e-03	3.290734e+00
3.327787e-02	-2.414026e-01	-2.414698e-01	-2.050213e-01	2.736887e-01	2.736887e-01	-9.536661e-03	3.288176e+00
3.322259e-02	-2.414039e-01	-2.414710e-01	-2.050119e-01	2.737244e-01	2.737244e-01	-9.548393e-03	3.285619e+00
3.316750e-02	-2.414051e-01	-2.414723e-01	-2.050026e-01	2.737599e-01	2.737599e-01	-9.560075e-03	3.283063e+00
3.311258e-02	-2.414063e-01	-2.414735e-01	-2.049933e-01	2.737953e-01	2.737953e-01	-9.571708e-03	3.280509e+00
3.305785e-02	-2.414076e-01	-2.414747e-01	-2.049840e-01	2.738305e-01	2.738305e-01	-9.583291e-03	3.277956e+00
3.300330e-02	-2.414088e-01	-2.414760e-01	-2.049748e-01	2.738655e-01	2.738655e-01	-9.594826e-03	3.275405e+00
3.294893e-02	-2.414100e-01	-2.414772e-01	-2.049655e-01	2.739003e-01	2.739003e-01	-9.606312e-03	3.272855e+00
3.289474e-02	-2.414112e-01	-2.414784e-01	-2.049563e-01	2.739349e-01	2.739349e-01	-9.617749e-03	3.270307e+00
3.284072e-02	-2.414124e-01	-2.414796e-01	-2.049470e-01	2.739694e-01	2.739694e-01	-9.629137e-03	3.267760e+00
3.278689e-02	-2.414137e-01	-2.414808e-01	-2.049378e-01	2.740037e-01	2.740037e-01	-9.640477e-03	3.265215e+00
3.273322e-02	-2.414149e-01	-2.414820e-01	-2.049286e-01	2.740379e-01	2.740379e-01	-9.651769e-03	3.262672e+00
3.267974e-02	-2.414161e-01	-2.414832e-01	-2.049194e-01	2.740719e-01	2.740719e-01	-9.663013e-03	3.260130e+00
3.262643e-02	-2.414172e-01	-2.414844e-01	-2.049102e-01	2.741057e-01	2.741057e-01	-9.674209e-03	3.257590e+00
3.257329e-02	-2.414184e-01	-2.414856e-01	-2.049011e-01	2.741393e-01	2.741393e-01	-9.685357e-03	3.255051e+00
3.252033e-02	-2.414196e-01	-2.414868e-01	-2.048919e-01	2.741728e-01	2.741728e-01	-9.696458e-03	3.252515e+00
3.246753e-02	-2.414208e-01	-2.414880e-01	-2.048828e-01	2.742061e-01	2.742061e-01	-9.707512e-03	3.249980e+00
3.241491e-02	-2.414220e-01	-2.414891e-01	-2.048736e-01	2.742393e-01	2.742393e-01	-9.718518e-03	3.247448e+00
3.236246e-02	-2.414232e-01	-2.414903e-01	-2.048645e-01	2.742723e-01	2.742723e-01	-9.729477e-03	3.244917e+00
3.231018e-02	-2.414243e-01	-2.414915e-01	-2.048554e-01	2.743051e-01	2.743051e-01	-9.740389e-03	3.242388e+00
3.225806e-02	-2.414255e-01	-2.414926e-01	-2.048463e-01	2.743378e-01	2.743378e-01	-9.751254e-03	3.239861e+00
3.220612e-02	-2.414266e-01	-2.414938e-01	-2.048372e-01	2.743704e-01	2.743704e-01	-9.762073e-03	3.237336e+00
3.215434e-02	-2.414278e-01	-2.414950e-01	-2.048282e-01	2.744027e-01	2.744027e-01	-9.772846e-03	3.234813e+00
3.210273e-02	-2.414290e-01	-2.414961e-01	-2.048191e-01	2.744349e-01	2.744349e-01	-9.783572e-03	3.232292e+00
3.205128e-02	-2.414301e-01	-2.414973e-01	-2.048101e-01	2.744670e-01	2.744670e-01	-9.794252e-03	3.229774e+00
3.200000e-02	-2.414313e-01	-2.414984e-01	-2.048010e-01	2.744989e-01	2.744989e-01	-9.804886e-03	3.227257e+00
3.194888e-02	-2.414324e-01	-2.414995e-01	-2.047920e-01	2.745306e-01	2.745306e-01	-9.815474e-03	3.224743e+00
3.189793e-02	-2.414335e-01	-2.415007e-01	-2.047830e-01	2.745622e-01	2.745622e-01	-9.826016e-03	3.222231e+00
3.184713e-02	-2.414347e-01	-2.415018e-01	-2.047740e-01	2.745937e-01	2.745937e-01	-9.836513e-03	3.219721e+00
3.179650e-02	-2.414358e-01	-2.415029e-01	-2.047650e-01	2.746250e-01	2.746250e-01	-9.846965e-03	3.217214e+00
3.174603e-02	-2.414369e-01	-2.415041e-01	-2.047561e-01	2.746561e-01	2.746561e-01	-9.857372e-03	3.214709e+00
3.169572e-02	-2.414380e-01	-2.415052e-01	-2.047471e-01	2.746871e-01	2.746871e-01	-9.867733e-03	3.212206e+00
3.164557e-02	-2.414392e-01	-2.415063e-01	-2.047382e-01	2.747179e-01	2.747179e-01	-9.878050e-03	3.209706e+00
3.159558e-02	-2.414403e-01	-2.415074e-01	-2.047292e-01	2.747486e-01	2.747486e-01	-9.888322e-03	3.207208e+00
3.154574e-02	-2.414414e-01	-2.415085e-01	-2.047203e-01	2.747792e-01	2.747792e-01	-9.898549e-03	3.204712e+00
3.149606e-02	-2.414425e-01	-2.415096e-01	-2.047114e-01	2.748096e-01	2.748096e-01	-9.908732e-03	3.202219e+00
3.144654e-02	-2.414436e-01	-2.415108e-01	-2.047025e-01	2.748398e-01	2.748398e-01	-9.918870e-03	3.199729e+00
3.139717e-02	-2.414447e-01	-2.415119e-01	-2.046936e-01	2.748699e-01	2.748699e-01	-9.928965e-03	3.197241e+00
3.134796e-02	-2.414458e-01	-2.415129e-01	-2.046847e-01	2.748999e-01	2.748999e-01	-9.939015e-03	3.194756e+00
3.129890e-02	-2.414469e-01	-2.415140e-01	-2.046758e-01	2.749297e-01	2.749297e-01	-9.949022e-03	3.192273e+00
3.125000e-02	-2.414480e-01	-2.415151e-01	-2.046670e-01	2.749594e-01	2.749594e-01	-9.958985e-03	3.189794e+00
3.120125e-02	-2.414491e-01	-2.415162e-01	-2.046581e-01	2.749890e-01	2.749890e-01	-9.968905e-03	3.187316e+00
3.115265e-02	-2.414501e-01	-2.415173e-01	-2.046493e-01	2.750184e-01	2.750184e-01	-9.978781e-03	3.184842e+00
3.110420e-02	-2.414512e-01	-2.415184e-01	-2.046405e-01	2.750476e-01	2.750476e-01	-9.988614e-03	3.182370e+00
3.105590e-02	-2.414523e-01	-2.415194e-01	-2.046317e-01	2.750768e-01	2.750768e-01	-9.998403e-03	3.179901e+00
3.100775e-02	-2.414534e-01	-2.415205e-01	-2.046229e-01	2.751057e-01	2.751057e-01	-1.000815e-02	3.177435e+00
3.095975e-02	-2.414544e-01	-2.415216e-01	-2.046141e-01	2.751346e-01	2.751346e-01	-1.001785e-02	3.174972e+00
3.091190e-02	-2.414555e-01	-2.415226e-01	-2.046053e-01	2.751633e-01	2.751633e-01	-1.002752e-02	3.172511e+00
3.086420e-02	-2.414566e-01	-2.415237e-01	-2.045965e-01	2.751919e-01	2.751919e-01	-1.003714e-02	3.170054e+00
3.081664e-02	-2.414576e-01	-2.415248e-01	-2.045878e-01	2.752203e-01	2.752203e-01	-1.004671e-02	3.167599e+00
3.076923e-02	-2.414587e-01	-2.415258e-01	-2.045790e-01	2.752486e-01	2.752486e-01	-1.005625e-02	3.165147e+00
3.072197e-02	-2.414597e-01	-2.415269e-01	-2.045703e-01	2.752768e-01	2.752768e-01	-1.006574e-02	3.162699e+00
3.067485e-02	-2.414608e-01	-2.415279e-01	-2.045616e-01	2.753049e-01	2.753049e-01	-1.007519e-02	3.160253e+00
3.062787e-02	-2.414618e-01	-2.415290e-01	-2.045529e-01	2.753328e-01	2.753328e-01	-1.008460e-02	3.157810e+00
3.058104e-02	-2.414628e-01	-2.415300e-01	-2.045442e-01	2.753606e-01	2.753606e-01	-1.009397e-02	3.155371e+00
3.053435e-02	-2.414639e-01	-2.415310e-01	-2.045355e-01	2.753882e-01	2.753882e-01	-1.010329e-02	3.152934e+00
3.048780e-02	-2.414649e-01	-2.415321e-01	-2.045268e-01	2.754157e-01	2.754157e-01	-1.011257e-02	3.150501e+00
3.044140e-02	-2.414659e-01	-2.415331e-01	-2.045181e-01	2.754431e-01	2.754431e-01	-1.012182e-02	3.148071e+00
3.039514e-02	-2.414670e-01	-2.415341e-01	-2.045095e-01	2.754704e-01	2.754704e-01	-1.013102e-02	3.145644e+00
3.034901e-02	-2.414680e-01	-2.415351e-01	-2.045008e-01	2.754975e-01	2.754975e-01	-1.014018e-02	3.143220e+00
3.030303e-02	-2.414690e-01	-2.415362e-01	-2.044922e-01	2.755245e-01	2.755245e-01	-1.014930e-02	3.140800e+00
3.025719e-02	-2.414700e-01	-2.415372e-01	-2.044836e-01	2.755514e-01	2.755514e-01	-1.015838e-02	3.138382e+00
3.021148e-02	-2.414710e-01	-2.415382e-01	-2.044749e-01	2.755782e-01	2.755782e-01	-1.016742e-02	3.135968e+00
3.016591e-02	-2.414720e-01	-2.415392e-01	-2.044663e-01	2.756048e-01	2.756048e-01	-1.017642e-02	3.133558e+00
3.012048e-02	-2.414730e-01	-2.415402e-01	-2.044577e-01	2.756313e-01	2.756313e-01	-1.018538e-02	3.131150e+00
3.007519e-02	-2.414741e-01	-2.415412e-01	-2.044491e-01	2.756577e-01	2.756577e-01	-1.019430e-02	3.128746e+00
3.003003e-02	-2.414751e-01	-2.415422e-01	-2.044406e-01	2.756840e-01	2.756840e-01	-1.020318e-02	3.126346e+00
2.998501e-02	-2.414760e-01	-2.415432e-01	-2.044320e-01	2.757102e-01	2.757102e-01	-1.021201e-02	3.123948e+00
2.994012e-02	-2.414770e-01	-2.415442e-01	-2.044234e-01	2.757362e-01	2.757362e-01	-1.022081e-02	3.121555e+00
2.989537e-02	-2.414780e-01	-2.415452e-01	-2.044149e-01	2.757621e-01	2.757621e-01	-1.022957e-02	3.119164e+00
2.985075e-02	-2.414790e-01	-2.415462e-01	-2.044064e-01	2.757879e-01	2.757879e-01	-1.023829e-02	3.116777e+00
2.980626e-02	-2.414800e-01	-2.415472e-01	-2.043978e-01	2.758135e-01	2.758135e-01	-1.024698e-02	3.114394e+00
2.976190e-02	-2.414810e-01	-2.415481e-01	-2.043893e-01	2.758391e-01	2.758391e-01	-1.025562e-02	3.112014e+00
2.971768e-02	-2.414820e-01	-2.415491e-01	-2.043808e-01	2.758645e-01	2.758645e-01	-1.026422e-02	3.109638e+00
2.967359e-02	-2.414829e-01	-2.415501e-01	-2.043723e-01	2.758898e-01	2.758898e-01	-1.027278e-02	3.107265e+00
2.962963e-02	-2.414839e-01	-2.415511e-01	-2.043638e-01	2.759150e-01	2.759150e-01	-1.028131e-02	3.104896e+00
2.958580e-02	-2.414849e-01	-2.415520e-01	-2.043553e-01	2.759401e-01	2.759401e-01	-1.028980e-02	3.102531e+00
2.954210e-02	-2.414858e-01	-2.415530e-01	-2.043469e-01	2.759651e-01	2.759651e-01	-1.029824e-02	3.100169e+00
2.949853e-02	-2.414868e-01	-2.415540e-01	-2.043384e-01	2.759899e-01	2.759899e-01	-1.030665e-02	3.097811e+00
2.945508e-02	-2.414878e-01	-2.415549e-01	-2.043299e-01	2.760147e-01	2.760147e-01	-1.031503e-02	3.095456e+00
2.941176e-02	-2.414887e-01	-2.415559e-01	-2.043215e-01	2.760393e-01	2.760393e-01	-1.032336e-02	3.093106e+00
2.936858e-02	-2.414897e-01	-2.415568e-01	-2.043131e-01	2.760638e-01	2.760638e-01	-1.033166e-02	3.090759e+00
2.932551e-02	-2.414906e-01	-2.415578e-01	-2.043046e-01	2.760882e-01	2.760882e-01	-1.033991e-02	3.088415e+00
2.928258e-02	-2.414916e-01	-2.415587e-01	-2.042962e-01	2.761125e-01	2.761125e-01	-1.034814e-02	3.086076e+00
2.923977e-02	-2.414925e-01	-2.415597e-01	-2.042878e-01	2.761367e-01	2.761367e-01	-1.035632e-02	3.083740e+00
2.919708e-02	-2.414935e-01	-2.415606e-01	-2.042794e-01	2.761608e-01	2.761608e-01	-1.036446e-02	3.081408e+00
2.915452e-02	-2.414944e-01	-2.415615e-01	-2.042710e-01	2.761848e-01	2.761848e-01	-1.037257e-02	3.079080e+00
2.911208e-02	-2.414953e-01	-2.415625e-01	-2.042627e-01	2.762086e-01	2.762086e-01	-1.038064e-02	3.076756e+00
2.906977e-02	-2.414963e-01	-2.415634e-01	-2.042543e-01	2.762324e-01	2.762324e-01	-1.038868e-02	3.074435e+00
2.902758e-02	-2.414972e-01	-2.415643e-01	-2.042459e-01	2.762560e-01	2.762560e-01	-1.039667e-02	3.072119e+00
2.898551e-02	-2.414981e-01	-2.415653e-01	-2.042376e-01	2.762795e-01	2.762795e-01	-1.040464e-02	3.069806e+00
2.894356e-02	-2.414990e-01	-2.415662e-01	-2.042292e-01	2.763030e-01	2.763030e-01	-1.041256e-02	3.067498e+00
2.890173e-02	-2.415000e-01	-2.415671e-01	-2.042209e-01	2.763263e-01	2.763263e-01	-1.042045e-02	3.065193e+00
2.886003e-02	-2.415009e-01	-2.415680e-01	-2.042126e-01	2.763495e-01	2.763495e-01	-1.042830e-02	3.062892e+00
2.881844e-02	-2.415018e-01	-2.415689e-01	-2.042043e-01	2.763726e-01	2.763726e-01	-1.043611e-02	3.060596e+00
2.877698e-02	-2.415027e-01	-2.415699e-01	-2.041960e-01	2.763956e-01	2.763956e-01	-1.044389e-02	3.058303e+00
2.873563e-02	-2.415036e-01	-2.415708e-01	-2.041877e-01	2.764185e-01	2.764185e-01	-1.045163e-02	3.056014e+00
2.869440e-02	-2.415045e-01	-2.415717e-01	-2.041794e-01	2.764413e-01	2.764413e-01	-1.045934e-02	3.053730e+00
2.865330e-02	-2.415054e-01	-2.415726e-01	-2.041711e-01	2.764640e-01	2.764640e-01	-1.046701e-02	3.051449e+00
2.861230e-02	-2.415063e-01	-2.415735e-01	-2.041628e-01	2.764866e-01	2.764866e-01	-1.047465e-02	3.049173e+00
2.857143e-02	-2.415072e-01	-2.415744e-01	-2.041546e-01	2.765091e-01	2.765091e-01	-1.048225e-02	3.046901e+00
2.853067e-02	-2.415081e-01	-2.415753e-01	-2.041463e-01	2.765315e-01	2.765315e-01	-1.048981e-02	3.044632e+00
2.849003e-02	-2.415090e-01	-2.415762e-01	-2.041381e-01	2.765538e-01	2.765538e-01	-1.049734e-02	3.042368e+00
2.844950e-02	-2.415099e-01	-2.415771e-01	-2.041298e-01	2.765760e-01	2.765760e-01	-1.050483e-02	3.040109e+00
2.840909e-02	-2.415108e-01	-2.415779e-01	-2.041216e-01	2.765981e-01	2.765981e-01	-1.051229e-02	3.037853e+00
2.836879e-02	-2.415117e-01	-2.415788e-01	-2.041134e-01	2.766201e-01	2.766201e-01	-1.051972e-02	3.035601e+00
2.832861e-02	-2.415126e-01	-2.415797e-01	-2.041052e-01	2.766420e-01	2.766420e-01	-1.052711e-02	3.033354e+00
2.828854e-02	-2.415134e-01	-2.415806e-01	-2.040970e-01	2.766638e-01	2.766638e-01	-1.053446e-02	3.031111e+00
2.824859e-02	-2.415143e-01	-2.415815e-01	-2.040888e-01	2.766856e-01	2.766856e-01	-1.054178e-02	3.028872e+00
2.820874e-02	-2.415152e-01	-2.415823e-01	-2.040806e-01	2.767072e-01	2.767072e-01	-1.054907e-02	3.026638e+00
2.816901e-02	-2.415161e-01	-2.415832e-01	-2.040724e-01	2.767287e-01	2.767287e-01	-1.055632e-02	3.024408e+00
2.812940e-02	-2.415169e-01	-2.415841e-01	-2.040642e-01	2.767501e-01	2.767501e-01	-1.056354e-02	3.022182e+00
2.808989e-02	-2.415178e-01	-2.415849e-01	-2.040561e-01	2.767714e-01	2.767714e-01	-1.057072e-02	3.019960e+00
2.805049e-02	-2.415187e-01	-2.415858e-01	-2.040479e-01	2.767927e-01	2.767927e-01	-1.057787e-02	3.017743e+00
2.801120e-02	-2.415195e-01	-2.415867e-01	-2.040397e-01	2.768138e-01	2.768138e-01	-1.058498e-02	3.015530e+00
2.797203e-02	-2.415204e-01	-2.415875e-01	-2.040316e-01	2.768349e-01	2.768349e-01	-1.059206e-02	3.013321e+00
2.793296e-02	-2.415212e-01	-2.415884e-01	-2.040235e-01	2.768558e-01	2.768558e-01	-1.059911e-02	3.011117e+00
2.789400e-02	-2.415221e-01	-2.415892e-01	-2.040153e-01	2.768767e-01	2.768767e-01	-1.060613e-02	3.008918e+00
2.785515e-02	-2.415229e-01	-2.415901e-01	-2.040072e-01	2.768975e-01	2.768975e-01	-1.061311e-02	3.006722e+00
2.781641e-02	-2.415238e-01	-2.415909e-01	-2.039991e-01	2.769182e-01	2.769182e-01	-1.062006e-02	3.004531e+00
2.777778e-02	-2.415246e-01	-2.415918e-01	-2.039910e-01	2.769388e-01	2.769388e-01	-1.062697e-02	3.002345e+00
2.773925e-02	-2.415255e-01	-2.415926e-01	-2.039829e-01	2.769593e-01	2.769593e-01	-1.063385e-02	3.000163e+00
2.770083e-02	-2.415263e-01	-2.415935e-01	-2.039748e-01	2.769797e-01	2.769797e-01	-1.064070e-02	2.997986e+00
2.766252e-02	-2.415272e-01	-2.415943e-01	-2.039668e-01	2.770000e-01	2.770000e-01	-1.064752e-02	2.995813e+00
2.762431e-02	-2.415280e-01	-2.415951e-01	-2.039587e-01	2.770203e-01	2.770203e-01	-1.065430e-02	2.993644e+00
2.758621e-02	-2.415288e-01	-2.415960e-01	-2.039506e-01	2.770404e-01	2.770404e-01	-1.066105e-02	2.991481e+00
2.754821e-02	-2.415297e-01	-2.415968e-01	-2.039426e-01	2.770605e-01	2.770605e-01	-1.066777e-02	2.989321e+00
2.751032e-02	-2.415305e-01	-2.415976e-01	-2.039345e-01	2.770804e-01	2.770804e-01	-1.067446e-02	2.987167e+00
2.747253e-02	-2.415313e-01	-2.415984e-01	-2.039265e-01	2.771003e-01	2.771003e-01	-1.068111e-02	2.985016e+00
2.743484e-02	-2.415321e-01	-2.415993e-01	-2.039185e-01	2.771201e-01	2.771201e-01	-1.068773e-02	2.982871e+00
2.739726e-02	-2.415329e-01	-2.416001e-01	-2.039104e-01	2.771399e-01	2.771399e-01	-1.069432e-02	2.980730e+00
2.735978e-02	-2.415338e-01	-2.416009e-01	-2.039024e-01	2.771595e-01	2.771595e-01	-1.070088e-02	2.978594e+00
2.732240e-02	-2.415346e-01	-2.416017e-01	-2.038944e-01	2.771790e-01	2.771790e-01	-1.070741e-02	2.976462e+00
2.728513e-02	-2.415354e-01	-2.416025e-01	-2.038864e-01	2.771985e-01	2.771985e-01	-1.071390e-02	2.974335e+00
2.724796e-02	-2.415362e-01	-2.416033e-01	-2.038784e-01	2.772179e-01	2.772179e-01	-1.072036e-02	2.972213e+00
2.721088e-02	-2.415370e-01	-2.416042e-01	-2.038704e-01	2.772372e-01	2.772372e-01	-1.072680e-02	2.970095e+00
2.717391e-02	-2.415378e-01	-2.416050e-01	-2.038624e-01	2.772564e-01	2.772564e-01	-1.073320e-02	2.967982e+00
2.713704e-02	-2.415386e-01	-2.416058e-01	-2.038545e-01	2.772755e-01	2.772755e-01	-1.073956e-02	2.965874e+00
2.710027e-02	-2.415394e-01	-2.416066e-01	-2.038465e-01	2.772946e-01	2.772946e-01	-1.074590e-02	2.963770e+00
2.706360e-02	-2.415402e-01	-2.416074e-01	-2.038385e-01	2.773136e-01	2.773136e-01	-1.075221e-02	2.961672e+00
2.702703e-02	-2.415410e-01	-2.416082e-01	-2.038306e-01	2.773325e-01	2.773325e-01	-1.075848e-02	2.959578e+00
2.699055e-02	-2.415418e-01	-2.416090e-01	-2.038226e-01	2.773513e-01	2.773513e-01	-1.076473e-02	2.957488e+00
2.695418e-02	-2.415426e-01	-2.416097e-01	-2.038147e-01	2.773700e-01	2.773700e-01	-1.077094e-02	2.955404e+00
2.691790e-02	-2.415434e-01	-2.416105e-01	-2.038067e-01	2.773887e-01	2.773887e-01	-1.077713e-02	2.953324e+00
2.688172e-02	-2.415442e-01	-2.416113e-01	-2.037988e-01	2.774072e-01	2.774072e-01	-1.078328e-02	2.951250e+00
2.684564e-02	-2.415450e-01	-2.416121e-01	-2.037909e-01	2.774257e-01	2.774257e-01	-1.078940e-02	2.949180e+00
2.680965e-02	-2.415458e-01	-2.416129e-01	-2.037830e-01	2.774441e-01	2.774441e-01	-1.079550e-02	2.947114e+00
2.677376e-02	-2.415465e-01	-2.416137e-01	-2.037751e-01	2.774625e-01	2.774625e-01	-1.080156e-02	2.945054e+00
2.673797e-02	-2.415473e-01	-2.416144e-01	-2.037672e-01	2.774807e-01	2.774807e-01	-1.080759e-02	2.942999e+00
2.670227e-02	-2.415481e-01	-2.416152e-01	-2.037593e-01	2.774989e-01	2.774989e-01	-1.081359e-02	2.940948e+00
2.666667e-02	-2.415489e-01	-2.416160e-01	-2.037514e-01	2.775170e-01	2.775170e-01	-1.081956e-02	2.938903e+00
2.663116e-02	-2.415496e-01	-2.416168e-01	-2.037435e-01	2.775351e-01	2.775351e-01	-1.082551e-02	2.936862e+00
2.659574e-02	-2.415504e-01	-2.416175e-01	-2.037357e-01	2.775530e-01	2.775530e-01	-1.083142e-02	2.934826e+00
2.656042e-02	-2.415512e-01	-2.416183e-01	-2.037278e-01	2.775709e-01	2.775709e-01	-1.083730e-02	2.932795e+00
2.652520e-02	-2.415519e-01	-2.416191e-01	-2.037199e-01	2.775887e-01	2.775887e-01	-1.084316e-02	2.930769e+00
2.649007e-02	-2.415527e-01	-2.416198e-01	-2.037121e-01	2.776064e-01	2.776064e-01	-1.084898e-02	2.928748e+00
2.645503e-02	-2.415535e-01	-2.416206e-01	-2.037042e-01	2.776241e-01	2.776241e-01	-1.085478e-02	2.926732e+00
2.642008e-02	-2.415542e-01	-2.416213e-01	-2.036964e-01	2.776417e-01	2.776417e-01	-1.086054e-02	2.924721e+00
2.638522e-02	-2.415550e-01	-2.416221e-01	-2.036886e-01	2.776592e-01	2.776592e-01	-1.086628e-02	2.922715e+00
2.635046e-02	-2.415557e-01	-2.416229e-01	-2.036807e-01	2.776766e-01	2.776766e-01	-1.087199e-02	2.920714e+00
2.631579e-02	-2.415565e-01	-2.416236e-01	-2.036729e-01	2.776940e-01	2.776940e-01	-1.087766e-02	2.918718e+00
2.628121e-02	-2.415572e-01	-2.416244e-01	-2.036651e-01	2.777113e-01	2.777113e-01	-1.088332e-02	2.916727e+00
2.624672e-02	-2.415580e-01	-2.416251e-01	-2.036573e-01	2.777285e-01	2.777285e-01	-1.088894e-02	2.914741e+00
2.621232e-02	-2.415587e-01	-2.416258e-01	-2.036495e-01	2.777457e-01	2.777457e-01	-1.089453e-02	2.912760e+00
2.617801e-02	-2.415595e-01	-2.416266e-01	-2.036417e-01	2.777627e-01	2.777627e-01	-1.090009e-02	2.910784e+00
2.614379e-02	-2.415602e-01	-2.416273e-01	-2.036339e-01	2.777798e-01	2.777798e-01	-1.090563e-02	2.908814e+00
2.610966e-02	-2.415609e-01	-2.416281e-01	-2.036261e-01	2.777967e-01	2.777967e-01	-1.091114e-02	2.906848e+00
2.607562e-02	-2.415617e-01	-2.416288e-01	-2.036183e-01	2.778136e-01	2.778136e-01	-1.091662e-02	2.904887e+00
2.604167e-02	-2.415624e-01	-2.416295e-01	-2.036106e-01	2.778304e-01	2.778304e-01	-1.092207e-02	2.902932e+00
2.600780e-02	-2.415631e-01	-2.416303e-01	-2.036028e-01	2.778471e-01	2.778471e-01	-1.092749e-02	2.900981e+00
2.597403e-02	-2.415639e-01	-2.416310e-01	-2.035950e-01	2.778638e-01	2.778638e-01	-1.093289e-02	2.899036e+00
2.594034e-02	-2.415646e-01	-2.416317e-01	-2.035873e-01	2.778804e-01	2.778804e-01	-1.093826e-02	2.897096e+00
2.590674e-02	-2.415653e-01	-2.416324e-01	-2.035795e-01	2.778969e-01	2.778969e-01	-1.094360e-02	2.895161e+00
2.587322e-02	-2.415661e-01	-2.416332e-01	-2.035718e-01	2.779133e-01	2.779133e-01	-1.094891e-02	2.893231e+00
2.583979e-02	-2.415668e-01	-2.416339e-01	-2.035641e-01	2.779297e-01	2.779297e-01	-1.095419e-02	2.891306e+00
2.580645e-02	-2.415675e-01	-2.416346e-01	-2.035563e-01	2.779461e-01	2.779461e-01	-1.095945e-02	2.889387e+00
2.577320e-02	-2.415682e-01	-2.416353e-01	-2.035486e-01	2.779623e-01	2.779623e-01	-1.096468e-02	2.887472e+00
2.574003e-02	-2.415689e-01	-2.416360e-01	-2.035409e-01	2.779785e-01	2.779785e-01	-1.096988e-02	2.885563e+00
2.570694e-02	-2.415696e-01	-2.416368e-01	-2.035332e-01	2.779947e-01	2.779947e-01	-1.097506e-02	2.883659e+00
2.567394e-02	-2.415704e-01	-2.416375e-01	-2.035255e-01	2.780107e-01	2.780107e-01	-1.098021e-02	2.881760e+00
2.564103e-02	-2.415711e-01	-2.416382e-01	-2.035178e-01	2.780267e-01	2.780267e-01	-1.098533e-02	2.879867e+00
2.560819e-02	-2.415718e-01	-2.416389e-01	-2.035101e-01	2.780426e-01	2.780426e-01	-1.099042e-02	2.877978e+00
2.557545e-02	-2.415725e-01	-2.416396e-01	-2.035024e-01	2.780585e-01	2.780585e-01	-1.099549e-02	2.876095e+00
2.554278e-02	-2.415732e-01	-2.416403e-01	-2.034947e-01	2.780743e-01	2.780743e-01	-1.100053e-02	2.874217e+00
2.551020e-02	-2.415739e-01	-2.416410e-01	-2.034870e-01	2.780901e-01	2.780901e-01	-1.100555e-02	2.872345e+00
2.547771e-02	-2.415746e-01	-2.416417e-01	-2.034794e-01	2.781057e-01	2.781057e-01	-1.101053e-02	2.870477e+00
2.544529e-02	-2.415753e-01	-2.416424e-01	-2.034717e-01	2.781214e-01	2.781214e-01	-1.101550e-02	2.868615e+00
2.541296e-02	-2.415760e-01	-2.416431e-01	-2.034640e-01	2.781369e-01	2.781369e-01	-1.102043e-02	2.866758e+00
2.538071e-02	-2.415767e-01	-2.416438e-01	-2.034564e-01	2.781524e-01	2.781524e-01	-1.102534e-02	2.864907e+00
2.534854e-02	-2.415774e-01	-2.416445e-01	-2.034487e-01	2.781678e-01	2.781678e-01	-1.103022e-02	2.863060e+00
2.531646e-02	-2.415781e-01	-2.416452e-01	-2.034411e-01	2.781832e-01	2.781832e-01	-1.103508e-02	2.861220e+00
2.528445e-02	-2.415787e-01	-2.416458e-01	-2.034335e-01	2.781985e-01	2.781985e-01	-1.103991e-02	2.859384e+00
2.525253e-02	-2.415794e-01	-2.416465e-01	-2.034258e-01	2.782138e-01	2.782138e-01	-1.104471e-02	2.857553e+00
2.522068e-02	-2.415801e-01	-2.416472e-01	-2.034182e-01	2.782289e-01	2.782289e-01	-1.104949e-02	2.855728e+00
2.518892e-02	-2.415808e-01	-2.416479e-01	-2.034106e-01	2.782441e-01	2.782441e-01	-1.105425e-02	2.853909e+00
2.515723e-02	-2.415815e-01	-2.416486e-01	-2.034030e-01	2.782591e-01	2.782591e-01	-1.105897e-02	2.852094e+00
2.512563e-02	-2.415822e-01	-2.416493e-01	-2.033953e-01	2.782741e-01	2.782741e-01	-1.106367e-02	2.850285e+00
2.509410e-02	-2.415828e-01	-2.416499e-01	-2.033877e-01	2.782891e-01	2.782891e-01	-1.106835e-02	2.848481e+00
2.506266e-02	-2.415835e-01	-2.416506e-01	-2.033801e-01	2.783040e-01	2.783040e-01	-1.107300e-02	2.846683e+00
2.503129e-02	-2.415842e-01	-2.416513e-01	-2.033725e-01	2.783188e-01	2.783188e-01	-1.107763e-02	2.844890e+00
2.500000e-02	-2.415848e-01	-2.416519e-01	-2.033650e-01	2.783336e-01	2.783336e-01	-1.108223e-02	2.843102e+00
2.496879e-02	-2.415855e-01	-2.416526e-01	-2.033574e-01	2.783483e-01	2.783483e-01	-1.108680e-02	2.841320e+00
2.493766e-02	-2.415862e-01	-2.416533e-01	-2.033498e-01	2.783630e-01	2.783630e-01	-1.109135e-02	2.839543e+00
2.490660e-02	-2.415868e-01	-2.416539e-01	-2.033422e-01	2.783775e-01	2.783775e-01	-1.109588e-02	2.837771e+00
2.487562e-02	-2.415875e-01	-2.416546e-01	-2.033346e-01	2.783921e-01	2.783921e-01	-1.110038e-02	2.836005e+00
2.484472e-02	-2.415882e-01	-2.416553e-01	-2.033271e-01	2.784066e-01	2.784066e-01	-1.110485e-02	2.834244e+00
2.481390e-02	-2.415888e-01	-2.416559e-01	-2.033195e-01	2.784210e-01	2.784210e-01	-1.110930e-02	2.832489e+00
2.478315e-02	-2.415895e-01	-2.416566e-01	-2.033120e-01	2.784354e-01	2.784354e-01	-1.111373e-02	2.830739e+00
2.475248e-02	-2.415901e-01	-2.416572e-01	-2.033044e-01	2.784497e-01	2.784497e-01	-1.111813e-02	2.828994e+00
2.472188e-02	-2.415908e-01	-2.416579e-01	-2.032969e-01	2.784640e-01	2.784640e-01	-1.112251e-02	2.827255e+00
2.469136e-02	-2.415915e-01	-2.416585e-01	-2.032893e-01	2.784782e-01	2.784782e-01	-1.112686e-02	2.825521e+00
2.466091e-02	-2.415921e-01	-2.416592e-01	-2.032818e-01	2.784923e-01	2.784923e-01	-1.113119e-02	2.823793e+00
2.463054e-02	-2.415928e-01	-2.416598e-01	-2.032743e-01	2.785064e-01	2.785064e-01	-1.113549e-02	2.822070e+00
2.460025e-02	-2.415934e-01	-2.416605e-01	-2.032667e-01	2.785205e-01	2.785205e-01	-1.113977e-02	2.820353e+00
2.457002e-02	-2.415940e-01	-2.416611e-01	-2.032592e-01	2.785344e-01	2.785344e-01	-1.114402e-02	2.818640e+00
2.453988e-02	-2.415947e-01	-2.416618e-01	-2.032517e-01	2.785484e-01	2.785484e-01	-1.114826e-02	2.816934e+00
2.450980e-02	-2.415953e-01	-2.416624e-01	-2.032442e-01	2.785623e-01	2.785623e-01	-1.115246e-02	2.815233e+00
2.447980e-02	-2.415960e-01	-2.416631e-01	-2.032367e-01	2.785761e-01	2.785761e-01	-1.115665e-02	2.813537e+00
2.444988e-02	-2.415966e-01	-2.416637e-01	-2.032292e-01	2.785899e-01	2.785899e-01	-1.116081e-02	2.811847e+00
2.442002e-02	-2.415972e-01	-2.416643e-01	-2.032217e-01	2.786036e-01	2.786036e-01	-1.116494e-02	2.810162e+00
2.439024e-02	-2.415979e-01	-2.416650e-01	-2.032142e-01	2.786173e-01	2.786173e-01	-1.116905e-02	2.808482e+00
2.436054e-02	-2.415985e-01	-2.416656e-01	-2.032067e-01	2.786309e-01	2.786309e-01	-1.117314e-02	2.806808e+00
2.433090e-02	-2.415991e-01	-2.416662e-01	-2.031992e-01	2.786444e-01	2.786444e-01	-1.117721e-02	2.805140e+00
2.430134e-02	-2.415998e-01	-2.416668e-01	-2.031917e-01	2.786580e-01	2.786580e-01	-1.118125e-02	2.803477e+00
2.427184e-02	-2.416004e-01	-2.416675e-01	-2.031843e-01	2.786714e-01	2.786714e-01	-1.118527e-02	2.801819e+00
2.424242e-02	-2.416010e-01	-2.416681e-01	-2.031768e-01	2.786848e-01	2.786848e-01	-1.118926e-02	2.800167e+00
2.421308e-02	-2.416016e-01	-2.416687e-01	-2.031693e-01	2.786982e-01	2.786982e-01	-1.119324e-02	2.798521e+00
2.418380e-02	-2.416023e-01	-2.416693e-01	-2.031619e-01	2.787115e-01	2.787115e-01	-1.119718e-02	2.796880e+00
2.415459e-02	-2.416029e-01	-2.416700e-01	-2.031544e-01	2.787248e-01	2.787248e-01	-1.120111e-02	2.795244e+00
2.412545e-02	-2.416035e-01	-2.416706e-01	-2.031470e-01	2.787380e-01	2.787380e-01	-1.120501e-02	2.793614e+00
2.409639e-02	-2.416041e-01	-2.416712e-01	-2.031395e-01	2.787511e-01	2.787511e-01	-1.120889e-02	2.791989e+00
2.406739e-02	-2.416047e-01	-2.416718e-01	-2.031321e-01	2.787643e-01	2.787643e-01	-1.121275e-02	2.790370e+00
2.403846e-02	-2.416054e-01	-2.416724e-01	-2.031246e-01	2.787773e-01	2.787773e-01	-1.121658e-02	2.788756e+00
2.400960e-02	-2.416060e-01	-2.416730e-01	-2.031172e-01	2.787903e-01	2.787903e-01	-1.122040e-02	2.787148e+00
2.398082e-02	-2.416066e-01	-2.416736e-01	-2.031098e-01	2.788033e-01	2.788033e-01	-1.122418e-02	2.785546e+00
2.395210e-02	-2.416072e-01	-2.416742e-01	-2.031024e-01	2.788162e-01	2.788162e-01	-1.122795e-02	2.783948e+00
2.392344e-02	-2.416078e-01	-2.416749e-01	-2.030949e-01	2.788291e-01	2.788291e-01	-1.123169e-02	2.782357e+00
2.389486e-02	-2.416084e-01	-2.416755e-01	-2.030875e-01	2.788419e-01	2.788419e-01	-1.123542e-02	2.780771e+00
2.386635e-02	-2.416090e-01	-2.416761e-01	-2.030801e-01	2.788547e-01	2.788547e-01	-1.123912e-02	2.779190e+00
2.383790e-02	-2.416096e-01	-2.416767e-01	-2.030727e-01	2.788674e-01	2.788674e-01	-1.124279e-02	2.777615e+00
