# Finite Temperature Data for Kitaev Ladder
# chi_max = 300, h = 0.8000
# Columns: T | Sigmax | Sigmay | Sigmaz | S1 | S2 | Wp | Cv
# 
2.000000e+01	-7.162650e-02	-7.162677e-02	-7.129347e-02	5.301565e-05	5.301565e-05	-2.268622e-06	3.307163e-01
1.000000e+01	-1.008604e-01	-1.008615e-01	-1.001416e-01	2.299169e-04	2.299169e-04	-1.239163e-05	1.150475e+00
6.666667e+00	-1.258986e-01	-1.259012e-01	-1.246816e-01	6.095007e-04	6.095007e-04	-3.718891e-05	2.206025e+00
5.000000e+00	-1.471622e-01	-1.471668e-01	-1.453610e-01	1.236695e-03	1.236695e-03	-8.079333e-05	3.293478e+00
4.000000e+00	-1.651548e-01	-1.651620e-01	-1.627085e-01	2.122271e-03	2.122271e-03	-1.441653e-04	4.279807e+00
3.333333e+00	-1.803846e-01	-1.803946e-01	-1.772535e-01	3.249694e-03	3.249694e-03	-2.264496e-04	5.097339e+00
2.857143e+00	-1.933190e-01	-1.933320e-01	-1.894813e-01	4.585045e-03	4.585045e-03	-3.266186e-04	5.726327e+00
2.500000e+00	-2.043647e-01	-2.043808e-01	-1.998128e-01	6.085996e-03	6.085996e-03	-4.444613e-04	6.176438e+00
2.222222e+00	-2.138636e-01	-2.138827e-01	-2.086010e-01	7.708418e-03	7.708418e-03	-5.808489e-04	6.472130e+00
2.000000e+00	-2.220970e-01	-2.221189e-01	-2.161354e-01	9.410593e-03	9.410593e-03	-7.375239e-04	6.642912e+00
1.818182e+00	-2.292929e-01	-2.293176e-01	-2.226502e-01	1.115552e-02	1.115552e-02	-9.166967e-04	6.717723e+00
1.666667e+00	-2.356351e-01	-2.356624e-01	-2.283333e-01	1.291189e-02	1.291189e-02	-1.120647e-03	6.722149e+00
1.538462e+00	-2.412711e-01	-2.413009e-01	-2.333351e-01	1.465416e-02	1.465416e-02	-1.351403e-03	6.677416e+00
1.428571e+00	-2.463192e-01	-2.463513e-01	-2.377756e-01	1.636225e-02	1.636225e-02	-1.610547e-03	6.600356e+00
1.333333e+00	-2.508745e-01	-2.509088e-01	-2.417507e-01	1.802085e-02	1.802085e-02	-1.899107e-03	6.503845e+00
1.250000e+00	-2.550135e-01	-2.550498e-01	-2.453371e-01	1.961877e-02	1.961877e-02	-2.217544e-03	6.397424e+00
1.176471e+00	-2.587984e-01	-2.588365e-01	-2.485967e-01	2.114821e-02	2.114821e-02	-2.565774e-03	6.287937e+00
1.111111e+00	-2.622794e-01	-2.623193e-01	-2.515791e-01	2.260417e-02	2.260417e-02	-2.943230e-03	6.180118e+00
1.052632e+00	-2.654980e-01	-2.655395e-01	-2.543249e-01	2.398380e-02	2.398380e-02	-3.348945e-03	6.077085e+00
1.000000e+00	-2.684879e-01	-2.685309e-01	-2.568670e-01	2.528600e-02	2.528600e-02	-3.781624e-03	5.980752e+00
9.523810e-01	-2.712774e-01	-2.713218e-01	-2.592324e-01	2.651099e-02	2.651099e-02	-4.239722e-03	5.892150e+00
9.090909e-01	-2.738898e-01	-2.739355e-01	-2.614434e-01	2.765996e-02	2.765996e-02	-4.721521e-03	5.811681e+00
8.695652e-01	-2.763449e-01	-2.763918e-01	-2.635185e-01	2.873484e-02	2.873484e-02	-5.225184e-03	5.739311e+00
8.333333e-01	-2.786592e-01	-2.787072e-01	-2.654733e-01	2.973806e-02	2.973806e-02	-5.748810e-03	5.674712e+00
8.000000e-01	-2.808469e-01	-2.808960e-01	-2.673206e-01	3.067243e-02	3.067243e-02	-6.290478e-03	5.617374e+00
7.692308e-01	-2.829200e-01	-2.829702e-01	-2.690716e-01	3.154095e-02	3.154095e-02	-6.848278e-03	5.566680e+00
7.407407e-01	-2.848891e-01	-2.849402e-01	-2.707355e-01	3.234676e-02	3.234676e-02	-7.420344e-03	5.521963e+00
7.142857e-01	-2.867630e-01	-2.868150e-01	-2.723206e-01	3.309302e-02	3.309302e-02	-8.004869e-03	5.482545e+00
6.896552e-01	-2.885497e-01	-2.886026e-01	-2.738336e-01	3.378292e-02	3.378292e-02	-8.600122e-03	5.447765e+00
6.666667e-01	-2.902562e-01	-2.903097e-01	-2.752807e-01	3.441955e-02	3.441955e-02	-9.204462e-03	5.416998e+00
6.451613e-01	-2.918883e-01	-2.919427e-01	-2.766671e-01	3.500596e-02	3.500596e-02	-9.816337e-03	5.389660e+00
6.250000e-01	-2.934517e-01	-2.935067e-01	-2.779974e-01	3.554508e-02	3.554508e-02	-1.043430e-02	5.365222e+00
6.060606e-01	-2.949510e-01	-2.950067e-01	-2.792758e-01	3.603970e-02	3.603970e-02	-1.105699e-02	5.343203e+00
5.882353e-01	-2.963906e-01	-2.964470e-01	-2.805058e-01	3.649252e-02	3.649252e-02	-1.168317e-02	5.323180e+00
5.714286e-01	-2.977744e-01	-2.978313e-01	-2.816908e-01	3.690608e-02	3.690608e-02	-1.231167e-02	5.304776e+00
5.555556e-01	-2.991059e-01	-2.991633e-01	-2.828336e-01	3.728281e-02	3.728281e-02	-1.294143e-02	5.287667e+00
5.405405e-01	-3.003881e-01	-3.004461e-01	-2.839368e-01	3.762499e-02	3.762499e-02	-1.357149e-02	5.271570e+00
5.263158e-01	-3.016241e-01	-3.016826e-01	-2.850028e-01	3.793479e-02	3.793479e-02	-1.420095e-02	5.256244e+00
5.128205e-01	-3.028165e-01	-3.028755e-01	-2.860338e-01	3.821423e-02	3.821423e-02	-1.482901e-02	5.241486e+00
5.000000e-01	-3.039676e-01	-3.040271e-01	-2.870317e-01	3.846523e-02	3.846523e-02	-1.545496e-02	5.227126e+00
4.878049e-01	-3.050798e-01	-3.051396e-01	-2.879984e-01	3.868959e-02	3.868959e-02	-1.607812e-02	5.213021e+00
4.761905e-01	-3.061550e-01	-3.062152e-01	-2.889355e-01	3.888899e-02	3.888899e-02	-1.669793e-02	5.199056e+00
4.651163e-01	-3.071951e-01	-3.072557e-01	-2.898445e-01	3.906501e-02	3.906501e-02	-1.731384e-02	5.185138e+00
4.545455e-01	-3.082019e-01	-3.082629e-01	-2.907267e-01	3.921915e-02	3.921915e-02	-1.792541e-02	5.171193e+00
4.444444e-01	-3.091770e-01	-3.092384e-01	-2.915837e-01	3.935278e-02	3.935278e-02	-1.853220e-02	5.157165e+00
4.347826e-01	-3.101219e-01	-3.101837e-01	-2.924164e-01	3.946722e-02	3.946722e-02	-1.913387e-02	5.143010e+00
4.255319e-01	-3.110381e-01	-3.111002e-01	-2.932260e-01	3.956368e-02	3.956368e-02	-1.973009e-02	5.128698e+00
4.166667e-01	-3.119268e-01	-3.119892e-01	-2.940137e-01	3.964329e-02	3.964329e-02	-2.032059e-02	5.114208e+00
4.081633e-01	-3.127894e-01	-3.128520e-01	-2.947803e-01	3.970714e-02	3.970714e-02	-2.090513e-02	5.099529e+00
4.000000e-01	-3.136268e-01	-3.136898e-01	-2.955268e-01	3.975622e-02	3.975622e-02	-2.148350e-02	5.084655e+00
3.921569e-01	-3.144403e-01	-3.145035e-01	-2.962540e-01	3.979147e-02	3.979147e-02	-2.205554e-02	5.069586e+00
3.846154e-01	-3.152309e-01	-3.152943e-01	-2.969627e-01	3.981376e-02	3.981376e-02	-2.262109e-02	5.054328e+00
3.773585e-01	-3.159994e-01	-3.160631e-01	-2.976537e-01	3.982391e-02	3.982391e-02	-2.318005e-02	5.038889e+00
3.703704e-01	-3.167469e-01	-3.168108e-01	-2.983277e-01	3.982269e-02	3.982269e-02	-2.373232e-02	5.023280e+00
3.636364e-01	-3.174741e-01	-3.175382e-01	-2.989854e-01	3.981083e-02	3.981083e-02	-2.427782e-02	5.007514e+00
3.571429e-01	-3.181818e-01	-3.182462e-01	-2.996273e-01	3.978898e-02	3.978898e-02	-2.481651e-02	4.991605e+00
3.508772e-01	-3.188709e-01	-3.189355e-01	-3.002542e-01	3.975779e-02	3.975779e-02	-2.534835e-02	4.975570e+00
3.448276e-01	-3.195421e-01	-3.196069e-01	-3.008665e-01	3.971785e-02	3.971785e-02	-2.587332e-02	4.959424e+00
3.389831e-01	-3.201959e-01	-3.202609e-01	-3.014647e-01	3.966971e-02	3.966971e-02	-2.639141e-02	4.943184e+00
3.333333e-01	-3.208332e-01	-3.208983e-01	-3.020494e-01	3.961388e-02	3.961388e-02	-2.690263e-02	4.926865e+00
3.278689e-01	-3.214544e-01	-3.215198e-01	-3.026211e-01	3.955086e-02	3.955086e-02	-2.740700e-02	4.910484e+00
3.225806e-01	-3.220602e-01	-3.221257e-01	-3.031802e-01	3.948109e-02	3.948109e-02	-2.790454e-02	4.894056e+00
3.174603e-01	-3.226511e-01	-3.227168e-01	-3.037271e-01	3.940502e-02	3.940502e-02	-2.839530e-02	4.877595e+00
3.125000e-01	-3.232277e-01	-3.232936e-01	-3.042623e-01	3.932304e-02	3.932304e-02	-2.887932e-02	4.861117e+00
3.076923e-01	-3.237905e-01	-3.238565e-01	-3.047861e-01	3.923552e-02	3.923552e-02	-2.935664e-02	4.844634e+00
3.030303e-01	-3.243398e-01	-3.244060e-01	-3.052990e-01	3.914282e-02	3.914282e-02	-2.982732e-02	4.828160e+00
2.985075e-01	-3.248763e-01	-3.249426e-01	-3.058012e-01	3.904527e-02	3.904527e-02	-3.029144e-02	4.811705e+00
2.941176e-01	-3.254003e-01	-3.254667e-01	-3.062930e-01	3.894319e-02	3.894319e-02	-3.074905e-02	4.795282e+00
2.898551e-01	-3.259122e-01	-3.259788e-01	-3.067749e-01	3.883686e-02	3.883686e-02	-3.120023e-02	4.778901e+00
2.857143e-01	-3.264125e-01	-3.264792e-01	-3.072472e-01	3.872657e-02	3.872657e-02	-3.164505e-02	4.762571e+00
2.816901e-01	-3.269015e-01	-3.269683e-01	-3.077100e-01	3.861256e-02	3.861256e-02	-3.208359e-02	4.746301e+00
2.777778e-01	-3.273796e-01	-3.274465e-01	-3.081638e-01	3.849510e-02	3.849510e-02	-3.251592e-02	4.730100e+00
2.739726e-01	-3.278471e-01	-3.279141e-01	-3.086087e-01	3.837439e-02	3.837439e-02	-3.294214e-02	4.713973e+00
2.702703e-01	-3.283043e-01	-3.283715e-01	-3.090450e-01	3.825067e-02	3.825067e-02	-3.336232e-02	4.697929e+00
2.666667e-01	-3.287517e-01	-3.288189e-01	-3.094730e-01	3.812412e-02	3.812412e-02	-3.377655e-02	4.681973e+00
2.631579e-01	-3.291894e-01	-3.292568e-01	-3.098929e-01	3.799496e-02	3.799496e-02	-3.418492e-02	4.666111e+00
2.597403e-01	-3.296178e-01	-3.296853e-01	-3.103050e-01	3.786334e-02	3.786334e-02	-3.458750e-02	4.650347e+00
2.564103e-01	-3.300372e-01	-3.301047e-01	-3.107093e-01	3.772945e-02	3.772945e-02	-3.498439e-02	4.634686e+00
2.531646e-01	-3.304478e-01	-3.305154e-01	-3.111063e-01	3.759345e-02	3.759345e-02	-3.537568e-02	4.619131e+00
2.500000e-01	-3.308499e-01	-3.309176e-01	-3.114960e-01	3.745547e-02	3.745547e-02	-3.576145e-02	4.603687e+00
2.469136e-01	-3.312437e-01	-3.313116e-01	-3.118786e-01	3.731568e-02	3.731568e-02	-3.614179e-02	4.588356e+00
2.439024e-01	-3.316295e-01	-3.316975e-01	-3.122544e-01	3.717420e-02	3.717420e-02	-3.651678e-02	4.573140e+00
2.409639e-01	-3.320075e-01	-3.320756e-01	-3.126235e-01	3.703115e-02	3.703115e-02	-3.688651e-02	4.558043e+00
2.380952e-01	-3.323780e-01	-3.324461e-01	-3.129861e-01	3.688667e-02	3.688667e-02	-3.725108e-02	4.543065e+00
2.352941e-01	-3.327411e-01	-3.328093e-01	-3.133424e-01	3.674085e-02	3.674085e-02	-3.761055e-02	4.528208e+00
2.325581e-01	-3.330970e-01	-3.331653e-01	-3.136924e-01	3.659382e-02	3.659382e-02	-3.796502e-02	4.513475e+00
2.298851e-01	-3.334460e-01	-3.335144e-01	-3.140364e-01	3.644566e-02	3.644566e-02	-3.831458e-02	4.498865e+00
2.272727e-01	-3.337882e-01	-3.338567e-01	-3.143745e-01	3.629648e-02	3.629648e-02	-3.865929e-02	4.484379e+00
2.247191e-01	-3.341239e-01	-3.341924e-01	-3.147069e-01	3.614637e-02	3.614637e-02	-3.899925e-02	4.470019e+00
2.222222e-01	-3.344531e-01	-3.345217e-01	-3.150337e-01	3.599540e-02	3.599540e-02	-3.933453e-02	4.455784e+00
2.197802e-01	-3.347761e-01	-3.348448e-01	-3.153550e-01	3.584367e-02	3.584367e-02	-3.966522e-02	4.441676e+00
2.173913e-01	-3.350931e-01	-3.351618e-01	-3.156710e-01	3.569125e-02	3.569125e-02	-3.999140e-02	4.427693e+00
2.150538e-01	-3.354041e-01	-3.354729e-01	-3.159817e-01	3.553820e-02	3.553820e-02	-4.031313e-02	4.413836e+00
2.127660e-01	-3.357094e-01	-3.357783e-01	-3.162874e-01	3.538461e-02	3.538461e-02	-4.063050e-02	4.400105e+00
2.105263e-01	-3.360091e-01	-3.360780e-01	-3.165880e-01	3.523053e-02	3.523053e-02	-4.094359e-02	4.386499e+00
2.083333e-01	-3.363033e-01	-3.363723e-01	-3.168838e-01	3.507603e-02	3.507603e-02	-4.125245e-02	4.373018e+00
2.061856e-01	-3.365922e-01	-3.366613e-01	-3.171749e-01	3.492117e-02	3.492117e-02	-4.155718e-02	4.359662e+00
2.040816e-01	-3.368759e-01	-3.369450e-01	-3.174613e-01	3.476600e-02	3.476600e-02	-4.185784e-02	4.346430e+00
2.020202e-01	-3.371546e-01	-3.372238e-01	-3.177431e-01	3.461057e-02	3.461057e-02	-4.215450e-02	4.333321e+00
2.000000e-01	-3.374283e-01	-3.374975e-01	-3.180206e-01	3.445493e-02	3.445493e-02	-4.244723e-02	4.320334e+00
1.980198e-01	-3.376972e-01	-3.377665e-01	-3.182936e-01	3.429913e-02	3.429913e-02	-4.273609e-02	4.307469e+00
1.960784e-01	-3.379614e-01	-3.380308e-01	-3.185624e-01	3.414322e-02	3.414322e-02	-4.302116e-02	4.294725e+00
1.941748e-01	-3.382210e-01	-3.382904e-01	-3.188270e-01	3.398724e-02	3.398724e-02	-4.330250e-02	4.282102e+00
1.923077e-01	-3.384762e-01	-3.385457e-01	-3.190876e-01	3.383123e-02	3.383123e-02	-4.358018e-02	4.269597e+00
1.904762e-01	-3.387270e-01	-3.387965e-01	-3.193442e-01	3.367523e-02	3.367523e-02	-4.385425e-02	4.257210e+00
1.886792e-01	-3.389735e-01	-3.390431e-01	-3.195968e-01	3.351927e-02	3.351927e-02	-4.412478e-02	4.244941e+00
1.869159e-01	-3.392159e-01	-3.392855e-01	-3.198457e-01	3.336339e-02	3.336339e-02	-4.439183e-02	4.232787e+00
1.851852e-01	-3.394542e-01	-3.395239e-01	-3.200908e-01	3.320762e-02	3.320762e-02	-4.465546e-02	4.220749e+00
1.834862e-01	-3.396885e-01	-3.397582e-01	-3.203322e-01	3.305200e-02	3.305200e-02	-4.491572e-02	4.208824e+00
1.818182e-01	-3.399190e-01	-3.399887e-01	-3.205700e-01	3.289655e-02	3.289655e-02	-4.517269e-02	4.197012e+00
1.801802e-01	-3.401457e-01	-3.402155e-01	-3.208044e-01	3.274130e-02	3.274130e-02	-4.542640e-02	4.185312e+00
1.785714e-01	-3.403686e-01	-3.404385e-01	-3.210352e-01	3.258628e-02	3.258628e-02	-4.567693e-02	4.173723e+00
1.769912e-01	-3.405880e-01	-3.406579e-01	-3.212627e-01	3.243152e-02	3.243152e-02	-4.592431e-02	4.162243e+00
1.754386e-01	-3.408038e-01	-3.408737e-01	-3.214869e-01	3.227703e-02	3.227703e-02	-4.616861e-02	4.150871e+00
1.739130e-01	-3.410161e-01	-3.410861e-01	-3.217078e-01	3.212284e-02	3.212284e-02	-4.640988e-02	4.139607e+00
1.724138e-01	-3.412251e-01	-3.412951e-01	-3.219255e-01	3.196898e-02	3.196898e-02	-4.664817e-02	4.128448e+00
1.709402e-01	-3.414307e-01	-3.415008e-01	-3.221401e-01	3.181547e-02	3.181547e-02	-4.688352e-02	4.117395e+00
1.694915e-01	-3.416331e-01	-3.417032e-01	-3.223517e-01	3.166232e-02	3.166232e-02	-4.711599e-02	4.106445e+00
1.680672e-01	-3.418323e-01	-3.419025e-01	-3.225602e-01	3.150955e-02	3.150955e-02	-4.734563e-02	4.095597e+00
1.666667e-01	-3.420285e-01	-3.420987e-01	-3.227658e-01	3.135719e-02	3.135719e-02	-4.757248e-02	4.084851e+00
1.652893e-01	-3.422215e-01	-3.422918e-01	-3.229685e-01	3.120524e-02	3.120524e-02	-4.779659e-02	4.074205e+00
1.639344e-01	-3.424117e-01	-3.424820e-01	-3.231684e-01	3.105373e-02	3.105373e-02	-4.801801e-02	4.063659e+00
1.626016e-01	-3.425989e-01	-3.426692e-01	-3.233655e-01	3.090267e-02	3.090267e-02	-4.823677e-02	4.053210e+00
1.612903e-01	-3.427833e-01	-3.428536e-01	-3.235598e-01	3.075208e-02	3.075208e-02	-4.845293e-02	4.042858e+00
1.600000e-01	-3.429648e-01	-3.430352e-01	-3.237515e-01	3.060196e-02	3.060196e-02	-4.866652e-02	4.032601e+00
1.587302e-01	-3.431437e-01	-3.432141e-01	-3.239405e-01	3.045234e-02	3.045234e-02	-4.887760e-02	4.022439e+00
1.574803e-01	-3.433199e-01	-3.433903e-01	-3.241270e-01	3.030322e-02	3.030322e-02	-4.908619e-02	4.012371e+00
1.562500e-01	-3.434934e-01	-3.435639e-01	-3.243109e-01	3.015462e-02	3.015462e-02	-4.929234e-02	4.002394e+00
1.550388e-01	-3.436644e-01	-3.437349e-01	-3.244923e-01	3.000655e-02	3.000655e-02	-4.949609e-02	3.992509e+00
1.538462e-01	-3.438329e-01	-3.439034e-01	-3.246713e-01	2.985902e-02	2.985902e-02	-4.969748e-02	3.982714e+00
1.526718e-01	-3.439989e-01	-3.440695e-01	-3.248479e-01	2.971204e-02	2.971204e-02	-4.989655e-02	3.973007e+00
1.515152e-01	-3.441625e-01	-3.442331e-01	-3.250221e-01	2.956561e-02	2.956561e-02	-5.009333e-02	3.963389e+00
1.503759e-01	-3.443237e-01	-3.443944e-01	-3.251940e-01	2.941975e-02	2.941975e-02	-5.028786e-02	3.953857e+00
1.492537e-01	-3.444826e-01	-3.445533e-01	-3.253636e-01	2.927447e-02	2.927447e-02	-5.048017e-02	3.944411e+00
1.481481e-01	-3.446392e-01	-3.447099e-01	-3.255310e-01	2.912978e-02	2.912978e-02	-5.067031e-02	3.935050e+00
1.470588e-01	-3.447936e-01	-3.448644e-01	-3.256962e-01	2.898567e-02	2.898567e-02	-5.085831e-02	3.925773e+00
1.459854e-01	-3.449458e-01	-3.450166e-01	-3.258593e-01	2.884217e-02	2.884217e-02	-5.104419e-02	3.916578e+00
1.449275e-01	-3.450958e-01	-3.451667e-01	-3.260202e-01	2.869927e-02	2.869927e-02	-5.122800e-02	3.907464e+00
1.438849e-01	-3.452438e-01	-3.453147e-01	-3.261790e-01	2.855699e-02	2.855699e-02	-5.140976e-02	3.898431e+00
1.428571e-01	-3.453897e-01	-3.454606e-01	-3.263358e-01	2.841533e-02	2.841533e-02	-5.158952e-02	3.889478e+00
1.418440e-01	-3.455335e-01	-3.456045e-01	-3.264906e-01	2.827429e-02	2.827429e-02	-5.176729e-02	3.880604e+00
1.408451e-01	-3.456754e-01	-3.457464e-01	-3.266433e-01	2.813388e-02	2.813388e-02	-5.194311e-02	3.871807e+00
1.398601e-01	-3.458153e-01	-3.458863e-01	-3.267942e-01	2.799410e-02	2.799410e-02	-5.211701e-02	3.863086e+00
1.388889e-01	-3.459533e-01	-3.460243e-01	-3.269431e-01	2.785497e-02	2.785497e-02	-5.228902e-02	3.854442e+00
1.379310e-01	-3.460894e-01	-3.461605e-01	-3.270902e-01	2.771648e-02	2.771648e-02	-5.245918e-02	3.845872e+00
1.369863e-01	-3.462237e-01	-3.462948e-01	-3.272354e-01	2.757864e-02	2.757864e-02	-5.262749e-02	3.837377e+00
1.360544e-01	-3.463561e-01	-3.464273e-01	-3.273787e-01	2.744145e-02	2.744145e-02	-5.279401e-02	3.828954e+00
1.351351e-01	-3.464868e-01	-3.465580e-01	-3.275203e-01	2.730492e-02	2.730492e-02	-5.295875e-02	3.820603e+00
1.342282e-01	-3.466157e-01	-3.466869e-01	-3.276601e-01	2.716905e-02	2.716905e-02	-5.312174e-02	3.812324e+00
1.333333e-01	-3.467430e-01	-3.468142e-01	-3.277982e-01	2.703384e-02	2.703384e-02	-5.328300e-02	3.804115e+00
1.324503e-01	-3.468685e-01	-3.469397e-01	-3.279346e-01	2.689930e-02	2.689930e-02	-5.344257e-02	3.795976e+00
1.315789e-01	-3.469924e-01	-3.470636e-01	-3.280693e-01	2.676542e-02	2.676542e-02	-5.360046e-02	3.787905e+00
1.307190e-01	-3.471146e-01	-3.471859e-01	-3.282024e-01	2.663222e-02	2.663222e-02	-5.375671e-02	3.779903e+00
1.298701e-01	-3.472353e-01	-3.473066e-01	-3.283339e-01	2.649968e-02	2.649968e-02	-5.391134e-02	3.771967e+00
1.290323e-01	-3.473544e-01	-3.474257e-01	-3.284637e-01	2.636783e-02	2.636783e-02	-5.406437e-02	3.764098e+00
1.282051e-01	-3.474719e-01	-3.475433e-01	-3.285920e-01	2.623664e-02	2.623664e-02	-5.421582e-02	3.756294e+00
1.273885e-01	-3.475879e-01	-3.476593e-01	-3.287187e-01	2.610614e-02	2.610614e-02	-5.436573e-02	3.748555e+00
1.265823e-01	-3.477025e-01	-3.477739e-01	-3.288439e-01	2.597632e-02	2.597632e-02	-5.451410e-02	3.740880e+00
1.257862e-01	-3.478156e-01	-3.478870e-01	-3.289676e-01	2.584717e-02	2.584717e-02	-5.466097e-02	3.733268e+00
1.250000e-01	-3.479272e-01	-3.479987e-01	-3.290899e-01	2.571871e-02	2.571871e-02	-5.480636e-02	3.725719e+00
1.242236e-01	-3.480374e-01	-3.481089e-01	-3.292107e-01	2.559093e-02	2.559093e-02	-5.495028e-02	3.718231e+00
1.234568e-01	-3.481463e-01	-3.482178e-01	-3.293300e-01	2.546383e-02	2.546383e-02	-5.509277e-02	3.710805e+00
1.226994e-01	-3.482537e-01	-3.483253e-01	-3.294480e-01	2.533742e-02	2.533742e-02	-5.523383e-02	3.703439e+00
1.219512e-01	-3.483599e-01	-3.484315e-01	-3.295645e-01	2.521169e-02	2.521169e-02	-5.537349e-02	3.696133e+00
1.212121e-01	-3.484647e-01	-3.485363e-01	-3.296797e-01	2.508664e-02	2.508664e-02	-5.551178e-02	3.688886e+00
1.204819e-01	-3.485682e-01	-3.486398e-01	-3.297936e-01	2.496228e-02	2.496228e-02	-5.564870e-02	3.681697e+00
1.197605e-01	-3.486704e-01	-3.487421e-01	-3.299061e-01	2.483861e-02	2.483861e-02	-5.578429e-02	3.674566e+00
1.190476e-01	-3.487714e-01	-3.488431e-01	-3.300174e-01	2.471561e-02	2.471561e-02	-5.591855e-02	3.667493e+00
1.183432e-01	-3.488711e-01	-3.489428e-01	-3.301273e-01	2.459331e-02	2.459331e-02	-5.605151e-02	3.660475e+00
1.176471e-01	-3.489697e-01	-3.490414e-01	-3.302360e-01	2.447168e-02	2.447168e-02	-5.618319e-02	3.653514e+00
1.169591e-01	-3.490670e-01	-3.491387e-01	-3.303435e-01	2.435074e-02	2.435074e-02	-5.631360e-02	3.646608e+00
1.162791e-01	-3.491631e-01	-3.492349e-01	-3.304497e-01	2.423048e-02	2.423048e-02	-5.644276e-02	3.639757e+00
1.156069e-01	-3.492581e-01	-3.493299e-01	-3.305547e-01	2.411091e-02	2.411091e-02	-5.657070e-02	3.632960e+00
1.149425e-01	-3.493520e-01	-3.494238e-01	-3.306585e-01	2.399201e-02	2.399201e-02	-5.669742e-02	3.626217e+00
1.142857e-01	-3.494447e-01	-3.495166e-01	-3.307612e-01	2.387380e-02	2.387380e-02	-5.682294e-02	3.619526e+00
1.136364e-01	-3.495364e-01	-3.496082e-01	-3.308627e-01	2.375627e-02	2.375627e-02	-5.694728e-02	3.612889e+00
1.129944e-01	-3.496269e-01	-3.496988e-01	-3.309631e-01	2.363941e-02	2.363941e-02	-5.707046e-02	3.606303e+00
1.123596e-01	-3.497164e-01	-3.497883e-01	-3.310623e-01	2.352323e-02	2.352323e-02	-5.719250e-02	3.599769e+00
1.117318e-01	-3.498048e-01	-3.498767e-01	-3.311604e-01	2.340773e-02	2.340773e-02	-5.731340e-02	3.593285e+00
1.111111e-01	-3.498922e-01	-3.499642e-01	-3.312575e-01	2.329291e-02	2.329291e-02	-5.743318e-02	3.586853e+00
1.104972e-01	-3.499786e-01	-3.500506e-01	-3.313535e-01	2.317875e-02	2.317875e-02	-5.755187e-02	3.580470e+00
1.098901e-01	-3.500639e-01	-3.501359e-01	-3.314484e-01	2.306527e-02	2.306527e-02	-5.766947e-02	3.574137e+00
1.092896e-01	-3.501483e-01	-3.502203e-01	-3.315423e-01	2.295246e-02	2.295246e-02	-5.778600e-02	3.567852e+00
1.086957e-01	-3.502317e-01	-3.503038e-01	-3.316351e-01	2.284032e-02	2.284032e-02	-5.790147e-02	3.561617e+00
1.081081e-01	-3.503142e-01	-3.503862e-01	-3.317269e-01	2.272885e-02	2.272885e-02	-5.801589e-02	3.555429e+00
1.075269e-01	-3.503957e-01	-3.504678e-01	-3.318178e-01	2.261804e-02	2.261804e-02	-5.812929e-02	3.549290e+00
1.069519e-01	-3.504763e-01	-3.505484e-01	-3.319076e-01	2.250789e-02	2.250789e-02	-5.824168e-02	3.543197e+00
1.063830e-01	-3.505559e-01	-3.506281e-01	-3.319965e-01	2.239841e-02	2.239841e-02	-5.835306e-02	3.537151e+00
1.058201e-01	-3.506347e-01	-3.507068e-01	-3.320845e-01	2.228959e-02	2.228959e-02	-5.846346e-02	3.531152e+00
1.052632e-01	-3.507126e-01	-3.507847e-01	-3.321714e-01	2.218143e-02	2.218143e-02	-5.857288e-02	3.525199e+00
1.047120e-01	-3.507896e-01	-3.508618e-01	-3.322575e-01	2.207392e-02	2.207392e-02	-5.868134e-02	3.519291e+00
1.041667e-01	-3.508657e-01	-3.509379e-01	-3.323426e-01	2.196707e-02	2.196707e-02	-5.878885e-02	3.513429e+00
1.036269e-01	-3.509410e-01	-3.510132e-01	-3.324269e-01	2.186087e-02	2.186087e-02	-5.889543e-02	3.507611e+00
1.030928e-01	-3.510155e-01	-3.510877e-01	-3.325102e-01	2.175532e-02	2.175532e-02	-5.900108e-02	3.501838e+00
1.025641e-01	-3.510891e-01	-3.511613e-01	-3.325927e-01	2.165042e-02	2.165042e-02	-5.910581e-02	3.496109e+00
1.020408e-01	-3.511619e-01	-3.512342e-01	-3.326743e-01	2.154616e-02	2.154616e-02	-5.920965e-02	3.490423e+00
1.015228e-01	-3.512339e-01	-3.513062e-01	-3.327550e-01	2.144255e-02	2.144255e-02	-5.931260e-02	3.484781e+00
1.010101e-01	-3.513052e-01	-3.513775e-01	-3.328349e-01	2.133958e-02	2.133958e-02	-5.941467e-02	3.479182e+00
1.005025e-01	-3.513756e-01	-3.514479e-01	-3.329140e-01	2.123725e-02	2.123725e-02	-5.951588e-02	3.473626e+00
1.000000e-01	-3.514453e-01	-3.515177e-01	-3.329922e-01	2.113555e-02	2.113555e-02	-5.961623e-02	3.468112e+00
9.950249e-02	-3.515142e-01	-3.515866e-01	-3.330697e-01	2.103449e-02	2.103449e-02	-5.971574e-02	3.462640e+00
9.900990e-02	-3.515824e-01	-3.516548e-01	-3.331463e-01	2.093406e-02	2.093406e-02	-5.981441e-02	3.457209e+00
9.852217e-02	-3.516499e-01	-3.517223e-01	-3.332222e-01	2.083426e-02	2.083426e-02	-5.991226e-02	3.451820e+00
9.803922e-02	-3.517166e-01	-3.517890e-01	-3.332972e-01	2.073509e-02	2.073509e-02	-6.000930e-02	3.446472e+00
9.756098e-02	-3.517826e-01	-3.518551e-01	-3.333715e-01	2.063654e-02	2.063654e-02	-6.010554e-02	3.441165e+00
9.708738e-02	-3.518480e-01	-3.519204e-01	-3.334451e-01	2.053862e-02	2.053862e-02	-6.020099e-02	3.435898e+00
9.661836e-02	-3.519126e-01	-3.519851e-01	-3.335179e-01	2.044131e-02	2.044131e-02	-6.029565e-02	3.430671e+00
9.615385e-02	-3.519765e-01	-3.520490e-01	-3.335899e-01	2.034463e-02	2.034463e-02	-6.038954e-02	3.425484e+00
9.569378e-02	-3.520398e-01	-3.521123e-01	-3.336613e-01	2.024855e-02	2.024855e-02	-6.048268e-02	3.420336e+00
9.523810e-02	-3.521024e-01	-3.521749e-01	-3.337319e-01	2.015309e-02	2.015309e-02	-6.057505e-02	3.415228e+00
9.478673e-02	-3.521644e-01	-3.522369e-01	-3.338018e-01	2.005824e-02	2.005824e-02	-6.066669e-02	3.410158e+00
9.433962e-02	-3.522257e-01	-3.522982e-01	-3.338710e-01	1.996399e-02	1.996399e-02	-6.075759e-02	3.405128e+00
9.389671e-02	-3.522863e-01	-3.523589e-01	-3.339395e-01	1.987035e-02	1.987035e-02	-6.084777e-02	3.400135e+00
9.345794e-02	-3.523464e-01	-3.524190e-01	-3.340074e-01	1.977731e-02	1.977731e-02	-6.093723e-02	3.395181e+00
9.302326e-02	-3.524058e-01	-3.524784e-01	-3.340745e-01	1.968486e-02	1.968486e-02	-6.102598e-02	3.390264e+00
9.259259e-02	-3.524646e-01	-3.525372e-01	-3.341410e-01	1.959302e-02	1.959302e-02	-6.111404e-02	3.385385e+00
9.216590e-02	-3.525228e-01	-3.525955e-01	-3.342069e-01	1.950176e-02	1.950176e-02	-6.120140e-02	3.380544e+00
9.174312e-02	-3.525804e-01	-3.526531e-01	-3.342721e-01	1.941110e-02	1.941110e-02	-6.128808e-02	3.375739e+00
9.132420e-02	-3.526375e-01	-3.527101e-01	-3.343366e-01	1.932103e-02	1.932103e-02	-6.137409e-02	3.370972e+00
9.090909e-02	-3.526939e-01	-3.527666e-01	-3.344006e-01	1.923154e-02	1.923154e-02	-6.145944e-02	3.366241e+00
9.049774e-02	-3.527498e-01	-3.528225e-01	-3.344639e-01	1.914263e-02	1.914263e-02	-6.154412e-02	3.361546e+00
9.009009e-02	-3.528051e-01	-3.528778e-01	-3.345266e-01	1.905430e-02	1.905430e-02	-6.162816e-02	3.356887e+00
8.968610e-02	-3.528599e-01	-3.529326e-01	-3.345887e-01	1.896655e-02	1.896655e-02	-6.171156e-02	3.352264e+00
8.928571e-02	-3.529141e-01	-3.529868e-01	-3.346501e-01	1.887937e-02	1.887937e-02	-6.179432e-02	3.347677e+00
8.888889e-02	-3.529677e-01	-3.530405e-01	-3.347110e-01	1.879276e-02	1.879276e-02	-6.187646e-02	3.343125e+00
8.849558e-02	-3.530209e-01	-3.530937e-01	-3.347714e-01	1.870673e-02	1.870673e-02	-6.195797e-02	3.338608e+00
8.810573e-02	-3.530735e-01	-3.531463e-01	-3.348311e-01	1.862125e-02	1.862125e-02	-6.203888e-02	3.334127e+00
8.771930e-02	-3.531256e-01	-3.531984e-01	-3.348903e-01	1.853634e-02	1.853634e-02	-6.211918e-02	3.329679e+00
8.733624e-02	-3.531771e-01	-3.532500e-01	-3.349489e-01	1.845199e-02	1.845199e-02	-6.219889e-02	3.325267e+00
8.695652e-02	-3.532282e-01	-3.533011e-01	-3.350069e-01	1.836820e-02	1.836820e-02	-6.227800e-02	3.320888e+00
8.658009e-02	-3.532788e-01	-3.533516e-01	-3.350644e-01	1.828496e-02	1.828496e-02	-6.235653e-02	3.316544e+00
8.620690e-02	-3.533289e-01	-3.534017e-01	-3.351214e-01	1.820228e-02	1.820228e-02	-6.243448e-02	3.312233e+00
8.583691e-02	-3.533784e-01	-3.534513e-01	-3.351778e-01	1.812014e-02	1.812014e-02	-6.251187e-02	3.307956e+00
8.547009e-02	-3.534275e-01	-3.535005e-01	-3.352337e-01	1.803855e-02	1.803855e-02	-6.258869e-02	3.303712e+00
8.510638e-02	-3.534762e-01	-3.535491e-01	-3.352891e-01	1.795750e-02	1.795750e-02	-6.266495e-02	3.299501e+00
8.474576e-02	-3.535243e-01	-3.535973e-01	-3.353439e-01	1.787699e-02	1.787699e-02	-6.274067e-02	3.295324e+00
8.438819e-02	-3.535720e-01	-3.536450e-01	-3.353983e-01	1.779702e-02	1.779702e-02	-6.281584e-02	3.291179e+00
8.403361e-02	-3.536193e-01	-3.536922e-01	-3.354521e-01	1.771758e-02	1.771758e-02	-6.289047e-02	3.287066e+00
8.368201e-02	-3.536661e-01	-3.537391e-01	-3.355055e-01	1.763868e-02	1.763868e-02	-6.296457e-02	3.282986e+00
8.333333e-02	-3.537124e-01	-3.537854e-01	-3.355583e-01	1.756030e-02	1.756030e-02	-6.303815e-02	3.278938e+00
8.298755e-02	-3.537583e-01	-3.538313e-01	-3.356107e-01	1.748245e-02	1.748245e-02	-6.311120e-02	3.274922e+00
8.264463e-02	-3.538038e-01	-3.538768e-01	-3.356626e-01	1.740512e-02	1.740512e-02	-6.318374e-02	3.270938e+00
8.230453e-02	-3.538488e-01	-3.539219e-01	-3.357140e-01	1.732832e-02	1.732832e-02	-6.325578e-02	3.266985e+00
8.196721e-02	-3.538935e-01	-3.539665e-01	-3.357649e-01	1.725203e-02	1.725203e-02	-6.332731e-02	3.263063e+00
8.163265e-02	-3.539377e-01	-3.540107e-01	-3.358154e-01	1.717626e-02	1.717626e-02	-6.339834e-02	3.259173e+00
8.130081e-02	-3.539815e-01	-3.540545e-01	-3.358655e-01	1.710100e-02	1.710100e-02	-6.346889e-02	3.255313e+00
8.097166e-02	-3.540248e-01	-3.540979e-01	-3.359150e-01	1.702625e-02	1.702625e-02	-6.353895e-02	3.251484e+00
8.064516e-02	-3.540678e-01	-3.541409e-01	-3.359642e-01	1.695200e-02	1.695200e-02	-6.360853e-02	3.247686e+00
8.032129e-02	-3.541104e-01	-3.541835e-01	-3.360129e-01	1.687826e-02	1.687826e-02	-6.367763e-02	3.243918e+00
8.000000e-02	-3.541526e-01	-3.542257e-01	-3.360611e-01	1.680502e-02	1.680502e-02	-6.374626e-02	3.240180e+00
7.968127e-02	-3.541944e-01	-3.542675e-01	-3.361089e-01	1.673228e-02	1.673228e-02	-6.381443e-02	3.236472e+00
7.936508e-02	-3.542358e-01	-3.543089e-01	-3.361563e-01	1.666004e-02	1.666004e-02	-6.388214e-02	3.232794e+00
7.905138e-02	-3.542768e-01	-3.543500e-01	-3.362033e-01	1.658828e-02	1.658828e-02	-6.394940e-02	3.229145e+00
7.874016e-02	-3.543175e-01	-3.543907e-01	-3.362499e-01	1.651702e-02	1.651702e-02	-6.401620e-02	3.225526e+00
7.843137e-02	-3.543578e-01	-3.544310e-01	-3.362960e-01	1.644625e-02	1.644625e-02	-6.408256e-02	3.221936e+00
7.812500e-02	-3.543977e-01	-3.544709e-01	-3.363418e-01	1.637596e-02	1.637596e-02	-6.414848e-02	3.218375e+00
7.782101e-02	-3.544373e-01	-3.545105e-01	-3.363871e-01	1.630615e-02	1.630615e-02	-6.421397e-02	3.214842e+00
7.751938e-02	-3.544765e-01	-3.545497e-01	-3.364320e-01	1.623682e-02	1.623682e-02	-6.427903e-02	3.211339e+00
7.722008e-02	-3.545153e-01	-3.545886e-01	-3.364766e-01	1.616797e-02	1.616797e-02	-6.434366e-02	3.207864e+00
7.692308e-02	-3.545538e-01	-3.546271e-01	-3.365207e-01	1.609959e-02	1.609959e-02	-6.440787e-02	3.204417e+00
7.662835e-02	-3.545920e-01	-3.546653e-01	-3.365645e-01	1.603168e-02	1.603168e-02	-6.447166e-02	3.200998e+00
7.633588e-02	-3.546298e-01	-3.547031e-01	-3.366079e-01	1.596424e-02	1.596424e-02	-6.453504e-02	3.197607e+00
7.604563e-02	-3.546673e-01	-3.547406e-01	-3.366510e-01	1.589726e-02	1.589726e-02	-6.459801e-02	3.194243e+00
7.575758e-02	-3.547045e-01	-3.547778e-01	-3.366936e-01	1.583075e-02	1.583075e-02	-6.466058e-02	3.190908e+00
7.547170e-02	-3.547413e-01	-3.548146e-01	-3.367359e-01	1.576470e-02	1.576470e-02	-6.472275e-02	3.187599e+00
7.518797e-02	-3.547778e-01	-3.548511e-01	-3.367778e-01	1.569911e-02	1.569911e-02	-6.478453e-02	3.184318e+00
7.490637e-02	-3.548140e-01	-3.548873e-01	-3.368194e-01	1.563397e-02	1.563397e-02	-6.484591e-02	3.181063e+00
7.462687e-02	-3.548498e-01	-3.549232e-01	-3.368606e-01	1.556928e-02	1.556928e-02	-6.490690e-02	3.177836e+00
7.434944e-02	-3.548854e-01	-3.549587e-01	-3.369014e-01	1.550505e-02	1.550505e-02	-6.496752e-02	3.174635e+00
7.407407e-02	-3.549206e-01	-3.549940e-01	-3.369420e-01	1.544126e-02	1.544126e-02	-6.502775e-02	3.171460e+00
7.380074e-02	-3.549556e-01	-3.550289e-01	-3.369821e-01	1.537792e-02	1.537792e-02	-6.508761e-02	3.168312e+00
7.352941e-02	-3.549902e-01	-3.550636e-01	-3.370220e-01	1.531501e-02	1.531501e-02	-6.514710e-02	3.165190e+00
7.326007e-02	-3.550245e-01	-3.550979e-01	-3.370615e-01	1.525255e-02	1.525255e-02	-6.520622e-02	3.162094e+00
7.299270e-02	-3.550586e-01	-3.551320e-01	-3.371006e-01	1.519052e-02	1.519052e-02	-6.526498e-02	3.159023e+00
7.272727e-02	-3.550923e-01	-3.551657e-01	-3.371395e-01	1.512893e-02	1.512893e-02	-6.532337e-02	3.155978e+00
7.246377e-02	-3.551258e-01	-3.551992e-01	-3.371780e-01	1.506777e-02	1.506777e-02	-6.538141e-02	3.152959e+00
7.220217e-02	-3.551589e-01	-3.552324e-01	-3.372162e-01	1.500704e-02	1.500704e-02	-6.543910e-02	3.149964e+00
7.194245e-02	-3.551918e-01	-3.552653e-01	-3.372540e-01	1.494674e-02	1.494674e-02	-6.549644e-02	3.146995e+00
7.168459e-02	-3.552244e-01	-3.552979e-01	-3.372916e-01	1.488686e-02	1.488686e-02	-6.555343e-02	3.144050e+00
7.142857e-02	-3.552568e-01	-3.553302e-01	-3.373289e-01	1.482740e-02	1.482740e-02	-6.561009e-02	3.141130e+00
7.117438e-02	-3.552888e-01	-3.553623e-01	-3.373658e-01	1.476836e-02	1.476836e-02	-6.566640e-02	3.138235e+00
7.092199e-02	-3.553206e-01	-3.553941e-01	-3.374024e-01	1.470974e-02	1.470974e-02	-6.572237e-02	3.135364e+00
7.067138e-02	-3.553521e-01	-3.554257e-01	-3.374388e-01	1.465153e-02	1.465153e-02	-6.577802e-02	3.132517e+00
7.042254e-02	-3.553834e-01	-3.554569e-01	-3.374748e-01	1.459373e-02	1.459373e-02	-6.583334e-02	3.129694e+00
7.017544e-02	-3.554144e-01	-3.554879e-01	-3.375106e-01	1.453634e-02	1.453634e-02	-6.588833e-02	3.126894e+00
6.993007e-02	-3.554451e-01	-3.555187e-01	-3.375460e-01	1.447936e-02	1.447936e-02	-6.594299e-02	3.124119e+00
6.968641e-02	-3.554756e-01	-3.555492e-01	-3.375812e-01	1.442278e-02	1.442278e-02	-6.599734e-02	3.121367e+00
6.944444e-02	-3.555059e-01	-3.555794e-01	-3.376161e-01	1.436661e-02	1.436661e-02	-6.605138e-02	3.118638e+00
6.920415e-02	-3.555358e-01	-3.556094e-01	-3.376507e-01	1.431083e-02	1.431083e-02	-6.610510e-02	3.115932e+00
6.896552e-02	-3.555656e-01	-3.556392e-01	-3.376850e-01	1.425545e-02	1.425545e-02	-6.615851e-02	3.113249e+00
6.872852e-02	-3.555951e-01	-3.556687e-01	-3.377191e-01	1.420047e-02	1.420047e-02	-6.621161e-02	3.110589e+00
6.849315e-02	-3.556243e-01	-3.556979e-01	-3.377528e-01	1.414588e-02	1.414588e-02	-6.626441e-02	3.107952e+00
6.825939e-02	-3.556533e-01	-3.557269e-01	-3.377863e-01	1.409167e-02	1.409167e-02	-6.631691e-02	3.105337e+00
6.802721e-02	-3.556821e-01	-3.557557e-01	-3.378196e-01	1.403786e-02	1.403786e-02	-6.636911e-02	3.102744e+00
6.779661e-02	-3.557106e-01	-3.557843e-01	-3.378526e-01	1.398443e-02	1.398443e-02	-6.642101e-02	3.100173e+00
6.756757e-02	-3.557389e-01	-3.558126e-01	-3.378853e-01	1.393138e-02	1.393138e-02	-6.647262e-02	3.097624e+00
6.734007e-02	-3.557670e-01	-3.558407e-01	-3.379177e-01	1.387872e-02	1.387872e-02	-6.652394e-02	3.095097e+00
6.711409e-02	-3.557949e-01	-3.558685e-01	-3.379499e-01	1.382643e-02	1.382643e-02	-6.657498e-02	3.092592e+00
6.688963e-02	-3.558225e-01	-3.558962e-01	-3.379819e-01	1.377452e-02	1.377452e-02	-6.662573e-02	3.090108e+00
6.666667e-02	-3.558499e-01	-3.559236e-01	-3.380136e-01	1.372298e-02	1.372298e-02	-6.667620e-02	3.087645e+00
6.644518e-02	-3.558771e-01	-3.559508e-01	-3.380450e-01	1.367181e-02	1.367181e-02	-6.672639e-02	3.085203e+00
6.622517e-02	-3.559041e-01	-3.559778e-01	-3.380762e-01	1.362101e-02	1.362101e-02	-6.677630e-02	3.082782e+00
6.600660e-02	-3.559308e-01	-3.560045e-01	-3.381072e-01	1.357058e-02	1.357058e-02	-6.682594e-02	3.080382e+00
6.578947e-02	-3.559574e-01	-3.560311e-01	-3.381379e-01	1.352051e-02	1.352051e-02	-6.687531e-02	3.078003e+00
6.557377e-02	-3.559837e-01	-3.560574e-01	-3.381684e-01	1.347081e-02	1.347081e-02	-6.692441e-02	3.075644e+00
6.535948e-02	-3.560098e-01	-3.560836e-01	-3.381986e-01	1.342146e-02	1.342146e-02	-6.697324e-02	3.073305e+00
6.514658e-02	-3.560357e-01	-3.561095e-01	-3.382286e-01	1.337248e-02	1.337248e-02	-6.702181e-02	3.070986e+00
6.493506e-02	-3.560615e-01	-3.561352e-01	-3.382584e-01	1.332385e-02	1.332385e-02	-6.707012e-02	3.068687e+00
6.472492e-02	-3.560870e-01	-3.561607e-01	-3.382879e-01	1.327557e-02	1.327557e-02	-6.711816e-02	3.066408e+00
6.451613e-02	-3.561123e-01	-3.561861e-01	-3.383173e-01	1.322764e-02	1.322764e-02	-6.716595e-02	3.064149e+00
6.430868e-02	-3.561374e-01	-3.562112e-01	-3.383464e-01	1.318007e-02	1.318007e-02	-6.721349e-02	3.061908e+00
6.410256e-02	-3.561623e-01	-3.562361e-01	-3.383752e-01	1.313284e-02	1.313284e-02	-6.726078e-02	3.059688e+00
6.389776e-02	-3.561871e-01	-3.562609e-01	-3.384039e-01	1.308595e-02	1.308595e-02	-6.730781e-02	3.057486e+00
6.369427e-02	-3.562116e-01	-3.562854e-01	-3.384323e-01	1.303941e-02	1.303941e-02	-6.735460e-02	3.055303e+00
6.349206e-02	-3.562359e-01	-3.563098e-01	-3.384606e-01	1.299321e-02	1.299321e-02	-6.740114e-02	3.053139e+00
6.329114e-02	-3.562601e-01	-3.563339e-01	-3.384886e-01	1.294734e-02	1.294734e-02	-6.744743e-02	3.050994e+00
6.309148e-02	-3.562841e-01	-3.563579e-01	-3.385164e-01	1.290181e-02	1.290181e-02	-6.749349e-02	3.048867e+00
6.289308e-02	-3.563079e-01	-3.563817e-01	-3.385440e-01	1.285662e-02	1.285662e-02	-6.753931e-02	3.046758e+00
6.269592e-02	-3.563315e-01	-3.564054e-01	-3.385713e-01	1.281176e-02	1.281176e-02	-6.758489e-02	3.044668e+00
6.250000e-02	-3.563549e-01	-3.564288e-01	-3.385985e-01	1.276723e-02	1.276723e-02	-6.763023e-02	3.042595e+00
6.230530e-02	-3.563782e-01	-3.564521e-01	-3.386255e-01	1.272303e-02	1.272303e-02	-6.767535e-02	3.040541e+00
6.211180e-02	-3.564012e-01	-3.564751e-01	-3.386523e-01	1.267915e-02	1.267915e-02	-6.772023e-02	3.038504e+00
6.191950e-02	-3.564242e-01	-3.564980e-01	-3.386788e-01	1.263560e-02	1.263560e-02	-6.776488e-02	3.036484e+00
6.172840e-02	-3.564469e-01	-3.565208e-01	-3.387052e-01	1.259237e-02	1.259237e-02	-6.780931e-02	3.034482e+00
6.153846e-02	-3.564694e-01	-3.565433e-01	-3.387314e-01	1.254946e-02	1.254946e-02	-6.785351e-02	3.032497e+00
6.134969e-02	-3.564918e-01	-3.565657e-01	-3.387574e-01	1.250687e-02	1.250687e-02	-6.789749e-02	3.030529e+00
6.116208e-02	-3.565140e-01	-3.565880e-01	-3.387832e-01	1.246459e-02	1.246459e-02	-6.794124e-02	3.028578e+00
6.097561e-02	-3.565361e-01	-3.566100e-01	-3.388088e-01	1.242263e-02	1.242263e-02	-6.798478e-02	3.026644e+00
6.079027e-02	-3.565580e-01	-3.566319e-01	-3.388342e-01	1.238098e-02	1.238098e-02	-6.802810e-02	3.024727e+00
6.060606e-02	-3.565797e-01	-3.566537e-01	-3.388595e-01	1.233964e-02	1.233964e-02	-6.807121e-02	3.022825e+00
6.042296e-02	-3.566013e-01	-3.566753e-01	-3.388845e-01	1.229860e-02	1.229860e-02	-6.811410e-02	3.020941e+00
6.024096e-02	-3.566227e-01	-3.566967e-01	-3.389094e-01	1.225788e-02	1.225788e-02	-6.815678e-02	3.019072e+00
6.006006e-02	-3.566439e-01	-3.567179e-01	-3.389341e-01	1.221746e-02	1.221746e-02	-6.819924e-02	3.017219e+00
5.988024e-02	-3.566650e-01	-3.567390e-01	-3.389586e-01	1.217734e-02	1.217734e-02	-6.824150e-02	3.015382e+00
5.970149e-02	-3.566860e-01	-3.567600e-01	-3.389829e-01	1.213752e-02	1.213752e-02	-6.828356e-02	3.013561e+00
5.952381e-02	-3.567068e-01	-3.567808e-01	-3.390071e-01	1.209800e-02	1.209800e-02	-6.832541e-02	3.011755e+00
5.934718e-02	-3.567274e-01	-3.568014e-01	-3.390311e-01	1.205878e-02	1.205878e-02	-6.836705e-02	3.009965e+00
5.917160e-02	-3.567479e-01	-3.568219e-01	-3.390549e-01	1.201985e-02	1.201985e-02	-6.840850e-02	3.008190e+00
5.899705e-02	-3.567682e-01	-3.568422e-01	-3.390785e-01	1.198121e-02	1.198121e-02	-6.844974e-02	3.006429e+00
5.882353e-02	-3.567884e-01	-3.568624e-01	-3.391020e-01	1.194287e-02	1.194287e-02	-6.849078e-02	3.004684e+00
5.865103e-02	-3.568084e-01	-3.568825e-01	-3.391253e-01	1.190481e-02	1.190481e-02	-6.853163e-02	3.002954e+00
5.847953e-02	-3.568283e-01	-3.569024e-01	-3.391485e-01	1.186704e-02	1.186704e-02	-6.857229e-02	3.001238e+00
5.830904e-02	-3.568481e-01	-3.569221e-01	-3.391714e-01	1.182956e-02	1.182956e-02	-6.861275e-02	2.999537e+00
5.813953e-02	-3.568677e-01	-3.569418e-01	-3.391942e-01	1.179236e-02	1.179236e-02	-6.865301e-02	2.997851e+00
5.797101e-02	-3.568872e-01	-3.569612e-01	-3.392169e-01	1.175545e-02	1.175545e-02	-6.869309e-02	2.996178e+00
5.780347e-02	-3.569065e-01	-3.569806e-01	-3.392394e-01	1.171881e-02	1.171881e-02	-6.873298e-02	2.994519e+00
5.763689e-02	-3.569257e-01	-3.569998e-01	-3.392617e-01	1.168246e-02	1.168246e-02	-6.877268e-02	2.992875e+00
5.747126e-02	-3.569447e-01	-3.570188e-01	-3.392839e-01	1.164638e-02	1.164638e-02	-6.881219e-02	2.991244e+00
5.730659e-02	-3.569637e-01	-3.570378e-01	-3.393059e-01	1.161057e-02	1.161057e-02	-6.885152e-02	2.989627e+00
5.714286e-02	-3.569825e-01	-3.570566e-01	-3.393278e-01	1.157504e-02	1.157504e-02	-6.889067e-02	2.988024e+00
5.698006e-02	-3.570011e-01	-3.570752e-01	-3.393495e-01	1.153978e-02	1.153978e-02	-6.892964e-02	2.986433e+00
5.681818e-02	-3.570196e-01	-3.570938e-01	-3.393711e-01	1.150479e-02	1.150479e-02	-6.896842e-02	2.984856e+00
5.665722e-02	-3.570380e-01	-3.571122e-01	-3.393925e-01	1.147006e-02	1.147006e-02	-6.900703e-02	2.983293e+00
5.649718e-02	-3.570563e-01	-3.571304e-01	-3.394138e-01	1.143561e-02	1.143561e-02	-6.904545e-02	2.981742e+00
5.633803e-02	-3.570744e-01	-3.571486e-01	-3.394349e-01	1.140141e-02	1.140141e-02	-6.908371e-02	2.980204e+00
5.617978e-02	-3.570924e-01	-3.571666e-01	-3.394559e-01	1.136749e-02	1.136749e-02	-6.912178e-02	2.978678e+00
5.602241e-02	-3.571103e-01	-3.571845e-01	-3.394767e-01	1.133382e-02	1.133382e-02	-6.915969e-02	2.977165e+00
5.586592e-02	-3.571281e-01	-3.572022e-01	-3.394974e-01	1.130041e-02	1.130041e-02	-6.919742e-02	2.975665e+00
5.571031e-02	-3.571457e-01	-3.572199e-01	-3.395180e-01	1.126726e-02	1.126726e-02	-6.923498e-02	2.974177e+00
5.555556e-02	-3.571632e-01	-3.572374e-01	-3.395384e-01	1.123437e-02	1.123437e-02	-6.927237e-02	2.972701e+00
5.540166e-02	-3.571806e-01	-3.572548e-01	-3.395586e-01	1.120173e-02	1.120173e-02	-6.930960e-02	2.971237e+00
5.524862e-02	-3.571979e-01	-3.572721e-01	-3.395788e-01	1.116934e-02	1.116934e-02	-6.934665e-02	2.969785e+00
5.509642e-02	-3.572150e-01	-3.572892e-01	-3.395988e-01	1.113721e-02	1.113721e-02	-6.938354e-02	2.968345e+00
5.494505e-02	-3.572321e-01	-3.573063e-01	-3.396186e-01	1.110532e-02	1.110532e-02	-6.942027e-02	2.966917e+00
5.479452e-02	-3.572490e-01	-3.573232e-01	-3.396384e-01	1.107369e-02	1.107369e-02	-6.945683e-02	2.965500e+00
5.464481e-02	-3.572658e-01	-3.573400e-01	-3.396580e-01	1.104230e-02	1.104230e-02	-6.949323e-02	2.964094e+00
5.449591e-02	-3.572825e-01	-3.573567e-01	-3.396774e-01	1.101115e-02	1.101115e-02	-6.952947e-02	2.962700e+00
5.434783e-02	-3.572991e-01	-3.573733e-01	-3.396968e-01	1.098025e-02	1.098025e-02	-6.956555e-02	2.961316e+00
5.420054e-02	-3.573155e-01	-3.573898e-01	-3.397160e-01	1.094959e-02	1.094959e-02	-6.960147e-02	2.959944e+00
5.405405e-02	-3.573319e-01	-3.574061e-01	-3.397350e-01	1.091917e-02	1.091917e-02	-6.963724e-02	2.958583e+00
5.390836e-02	-3.573481e-01	-3.574224e-01	-3.397540e-01	1.088899e-02	1.088899e-02	-6.967285e-02	2.957232e+00
5.376344e-02	-3.573643e-01	-3.574385e-01	-3.397728e-01	1.085905e-02	1.085905e-02	-6.970830e-02	2.955892e+00
5.361930e-02	-3.573803e-01	-3.574545e-01	-3.397915e-01	1.082934e-02	1.082934e-02	-6.974360e-02	2.954563e+00
5.347594e-02	-3.573962e-01	-3.574705e-01	-3.398101e-01	1.079987e-02	1.079987e-02	-6.977874e-02	2.953244e+00
5.333333e-02	-3.574120e-01	-3.574863e-01	-3.398285e-01	1.077063e-02	1.077063e-02	-6.981374e-02	2.951935e+00
5.319149e-02	-3.574277e-01	-3.575020e-01	-3.398469e-01	1.074162e-02	1.074162e-02	-6.984858e-02	2.950637e+00
5.305040e-02	-3.574433e-01	-3.575176e-01	-3.398651e-01	1.071284e-02	1.071284e-02	-6.988327e-02	2.949348e+00
5.291005e-02	-3.574588e-01	-3.575331e-01	-3.398832e-01	1.068429e-02	1.068429e-02	-6.991782e-02	2.948070e+00
5.277045e-02	-3.574742e-01	-3.575485e-01	-3.399011e-01	1.065596e-02	1.065596e-02	-6.995222e-02	2.946801e+00
5.263158e-02	-3.574895e-01	-3.575638e-01	-3.399190e-01	1.062787e-02	1.062787e-02	-6.998647e-02	2.945542e+00
5.249344e-02	-3.575047e-01	-3.575790e-01	-3.399367e-01	1.059999e-02	1.059999e-02	-7.002057e-02	2.944293e+00
5.235602e-02	-3.575198e-01	-3.575941e-01	-3.399543e-01	1.057234e-02	1.057234e-02	-7.005453e-02	2.943053e+00
5.221932e-02	-3.575348e-01	-3.576091e-01	-3.399718e-01	1.054491e-02	1.054491e-02	-7.008835e-02	2.941822e+00
5.208333e-02	-3.575497e-01	-3.576240e-01	-3.399892e-01	1.051769e-02	1.051769e-02	-7.012202e-02	2.940600e+00
5.194805e-02	-3.575645e-01	-3.576388e-01	-3.400065e-01	1.049070e-02	1.049070e-02	-7.015556e-02	2.939388e+00
5.181347e-02	-3.575792e-01	-3.576535e-01	-3.400237e-01	1.046392e-02	1.046392e-02	-7.018895e-02	2.938185e+00
5.167959e-02	-3.575938e-01	-3.576681e-01	-3.400407e-01	1.043736e-02	1.043736e-02	-7.022220e-02	2.936990e+00
5.154639e-02	-3.576083e-01	-3.576826e-01	-3.400577e-01	1.041101e-02	1.041101e-02	-7.025532e-02	2.935805e+00
5.141388e-02	-3.576227e-01	-3.576970e-01	-3.400745e-01	1.038488e-02	1.038488e-02	-7.028829e-02	2.934628e+00
5.128205e-02	-3.576370e-01	-3.577114e-01	-3.400913e-01	1.035895e-02	1.035895e-02	-7.032113e-02	2.933459e+00
5.115090e-02	-3.576512e-01	-3.577256e-01	-3.401079e-01	1.033324e-02	1.033324e-02	-7.035384e-02	2.932300e+00
5.102041e-02	-3.576654e-01	-3.577397e-01	-3.401244e-01	1.030773e-02	1.030773e-02	-7.038640e-02	2.931148e+00
5.089059e-02	-3.576794e-01	-3.577538e-01	-3.401408e-01	1.028243e-02	1.028243e-02	-7.041884e-02	2.930005e+00
5.076142e-02	-3.576934e-01	-3.577678e-01	-3.401572e-01	1.025734e-02	1.025734e-02	-7.045114e-02	2.928870e+00
5.063291e-02	-3.577072e-01	-3.577816e-01	-3.401734e-01	1.023245e-02	1.023245e-02	-7.048331e-02	2.927743e+00
5.050505e-02	-3.577210e-01	-3.577954e-01	-3.401895e-01	1.020776e-02	1.020776e-02	-7.051535e-02	2.926623e+00
5.037783e-02	-3.577347e-01	-3.578091e-01	-3.402055e-01	1.018328e-02	1.018328e-02	-7.054726e-02	2.925512e+00
5.025126e-02	-3.577483e-01	-3.578227e-01	-3.402214e-01	1.015899e-02	1.015899e-02	-7.057903e-02	2.924409e+00
5.012531e-02	-3.577618e-01	-3.578362e-01	-3.402372e-01	1.013491e-02	1.013491e-02	-7.061068e-02	2.923313e+00
5.000000e-02	-3.577752e-01	-3.578497e-01	-3.402529e-01	1.011102e-02	1.011102e-02	-7.064220e-02	2.922224e+00
4.987531e-02	-3.577886e-01	-3.578630e-01	-3.402685e-01	1.008733e-02	1.008733e-02	-7.067360e-02	2.921143e+00
4.975124e-02	-3.578018e-01	-3.578763e-01	-3.402840e-01	1.006383e-02	1.006383e-02	-7.070486e-02	2.920070e+00
4.962779e-02	-3.578150e-01	-3.578895e-01	-3.402994e-01	1.004053e-02	1.004053e-02	-7.073600e-02	2.919003e+00
4.950495e-02	-3.578281e-01	-3.579026e-01	-3.403147e-01	1.001742e-02	1.001742e-02	-7.076702e-02	2.917944e+00
4.938272e-02	-3.578411e-01	-3.579156e-01	-3.403300e-01	9.994498e-03	9.994498e-03	-7.079791e-02	2.916892e+00
4.926108e-02	-3.578541e-01	-3.579285e-01	-3.403451e-01	9.971770e-03	9.971770e-03	-7.082868e-02	2.915847e+00
4.914005e-02	-3.578669e-01	-3.579414e-01	-3.403601e-01	9.949230e-03	9.949230e-03	-7.085933e-02	2.914808e+00
4.901961e-02	-3.578797e-01	-3.579542e-01	-3.403751e-01	9.926877e-03	9.926877e-03	-7.088986e-02	2.913777e+00
4.889976e-02	-3.578924e-01	-3.579668e-01	-3.403899e-01	9.904711e-03	9.904711e-03	-7.092026e-02	2.912752e+00
4.878049e-02	-3.579050e-01	-3.579795e-01	-3.404047e-01	9.882730e-03	9.882730e-03	-7.095054e-02	2.911734e+00
4.866180e-02	-3.579175e-01	-3.579920e-01	-3.404194e-01	9.860933e-03	9.860933e-03	-7.098071e-02	2.910722e+00
4.854369e-02	-3.579300e-01	-3.580045e-01	-3.404339e-01	9.839319e-03	9.839319e-03	-7.101076e-02	2.909716e+00
4.842615e-02	-3.579423e-01	-3.580168e-01	-3.404484e-01	9.817886e-03	9.817886e-03	-7.104068e-02	2.908717e+00
4.830918e-02	-3.579547e-01	-3.580292e-01	-3.404628e-01	9.796633e-03	9.796633e-03	-7.107050e-02	2.907724e+00
4.819277e-02	-3.579669e-01	-3.580414e-01	-3.404771e-01	9.775559e-03	9.775559e-03	-7.110019e-02	2.906737e+00
4.807692e-02	-3.579790e-01	-3.580535e-01	-3.404914e-01	9.754663e-03	9.754663e-03	-7.112977e-02	2.905757e+00
4.796163e-02	-3.579911e-01	-3.580656e-01	-3.405055e-01	9.733944e-03	9.733944e-03	-7.115923e-02	2.904782e+00
4.784689e-02	-3.580031e-01	-3.580776e-01	-3.405196e-01	9.713400e-03	9.713400e-03	-7.118858e-02	2.903813e+00
4.773270e-02	-3.580150e-01	-3.580896e-01	-3.405336e-01	9.693031e-03	9.693031e-03	-7.121782e-02	2.902850e+00
4.761905e-02	-3.580269e-01	-3.581014e-01	-3.405474e-01	9.672835e-03	9.672835e-03	-7.124694e-02	2.901892e+00
4.750594e-02	-3.580387e-01	-3.581132e-01	-3.405613e-01	9.652810e-03	9.652810e-03	-7.127595e-02	2.900940e+00
4.739336e-02	-3.580504e-01	-3.581249e-01	-3.405750e-01	9.632957e-03	9.632957e-03	-7.130485e-02	2.899994e+00
4.728132e-02	-3.580620e-01	-3.581366e-01	-3.405886e-01	9.613273e-03	9.613273e-03	-7.133364e-02	2.899053e+00
4.716981e-02	-3.580736e-01	-3.581482e-01	-3.406022e-01	9.593758e-03	9.593758e-03	-7.136232e-02	2.898118e+00
4.705882e-02	-3.580851e-01	-3.581597e-01	-3.406157e-01	9.574411e-03	9.574411e-03	-7.139089e-02	2.897188e+00
4.694836e-02	-3.580966e-01	-3.581711e-01	-3.406291e-01	9.555229e-03	9.555229e-03	-7.141935e-02	2.896263e+00
4.683841e-02	-3.581079e-01	-3.581825e-01	-3.406424e-01	9.536213e-03	9.536213e-03	-7.144770e-02	2.895343e+00
4.672897e-02	-3.581192e-01	-3.581938e-01	-3.406556e-01	9.517361e-03	9.517361e-03	-7.147594e-02	2.894428e+00
4.662005e-02	-3.581305e-01	-3.582050e-01	-3.406688e-01	9.498672e-03	9.498672e-03	-7.150408e-02	2.893518e+00
4.651163e-02	-3.581416e-01	-3.582162e-01	-3.406819e-01	9.480146e-03	9.480146e-03	-7.153211e-02	2.892613e+00
4.640371e-02	-3.581527e-01	-3.582273e-01	-3.406949e-01	9.461779e-03	9.461779e-03	-7.156003e-02	2.891713e+00
4.629630e-02	-3.581637e-01	-3.582383e-01	-3.407078e-01	9.443573e-03	9.443573e-03	-7.158785e-02	2.890818e+00
4.618938e-02	-3.581747e-01	-3.582493e-01	-3.407207e-01	9.425525e-03	9.425525e-03	-7.161556e-02	2.889927e+00
4.608295e-02	-3.581856e-01	-3.582602e-01	-3.407335e-01	9.407635e-03	9.407635e-03	-7.164317e-02	2.889041e+00
4.597701e-02	-3.581965e-01	-3.582711e-01	-3.407462e-01	9.389902e-03	9.389902e-03	-7.167068e-02	2.888159e+00
4.587156e-02	-3.582072e-01	-3.582818e-01	-3.407588e-01	9.372324e-03	9.372324e-03	-7.169808e-02	2.887282e+00
4.576659e-02	-3.582179e-01	-3.582926e-01	-3.407714e-01	9.354900e-03	9.354900e-03	-7.172538e-02	2.886409e+00
4.566210e-02	-3.582286e-01	-3.583032e-01	-3.407839e-01	9.337630e-03	9.337630e-03	-7.175258e-02	2.885541e+00
4.555809e-02	-3.582392e-01	-3.583138e-01	-3.407963e-01	9.320512e-03	9.320512e-03	-7.177968e-02	2.884677e+00
4.545455e-02	-3.582497e-01	-3.583243e-01	-3.408086e-01	9.303546e-03	9.303546e-03	-7.180668e-02	2.883817e+00
4.535147e-02	-3.582602e-01	-3.583348e-01	-3.408209e-01	9.286729e-03	9.286729e-03	-7.183358e-02	2.882961e+00
4.524887e-02	-3.582706e-01	-3.583452e-01	-3.408331e-01	9.270063e-03	9.270063e-03	-7.186037e-02	2.882109e+00
4.514673e-02	-3.582809e-01	-3.583555e-01	-3.408452e-01	9.253544e-03	9.253544e-03	-7.188707e-02	2.881261e+00
4.504505e-02	-3.582912e-01	-3.583658e-01	-3.408573e-01	9.237173e-03	9.237173e-03	-7.191367e-02	2.880417e+00
4.494382e-02	-3.583014e-01	-3.583760e-01	-3.408693e-01	9.220948e-03	9.220948e-03	-7.194018e-02	2.879577e+00
4.484305e-02	-3.583116e-01	-3.583862e-01	-3.408812e-01	9.204868e-03	9.204868e-03	-7.196658e-02	2.878740e+00
4.474273e-02	-3.583217e-01	-3.583963e-01	-3.408931e-01	9.188932e-03	9.188932e-03	-7.199289e-02	2.877907e+00
4.464286e-02	-3.583317e-01	-3.584064e-01	-3.409049e-01	9.173140e-03	9.173140e-03	-7.201910e-02	2.877078e+00
4.454343e-02	-3.583417e-01	-3.584164e-01	-3.409166e-01	9.157490e-03	9.157490e-03	-7.204522e-02	2.876253e+00
4.444444e-02	-3.583516e-01	-3.584263e-01	-3.409283e-01	9.141981e-03	9.141981e-03	-7.207124e-02	2.875431e+00
4.434590e-02	-3.583615e-01	-3.584362e-01	-3.409399e-01	9.126613e-03	9.126613e-03	-7.209717e-02	2.874612e+00
4.424779e-02	-3.583713e-01	-3.584460e-01	-3.409514e-01	9.111384e-03	9.111384e-03	-7.212300e-02	2.873797e+00
4.415011e-02	-3.583811e-01	-3.584558e-01	-3.409629e-01	9.096294e-03	9.096294e-03	-7.214874e-02	2.872985e+00
4.405286e-02	-3.583908e-01	-3.584655e-01	-3.409743e-01	9.081341e-03	9.081341e-03	-7.217438e-02	2.872176e+00
4.395604e-02	-3.584004e-01	-3.584751e-01	-3.409856e-01	9.066525e-03	9.066525e-03	-7.219993e-02	2.871371e+00
4.385965e-02	-3.584100e-01	-3.584847e-01	-3.409969e-01	9.051844e-03	9.051844e-03	-7.222539e-02	2.870568e+00
4.376368e-02	-3.584196e-01	-3.584943e-01	-3.410081e-01	9.037298e-03	9.037298e-03	-7.225076e-02	2.869769e+00
4.366812e-02	-3.584290e-01	-3.585038e-01	-3.410192e-01	9.022886e-03	9.022886e-03	-7.227604e-02	2.868973e+00
4.357298e-02	-3.584385e-01	-3.585132e-01	-3.410303e-01	9.008607e-03	9.008607e-03	-7.230123e-02	2.868180e+00
4.347826e-02	-3.584479e-01	-3.585226e-01	-3.410413e-01	8.994460e-03	8.994460e-03	-7.232632e-02	2.867390e+00
4.338395e-02	-3.584572e-01	-3.585319e-01	-3.410523e-01	8.980443e-03	8.980443e-03	-7.235133e-02	2.866602e+00
4.329004e-02	-3.584665e-01	-3.585412e-01	-3.410632e-01	8.966557e-03	8.966557e-03	-7.237624e-02	2.865818e+00
4.319654e-02	-3.584757e-01	-3.585504e-01	-3.410741e-01	8.952800e-03	8.952800e-03	-7.240107e-02	2.865036e+00
4.310345e-02	-3.584849e-01	-3.585596e-01	-3.410848e-01	8.939171e-03	8.939171e-03	-7.242581e-02	2.864256e+00
4.301075e-02	-3.584940e-01	-3.585687e-01	-3.410956e-01	8.925670e-03	8.925670e-03	-7.245046e-02	2.863480e+00
4.291845e-02	-3.585031e-01	-3.585778e-01	-3.411062e-01	8.912295e-03	8.912295e-03	-7.247503e-02	2.862706e+00
4.282655e-02	-3.585121e-01	-3.585868e-01	-3.411169e-01	8.899046e-03	8.899046e-03	-7.249950e-02	2.861935e+00
4.273504e-02	-3.585210e-01	-3.585958e-01	-3.411274e-01	8.885921e-03	8.885921e-03	-7.252389e-02	2.861166e+00
4.264392e-02	-3.585300e-01	-3.586047e-01	-3.411379e-01	8.872921e-03	8.872921e-03	-7.254819e-02	2.860399e+00
4.255319e-02	-3.585388e-01	-3.586136e-01	-3.411483e-01	8.860043e-03	8.860043e-03	-7.257241e-02	2.859635e+00
4.246285e-02	-3.585477e-01	-3.586224e-01	-3.411587e-01	8.847288e-03	8.847288e-03	-7.259654e-02	2.858873e+00
4.237288e-02	-3.585564e-01	-3.586312e-01	-3.411690e-01	8.834654e-03	8.834654e-03	-7.262059e-02	2.858114e+00
4.228330e-02	-3.585652e-01	-3.586399e-01	-3.411793e-01	8.822140e-03	8.822140e-03	-7.264455e-02	2.857356e+00
4.219409e-02	-3.585738e-01	-3.586486e-01	-3.411895e-01	8.809746e-03	8.809746e-03	-7.266843e-02	2.856601e+00
4.210526e-02	-3.585825e-01	-3.586572e-01	-3.411997e-01	8.797471e-03	8.797471e-03	-7.269223e-02	2.855848e+00
4.201681e-02	-3.585911e-01	-3.586658e-01	-3.412098e-01	8.785314e-03	8.785314e-03	-7.271594e-02	2.855098e+00
4.192872e-02	-3.585996e-01	-3.586744e-01	-3.412198e-01	8.773274e-03	8.773274e-03	-7.273956e-02	2.854349e+00
4.184100e-02	-3.586081e-01	-3.586829e-01	-3.412298e-01	8.761350e-03	8.761350e-03	-7.276311e-02	2.853602e+00
4.175365e-02	-3.586165e-01	-3.586913e-01	-3.412398e-01	8.749542e-03	8.749542e-03	-7.278657e-02	2.852857e+00
4.166667e-02	-3.586249e-01	-3.586997e-01	-3.412497e-01	8.737849e-03	8.737849e-03	-7.280996e-02	2.852114e+00
4.158004e-02	-3.586333e-01	-3.587081e-01	-3.412595e-01	8.726269e-03	8.726269e-03	-7.283326e-02	2.851373e+00
4.149378e-02	-3.586416e-01	-3.587164e-01	-3.412693e-01	8.714802e-03	8.714802e-03	-7.285648e-02	2.850634e+00
4.140787e-02	-3.586498e-01	-3.587247e-01	-3.412790e-01	8.703448e-03	8.703448e-03	-7.287961e-02	2.849897e+00
4.132231e-02	-3.586581e-01	-3.587329e-01	-3.412887e-01	8.692205e-03	8.692205e-03	-7.290267e-02	2.849161e+00
4.123711e-02	-3.586662e-01	-3.587411e-01	-3.412984e-01	8.681072e-03	8.681072e-03	-7.292565e-02	2.848427e+00
4.115226e-02	-3.586744e-01	-3.587492e-01	-3.413080e-01	8.670050e-03	8.670050e-03	-7.294855e-02	2.847695e+00
4.106776e-02	-3.586825e-01	-3.587573e-01	-3.413175e-01	8.659137e-03	8.659137e-03	-7.297137e-02	2.846964e+00
4.098361e-02	-3.586905e-01	-3.587653e-01	-3.413270e-01	8.648331e-03	8.648331e-03	-7.299411e-02	2.846235e+00
4.089980e-02	-3.586985e-01	-3.587733e-01	-3.413364e-01	8.637634e-03	8.637634e-03	-7.301678e-02	2.845508e+00
4.081633e-02	-3.587065e-01	-3.587813e-01	-3.413458e-01	8.627043e-03	8.627043e-03	-7.303936e-02	2.844782e+00
4.073320e-02	-3.587144e-01	-3.587892e-01	-3.413551e-01	8.616558e-03	8.616558e-03	-7.306187e-02	2.844057e+00
4.065041e-02	-3.587223e-01	-3.587971e-01	-3.413644e-01	8.606179e-03	8.606179e-03	-7.308430e-02	2.843334e+00
4.056795e-02	-3.587301e-01	-3.588049e-01	-3.413737e-01	8.595904e-03	8.595904e-03	-7.310665e-02	2.842612e+00
4.048583e-02	-3.587379e-01	-3.588127e-01	-3.413829e-01	8.585732e-03	8.585732e-03	-7.312893e-02	2.841892e+00
4.040404e-02	-3.587456e-01	-3.588205e-01	-3.413920e-01	8.575664e-03	8.575664e-03	-7.315113e-02	2.841173e+00
4.032258e-02	-3.587534e-01	-3.588282e-01	-3.414011e-01	8.565698e-03	8.565698e-03	-7.317326e-02	2.840455e+00
4.024145e-02	-3.587610e-01	-3.588359e-01	-3.414102e-01	8.555833e-03	8.555833e-03	-7.319531e-02	2.839738e+00
4.016064e-02	-3.587687e-01	-3.588435e-01	-3.414192e-01	8.546069e-03	8.546069e-03	-7.321728e-02	2.839023e+00
4.008016e-02	-3.587762e-01	-3.588511e-01	-3.414281e-01	8.536406e-03	8.536406e-03	-7.323918e-02	2.838309e+00
4.000000e-02	-3.587838e-01	-3.588587e-01	-3.414370e-01	8.526841e-03	8.526841e-03	-7.326101e-02	2.837596e+00
3.992016e-02	-3.587913e-01	-3.588662e-01	-3.414459e-01	8.517375e-03	8.517375e-03	-7.328276e-02	2.836884e+00
3.984064e-02	-3.587988e-01	-3.588737e-01	-3.414547e-01	8.508007e-03	8.508007e-03	-7.330444e-02	2.836173e+00
3.976143e-02	-3.588062e-01	-3.588811e-01	-3.414635e-01	8.498736e-03	8.498736e-03	-7.332604e-02	2.835464e+00
3.968254e-02	-3.588136e-01	-3.588885e-01	-3.414722e-01	8.489562e-03	8.489562e-03	-7.334758e-02	2.834755e+00
3.960396e-02	-3.588210e-01	-3.588958e-01	-3.414809e-01	8.480483e-03	8.480483e-03	-7.336903e-02	2.834047e+00
3.952569e-02	-3.588283e-01	-3.589032e-01	-3.414896e-01	8.471500e-03	8.471500e-03	-7.339042e-02	2.833340e+00
3.944773e-02	-3.588356e-01	-3.589105e-01	-3.414982e-01	8.462611e-03	8.462611e-03	-7.341174e-02	2.832634e+00
3.937008e-02	-3.588428e-01	-3.589177e-01	-3.415068e-01	8.453815e-03	8.453815e-03	-7.343298e-02	2.831929e+00
3.929273e-02	-3.588500e-01	-3.589249e-01	-3.415153e-01	8.445113e-03	8.445113e-03	-7.345415e-02	2.831225e+00
3.921569e-02	-3.588572e-01	-3.589321e-01	-3.415238e-01	8.436502e-03	8.436502e-03	-7.347525e-02	2.830522e+00
3.913894e-02	-3.588643e-01	-3.589392e-01	-3.415322e-01	8.427984e-03	8.427984e-03	-7.349628e-02	2.829820e+00
3.906250e-02	-3.588714e-01	-3.589463e-01	-3.415406e-01	8.419556e-03	8.419556e-03	-7.351724e-02	2.829118e+00
3.898635e-02	-3.588785e-01	-3.589534e-01	-3.415489e-01	8.411218e-03	8.411218e-03	-7.353812e-02	2.828417e+00
3.891051e-02	-3.588855e-01	-3.589604e-01	-3.415572e-01	8.402971e-03	8.402971e-03	-7.355894e-02	2.827717e+00
3.883495e-02	-3.588925e-01	-3.589674e-01	-3.415655e-01	8.394812e-03	8.394812e-03	-7.357969e-02	2.827017e+00
3.875969e-02	-3.588994e-01	-3.589744e-01	-3.415737e-01	8.386741e-03	8.386741e-03	-7.360037e-02	2.826318e+00
3.868472e-02	-3.589064e-01	-3.589813e-01	-3.415819e-01	8.378758e-03	8.378758e-03	-7.362098e-02	2.825620e+00
3.861004e-02	-3.589132e-01	-3.589882e-01	-3.415901e-01	8.370862e-03	8.370862e-03	-7.364152e-02	2.824923e+00
3.853565e-02	-3.589201e-01	-3.589950e-01	-3.415982e-01	8.363052e-03	8.363052e-03	-7.366200e-02	2.824226e+00
3.846154e-02	-3.589269e-01	-3.590018e-01	-3.416063e-01	8.355328e-03	8.355328e-03	-7.368240e-02	2.823529e+00
3.838772e-02	-3.589337e-01	-3.590086e-01	-3.416143e-01	8.347689e-03	8.347689e-03	-7.370274e-02	2.822833e+00
3.831418e-02	-3.589404e-01	-3.590154e-01	-3.416223e-01	8.340135e-03	8.340135e-03	-7.372301e-02	2.822138e+00
3.824092e-02	-3.589471e-01	-3.590221e-01	-3.416302e-01	8.332664e-03	8.332664e-03	-7.374321e-02	2.821443e+00
3.816794e-02	-3.589538e-01	-3.590288e-01	-3.416382e-01	8.325276e-03	8.325276e-03	-7.376335e-02	2.820749e+00
3.809524e-02	-3.589605e-01	-3.590354e-01	-3.416460e-01	8.317971e-03	8.317971e-03	-7.378342e-02	2.820055e+00
3.802281e-02	-3.589671e-01	-3.590420e-01	-3.416539e-01	8.310748e-03	8.310748e-03	-7.380342e-02	2.819361e+00
3.795066e-02	-3.589737e-01	-3.590486e-01	-3.416617e-01	8.303606e-03	8.303606e-03	-7.382336e-02	2.818668e+00
3.787879e-02	-3.589802e-01	-3.590552e-01	-3.416694e-01	8.296544e-03	8.296544e-03	-7.384323e-02	2.817976e+00
3.780718e-02	-3.589867e-01	-3.590617e-01	-3.416772e-01	8.289563e-03	8.289563e-03	-7.386303e-02	2.817283e+00
3.773585e-02	-3.589932e-01	-3.590682e-01	-3.416849e-01	8.282661e-03	8.282661e-03	-7.388277e-02	2.816591e+00
3.766478e-02	-3.589997e-01	-3.590746e-01	-3.416925e-01	8.275838e-03	8.275838e-03	-7.390245e-02	2.815900e+00
3.759398e-02	-3.590061e-01	-3.590810e-01	-3.417001e-01	8.269093e-03	8.269093e-03	-7.392206e-02	2.815208e+00
3.752345e-02	-3.590125e-01	-3.590874e-01	-3.417077e-01	8.262426e-03	8.262426e-03	-7.394160e-02	2.814517e+00
3.745318e-02	-3.590188e-01	-3.590938e-01	-3.417152e-01	8.255836e-03	8.255836e-03	-7.396109e-02	2.813827e+00
3.738318e-02	-3.590251e-01	-3.591001e-01	-3.417228e-01	8.249323e-03	8.249323e-03	-7.398050e-02	2.813136e+00
3.731343e-02	-3.590314e-01	-3.591064e-01	-3.417302e-01	8.242885e-03	8.242885e-03	-7.399986e-02	2.812446e+00
3.724395e-02	-3.590377e-01	-3.591127e-01	-3.417377e-01	8.236522e-03	8.236522e-03	-7.401915e-02	2.811756e+00
3.717472e-02	-3.590439e-01	-3.591189e-01	-3.417451e-01	8.230235e-03	8.230235e-03	-7.403837e-02	2.811066e+00
3.710575e-02	-3.590501e-01	-3.591251e-01	-3.417524e-01	8.224021e-03	8.224021e-03	-7.405754e-02	2.810376e+00
3.703704e-02	-3.590563e-01	-3.591313e-01	-3.417598e-01	8.217881e-03	8.217881e-03	-7.407664e-02	2.809686e+00
3.696858e-02	-3.590624e-01	-3.591374e-01	-3.417671e-01	8.211814e-03	8.211814e-03	-7.409568e-02	2.808997e+00
3.690037e-02	-3.590686e-01	-3.591436e-01	-3.417744e-01	8.205819e-03	8.205819e-03	-7.411466e-02	2.808308e+00
3.683241e-02	-3.590746e-01	-3.591496e-01	-3.417816e-01	8.199897e-03	8.199897e-03	-7.413357e-02	2.807619e+00
3.676471e-02	-3.590807e-01	-3.591557e-01	-3.417888e-01	8.194045e-03	8.194045e-03	-7.415243e-02	2.806929e+00
3.669725e-02	-3.590867e-01	-3.591617e-01	-3.417960e-01	8.188265e-03	8.188265e-03	-7.417122e-02	2.806240e+00
3.663004e-02	-3.590927e-01	-3.591677e-01	-3.418031e-01	8.182554e-03	8.182554e-03	-7.418995e-02	2.805551e+00
3.656307e-02	-3.590987e-01	-3.591737e-01	-3.418102e-01	8.176913e-03	8.176913e-03	-7.420862e-02	2.804862e+00
3.649635e-02	-3.591046e-01	-3.591796e-01	-3.418173e-01	8.171342e-03	8.171342e-03	-7.422723e-02	2.804174e+00
3.642987e-02	-3.591105e-01	-3.591856e-01	-3.418243e-01	8.165839e-03	8.165839e-03	-7.424578e-02	2.803485e+00
3.636364e-02	-3.591164e-01	-3.591914e-01	-3.418313e-01	8.160404e-03	8.160404e-03	-7.426427e-02	2.802796e+00
3.629764e-02	-3.591223e-01	-3.591973e-01	-3.418383e-01	8.155036e-03	8.155036e-03	-7.428270e-02	2.802107e+00
3.623188e-02	-3.591281e-01	-3.592031e-01	-3.418452e-01	8.149735e-03	8.149735e-03	-7.430107e-02	2.801418e+00
3.616637e-02	-3.591339e-01	-3.592089e-01	-3.418521e-01	8.144501e-03	8.144501e-03	-7.431938e-02	2.800729e+00
3.610108e-02	-3.591397e-01	-3.592147e-01	-3.418590e-01	8.139333e-03	8.139333e-03	-7.433763e-02	2.800040e+00
3.603604e-02	-3.591454e-01	-3.592205e-01	-3.418659e-01	8.134230e-03	8.134230e-03	-7.435582e-02	2.799351e+00
3.597122e-02	-3.591511e-01	-3.592262e-01	-3.418727e-01	8.129192e-03	8.129192e-03	-7.437395e-02	2.798662e+00
3.590664e-02	-3.591568e-01	-3.592319e-01	-3.418795e-01	8.124219e-03	8.124219e-03	-7.439203e-02	2.797973e+00
3.584229e-02	-3.591625e-01	-3.592375e-01	-3.418862e-01	8.119309e-03	8.119309e-03	-7.441004e-02	2.797283e+00
3.577818e-02	-3.591681e-01	-3.592432e-01	-3.418930e-01	8.114463e-03	8.114463e-03	-7.442800e-02	2.796594e+00
3.571429e-02	-3.591737e-01	-3.592488e-01	-3.418997e-01	8.109679e-03	8.109679e-03	-7.444590e-02	2.795904e+00
3.565062e-02	-3.591793e-01	-3.592544e-01	-3.419063e-01	8.104958e-03	8.104958e-03	-7.446374e-02	2.795215e+00
3.558719e-02	-3.591849e-01	-3.592599e-01	-3.419130e-01	8.100298e-03	8.100298e-03	-7.448153e-02	2.794525e+00
3.552398e-02	-3.591904e-01	-3.592655e-01	-3.419196e-01	8.095700e-03	8.095700e-03	-7.449926e-02	2.793835e+00
3.546099e-02	-3.591959e-01	-3.592710e-01	-3.419262e-01	8.091163e-03	8.091163e-03	-7.451693e-02	2.793145e+00
3.539823e-02	-3.592014e-01	-3.592765e-01	-3.419327e-01	8.086686e-03	8.086686e-03	-7.453454e-02	2.792454e+00
3.533569e-02	-3.592069e-01	-3.592819e-01	-3.419392e-01	8.082269e-03	8.082269e-03	-7.455210e-02	2.791764e+00
3.527337e-02	-3.592123e-01	-3.592874e-01	-3.419457e-01	8.077911e-03	8.077911e-03	-7.456960e-02	2.791073e+00
3.521127e-02	-3.592177e-01	-3.592928e-01	-3.419522e-01	8.073612e-03	8.073612e-03	-7.458705e-02	2.790382e+00
3.514938e-02	-3.592231e-01	-3.592982e-01	-3.419586e-01	8.069372e-03	8.069372e-03	-7.460444e-02	2.789691e+00
3.508772e-02	-3.592285e-01	-3.593035e-01	-3.419650e-01	8.065189e-03	8.065189e-03	-7.462177e-02	2.789000e+00
3.502627e-02	-3.592338e-01	-3.593089e-01	-3.419714e-01	8.061064e-03	8.061064e-03	-7.463905e-02	2.788308e+00
3.496503e-02	-3.592391e-01	-3.593142e-01	-3.419778e-01	8.056996e-03	8.056996e-03	-7.465627e-02	2.787616e+00
3.490401e-02	-3.592444e-01	-3.593195e-01	-3.419841e-01	8.052985e-03	8.052985e-03	-7.467344e-02	2.786924e+00
3.484321e-02	-3.592496e-01	-3.593247e-01	-3.419904e-01	8.049029e-03	8.049029e-03	-7.469055e-02	2.786232e+00
3.478261e-02	-3.592549e-01	-3.593300e-01	-3.419967e-01	8.045129e-03	8.045129e-03	-7.470761e-02	2.785539e+00
3.472222e-02	-3.592601e-01	-3.593352e-01	-3.420029e-01	8.041285e-03	8.041285e-03	-7.472461e-02	2.784846e+00
3.466205e-02	-3.592653e-01	-3.593404e-01	-3.420091e-01	8.037495e-03	8.037495e-03	-7.474156e-02	2.784153e+00
3.460208e-02	-3.592704e-01	-3.593455e-01	-3.420153e-01	8.033759e-03	8.033759e-03	-7.475846e-02	2.783460e+00
3.454231e-02	-3.592756e-01	-3.593507e-01	-3.420215e-01	8.030077e-03	8.030077e-03	-7.477530e-02	2.782766e+00
3.448276e-02	-3.592807e-01	-3.593558e-01	-3.420276e-01	8.026448e-03	8.026448e-03	-7.479209e-02	2.782072e+00
3.442341e-02	-3.592858e-01	-3.593609e-01	-3.420338e-01	8.022872e-03	8.022872e-03	-7.480882e-02	2.781378e+00
3.436426e-02	-3.592909e-01	-3.593660e-01	-3.420398e-01	8.019348e-03	8.019348e-03	-7.482551e-02	2.780683e+00
3.430532e-02	-3.592959e-01	-3.593710e-01	-3.420459e-01	8.015877e-03	8.015877e-03	-7.484213e-02	2.779988e+00
3.424658e-02	-3.593010e-01	-3.593761e-01	-3.420519e-01	8.012457e-03	8.012457e-03	-7.485871e-02	2.779293e+00
3.418803e-02	-3.593060e-01	-3.593811e-01	-3.420580e-01	8.009088e-03	8.009088e-03	-7.487523e-02	2.778598e+00
3.412969e-02	-3.593109e-01	-3.593861e-01	-3.420639e-01	8.005770e-03	8.005770e-03	-7.489170e-02	2.777902e+00
3.407155e-02	-3.593159e-01	-3.593910e-01	-3.420699e-01	8.002502e-03	8.002502e-03	-7.490812e-02	2.777206e+00
3.401361e-02	-3.593208e-01	-3.593960e-01	-3.420758e-01	7.999284e-03	7.999284e-03	-7.492449e-02	2.776509e+00
3.395586e-02	-3.593258e-01	-3.594009e-01	-3.420818e-01	7.996115e-03	7.996115e-03	-7.494080e-02	2.775812e+00
3.389831e-02	-3.593307e-01	-3.594058e-01	-3.420876e-01	7.992996e-03	7.992996e-03	-7.495707e-02	2.775115e+00
3.384095e-02	-3.593355e-01	-3.594107e-01	-3.420935e-01	7.989925e-03	7.989925e-03	-7.497328e-02	2.774418e+00
3.378378e-02	-3.593404e-01	-3.594155e-01	-3.420994e-01	7.986902e-03	7.986902e-03	-7.498944e-02	2.773720e+00
3.372681e-02	-3.593452e-01	-3.594203e-01	-3.421052e-01	7.983926e-03	7.983926e-03	-7.500555e-02	2.773021e+00
3.367003e-02	-3.593500e-01	-3.594252e-01	-3.421110e-01	7.980999e-03	7.980999e-03	-7.502160e-02	2.772323e+00
3.361345e-02	-3.593548e-01	-3.594300e-01	-3.421167e-01	7.978118e-03	7.978118e-03	-7.503761e-02	2.771624e+00
3.355705e-02	-3.593596e-01	-3.594347e-01	-3.421225e-01	7.975283e-03	7.975283e-03	-7.505357e-02	2.770924e+00
3.350084e-02	-3.593643e-01	-3.594395e-01	-3.421282e-01	7.972495e-03	7.972495e-03	-7.506947e-02	2.770225e+00
3.344482e-02	-3.593691e-01	-3.594442e-01	-3.421339e-01	7.969752e-03	7.969752e-03	-7.508533e-02	2.769524e+00
3.338898e-02	-3.593738e-01	-3.594489e-01	-3.421396e-01	7.967055e-03	7.967055e-03	-7.510114e-02	2.768824e+00
3.333333e-02	-3.593785e-01	-3.594536e-01	-3.421452e-01	7.964402e-03	7.964402e-03	-7.511689e-02	2.768123e+00
3.327787e-02	-3.593831e-01	-3.594583e-01	-3.421509e-01	7.961795e-03	7.961795e-03	-7.513260e-02	2.767422e+00
3.322259e-02	-3.593878e-01	-3.594629e-01	-3.421565e-01	7.959231e-03	7.959231e-03	-7.514826e-02	2.766720e+00
3.316750e-02	-3.593924e-01	-3.594675e-01	-3.421621e-01	7.956711e-03	7.956711e-03	-7.516386e-02	2.766018e+00
3.311258e-02	-3.593970e-01	-3.594722e-01	-3.421676e-01	7.954234e-03	7.954234e-03	-7.517942e-02	2.765316e+00
3.305785e-02	-3.594016e-01	-3.594767e-01	-3.421732e-01	7.951800e-03	7.951800e-03	-7.519493e-02	2.764613e+00
3.300330e-02	-3.594061e-01	-3.594813e-01	-3.421787e-01	7.949409e-03	7.949409e-03	-7.521039e-02	2.763910e+00
3.294893e-02	-3.594107e-01	-3.594859e-01	-3.421842e-01	7.947060e-03	7.947060e-03	-7.522581e-02	2.763206e+00
3.289474e-02	-3.594152e-01	-3.594904e-01	-3.421897e-01	7.944753e-03	7.944753e-03	-7.524117e-02	2.762502e+00
3.284072e-02	-3.594197e-01	-3.594949e-01	-3.421951e-01	7.942488e-03	7.942488e-03	-7.525649e-02	2.761798e+00
3.278689e-02	-3.594242e-01	-3.594994e-01	-3.422006e-01	7.940263e-03	7.940263e-03	-7.527175e-02	2.761093e+00
3.273322e-02	-3.594287e-01	-3.595039e-01	-3.422060e-01	7.938080e-03	7.938080e-03	-7.528697e-02	2.760388e+00
3.267974e-02	-3.594331e-01	-3.595083e-01	-3.422114e-01	7.935936e-03	7.935936e-03	-7.530215e-02	2.759682e+00
3.262643e-02	-3.594376e-01	-3.595127e-01	-3.422167e-01	7.933833e-03	7.933833e-03	-7.531727e-02	2.758977e+00
3.257329e-02	-3.594420e-01	-3.595172e-01	-3.422221e-01	7.931769e-03	7.931769e-03	-7.533235e-02	2.758270e+00
3.252033e-02	-3.594464e-01	-3.595216e-01	-3.422274e-01	7.929744e-03	7.929744e-03	-7.534738e-02	2.757563e+00
3.246753e-02	-3.594508e-01	-3.595259e-01	-3.422327e-01	7.927759e-03	7.927759e-03	-7.536236e-02	2.756856e+00
3.241491e-02	-3.594551e-01	-3.595303e-01	-3.422380e-01	7.925811e-03	7.925811e-03	-7.537729e-02	2.756149e+00
3.236246e-02	-3.594595e-01	-3.595346e-01	-3.422433e-01	7.923903e-03	7.923903e-03	-7.539218e-02	2.755441e+00
3.231018e-02	-3.594638e-01	-3.595390e-01	-3.422485e-01	7.922032e-03	7.922032e-03	-7.540703e-02	2.754732e+00
3.225806e-02	-3.594681e-01	-3.595433e-01	-3.422537e-01	7.920198e-03	7.920198e-03	-7.542182e-02	2.754024e+00
3.220612e-02	-3.594724e-01	-3.595476e-01	-3.422590e-01	7.918402e-03	7.918402e-03	-7.543657e-02	2.753314e+00
3.215434e-02	-3.594766e-01	-3.595518e-01	-3.422641e-01	7.916642e-03	7.916642e-03	-7.545128e-02	2.752605e+00
3.210273e-02	-3.594809e-01	-3.595561e-01	-3.422693e-01	7.914919e-03	7.914919e-03	-7.546593e-02	2.751895e+00
3.205128e-02	-3.594851e-01	-3.595603e-01	-3.422745e-01	7.913232e-03	7.913232e-03	-7.548055e-02	2.751184e+00
3.200000e-02	-3.594893e-01	-3.595645e-01	-3.422796e-01	7.911581e-03	7.911581e-03	-7.549511e-02	2.750474e+00
3.194888e-02	-3.594935e-01	-3.595687e-01	-3.422847e-01	7.909965e-03	7.909965e-03	-7.550963e-02	2.749763e+00
3.189793e-02	-3.594977e-01	-3.595729e-01	-3.422898e-01	7.908384e-03	7.908384e-03	-7.552411e-02	2.749051e+00
3.184713e-02	-3.595019e-01	-3.595771e-01	-3.422949e-01	7.906838e-03	7.906838e-03	-7.553854e-02	2.748339e+00
3.179650e-02	-3.595060e-01	-3.595812e-01	-3.422999e-01	7.905327e-03	7.905327e-03	-7.555292e-02	2.747627e+00
3.174603e-02	-3.595102e-01	-3.595854e-01	-3.423050e-01	7.903850e-03	7.903850e-03	-7.556726e-02	2.746914e+00
3.169572e-02	-3.595143e-01	-3.595895e-01	-3.423100e-01	7.902406e-03	7.902406e-03	-7.558156e-02	2.746201e+00
3.164557e-02	-3.595184e-01	-3.595936e-01	-3.423150e-01	7.900996e-03	7.900996e-03	-7.559581e-02	2.745487e+00
3.159558e-02	-3.595224e-01	-3.595977e-01	-3.423200e-01	7.899619e-03	7.899619e-03	-7.561002e-02	2.744773e+00
3.154574e-02	-3.595265e-01	-3.596017e-01	-3.423249e-01	7.898276e-03	7.898276e-03	-7.562418e-02	2.744059e+00
3.149606e-02	-3.595306e-01	-3.596058e-01	-3.423299e-01	7.896964e-03	7.896964e-03	-7.563830e-02	2.743344e+00
3.144654e-02	-3.595346e-01	-3.596098e-01	-3.423348e-01	7.895685e-03	7.895685e-03	-7.565237e-02	2.742629e+00
3.139717e-02	-3.595386e-01	-3.596138e-01	-3.423397e-01	7.894438e-03	7.894438e-03	-7.566641e-02	2.741914e+00
3.134796e-02	-3.595426e-01	-3.596178e-01	-3.423446e-01	7.893222e-03	7.893222e-03	-7.568039e-02	2.741198e+00
3.129890e-02	-3.595466e-01	-3.596218e-01	-3.423494e-01	7.892037e-03	7.892037e-03	-7.569434e-02	2.740481e+00
3.125000e-02	-3.595505e-01	-3.596258e-01	-3.423543e-01	7.890884e-03	7.890884e-03	-7.570824e-02	2.739765e+00
3.120125e-02	-3.595545e-01	-3.596297e-01	-3.423591e-01	7.889761e-03	7.889761e-03	-7.572209e-02	2.739048e+00
3.115265e-02	-3.595584e-01	-3.596337e-01	-3.423640e-01	7.888669e-03	7.888669e-03	-7.573591e-02	2.738330e+00
3.110420e-02	-3.595623e-01	-3.596376e-01	-3.423688e-01	7.887606e-03	7.887606e-03	-7.574968e-02	2.737613e+00
3.105590e-02	-3.595662e-01	-3.596415e-01	-3.423735e-01	7.886574e-03	7.886574e-03	-7.576341e-02	2.736895e+00
3.100775e-02	-3.595701e-01	-3.596454e-01	-3.423783e-01	7.885570e-03	7.885570e-03	-7.577710e-02	2.736176e+00
3.095975e-02	-3.595740e-01	-3.596492e-01	-3.423831e-01	7.884597e-03	7.884597e-03	-7.579074e-02	2.735457e+00
3.091190e-02	-3.595779e-01	-3.596531e-01	-3.423878e-01	7.883651e-03	7.883651e-03	-7.580434e-02	2.734738e+00
3.086420e-02	-3.595817e-01	-3.596570e-01	-3.423925e-01	7.882735e-03	7.882735e-03	-7.581790e-02	2.734018e+00
3.081664e-02	-3.595855e-01	-3.596608e-01	-3.423972e-01	7.881847e-03	7.881847e-03	-7.583142e-02	2.733299e+00
3.076923e-02	-3.595893e-01	-3.596646e-01	-3.424019e-01	7.880987e-03	7.880987e-03	-7.584489e-02	2.732578e+00
3.072197e-02	-3.595931e-01	-3.596684e-01	-3.424066e-01	7.880154e-03	7.880154e-03	-7.585833e-02	2.731858e+00
3.067485e-02	-3.595969e-01	-3.596722e-01	-3.424112e-01	7.879349e-03	7.879349e-03	-7.587172e-02	2.731137e+00
3.062787e-02	-3.596007e-01	-3.596759e-01	-3.424159e-01	7.878572e-03	7.878572e-03	-7.588507e-02	2.730415e+00
3.058104e-02	-3.596044e-01	-3.596797e-01	-3.424205e-01	7.877821e-03	7.877821e-03	-7.589838e-02	2.729694e+00
3.053435e-02	-3.596082e-01	-3.596834e-01	-3.424251e-01	7.877096e-03	7.877096e-03	-7.591164e-02	2.728972e+00
3.048780e-02	-3.596119e-01	-3.596872e-01	-3.424297e-01	7.876398e-03	7.876398e-03	-7.592487e-02	2.728249e+00
3.044140e-02	-3.596156e-01	-3.596909e-01	-3.424342e-01	7.875727e-03	7.875727e-03	-7.593806e-02	2.727527e+00
3.039514e-02	-3.596193e-01	-3.596946e-01	-3.424388e-01	7.875080e-03	7.875080e-03	-7.595120e-02	2.726804e+00
3.034901e-02	-3.596230e-01	-3.596982e-01	-3.424433e-01	7.874460e-03	7.874460e-03	-7.596431e-02	2.726080e+00
3.030303e-02	-3.596266e-01	-3.597019e-01	-3.424479e-01	7.873865e-03	7.873865e-03	-7.597737e-02	2.725356e+00
3.025719e-02	-3.596303e-01	-3.597056e-01	-3.424524e-01	7.873294e-03	7.873294e-03	-7.599040e-02	2.724632e+00
3.021148e-02	-3.596339e-01	-3.597092e-01	-3.424569e-01	7.872749e-03	7.872749e-03	-7.600338e-02	2.723908e+00
3.016591e-02	-3.596376e-01	-3.597128e-01	-3.424613e-01	7.872228e-03	7.872228e-03	-7.601632e-02	2.723184e+00
3.012048e-02	-3.596412e-01	-3.597164e-01	-3.424658e-01	7.871731e-03	7.871731e-03	-7.602923e-02	2.722459e+00
3.007519e-02	-3.596448e-01	-3.597200e-01	-3.424703e-01	7.871258e-03	7.871258e-03	-7.604209e-02	2.721733e+00
3.003003e-02	-3.596483e-01	-3.597236e-01	-3.424747e-01	7.870808e-03	7.870808e-03	-7.605491e-02	2.721008e+00
2.998501e-02	-3.596519e-01	-3.597272e-01	-3.424791e-01	7.870382e-03	7.870382e-03	-7.606770e-02	2.720282e+00
2.994012e-02	-3.596555e-01	-3.597308e-01	-3.424835e-01	7.869980e-03	7.869980e-03	-7.608044e-02	2.719556e+00
2.989537e-02	-3.596590e-01	-3.597343e-01	-3.424879e-01	7.869600e-03	7.869600e-03	-7.609315e-02	2.718829e+00
2.985075e-02	-3.596625e-01	-3.597378e-01	-3.424923e-01	7.869243e-03	7.869243e-03	-7.610581e-02	2.718103e+00
2.980626e-02	-3.596661e-01	-3.597413e-01	-3.424966e-01	7.868908e-03	7.868908e-03	-7.611844e-02	2.717376e+00
2.976190e-02	-3.596696e-01	-3.597449e-01	-3.425010e-01	7.868595e-03	7.868595e-03	-7.613103e-02	2.716648e+00
2.971768e-02	-3.596731e-01	-3.597483e-01	-3.425053e-01	7.868305e-03	7.868305e-03	-7.614358e-02	2.715921e+00
2.967359e-02	-3.596765e-01	-3.597518e-01	-3.425096e-01	7.868036e-03	7.868036e-03	-7.615609e-02	2.715193e+00
2.962963e-02	-3.596800e-01	-3.597553e-01	-3.425140e-01	7.867788e-03	7.867788e-03	-7.616856e-02	2.714465e+00
2.958580e-02	-3.596834e-01	-3.597587e-01	-3.425182e-01	7.867562e-03	7.867562e-03	-7.618100e-02	2.713736e+00
2.954210e-02	-3.596869e-01	-3.597622e-01	-3.425225e-01	7.867357e-03	7.867357e-03	-7.619339e-02	2.713008e+00
2.949853e-02	-3.596903e-01	-3.597656e-01	-3.425268e-01	7.867172e-03	7.867172e-03	-7.620575e-02	2.712279e+00
2.945508e-02	-3.596937e-01	-3.597690e-01	-3.425310e-01	7.867008e-03	7.867008e-03	-7.621807e-02	2.711549e+00
2.941176e-02	-3.596971e-01	-3.597724e-01	-3.425353e-01	7.866864e-03	7.866864e-03	-7.623035e-02	2.710820e+00
2.936858e-02	-3.597005e-01	-3.597758e-01	-3.425395e-01	7.866740e-03	7.866740e-03	-7.624260e-02	2.710090e+00
2.932551e-02	-3.597039e-01	-3.597792e-01	-3.425437e-01	7.866636e-03	7.866636e-03	-7.625480e-02	2.709360e+00
2.928258e-02	-3.597072e-01	-3.597825e-01	-3.425479e-01	7.866552e-03	7.866552e-03	-7.626697e-02	2.708630e+00
2.923977e-02	-3.597106e-01	-3.597859e-01	-3.425521e-01	7.866487e-03	7.866487e-03	-7.627910e-02	2.707900e+00
2.919708e-02	-3.597139e-01	-3.597892e-01	-3.425563e-01	7.866441e-03	7.866441e-03	-7.629120e-02	2.707169e+00
2.915452e-02	-3.597172e-01	-3.597926e-01	-3.425604e-01	7.866413e-03	7.866413e-03	-7.630325e-02	2.706438e+00
2.911208e-02	-3.597206e-01	-3.597959e-01	-3.425646e-01	7.866405e-03	7.866405e-03	-7.631527e-02	2.705707e+00
2.906977e-02	-3.597239e-01	-3.597992e-01	-3.425687e-01	7.866415e-03	7.866415e-03	-7.632726e-02	2.704976e+00
2.902758e-02	-3.597272e-01	-3.598025e-01	-3.425728e-01	7.866443e-03	7.866443e-03	-7.633920e-02	2.704245e+00
2.898551e-02	-3.597304e-01	-3.598058e-01	-3.425769e-01	7.866489e-03	7.866489e-03	-7.635111e-02	2.703513e+00
2.894356e-02	-3.597337e-01	-3.598090e-01	-3.425810e-01	7.866553e-03	7.866553e-03	-7.636299e-02	2.702781e+00
2.890173e-02	-3.597369e-01	-3.598123e-01	-3.425851e-01	7.866634e-03	7.866634e-03	-7.637482e-02	2.702049e+00
2.886003e-02	-3.597402e-01	-3.598155e-01	-3.425891e-01	7.866733e-03	7.866733e-03	-7.638662e-02	2.701317e+00
2.881844e-02	-3.597434e-01	-3.598187e-01	-3.425932e-01	7.866849e-03	7.866849e-03	-7.639839e-02	2.700584e+00
2.877698e-02	-3.597466e-01	-3.598220e-01	-3.425972e-01	7.866982e-03	7.866982e-03	-7.641011e-02	2.699851e+00
2.873563e-02	-3.597498e-01	-3.598252e-01	-3.426013e-01	7.867132e-03	7.867132e-03	-7.642181e-02	2.699119e+00
2.869440e-02	-3.597530e-01	-3.598284e-01	-3.426053e-01	7.867298e-03	7.867298e-03	-7.643346e-02	2.698386e+00
2.865330e-02	-3.597562e-01	-3.598316e-01	-3.426093e-01	7.867480e-03	7.867480e-03	-7.644508e-02	2.697652e+00
2.861230e-02	-3.597594e-01	-3.598347e-01	-3.426133e-01	7.867679e-03	7.867679e-03	-7.645667e-02	2.696919e+00
2.857143e-02	-3.597626e-01	-3.598379e-01	-3.426173e-01	7.867893e-03	7.867893e-03	-7.646822e-02	2.696185e+00
2.853067e-02	-3.597657e-01	-3.598411e-01	-3.426212e-01	7.868123e-03	7.868123e-03	-7.647973e-02	2.695452e+00
2.849003e-02	-3.597689e-01	-3.598442e-01	-3.426252e-01	7.868369e-03	7.868369e-03	-7.649121e-02	2.694718e+00
2.844950e-02	-3.597720e-01	-3.598473e-01	-3.426291e-01	7.868630e-03	7.868630e-03	-7.650265e-02	2.693984e+00
2.840909e-02	-3.597751e-01	-3.598504e-01	-3.426331e-01	7.868906e-03	7.868906e-03	-7.651406e-02	2.693250e+00
