# Finite Temperature Data for Kitaev Ladder
# chi_max = 300, h = 0.3500
# Columns: T | Sigmax | Sigmay | Sigmaz | S1 | S2 | Wp | Cv
# 
2.000000e+01	-3.145177e-02	-3.145178e-02	-3.130468e-02	3.043573e-05	3.043573e-05	2.324418e-08	1.950675e-01
1.000000e+01	-4.442219e-02	-4.442234e-02	-4.410153e-02	1.507888e-04	1.507888e-04	7.242302e-07	7.234717e-01
6.666667e+00	-5.559856e-02	-5.559899e-02	-5.504902e-02	4.498547e-04	4.498547e-04	4.816744e-06	1.479434e+00
5.000000e+00	-6.510874e-02	-6.510963e-02	-6.428447e-02	1.018613e-03	1.018613e-03	1.845718e-05	2.349773e+00
4.000000e+00	-7.312471e-02	-7.312620e-02	-7.198914e-02	1.936182e-03	1.936182e-03	5.175900e-05	3.234385e+00
3.333333e+00	-7.983740e-02	-7.983960e-02	-7.836254e-02	3.260274e-03	3.260274e-03	1.182529e-04	4.057918e+00
2.857143e+00	-8.543750e-02	-8.544051e-02	-8.360287e-02	5.023837e-03	5.023837e-03	2.335380e-04	4.772709e+00
2.500000e+00	-9.010295e-02	-9.010683e-02	-8.789444e-02	7.236362e-03	7.236362e-03	4.136632e-04	5.355686e+00
2.222222e+00	-9.399228e-02	-9.399706e-02	-9.140093e-02	9.887936e-03	9.887936e-03	6.736453e-04	5.802445e+00
2.000000e+00	-9.724216e-02	-9.724785e-02	-9.426308e-02	1.295430e-02	1.295430e-02	1.026376e-03	6.120930e+00
1.818182e+00	-9.996773e-02	-9.997432e-02	-9.659920e-02	1.640182e-02	1.640182e-02	1.481989e-03	6.326041e+00
1.666667e+00	-1.022645e-01	-1.022719e-01	-9.850711e-02	2.019171e-02	2.019171e-02	2.047643e-03	6.435647e+00
1.538462e+00	-1.042106e-01	-1.042189e-01	-1.000668e-01	2.428334e-02	2.428334e-02	2.727619e-03	6.467940e+00
1.428571e+00	-1.058697e-01	-1.058788e-01	-1.013432e-01	2.863655e-02	2.863655e-02	3.523619e-03	6.439887e+00
1.333333e+00	-1.072935e-01	-1.073034e-01	-1.023889e-01	3.321329e-02	3.321329e-02	4.435175e-03	6.366440e+00
1.250000e+00	-1.085237e-01	-1.085343e-01	-1.032460e-01	3.797848e-02	3.797848e-02	5.460091e-03	6.260271e+00
1.176471e+00	-1.095938e-01	-1.096051e-01	-1.039487e-01	4.290051e-02	4.290051e-02	6.594870e-03	6.131798e+00
1.111111e+00	-1.105312e-01	-1.105431e-01	-1.045243e-01	4.795137e-02	4.795137e-02	7.835104e-03	5.989375e+00
1.052632e+00	-1.113578e-01	-1.113703e-01	-1.049949e-01	5.310661e-02	5.310661e-02	9.175800e-03	5.839559e+00
1.000000e+00	-1.120916e-01	-1.121046e-01	-1.053785e-01	5.834509e-02	5.834509e-02	1.061165e-02	5.687390e+00
9.523810e-01	-1.127470e-01	-1.127605e-01	-1.056895e-01	6.364872e-02	6.364872e-02	1.213725e-02	5.536659e+00
9.090909e-01	-1.133359e-01	-1.133500e-01	-1.059395e-01	6.900215e-02	6.900215e-02	1.374726e-02	5.390148e+00
8.695652e-01	-1.138682e-01	-1.138827e-01	-1.061382e-01	7.439246e-02	7.439246e-02	1.543650e-02	5.249838e+00
8.333333e-01	-1.143518e-01	-1.143667e-01	-1.062933e-01	7.980884e-02	7.980884e-02	1.720007e-02	5.117081e+00
8.000000e-01	-1.147933e-01	-1.148086e-01	-1.064112e-01	8.524232e-02	8.524232e-02	1.903337e-02	4.992744e+00
7.692308e-01	-1.151982e-01	-1.152140e-01	-1.064972e-01	9.068550e-02	9.068550e-02	2.093216e-02	4.877324e+00
7.407407e-01	-1.155711e-01	-1.155873e-01	-1.065556e-01	9.613230e-02	9.613230e-02	2.289251e-02	4.771038e+00
7.142857e-01	-1.159159e-01	-1.159324e-01	-1.065900e-01	1.015778e-01	1.015778e-01	2.491089e-02	4.673901e+00
6.896552e-01	-1.162358e-01	-1.162526e-01	-1.066033e-01	1.070181e-01	1.070181e-01	2.698409e-02	4.585777e+00
6.666667e-01	-1.165335e-01	-1.165506e-01	-1.065980e-01	1.124499e-01	1.124499e-01	2.910920e-02	4.506426e+00
6.451613e-01	-1.168113e-01	-1.168288e-01	-1.065762e-01	1.178708e-01	1.178708e-01	3.128366e-02	4.435539e+00
6.250000e-01	-1.170713e-01	-1.170890e-01	-1.065396e-01	1.232789e-01	1.232789e-01	3.350516e-02	4.372760e+00
6.060606e-01	-1.173151e-01	-1.173331e-01	-1.064898e-01	1.286726e-01	1.286726e-01	3.577166e-02	4.317711e+00
5.882353e-01	-1.175441e-01	-1.175624e-01	-1.064280e-01	1.340509e-01	1.340509e-01	3.808134e-02	4.269999e+00
5.714286e-01	-1.177597e-01	-1.177782e-01	-1.063551e-01	1.394130e-01	1.394130e-01	4.043262e-02	4.229234e+00
5.555556e-01	-1.179629e-01	-1.179816e-01	-1.062723e-01	1.447584e-01	1.447584e-01	4.282407e-02	4.195033e+00
5.405405e-01	-1.181547e-01	-1.181737e-01	-1.061801e-01	1.500867e-01	1.500867e-01	4.525446e-02	4.167023e+00
5.263158e-01	-1.183360e-01	-1.183551e-01	-1.060794e-01	1.553979e-01	1.553979e-01	4.772270e-02	4.144849e+00
5.128205e-01	-1.185074e-01	-1.185267e-01	-1.059706e-01	1.606917e-01	1.606917e-01	5.022782e-02	4.128173e+00
5.000000e-01	-1.186696e-01	-1.186891e-01	-1.058544e-01	1.659683e-01	1.659683e-01	5.276897e-02	4.116676e+00
4.878049e-01	-1.188232e-01	-1.188429e-01	-1.057311e-01	1.712279e-01	1.712279e-01	5.534541e-02	4.110061e+00
4.761905e-01	-1.189687e-01	-1.189886e-01	-1.056012e-01	1.764707e-01	1.764707e-01	5.795647e-02	4.108046e+00
4.651163e-01	-1.191065e-01	-1.191266e-01	-1.054651e-01	1.816968e-01	1.816968e-01	6.060157e-02	4.110371e+00
4.545455e-01	-1.192371e-01	-1.192574e-01	-1.053230e-01	1.869066e-01	1.869066e-01	6.328017e-02	4.116795e+00
4.444444e-01	-1.193609e-01	-1.193813e-01	-1.051752e-01	1.921003e-01	1.921003e-01	6.599182e-02	4.127091e+00
4.347826e-01	-1.194781e-01	-1.194986e-01	-1.050221e-01	1.972782e-01	1.972782e-01	6.873608e-02	4.141051e+00
4.255319e-01	-1.195890e-01	-1.196097e-01	-1.048637e-01	2.024406e-01	2.024406e-01	7.151257e-02	4.158482e+00
4.166667e-01	-1.196940e-01	-1.197148e-01	-1.047005e-01	2.075877e-01	2.075877e-01	7.432094e-02	4.179203e+00
4.081633e-01	-1.197932e-01	-1.198141e-01	-1.045325e-01	2.127200e-01	2.127200e-01	7.716085e-02	4.203049e+00
4.000000e-01	-1.198870e-01	-1.199080e-01	-1.043600e-01	2.178376e-01	2.178376e-01	8.003199e-02	4.229865e+00
3.921569e-01	-1.199754e-01	-1.199965e-01	-1.041832e-01	2.229407e-01	2.229407e-01	8.293408e-02	4.259507e+00
3.846154e-01	-1.200588e-01	-1.200799e-01	-1.040021e-01	2.280296e-01	2.280296e-01	8.586682e-02	4.291843e+00
3.773585e-01	-1.201371e-01	-1.201584e-01	-1.038170e-01	2.331045e-01	2.331045e-01	8.882995e-02	4.326749e+00
3.703704e-01	-1.202108e-01	-1.202321e-01	-1.036280e-01	2.381656e-01	2.381656e-01	9.182319e-02	4.364108e+00
3.636364e-01	-1.202797e-01	-1.203012e-01	-1.034353e-01	2.432131e-01	2.432131e-01	9.484628e-02	4.403813e+00
3.571429e-01	-1.203442e-01	-1.203657e-01	-1.032390e-01	2.482470e-01	2.482470e-01	9.789895e-02	4.445761e+00
3.508772e-01	-1.204043e-01	-1.204259e-01	-1.030392e-01	2.532675e-01	2.532675e-01	1.009809e-01	4.489859e+00
3.448276e-01	-1.204602e-01	-1.204819e-01	-1.028360e-01	2.582748e-01	2.582748e-01	1.040919e-01	4.536016e+00
3.389831e-01	-1.205119e-01	-1.205337e-01	-1.026296e-01	2.632688e-01	2.632688e-01	1.072317e-01	4.584147e+00
3.333333e-01	-1.205597e-01	-1.205814e-01	-1.024201e-01	2.682496e-01	2.682496e-01	1.104000e-01	4.634172e+00
3.278689e-01	-1.206034e-01	-1.206252e-01	-1.022076e-01	2.732173e-01	2.732173e-01	1.135964e-01	4.686016e+00
3.225806e-01	-1.206434e-01	-1.206652e-01	-1.019922e-01	2.781718e-01	2.781718e-01	1.168207e-01	4.739605e+00
3.174603e-01	-1.206795e-01	-1.207014e-01	-1.017740e-01	2.831132e-01	2.831132e-01	1.200726e-01	4.794869e+00
3.125000e-01	-1.207121e-01	-1.207340e-01	-1.015531e-01	2.880414e-01	2.880414e-01	1.233517e-01	4.851742e+00
3.076923e-01	-1.207410e-01	-1.207629e-01	-1.013297e-01	2.929564e-01	2.929564e-01	1.266578e-01	4.910160e+00
3.030303e-01	-1.207664e-01	-1.207884e-01	-1.011037e-01	2.978581e-01	2.978581e-01	1.299904e-01	4.970061e+00
2.985075e-01	-1.207884e-01	-1.208104e-01	-1.008754e-01	3.027465e-01	3.027465e-01	1.333492e-01	5.031383e+00
2.941176e-01	-1.208070e-01	-1.208290e-01	-1.006448e-01	3.076213e-01	3.076213e-01	1.367339e-01	5.094069e+00
2.898551e-01	-1.208223e-01	-1.208443e-01	-1.004120e-01	3.124826e-01	3.124826e-01	1.401441e-01	5.158062e+00
2.857143e-01	-1.208343e-01	-1.208564e-01	-1.001771e-01	3.173301e-01	3.173301e-01	1.435793e-01	5.223306e+00
2.816901e-01	-1.208432e-01	-1.208652e-01	-9.994022e-02	3.221638e-01	3.221638e-01	1.470393e-01	5.289746e+00
2.777778e-01	-1.208490e-01	-1.208710e-01	-9.970139e-02	3.269834e-01	3.269834e-01	1.505234e-01	5.357328e+00
2.739726e-01	-1.208517e-01	-1.208737e-01	-9.946074e-02	3.317888e-01	3.317888e-01	1.540314e-01	5.426000e+00
2.702703e-01	-1.208514e-01	-1.208734e-01	-9.921833e-02	3.365799e-01	3.365799e-01	1.575628e-01	5.495709e+00
2.666667e-01	-1.208481e-01	-1.208701e-01	-9.897427e-02	3.413563e-01	3.413563e-01	1.611172e-01	5.566404e+00
2.631579e-01	-1.208419e-01	-1.208640e-01	-9.872863e-02	3.461180e-01	3.461180e-01	1.646940e-01	5.638033e+00
2.597403e-01	-1.208329e-01	-1.208549e-01	-9.848150e-02	3.508646e-01	3.508646e-01	1.682928e-01	5.710546e+00
2.564103e-01	-1.208211e-01	-1.208431e-01	-9.823295e-02	3.555960e-01	3.555960e-01	1.719132e-01	5.783892e+00
2.531646e-01	-1.208066e-01	-1.208286e-01	-9.798307e-02	3.603120e-01	3.603120e-01	1.755545e-01	5.858022e+00
2.500000e-01	-1.207894e-01	-1.208113e-01	-9.773194e-02	3.650122e-01	3.650122e-01	1.792164e-01	5.932885e+00
2.469136e-01	-1.207695e-01	-1.207914e-01	-9.747964e-02	3.696964e-01	3.696964e-01	1.828982e-01	6.008432e+00
2.439024e-01	-1.207470e-01	-1.207689e-01	-9.722624e-02	3.743644e-01	3.743644e-01	1.865995e-01	6.084613e+00
2.409639e-01	-1.207219e-01	-1.207438e-01	-9.697182e-02	3.790159e-01	3.790159e-01	1.903197e-01	6.161380e+00
2.380952e-01	-1.206944e-01	-1.207162e-01	-9.671645e-02	3.836506e-01	3.836506e-01	1.940583e-01	6.238683e+00
2.352941e-01	-1.206644e-01	-1.206862e-01	-9.646022e-02	3.882683e-01	3.882683e-01	1.978146e-01	6.316473e+00
2.325581e-01	-1.206320e-01	-1.206537e-01	-9.620319e-02	3.928687e-01	3.928687e-01	2.015882e-01	6.394701e+00
2.298851e-01	-1.205971e-01	-1.206189e-01	-9.594543e-02	3.974514e-01	3.974514e-01	2.053785e-01	6.473319e+00
2.272727e-01	-1.205600e-01	-1.205817e-01	-9.568702e-02	4.020163e-01	4.020163e-01	2.091848e-01	6.552277e+00
2.247191e-01	-1.205206e-01	-1.205422e-01	-9.542803e-02	4.065630e-01	4.065630e-01	2.130065e-01	6.631528e+00
2.222222e-01	-1.204789e-01	-1.205005e-01	-9.516853e-02	4.110911e-01	4.110911e-01	2.168432e-01	6.711023e+00
2.197802e-01	-1.204350e-01	-1.204566e-01	-9.490859e-02	4.156006e-01	4.156006e-01	2.206941e-01	6.790713e+00
2.173913e-01	-1.203890e-01	-1.204105e-01	-9.464826e-02	4.200909e-01	4.200909e-01	2.245586e-01	6.870552e+00
2.150538e-01	-1.203409e-01	-1.203623e-01	-9.438763e-02	4.245618e-01	4.245618e-01	2.284362e-01	6.950491e+00
2.127660e-01	-1.202906e-01	-1.203120e-01	-9.412676e-02	4.290131e-01	4.290131e-01	2.323262e-01	7.030482e+00
2.105263e-01	-1.202384e-01	-1.202597e-01	-9.386570e-02	4.334445e-01	4.334445e-01	2.362279e-01	7.110478e+00
2.083333e-01	-1.201841e-01	-1.202054e-01	-9.360454e-02	4.378555e-01	4.378555e-01	2.401408e-01	7.190432e+00
2.061856e-01	-1.201279e-01	-1.201492e-01	-9.334332e-02	4.422460e-01	4.422460e-01	2.440641e-01	7.270298e+00
2.040816e-01	-1.200698e-01	-1.200910e-01	-9.308211e-02	4.466157e-01	4.466157e-01	2.479973e-01	7.350029e+00
2.020202e-01	-1.200098e-01	-1.200309e-01	-9.282097e-02	4.509642e-01	4.509642e-01	2.519397e-01	7.429580e+00
2.000000e-01	-1.199480e-01	-1.199690e-01	-9.255996e-02	4.552912e-01	4.552912e-01	2.558906e-01	7.508904e+00
1.980198e-01	-1.198844e-01	-1.199054e-01	-9.229914e-02	4.595965e-01	4.595965e-01	2.598494e-01	7.587956e+00
1.960784e-01	-1.198190e-01	-1.198399e-01	-9.203857e-02	4.638798e-01	4.638798e-01	2.638155e-01	7.666692e+00
1.941748e-01	-1.197520e-01	-1.197728e-01	-9.177831e-02	4.681408e-01	4.681408e-01	2.677881e-01	7.745068e+00
1.923077e-01	-1.196832e-01	-1.197040e-01	-9.151841e-02	4.723793e-01	4.723793e-01	2.717666e-01	7.823041e+00
1.904762e-01	-1.196128e-01	-1.196335e-01	-9.125892e-02	4.765948e-01	4.765948e-01	2.757504e-01	7.900566e+00
1.886792e-01	-1.195409e-01	-1.195615e-01	-9.099990e-02	4.807873e-01	4.807873e-01	2.797388e-01	7.977602e+00
1.869159e-01	-1.194673e-01	-1.194879e-01	-9.074140e-02	4.849563e-01	4.849563e-01	2.837312e-01	8.054108e+00
1.851852e-01	-1.193923e-01	-1.194128e-01	-9.048348e-02	4.891017e-01	4.891017e-01	2.877268e-01	8.130041e+00
1.834862e-01	-1.193158e-01	-1.193362e-01	-9.022618e-02	4.932232e-01	4.932232e-01	2.917251e-01	8.205362e+00
1.818182e-01	-1.192378e-01	-1.192582e-01	-8.996955e-02	4.973205e-01	4.973205e-01	2.957253e-01	8.280032e+00
1.801802e-01	-1.191585e-01	-1.191787e-01	-8.971365e-02	5.013934e-01	5.013934e-01	2.997269e-01	8.354010e+00
1.785714e-01	-1.190777e-01	-1.190979e-01	-8.945852e-02	5.054417e-01	5.054417e-01	3.037291e-01	8.427260e+00
1.769912e-01	-1.189957e-01	-1.190158e-01	-8.920420e-02	5.094651e-01	5.094651e-01	3.077314e-01	8.499744e+00
1.754386e-01	-1.189124e-01	-1.189324e-01	-8.895074e-02	5.134634e-01	5.134634e-01	3.117330e-01	8.571426e+00
1.739130e-01	-1.188278e-01	-1.188478e-01	-8.869820e-02	5.174363e-01	5.174363e-01	3.157334e-01	8.642270e+00
1.724138e-01	-1.187420e-01	-1.187619e-01	-8.844659e-02	5.213837e-01	5.213837e-01	3.197319e-01	8.712242e+00
1.709402e-01	-1.186551e-01	-1.186749e-01	-8.819598e-02	5.253053e-01	5.253053e-01	3.237279e-01	8.781308e+00
1.694915e-01	-1.185670e-01	-1.185867e-01	-8.794640e-02	5.292010e-01	5.292010e-01	3.277208e-01	8.849436e+00
1.680672e-01	-1.184778e-01	-1.184974e-01	-8.769789e-02	5.330705e-01	5.330705e-01	3.317099e-01	8.916593e+00
1.666667e-01	-1.183875e-01	-1.184071e-01	-8.745050e-02	5.369137e-01	5.369137e-01	3.356946e-01	8.982749e+00
1.652893e-01	-1.182962e-01	-1.183157e-01	-8.720424e-02	5.407304e-01	5.407304e-01	3.396743e-01	9.047875e+00
1.639344e-01	-1.182039e-01	-1.182233e-01	-8.695918e-02	5.445203e-01	5.445203e-01	3.436484e-01	9.111941e+00
1.626016e-01	-1.181107e-01	-1.181300e-01	-8.671533e-02	5.482834e-01	5.482834e-01	3.476164e-01	9.174920e+00
1.612903e-01	-1.180166e-01	-1.180358e-01	-8.647273e-02	5.520195e-01	5.520195e-01	3.515776e-01	9.236785e+00
1.600000e-01	-1.179215e-01	-1.179406e-01	-8.623142e-02	5.557284e-01	5.557284e-01	3.555314e-01	9.297510e+00
1.587302e-01	-1.178256e-01	-1.178447e-01	-8.599143e-02	5.594100e-01	5.594100e-01	3.594773e-01	9.357071e+00
1.574803e-01	-1.177289e-01	-1.177479e-01	-8.575278e-02	5.630642e-01	5.630642e-01	3.634147e-01	9.415444e+00
1.562500e-01	-1.176314e-01	-1.176503e-01	-8.551552e-02	5.666908e-01	5.666908e-01	3.673430e-01	9.472607e+00
1.550388e-01	-1.175332e-01	-1.175520e-01	-8.527966e-02	5.702897e-01	5.702897e-01	3.712618e-01	9.528537e+00
1.538462e-01	-1.174343e-01	-1.174530e-01	-8.504524e-02	5.738608e-01	5.738608e-01	3.751704e-01	9.583215e+00
1.526718e-01	-1.173346e-01	-1.173532e-01	-8.481228e-02	5.774039e-01	5.774039e-01	3.790683e-01	9.636622e+00
1.515152e-01	-1.172344e-01	-1.172529e-01	-8.458080e-02	5.809191e-01	5.809191e-01	3.829549e-01	9.688737e+00
1.503759e-01	-1.171335e-01	-1.171519e-01	-8.435084e-02	5.844062e-01	5.844062e-01	3.868299e-01	9.739545e+00
1.492537e-01	-1.170320e-01	-1.170503e-01	-8.412241e-02	5.878650e-01	5.878650e-01	3.906926e-01	9.789029e+00
1.481481e-01	-1.169300e-01	-1.169482e-01	-8.389555e-02	5.912957e-01	5.912957e-01	3.945426e-01	9.837173e+00
1.470588e-01	-1.168274e-01	-1.168456e-01	-8.367026e-02	5.946980e-01	5.946980e-01	3.983794e-01	9.883964e+00
1.459854e-01	-1.167244e-01	-1.167425e-01	-8.344657e-02	5.980719e-01	5.980719e-01	4.022024e-01	9.929387e+00
1.449275e-01	-1.166209e-01	-1.166389e-01	-8.322449e-02	6.014174e-01	6.014174e-01	4.060113e-01	9.973430e+00
1.438849e-01	-1.165170e-01	-1.165349e-01	-8.300406e-02	6.047344e-01	6.047344e-01	4.098056e-01	1.001608e+01
1.428571e-01	-1.164127e-01	-1.164305e-01	-8.278528e-02	6.080229e-01	6.080229e-01	4.135847e-01	1.005733e+01
1.418440e-01	-1.163080e-01	-1.163258e-01	-8.256817e-02	6.112829e-01	6.112829e-01	4.173483e-01	1.009717e+01
1.408451e-01	-1.162030e-01	-1.162207e-01	-8.235275e-02	6.145142e-01	6.145142e-01	4.210960e-01	1.013560e+01
1.398601e-01	-1.160977e-01	-1.161153e-01	-8.213903e-02	6.177170e-01	6.177170e-01	4.248273e-01	1.017259e+01
1.388889e-01	-1.159921e-01	-1.160096e-01	-8.192703e-02	6.208912e-01	6.208912e-01	4.285418e-01	1.020815e+01
1.379310e-01	-1.158863e-01	-1.159037e-01	-8.171675e-02	6.240368e-01	6.240368e-01	4.322391e-01	1.024227e+01
1.369863e-01	-1.157802e-01	-1.157975e-01	-8.150821e-02	6.271538e-01	6.271538e-01	4.359187e-01	1.027494e+01
1.360544e-01	-1.156739e-01	-1.156912e-01	-8.130142e-02	6.302422e-01	6.302422e-01	4.395805e-01	1.030617e+01
1.351351e-01	-1.155675e-01	-1.155847e-01	-8.109640e-02	6.333021e-01	6.333021e-01	4.432238e-01	1.033594e+01
1.342282e-01	-1.154610e-01	-1.154780e-01	-8.089314e-02	6.363334e-01	6.363334e-01	4.468485e-01	1.036426e+01
1.333333e-01	-1.153543e-01	-1.153713e-01	-8.069167e-02	6.393361e-01	6.393361e-01	4.504541e-01	1.039112e+01
1.324503e-01	-1.152475e-01	-1.152644e-01	-8.049198e-02	6.423104e-01	6.423104e-01	4.540403e-01	1.041653e+01
1.315789e-01	-1.151407e-01	-1.151575e-01	-8.029409e-02	6.452563e-01	6.452563e-01	4.576068e-01	1.044048e+01
1.307190e-01	-1.150338e-01	-1.150505e-01	-8.009799e-02	6.481737e-01	6.481737e-01	4.611532e-01	1.046296e+01
1.298701e-01	-1.149269e-01	-1.149436e-01	-7.990370e-02	6.510628e-01	6.510628e-01	4.646793e-01	1.048400e+01
1.290323e-01	-1.148201e-01	-1.148366e-01	-7.971122e-02	6.539236e-01	6.539236e-01	4.681846e-01	1.050358e+01
1.282051e-01	-1.147132e-01	-1.147297e-01	-7.952056e-02	6.567562e-01	6.567562e-01	4.716690e-01	1.052170e+01
1.273885e-01	-1.146064e-01	-1.146228e-01	-7.933171e-02	6.595606e-01	6.595606e-01	4.751322e-01	1.053838e+01
1.265823e-01	-1.144998e-01	-1.145161e-01	-7.914469e-02	6.623369e-01	6.623369e-01	4.785739e-01	1.055362e+01
1.257862e-01	-1.143932e-01	-1.144094e-01	-7.895948e-02	6.650852e-01	6.650852e-01	4.819937e-01	1.056741e+01
1.250000e-01	-1.142867e-01	-1.143028e-01	-7.877610e-02	6.678056e-01	6.678056e-01	4.853916e-01	1.057978e+01
1.242236e-01	-1.141804e-01	-1.141964e-01	-7.859454e-02	6.704982e-01	6.704982e-01	4.887671e-01	1.059071e+01
1.234568e-01	-1.140742e-01	-1.140902e-01	-7.841481e-02	6.731630e-01	6.731630e-01	4.921202e-01	1.060022e+01
1.226994e-01	-1.139683e-01	-1.139842e-01	-7.823690e-02	6.758002e-01	6.758002e-01	4.954505e-01	1.060831e+01
1.219512e-01	-1.138625e-01	-1.138783e-01	-7.806082e-02	6.784098e-01	6.784098e-01	4.987578e-01	1.061500e+01
1.212121e-01	-1.137570e-01	-1.137727e-01	-7.788655e-02	6.809920e-01	6.809920e-01	5.020420e-01	1.062028e+01
1.204819e-01	-1.136517e-01	-1.136674e-01	-7.771411e-02	6.835468e-01	6.835468e-01	5.053029e-01	1.062418e+01
1.197605e-01	-1.135467e-01	-1.135623e-01	-7.754348e-02	6.860744e-01	6.860744e-01	5.085402e-01	1.062669e+01
1.190476e-01	-1.134420e-01	-1.134575e-01	-7.737466e-02	6.885749e-01	6.885749e-01	5.117538e-01	1.062783e+01
1.183432e-01	-1.133376e-01	-1.133530e-01	-7.720766e-02	6.910484e-01	6.910484e-01	5.149434e-01	1.062760e+01
1.176471e-01	-1.132335e-01	-1.132488e-01	-7.704245e-02	6.934951e-01	6.934951e-01	5.181091e-01	1.062603e+01
1.169591e-01	-1.131297e-01	-1.131450e-01	-7.687905e-02	6.959150e-01	6.959150e-01	5.212505e-01	1.062311e+01
1.162791e-01	-1.130263e-01	-1.130415e-01	-7.671745e-02	6.983083e-01	6.983083e-01	5.243676e-01	1.061886e+01
1.156069e-01	-1.129233e-01	-1.129384e-01	-7.655763e-02	7.006752e-01	7.006752e-01	5.274602e-01	1.061329e+01
1.149425e-01	-1.128207e-01	-1.128357e-01	-7.639960e-02	7.030157e-01	7.030157e-01	5.305282e-01	1.060642e+01
1.142857e-01	-1.127184e-01	-1.127334e-01	-7.624334e-02	7.053301e-01	7.053301e-01	5.335715e-01	1.059826e+01
1.136364e-01	-1.126166e-01	-1.126315e-01	-7.608885e-02	7.076183e-01	7.076183e-01	5.365900e-01	1.058881e+01
1.129944e-01	-1.125152e-01	-1.125301e-01	-7.593613e-02	7.098807e-01	7.098807e-01	5.395835e-01	1.057809e+01
1.123596e-01	-1.124143e-01	-1.124290e-01	-7.578516e-02	7.121174e-01	7.121174e-01	5.425520e-01	1.056612e+01
1.117318e-01	-1.123138e-01	-1.123285e-01	-7.563594e-02	7.143284e-01	7.143284e-01	5.454954e-01	1.055292e+01
1.111111e-01	-1.122138e-01	-1.122284e-01	-7.548846e-02	7.165140e-01	7.165140e-01	5.484137e-01	1.053848e+01
1.104972e-01	-1.121143e-01	-1.121289e-01	-7.534271e-02	7.186743e-01	7.186743e-01	5.513066e-01	1.052284e+01
1.098901e-01	-1.120153e-01	-1.120298e-01	-7.519869e-02	7.208094e-01	7.208094e-01	5.541743e-01	1.050600e+01
1.092896e-01	-1.119168e-01	-1.119312e-01	-7.505637e-02	7.229196e-01	7.229196e-01	5.570166e-01	1.048798e+01
1.086957e-01	-1.118188e-01	-1.118332e-01	-7.491576e-02	7.250050e-01	7.250050e-01	5.598335e-01	1.046879e+01
1.081081e-01	-1.117214e-01	-1.117357e-01	-7.477684e-02	7.270657e-01	7.270657e-01	5.626249e-01	1.044846e+01
1.075269e-01	-1.116245e-01	-1.116387e-01	-7.463961e-02	7.291020e-01	7.291020e-01	5.653909e-01	1.042700e+01
1.069519e-01	-1.115282e-01	-1.115423e-01	-7.450405e-02	7.311140e-01	7.311140e-01	5.681314e-01	1.040441e+01
1.063830e-01	-1.114324e-01	-1.114464e-01	-7.437015e-02	7.331018e-01	7.331018e-01	5.708463e-01	1.038073e+01
1.058201e-01	-1.113372e-01	-1.113512e-01	-7.423790e-02	7.350657e-01	7.350657e-01	5.735357e-01	1.035597e+01
1.052632e-01	-1.112426e-01	-1.112565e-01	-7.410730e-02	7.370057e-01	7.370057e-01	5.761996e-01	1.033014e+01
1.047120e-01	-1.111486e-01	-1.111624e-01	-7.397832e-02	7.389222e-01	7.389222e-01	5.788380e-01	1.030327e+01
1.041667e-01	-1.110552e-01	-1.110690e-01	-7.385096e-02	7.408152e-01	7.408152e-01	5.814509e-01	1.027537e+01
1.036269e-01	-1.109624e-01	-1.109761e-01	-7.372521e-02	7.426850e-01	7.426850e-01	5.840382e-01	1.024645e+01
1.030928e-01	-1.108702e-01	-1.108838e-01	-7.360106e-02	7.445317e-01	7.445317e-01	5.866001e-01	1.021654e+01
1.025641e-01	-1.107786e-01	-1.107922e-01	-7.347848e-02	7.463556e-01	7.463556e-01	5.891366e-01	1.018565e+01
1.020408e-01	-1.106877e-01	-1.107012e-01	-7.335748e-02	7.481567e-01	7.481567e-01	5.916477e-01	1.015381e+01
1.015228e-01	-1.105974e-01	-1.106109e-01	-7.323804e-02	7.499353e-01	7.499353e-01	5.941334e-01	1.012103e+01
1.010101e-01	-1.105078e-01	-1.105212e-01	-7.312015e-02	7.516915e-01	7.516915e-01	5.965938e-01	1.008732e+01
1.005025e-01	-1.104188e-01	-1.104321e-01	-7.300378e-02	7.534256e-01	7.534256e-01	5.990289e-01	1.005272e+01
1.000000e-01	-1.103304e-01	-1.103437e-01	-7.288894e-02	7.551377e-01	7.551377e-01	6.014389e-01	1.001723e+01
9.950249e-02	-1.102427e-01	-1.102560e-01	-7.277561e-02	7.568281e-01	7.568281e-01	6.038237e-01	9.980885e+00
9.900990e-02	-1.101557e-01	-1.101689e-01	-7.266377e-02	7.584969e-01	7.584969e-01	6.061834e-01	9.943692e+00
9.852217e-02	-1.100694e-01	-1.100825e-01	-7.255342e-02	7.601442e-01	7.601442e-01	6.085182e-01	9.905675e+00
9.803922e-02	-1.099837e-01	-1.099968e-01	-7.244453e-02	7.617704e-01	7.617704e-01	6.108281e-01	9.866852e+00
9.756098e-02	-1.098987e-01	-1.099118e-01	-7.233711e-02	7.633755e-01	7.633755e-01	6.131132e-01	9.827244e+00
9.708738e-02	-1.098144e-01	-1.098274e-01	-7.223112e-02	7.649599e-01	7.649599e-01	6.153736e-01	9.786869e+00
9.661836e-02	-1.097308e-01	-1.097437e-01	-7.212657e-02	7.665236e-01	7.665236e-01	6.176094e-01	9.745747e+00
9.615385e-02	-1.096479e-01	-1.096607e-01	-7.202343e-02	7.680668e-01	7.680668e-01	6.198206e-01	9.703899e+00
9.569378e-02	-1.095656e-01	-1.095784e-01	-7.192169e-02	7.695898e-01	7.695898e-01	6.220074e-01	9.661343e+00
9.523810e-02	-1.094841e-01	-1.094968e-01	-7.182134e-02	7.710928e-01	7.710928e-01	6.241700e-01	9.618099e+00
9.478673e-02	-1.094032e-01	-1.094159e-01	-7.172237e-02	7.725759e-01	7.725759e-01	6.263083e-01	9.574188e+00
9.433962e-02	-1.093231e-01	-1.093357e-01	-7.162476e-02	7.740393e-01	7.740393e-01	6.284226e-01	9.529628e+00
9.389671e-02	-1.092436e-01	-1.092562e-01	-7.152850e-02	7.754833e-01	7.754833e-01	6.305130e-01	9.484439e+00
9.345794e-02	-1.091648e-01	-1.091774e-01	-7.143358e-02	7.769080e-01	7.769080e-01	6.325795e-01	9.438641e+00
9.302326e-02	-1.090868e-01	-1.090993e-01	-7.133997e-02	7.783136e-01	7.783136e-01	6.346224e-01	9.392253e+00
9.259259e-02	-1.090094e-01	-1.090218e-01	-7.124767e-02	7.797003e-01	7.797003e-01	6.366417e-01	9.345296e+00
9.216590e-02	-1.089327e-01	-1.089451e-01	-7.115667e-02	7.810683e-01	7.810683e-01	6.386376e-01	9.297788e+00
9.174312e-02	-1.088568e-01	-1.088691e-01	-7.106695e-02	7.824178e-01	7.824178e-01	6.406103e-01	9.249749e+00
9.132420e-02	-1.087815e-01	-1.087938e-01	-7.097849e-02	7.837491e-01	7.837491e-01	6.425598e-01	9.201199e+00
9.090909e-02	-1.087069e-01	-1.087192e-01	-7.089129e-02	7.850622e-01	7.850622e-01	6.444864e-01	9.152156e+00
9.049774e-02	-1.086330e-01	-1.086452e-01	-7.080532e-02	7.863574e-01	7.863574e-01	6.463902e-01	9.102640e+00
9.009009e-02	-1.085599e-01	-1.085720e-01	-7.072058e-02	7.876349e-01	7.876349e-01	6.482713e-01	9.052670e+00
8.968610e-02	-1.084874e-01	-1.084995e-01	-7.063705e-02	7.888948e-01	7.888948e-01	6.501299e-01	9.002265e+00
8.928571e-02	-1.084156e-01	-1.084276e-01	-7.055472e-02	7.901375e-01	7.901375e-01	6.519662e-01	8.951444e+00
8.888889e-02	-1.083445e-01	-1.083565e-01	-7.047357e-02	7.913629e-01	7.913629e-01	6.537803e-01	8.900225e+00
8.849558e-02	-1.082741e-01	-1.082860e-01	-7.039360e-02	7.925715e-01	7.925715e-01	6.555724e-01	8.848627e+00
8.810573e-02	-1.082043e-01	-1.082162e-01	-7.031478e-02	7.937632e-01	7.937632e-01	6.573426e-01	8.796669e+00
8.771930e-02	-1.081353e-01	-1.081472e-01	-7.023710e-02	7.949384e-01	7.949384e-01	6.590912e-01	8.744369e+00
8.733624e-02	-1.080669e-01	-1.080788e-01	-7.016055e-02	7.960973e-01	7.960973e-01	6.608183e-01	8.691745e+00
8.695652e-02	-1.079993e-01	-1.080110e-01	-7.008512e-02	7.972399e-01	7.972399e-01	6.625241e-01	8.638814e+00
8.658009e-02	-1.079323e-01	-1.079440e-01	-7.001080e-02	7.983666e-01	7.983666e-01	6.642087e-01	8.585595e+00
8.620690e-02	-1.078659e-01	-1.078776e-01	-6.993756e-02	7.994774e-01	7.994774e-01	6.658724e-01	8.532106e+00
8.583691e-02	-1.078003e-01	-1.078119e-01	-6.986540e-02	8.005726e-01	8.005726e-01	6.675152e-01	8.478363e+00
8.547009e-02	-1.077353e-01	-1.077469e-01	-6.979430e-02	8.016524e-01	8.016524e-01	6.691375e-01	8.424384e+00
8.510638e-02	-1.076710e-01	-1.076825e-01	-6.972425e-02	8.027169e-01	8.027169e-01	6.707394e-01	8.370185e+00
8.474576e-02	-1.076073e-01	-1.076188e-01	-6.965524e-02	8.037664e-01	8.037664e-01	6.723210e-01	8.315784e+00
8.438819e-02	-1.075443e-01	-1.075558e-01	-6.958725e-02	8.048010e-01	8.048010e-01	6.738825e-01	8.261198e+00
8.403361e-02	-1.074819e-01	-1.074934e-01	-6.952027e-02	8.058209e-01	8.058209e-01	6.754243e-01	8.206442e+00
8.368201e-02	-1.074202e-01	-1.074316e-01	-6.945429e-02	8.068262e-01	8.068262e-01	6.769463e-01	8.151532e+00
8.333333e-02	-1.073592e-01	-1.073705e-01	-6.938930e-02	8.078173e-01	8.078173e-01	6.784488e-01	8.096485e+00
8.298755e-02	-1.072987e-01	-1.073101e-01	-6.932527e-02	8.087942e-01	8.087942e-01	6.799321e-01	8.041316e+00
8.264463e-02	-1.072389e-01	-1.072503e-01	-6.926221e-02	8.097571e-01	8.097571e-01	6.813963e-01	7.986040e+00
8.230453e-02	-1.071798e-01	-1.071911e-01	-6.920009e-02	8.107063e-01	8.107063e-01	6.828415e-01	7.930673e+00
8.196721e-02	-1.071213e-01	-1.071325e-01	-6.913891e-02	8.116418e-01	8.116418e-01	6.842680e-01	7.875229e+00
8.163265e-02	-1.070633e-01	-1.070746e-01	-6.907865e-02	8.125639e-01	8.125639e-01	6.856760e-01	7.819724e+00
8.130081e-02	-1.070061e-01	-1.070172e-01	-6.901930e-02	8.134727e-01	8.134727e-01	6.870657e-01	7.764171e+00
8.097166e-02	-1.069494e-01	-1.069605e-01	-6.896085e-02	8.143684e-01	8.143684e-01	6.884372e-01	7.708585e+00
8.064516e-02	-1.068933e-01	-1.069044e-01	-6.890328e-02	8.152512e-01	8.152512e-01	6.897908e-01	7.652979e+00
8.032129e-02	-1.068378e-01	-1.068489e-01	-6.884658e-02	8.161213e-01	8.161213e-01	6.911267e-01	7.597368e+00
8.000000e-02	-1.067830e-01	-1.067940e-01	-6.879075e-02	8.169788e-01	8.169788e-01	6.924449e-01	7.541763e+00
7.968127e-02	-1.067287e-01	-1.067397e-01	-6.873577e-02	8.178239e-01	8.178239e-01	6.937459e-01	7.486180e+00
7.936508e-02	-1.066750e-01	-1.066859e-01	-6.868162e-02	8.186567e-01	8.186567e-01	6.950296e-01	7.430629e+00
7.905138e-02	-1.066219e-01	-1.066328e-01	-6.862830e-02	8.194775e-01	8.194775e-01	6.962964e-01	7.375125e+00
7.874016e-02	-1.065693e-01	-1.065802e-01	-6.857579e-02	8.202864e-01	8.202864e-01	6.975463e-01	7.319678e+00
7.843137e-02	-1.065173e-01	-1.065282e-01	-6.852409e-02	8.210835e-01	8.210835e-01	6.987797e-01	7.264302e+00
7.812500e-02	-1.064659e-01	-1.064768e-01	-6.847317e-02	8.218690e-01	8.218690e-01	6.999967e-01	7.209007e+00
7.782101e-02	-1.064151e-01	-1.064259e-01	-6.842304e-02	8.226432e-01	8.226432e-01	7.011975e-01	7.153805e+00
7.751938e-02	-1.063648e-01	-1.063756e-01	-6.837368e-02	8.234060e-01	8.234060e-01	7.023823e-01	7.098708e+00
7.722008e-02	-1.063150e-01	-1.063258e-01	-6.832507e-02	8.241578e-01	8.241578e-01	7.035513e-01	7.043726e+00
7.692308e-02	-1.062658e-01	-1.062766e-01	-6.827722e-02	8.248986e-01	8.248986e-01	7.047046e-01	6.988870e+00
7.662835e-02	-1.062172e-01	-1.062279e-01	-6.823009e-02	8.256286e-01	8.256286e-01	7.058425e-01	6.934150e+00
7.633588e-02	-1.061690e-01	-1.061797e-01	-6.818370e-02	8.263479e-01	8.263479e-01	7.069651e-01	6.879576e+00
7.604563e-02	-1.061214e-01	-1.061321e-01	-6.813802e-02	8.270568e-01	8.270568e-01	7.080727e-01	6.825159e+00
7.575758e-02	-1.060743e-01	-1.060849e-01	-6.809304e-02	8.277554e-01	8.277554e-01	7.091653e-01	6.770907e+00
7.547170e-02	-1.060277e-01	-1.060383e-01	-6.804876e-02	8.284437e-01	8.284437e-01	7.102433e-01	6.716829e+00
7.518797e-02	-1.059816e-01	-1.059922e-01	-6.800516e-02	8.291220e-01	8.291220e-01	7.113068e-01	6.662936e+00
7.490637e-02	-1.059361e-01	-1.059466e-01	-6.796223e-02	8.297905e-01	8.297905e-01	7.123560e-01	6.609235e+00
7.462687e-02	-1.058910e-01	-1.059015e-01	-6.791997e-02	8.304491e-01	8.304491e-01	7.133910e-01	6.555735e+00
7.434944e-02	-1.058464e-01	-1.058569e-01	-6.787836e-02	8.310982e-01	8.310982e-01	7.144121e-01	6.502445e+00
7.407407e-02	-1.058023e-01	-1.058128e-01	-6.783740e-02	8.317378e-01	8.317378e-01	7.154194e-01	6.449371e+00
7.380074e-02	-1.057587e-01	-1.057691e-01	-6.779706e-02	8.323681e-01	8.323681e-01	7.164131e-01	6.396523e+00
7.352941e-02	-1.057155e-01	-1.057259e-01	-6.775736e-02	8.329892e-01	8.329892e-01	7.173934e-01	6.343907e+00
7.326007e-02	-1.056728e-01	-1.056832e-01	-6.771827e-02	8.336012e-01	8.336012e-01	7.183605e-01	6.291530e+00
7.299270e-02	-1.056306e-01	-1.056410e-01	-6.767978e-02	8.342044e-01	8.342044e-01	7.193145e-01	6.239400e+00
7.272727e-02	-1.055888e-01	-1.055992e-01	-6.764189e-02	8.347987e-01	8.347987e-01	7.202557e-01	6.187524e+00
7.246377e-02	-1.055475e-01	-1.055578e-01	-6.760459e-02	8.353844e-01	8.353844e-01	7.211841e-01	6.135907e+00
7.220217e-02	-1.055066e-01	-1.055170e-01	-6.756786e-02	8.359616e-01	8.359616e-01	7.221000e-01	6.084555e+00
7.194245e-02	-1.054662e-01	-1.054765e-01	-6.753170e-02	8.365305e-01	8.365305e-01	7.230035e-01	6.033476e+00
7.168459e-02	-1.054262e-01	-1.054365e-01	-6.749611e-02	8.370910e-01	8.370910e-01	7.238948e-01	5.982674e+00
7.142857e-02	-1.053866e-01	-1.053969e-01	-6.746106e-02	8.376434e-01	8.376434e-01	7.247741e-01	5.932156e+00
7.117438e-02	-1.053475e-01	-1.053577e-01	-6.742656e-02	8.381878e-01	8.381878e-01	7.256415e-01	5.881926e+00
7.092199e-02	-1.053087e-01	-1.053189e-01	-6.739259e-02	8.387244e-01	8.387244e-01	7.264973e-01	5.831990e+00
7.067138e-02	-1.052704e-01	-1.052806e-01	-6.735915e-02	8.392532e-01	8.392532e-01	7.273415e-01	5.782352e+00
7.042254e-02	-1.052325e-01	-1.052426e-01	-6.732623e-02	8.397743e-01	8.397743e-01	7.281743e-01	5.733017e+00
7.017544e-02	-1.051950e-01	-1.052051e-01	-6.729381e-02	8.402879e-01	8.402879e-01	7.289959e-01	5.683989e+00
6.993007e-02	-1.051578e-01	-1.051679e-01	-6.726190e-02	8.407941e-01	8.407941e-01	7.298065e-01	5.635273e+00
6.968641e-02	-1.051211e-01	-1.051312e-01	-6.723048e-02	8.412930e-01	8.412930e-01	7.306062e-01	5.586873e+00
6.944444e-02	-1.050847e-01	-1.050948e-01	-6.719954e-02	8.417848e-01	8.417848e-01	7.313952e-01	5.538793e+00
6.920415e-02	-1.050488e-01	-1.050588e-01	-6.716908e-02	8.422694e-01	8.422694e-01	7.321736e-01	5.491036e+00
6.896552e-02	-1.050131e-01	-1.050232e-01	-6.713910e-02	8.427472e-01	8.427472e-01	7.329416e-01	5.443606e+00
6.872852e-02	-1.049779e-01	-1.049879e-01	-6.710957e-02	8.432181e-01	8.432181e-01	7.336993e-01	5.396505e+00
6.849315e-02	-1.049430e-01	-1.049530e-01	-6.708050e-02	8.436822e-01	8.436822e-01	7.344468e-01	5.349737e+00
6.825939e-02	-1.049085e-01	-1.049185e-01	-6.705188e-02	8.441398e-01	8.441398e-01	7.351844e-01	5.303306e+00
6.802721e-02	-1.048743e-01	-1.048843e-01	-6.702370e-02	8.445908e-01	8.445908e-01	7.359122e-01	5.257212e+00
6.779661e-02	-1.048405e-01	-1.048505e-01	-6.699595e-02	8.450354e-01	8.450354e-01	7.366303e-01	5.211460e+00
6.756757e-02	-1.048070e-01	-1.048170e-01	-6.696863e-02	8.454737e-01	8.454737e-01	7.373388e-01	5.166051e+00
6.734007e-02	-1.047739e-01	-1.047838e-01	-6.694172e-02	8.459057e-01	8.459057e-01	7.380380e-01	5.120988e+00
6.711409e-02	-1.047411e-01	-1.047510e-01	-6.691523e-02	8.463317e-01	8.463317e-01	7.387279e-01	5.076273e+00
6.688963e-02	-1.047086e-01	-1.047185e-01	-6.688915e-02	8.467517e-01	8.467517e-01	7.394087e-01	5.031907e+00
6.666667e-02	-1.046764e-01	-1.046863e-01	-6.686346e-02	8.471657e-01	8.471657e-01	7.400805e-01	4.987892e+00
6.644518e-02	-1.046446e-01	-1.046544e-01	-6.683817e-02	8.475739e-01	8.475739e-01	7.407434e-01	4.944230e+00
6.622517e-02	-1.046131e-01	-1.046229e-01	-6.681326e-02	8.479764e-01	8.479764e-01	7.413977e-01	4.900922e+00
6.600660e-02	-1.045818e-01	-1.045916e-01	-6.678873e-02	8.483733e-01	8.483733e-01	7.420433e-01	4.857970e+00
6.578947e-02	-1.045509e-01	-1.045607e-01	-6.676457e-02	8.487646e-01	8.487646e-01	7.426805e-01	4.815375e+00
6.557377e-02	-1.045203e-01	-1.045301e-01	-6.674079e-02	8.491505e-01	8.491505e-01	7.433094e-01	4.773137e+00
6.535948e-02	-1.044899e-01	-1.044997e-01	-6.671736e-02	8.495310e-01	8.495310e-01	7.439302e-01	4.731257e+00
6.514658e-02	-1.044599e-01	-1.044697e-01	-6.669429e-02	8.499063e-01	8.499063e-01	7.445428e-01	4.689737e+00
6.493506e-02	-1.044301e-01	-1.044399e-01	-6.667157e-02	8.502763e-01	8.502763e-01	7.451475e-01	4.648576e+00
6.472492e-02	-1.044007e-01	-1.044104e-01	-6.664919e-02	8.506413e-01	8.506413e-01	7.457444e-01	4.607776e+00
6.451613e-02	-1.043715e-01	-1.043812e-01	-6.662715e-02	8.510012e-01	8.510012e-01	7.463336e-01	4.567336e+00
6.430868e-02	-1.043425e-01	-1.043522e-01	-6.660544e-02	8.513563e-01	8.513563e-01	7.469152e-01	4.527258e+00
6.410256e-02	-1.043139e-01	-1.043236e-01	-6.658405e-02	8.517064e-01	8.517064e-01	7.474893e-01	4.487540e+00
6.389776e-02	-1.042855e-01	-1.042951e-01	-6.656299e-02	8.520518e-01	8.520518e-01	7.480561e-01	4.448184e+00
6.369427e-02	-1.042573e-01	-1.042670e-01	-6.654224e-02	8.523925e-01	8.523925e-01	7.486157e-01	4.409188e+00
6.349206e-02	-1.042295e-01	-1.042391e-01	-6.652181e-02	8.527286e-01	8.527286e-01	7.491682e-01	4.370553e+00
6.329114e-02	-1.042018e-01	-1.042114e-01	-6.650168e-02	8.530601e-01	8.530601e-01	7.497137e-01	4.332279e+00
6.309148e-02	-1.041744e-01	-1.041840e-01	-6.648185e-02	8.533872e-01	8.533872e-01	7.502522e-01	4.294365e+00
6.289308e-02	-1.041473e-01	-1.041569e-01	-6.646231e-02	8.537099e-01	8.537099e-01	7.507840e-01	4.256811e+00
6.269592e-02	-1.041204e-01	-1.041300e-01	-6.644306e-02	8.540283e-01	8.540283e-01	7.513091e-01	4.219615e+00
6.250000e-02	-1.040937e-01	-1.041033e-01	-6.642410e-02	8.543424e-01	8.543424e-01	7.518277e-01	4.182779e+00
6.230530e-02	-1.040673e-01	-1.040768e-01	-6.640542e-02	8.546524e-01	8.546524e-01	7.523397e-01	4.146300e+00
6.211180e-02	-1.040411e-01	-1.040506e-01	-6.638701e-02	8.549583e-01	8.549583e-01	7.528454e-01	4.110177e+00
6.191950e-02	-1.040151e-01	-1.040246e-01	-6.636888e-02	8.552601e-01	8.552601e-01	7.533449e-01	4.074411e+00
6.172840e-02	-1.039893e-01	-1.039988e-01	-6.635101e-02	8.555580e-01	8.555580e-01	7.538382e-01	4.039000e+00
6.153846e-02	-1.039638e-01	-1.039733e-01	-6.633340e-02	8.558520e-01	8.558520e-01	7.543254e-01	4.003943e+00
6.134969e-02	-1.039384e-01	-1.039479e-01	-6.631605e-02	8.561421e-01	8.561421e-01	7.548066e-01	3.969239e+00
6.116208e-02	-1.039133e-01	-1.039228e-01	-6.629895e-02	8.564285e-01	8.564285e-01	7.552820e-01	3.934887e+00
6.097561e-02	-1.038884e-01	-1.038978e-01	-6.628210e-02	8.567111e-01	8.567111e-01	7.557516e-01	3.900885e+00
6.079027e-02	-1.038637e-01	-1.038731e-01	-6.626549e-02	8.569902e-01	8.569902e-01	7.562155e-01	3.867232e+00
6.060606e-02	-1.038391e-01	-1.038486e-01	-6.624912e-02	8.572656e-01	8.572656e-01	7.566739e-01	3.833927e+00
6.042296e-02	-1.038148e-01	-1.038243e-01	-6.623299e-02	8.575375e-01	8.575375e-01	7.571267e-01	3.800968e+00
6.024096e-02	-1.037907e-01	-1.038001e-01	-6.621710e-02	8.578060e-01	8.578060e-01	7.575741e-01	3.768354e+00
6.006006e-02	-1.037668e-01	-1.037762e-01	-6.620142e-02	8.580711e-01	8.580711e-01	7.580162e-01	3.736084e+00
5.988024e-02	-1.037430e-01	-1.037524e-01	-6.618598e-02	8.583328e-01	8.583328e-01	7.584530e-01	3.704155e+00
5.970149e-02	-1.037194e-01	-1.037288e-01	-6.617075e-02	8.585912e-01	8.585912e-01	7.588847e-01	3.672566e+00
5.952381e-02	-1.036960e-01	-1.037054e-01	-6.615574e-02	8.588464e-01	8.588464e-01	7.593113e-01	3.641316e+00
5.934718e-02	-1.036728e-01	-1.036822e-01	-6.614094e-02	8.590984e-01	8.590984e-01	7.597330e-01	3.610402e+00
5.917160e-02	-1.036498e-01	-1.036591e-01	-6.612635e-02	8.593473e-01	8.593473e-01	7.601497e-01	3.579823e+00
5.899705e-02	-1.036269e-01	-1.036363e-01	-6.611197e-02	8.595931e-01	8.595931e-01	7.605616e-01	3.549578e+00
5.882353e-02	-1.036042e-01	-1.036135e-01	-6.609779e-02	8.598359e-01	8.598359e-01	7.609687e-01	3.519663e+00
5.865103e-02	-1.035817e-01	-1.035910e-01	-6.608381e-02	8.600758e-01	8.600758e-01	7.613712e-01	3.490078e+00
5.847953e-02	-1.035593e-01	-1.035686e-01	-6.607002e-02	8.603127e-01	8.603127e-01	7.617691e-01	3.460820e+00
5.830904e-02	-1.035371e-01	-1.035464e-01	-6.605642e-02	8.605468e-01	8.605468e-01	7.621624e-01	3.431888e+00
5.813953e-02	-1.035151e-01	-1.035243e-01	-6.604301e-02	8.607780e-01	8.607780e-01	7.625513e-01	3.403278e+00
5.797101e-02	-1.034932e-01	-1.035024e-01	-6.602979e-02	8.610065e-01	8.610065e-01	7.629359e-01	3.374991e+00
5.780347e-02	-1.034714e-01	-1.034807e-01	-6.601674e-02	8.612322e-01	8.612322e-01	7.633161e-01	3.347023e+00
5.763689e-02	-1.034498e-01	-1.034591e-01	-6.600388e-02	8.614553e-01	8.614553e-01	7.636921e-01	3.319371e+00
5.747126e-02	-1.034284e-01	-1.034376e-01	-6.599119e-02	8.616758e-01	8.616758e-01	7.640639e-01	3.292036e+00
5.730659e-02	-1.034071e-01	-1.034163e-01	-6.597868e-02	8.618936e-01	8.618936e-01	7.644317e-01	3.265013e+00
5.714286e-02	-1.033859e-01	-1.033951e-01	-6.596633e-02	8.621089e-01	8.621089e-01	7.647954e-01	3.238301e+00
5.698006e-02	-1.033649e-01	-1.033741e-01	-6.595415e-02	8.623218e-01	8.623218e-01	7.651551e-01	3.211897e+00
5.681818e-02	-1.033440e-01	-1.033532e-01	-6.594214e-02	8.625321e-01	8.625321e-01	7.655110e-01	3.185800e+00
5.665722e-02	-1.033232e-01	-1.033324e-01	-6.593028e-02	8.627401e-01	8.627401e-01	7.658630e-01	3.160008e+00
5.649718e-02	-1.033026e-01	-1.033118e-01	-6.591859e-02	8.629457e-01	8.629457e-01	7.662113e-01	3.134517e+00
5.633803e-02	-1.032821e-01	-1.032913e-01	-6.590704e-02	8.631489e-01	8.631489e-01	7.665558e-01	3.109326e+00
5.617978e-02	-1.032617e-01	-1.032709e-01	-6.589566e-02	8.633499e-01	8.633499e-01	7.668967e-01	3.084433e+00
5.602241e-02	-1.032415e-01	-1.032507e-01	-6.588442e-02	8.635486e-01	8.635486e-01	7.672340e-01	3.059835e+00
5.586592e-02	-1.032214e-01	-1.032305e-01	-6.587333e-02	8.637450e-01	8.637450e-01	7.675678e-01	3.035530e+00
5.571031e-02	-1.032014e-01	-1.032105e-01	-6.586238e-02	8.639394e-01	8.639394e-01	7.678981e-01	3.011516e+00
5.555556e-02	-1.031815e-01	-1.031907e-01	-6.585157e-02	8.641315e-01	8.641315e-01	7.682250e-01	2.987790e+00
5.540166e-02	-1.031618e-01	-1.031709e-01	-6.584091e-02	8.643216e-01	8.643216e-01	7.685486e-01	2.964350e+00
5.524862e-02	-1.031421e-01	-1.031512e-01	-6.583038e-02	8.645096e-01	8.645096e-01	7.688688e-01	2.941194e+00
5.509642e-02	-1.031226e-01	-1.031317e-01	-6.581999e-02	8.646956e-01	8.646956e-01	7.691858e-01	2.918319e+00
5.494505e-02	-1.031032e-01	-1.031123e-01	-6.580973e-02	8.648795e-01	8.648795e-01	7.694996e-01	2.895724e+00
5.479452e-02	-1.030839e-01	-1.030930e-01	-6.579960e-02	8.650615e-01	8.650615e-01	7.698103e-01	2.873405e+00
5.464481e-02	-1.030647e-01	-1.030738e-01	-6.578960e-02	8.652416e-01	8.652416e-01	7.701179e-01	2.851360e+00
5.449591e-02	-1.030456e-01	-1.030547e-01	-6.577973e-02	8.654198e-01	8.654198e-01	7.704224e-01	2.829588e+00
5.434783e-02	-1.030266e-01	-1.030357e-01	-6.576998e-02	8.655961e-01	8.655961e-01	7.707240e-01	2.808085e+00
5.420054e-02	-1.030077e-01	-1.030168e-01	-6.576035e-02	8.657706e-01	8.657706e-01	7.710226e-01	2.786850e+00
5.405405e-02	-1.029889e-01	-1.029980e-01	-6.575084e-02	8.659433e-01	8.659433e-01	7.713183e-01	2.765880e+00
5.390836e-02	-1.029702e-01	-1.029793e-01	-6.574145e-02	8.661142e-01	8.661142e-01	7.716112e-01	2.745172e+00
5.376344e-02	-1.029516e-01	-1.029607e-01	-6.573217e-02	8.662833e-01	8.662833e-01	7.719012e-01	2.724725e+00
5.361930e-02	-1.029331e-01	-1.029422e-01	-6.572301e-02	8.664508e-01	8.664508e-01	7.721886e-01	2.704535e+00
5.347594e-02	-1.029147e-01	-1.029238e-01	-6.571395e-02	8.666166e-01	8.666166e-01	7.724732e-01	2.684602e+00
5.333333e-02	-1.028964e-01	-1.029054e-01	-6.570501e-02	8.667807e-01	8.667807e-01	7.727552e-01	2.664921e+00
5.319149e-02	-1.028782e-01	-1.028872e-01	-6.569618e-02	8.669432e-01	8.669432e-01	7.730345e-01	2.645492e+00
5.305040e-02	-1.028601e-01	-1.028691e-01	-6.568745e-02	8.671041e-01	8.671041e-01	7.733113e-01	2.626311e+00
5.291005e-02	-1.028420e-01	-1.028510e-01	-6.567882e-02	8.672634e-01	8.672634e-01	7.735855e-01	2.607377e+00
5.277045e-02	-1.028241e-01	-1.028330e-01	-6.567030e-02	8.674212e-01	8.674212e-01	7.738573e-01	2.588686e+00
5.263158e-02	-1.028062e-01	-1.028152e-01	-6.566187e-02	8.675775e-01	8.675775e-01	7.741266e-01	2.570237e+00
5.249344e-02	-1.027884e-01	-1.027974e-01	-6.565355e-02	8.677322e-01	8.677322e-01	7.743934e-01	2.552028e+00
5.235602e-02	-1.027707e-01	-1.027796e-01	-6.564532e-02	8.678855e-01	8.678855e-01	7.746580e-01	2.534055e+00
5.221932e-02	-1.027531e-01	-1.027620e-01	-6.563719e-02	8.680374e-01	8.680374e-01	7.749201e-01	2.516317e+00
5.208333e-02	-1.027355e-01	-1.027444e-01	-6.562915e-02	8.681878e-01	8.681878e-01	7.751800e-01	2.498812e+00
5.194805e-02	-1.027180e-01	-1.027270e-01	-6.562120e-02	8.683369e-01	8.683369e-01	7.754377e-01	2.481537e+00
5.181347e-02	-1.027006e-01	-1.027096e-01	-6.561335e-02	8.684845e-01	8.684845e-01	7.756931e-01	2.464490e+00
5.167959e-02	-1.026833e-01	-1.026922e-01	-6.560558e-02	8.686309e-01	8.686309e-01	7.759463e-01	2.447668e+00
5.154639e-02	-1.026661e-01	-1.026750e-01	-6.559790e-02	8.687759e-01	8.687759e-01	7.761974e-01	2.431070e+00
5.141388e-02	-1.026489e-01	-1.026578e-01	-6.559030e-02	8.689196e-01	8.689196e-01	7.764464e-01	2.414693e+00
5.128205e-02	-1.026318e-01	-1.026407e-01	-6.558279e-02	8.690620e-01	8.690620e-01	7.766933e-01	2.398535e+00
5.115090e-02	-1.026147e-01	-1.026236e-01	-6.557537e-02	8.692031e-01	8.692031e-01	7.769381e-01	2.382594e+00
5.102041e-02	-1.025978e-01	-1.026067e-01	-6.556802e-02	8.693431e-01	8.693431e-01	7.771809e-01	2.366867e+00
5.089059e-02	-1.025809e-01	-1.025897e-01	-6.556075e-02	8.694818e-01	8.694818e-01	7.774218e-01	2.351353e+00
5.076142e-02	-1.025640e-01	-1.025729e-01	-6.555357e-02	8.696193e-01	8.696193e-01	7.776607e-01	2.336048e+00
5.063291e-02	-1.025473e-01	-1.025561e-01	-6.554645e-02	8.697556e-01	8.697556e-01	7.778977e-01	2.320952e+00
5.050505e-02	-1.025306e-01	-1.025394e-01	-6.553942e-02	8.698908e-01	8.698908e-01	7.781328e-01	2.306061e+00
5.037783e-02	-1.025139e-01	-1.025228e-01	-6.553246e-02	8.700248e-01	8.700248e-01	7.783661e-01	2.291374e+00
5.025126e-02	-1.024973e-01	-1.025062e-01	-6.552557e-02	8.701577e-01	8.701577e-01	7.785975e-01	2.276889e+00
5.012531e-02	-1.024808e-01	-1.024897e-01	-6.551876e-02	8.702895e-01	8.702895e-01	7.788271e-01	2.262602e+00
5.000000e-02	-1.024644e-01	-1.024732e-01	-6.551202e-02	8.704202e-01	8.704202e-01	7.790550e-01	2.248514e+00
4.987531e-02	-1.024480e-01	-1.024568e-01	-6.550534e-02	8.705499e-01	8.705499e-01	7.792811e-01	2.234620e+00
4.975124e-02	-1.024316e-01	-1.024404e-01	-6.549874e-02	8.706785e-01	8.706785e-01	7.795055e-01	2.220919e+00
4.962779e-02	-1.024153e-01	-1.024242e-01	-6.549220e-02	8.708061e-01	8.708061e-01	7.797283e-01	2.207410e+00
4.950495e-02	-1.023991e-01	-1.024079e-01	-6.548573e-02	8.709326e-01	8.709326e-01	7.799493e-01	2.194089e+00
4.938272e-02	-1.023829e-01	-1.023917e-01	-6.547932e-02	8.710582e-01	8.710582e-01	7.801688e-01	2.180955e+00
4.926108e-02	-1.023668e-01	-1.023756e-01	-6.547298e-02	8.711828e-01	8.711828e-01	7.803866e-01	2.168006e+00
4.914005e-02	-1.023508e-01	-1.023596e-01	-6.546669e-02	8.713064e-01	8.713064e-01	7.806029e-01	2.155240e+00
4.901961e-02	-1.023347e-01	-1.023435e-01	-6.546048e-02	8.714291e-01	8.714291e-01	7.808176e-01	2.142655e+00
4.889976e-02	-1.023188e-01	-1.023276e-01	-6.545432e-02	8.715508e-01	8.715508e-01	7.810308e-01	2.130248e+00
4.878049e-02	-1.023029e-01	-1.023117e-01	-6.544822e-02	8.716717e-01	8.716717e-01	7.812425e-01	2.118019e+00
4.866180e-02	-1.022870e-01	-1.022958e-01	-6.544218e-02	8.717916e-01	8.717916e-01	7.814526e-01	2.105964e+00
4.854369e-02	-1.022712e-01	-1.022800e-01	-6.543620e-02	8.719106e-01	8.719106e-01	7.816614e-01	2.094083e+00
4.842615e-02	-1.022555e-01	-1.022642e-01	-6.543027e-02	8.720288e-01	8.720288e-01	7.818687e-01	2.082372e+00
4.830918e-02	-1.022397e-01	-1.022485e-01	-6.542440e-02	8.721461e-01	8.721461e-01	7.820746e-01	2.070831e+00
4.819277e-02	-1.022241e-01	-1.022328e-01	-6.541859e-02	8.722626e-01	8.722626e-01	7.822791e-01	2.059456e+00
4.807692e-02	-1.022085e-01	-1.022172e-01	-6.541283e-02	8.723782e-01	8.723782e-01	7.824822e-01	2.048248e+00
4.796163e-02	-1.021929e-01	-1.022016e-01	-6.540712e-02	8.724930e-01	8.724930e-01	7.826840e-01	2.037202e+00
4.784689e-02	-1.021774e-01	-1.021861e-01	-6.540146e-02	8.726070e-01	8.726070e-01	7.828844e-01	2.026319e+00
4.773270e-02	-1.021619e-01	-1.021706e-01	-6.539586e-02	8.727202e-01	8.727202e-01	7.830836e-01	2.015595e+00
4.761905e-02	-1.021464e-01	-1.021552e-01	-6.539030e-02	8.728326e-01	8.728326e-01	7.832815e-01	2.005029e+00
4.750594e-02	-1.021311e-01	-1.021398e-01	-6.538480e-02	8.729443e-01	8.729443e-01	7.834781e-01	1.994619e+00
4.739336e-02	-1.021157e-01	-1.021244e-01	-6.537934e-02	8.730552e-01	8.730552e-01	7.836734e-01	1.984363e+00
4.728132e-02	-1.021004e-01	-1.021091e-01	-6.537393e-02	8.731654e-01	8.731654e-01	7.838675e-01	1.974260e+00
4.716981e-02	-1.020851e-01	-1.020938e-01	-6.536857e-02	8.732748e-01	8.732748e-01	7.840605e-01	1.964308e+00
4.705882e-02	-1.020699e-01	-1.020786e-01	-6.536325e-02	8.733835e-01	8.733835e-01	7.842522e-01	1.954505e+00
4.694836e-02	-1.020547e-01	-1.020634e-01	-6.535798e-02	8.734915e-01	8.734915e-01	7.844427e-01	1.944849e+00
4.683841e-02	-1.020396e-01	-1.020482e-01	-6.535276e-02	8.735988e-01	8.735988e-01	7.846321e-01	1.935339e+00
4.672897e-02	-1.020244e-01	-1.020331e-01	-6.534757e-02	8.737055e-01	8.737055e-01	7.848204e-01	1.925972e+00
4.662005e-02	-1.020094e-01	-1.020180e-01	-6.534244e-02	8.738114e-01	8.738114e-01	7.850076e-01	1.916748e+00
4.651163e-02	-1.019943e-01	-1.020030e-01	-6.533734e-02	8.739167e-01	8.739167e-01	7.851936e-01	1.907664e+00
4.640371e-02	-1.019793e-01	-1.019880e-01	-6.533228e-02	8.740213e-01	8.740213e-01	7.853786e-01	1.898720e+00
4.629630e-02	-1.019644e-01	-1.019730e-01	-6.532727e-02	8.741253e-01	8.741253e-01	7.855625e-01	1.889912e+00
4.618938e-02	-1.019495e-01	-1.019581e-01	-6.532230e-02	8.742286e-01	8.742286e-01	7.857453e-01	1.881240e+00
4.608295e-02	-1.019346e-01	-1.019432e-01	-6.531737e-02	8.743314e-01	8.743314e-01	7.859271e-01	1.872702e+00
4.597701e-02	-1.019197e-01	-1.019284e-01	-6.531247e-02	8.744335e-01	8.744335e-01	7.861079e-01	1.864296e+00
4.587156e-02	-1.019049e-01	-1.019135e-01	-6.530762e-02	8.745350e-01	8.745350e-01	7.862876e-01	1.856021e+00
4.576659e-02	-1.018901e-01	-1.018987e-01	-6.530280e-02	8.746359e-01	8.746359e-01	7.864664e-01	1.847875e+00
4.566210e-02	-1.018754e-01	-1.018840e-01	-6.529802e-02	8.747362e-01	8.747362e-01	7.866442e-01	1.839857e+00
4.555809e-02	-1.018607e-01	-1.018693e-01	-6.529327e-02	8.748360e-01	8.748360e-01	7.868210e-01	1.831965e+00
4.545455e-02	-1.018460e-01	-1.018546e-01	-6.528856e-02	8.749351e-01	8.749351e-01	7.869969e-01	1.824197e+00
4.535147e-02	-1.018313e-01	-1.018399e-01	-6.528389e-02	8.750337e-01	8.750337e-01	7.871719e-01	1.816553e+00
4.524887e-02	-1.018167e-01	-1.018253e-01	-6.527925e-02	8.751318e-01	8.751318e-01	7.873459e-01	1.809030e+00
4.514673e-02	-1.018021e-01	-1.018107e-01	-6.527465e-02	8.752293e-01	8.752293e-01	7.875190e-01	1.801627e+00
4.504505e-02	-1.017876e-01	-1.017962e-01	-6.527008e-02	8.753263e-01	8.753263e-01	7.876913e-01	1.794343e+00
4.494382e-02	-1.017730e-01	-1.017816e-01	-6.526554e-02	8.754228e-01	8.754228e-01	7.878626e-01	1.787176e+00
4.484305e-02	-1.017585e-01	-1.017671e-01	-6.526104e-02	8.755187e-01	8.755187e-01	7.880331e-01	1.780124e+00
4.474273e-02	-1.017441e-01	-1.017527e-01	-6.525657e-02	8.756141e-01	8.756141e-01	7.882027e-01	1.773187e+00
4.464286e-02	-1.017296e-01	-1.017382e-01	-6.525213e-02	8.757090e-01	8.757090e-01	7.883715e-01	1.766362e+00
4.454343e-02	-1.017152e-01	-1.017238e-01	-6.524772e-02	8.758035e-01	8.758035e-01	7.885394e-01	1.759650e+00
4.444444e-02	-1.017009e-01	-1.017094e-01	-6.524334e-02	8.758974e-01	8.758974e-01	7.887065e-01	1.753047e+00
4.434590e-02	-1.016865e-01	-1.016951e-01	-6.523899e-02	8.759908e-01	8.759908e-01	7.888728e-01	1.746552e+00
