# Finite Temperature Data for Kitaev Ladder
# chi_max = 300, h = 1.0500
# Columns: T | Sigmax | Sigmay | Sigmaz | S1 | S2 | Wp | Cv
# 
2.000000e+01	-9.370298e-02	-9.370347e-02	-9.326949e-02	1.018274e-04	1.018274e-04	-6.522265e-06	4.505312e-01
1.000000e+01	-1.315928e-01	-1.315946e-01	-1.306652e-01	4.125057e-04	4.125057e-04	-3.527506e-05	1.523169e+00
6.666667e+00	-1.638582e-01	-1.638621e-01	-1.623041e-01	1.026050e-03	1.026050e-03	-1.057432e-04	2.836681e+00
5.000000e+00	-1.911823e-01	-1.911890e-01	-1.889088e-01	1.958070e-03	1.958070e-03	-2.316906e-04	4.120132e+00
4.000000e+00	-2.143316e-01	-2.143414e-01	-2.112809e-01	3.168930e-03	3.168930e-03	-4.204887e-04	5.225593e+00
3.333333e+00	-2.340368e-01	-2.340498e-01	-2.301800e-01	4.590378e-03	4.590378e-03	-6.754784e-04	6.099650e+00
2.857143e+00	-2.509373e-01	-2.509535e-01	-2.462677e-01	6.147182e-03	6.147182e-03	-9.980163e-04	6.746431e+00
2.500000e+00	-2.655660e-01	-2.655852e-01	-2.600937e-01	7.770163e-03	7.770163e-03	-1.388228e-03	7.197961e+00
2.222222e+00	-2.783546e-01	-2.783764e-01	-2.721012e-01	9.402151e-03	9.402151e-03	-1.844977e-03	7.495195e+00
2.000000e+00	-2.896469e-01	-2.896711e-01	-2.826421e-01	1.099949e-02	1.099949e-02	-2.365642e-03	7.677818e+00
1.818182e+00	-2.997149e-01	-2.997410e-01	-2.919932e-01	1.253117e-02	1.253117e-02	-2.946056e-03	7.779770e+00
1.666667e+00	-3.087728e-01	-3.088006e-01	-3.003716e-01	1.397693e-02	1.397693e-02	-3.580645e-03	7.827996e+00
1.538462e+00	-3.169898e-01	-3.170190e-01	-3.079476e-01	1.532513e-02	1.532513e-02	-4.262730e-03	7.842805e+00
1.428571e+00	-3.244999e-01	-3.245303e-01	-3.148553e-01	1.657071e-02	1.657071e-02	-4.984892e-03	7.838861e+00
1.333333e+00	-3.314099e-01	-3.314412e-01	-3.212008e-01	1.771344e-02	1.771344e-02	-5.739345e-03	7.826332e+00
1.250000e+00	-3.378054e-01	-3.378374e-01	-3.270684e-01	1.875654e-02	1.875654e-02	-6.518254e-03	7.811958e+00
1.176471e+00	-3.437556e-01	-3.437880e-01	-3.325259e-01	1.970547e-02	1.970547e-02	-7.314004e-03	7.799944e+00
1.111111e+00	-3.493167e-01	-3.493494e-01	-3.376278e-01	2.056715e-02	2.056715e-02	-8.119386e-03	7.792680e+00
1.052632e+00	-3.545350e-01	-3.545678e-01	-3.424187e-01	2.134929e-02	2.134929e-02	-8.927735e-03	7.791287e+00
1.000000e+00	-3.594489e-01	-3.594817e-01	-3.469352e-01	2.205989e-02	2.205989e-02	-9.733007e-03	7.796032e+00
9.523810e-01	-3.640903e-01	-3.641230e-01	-3.512075e-01	2.270695e-02	2.270695e-02	-1.052982e-02	7.806626e+00
9.090909e-01	-3.684863e-01	-3.685188e-01	-3.552611e-01	2.329823e-02	2.329823e-02	-1.131345e-02	7.822443e+00
8.695652e-01	-3.726598e-01	-3.726919e-01	-3.591172e-01	2.384106e-02	2.384106e-02	-1.207984e-02	7.842672e+00
8.333333e-01	-3.766304e-01	-3.766621e-01	-3.627940e-01	2.434229e-02	2.434229e-02	-1.282555e-02	7.866420e+00
8.000000e-01	-3.804151e-01	-3.804463e-01	-3.663069e-01	2.480823e-02	2.480823e-02	-1.354772e-02	7.892791e+00
7.692308e-01	-3.840285e-01	-3.840592e-01	-3.696694e-01	2.524461e-02	2.524461e-02	-1.424404e-02	7.920922e+00
7.407407e-01	-3.874837e-01	-3.875138e-01	-3.728931e-01	2.565659e-02	2.565659e-02	-1.491265e-02	7.950020e+00
7.142857e-01	-3.907919e-01	-3.908214e-01	-3.759881e-01	2.604879e-02	2.604879e-02	-1.555217e-02	7.979373e+00
6.896552e-01	-3.939634e-01	-3.939922e-01	-3.789636e-01	2.642529e-02	2.642529e-02	-1.616159e-02	8.008357e+00
6.666667e-01	-3.970071e-01	-3.970351e-01	-3.818274e-01	2.678969e-02	2.678969e-02	-1.674024e-02	8.036439e+00
6.451613e-01	-3.999311e-01	-3.999584e-01	-3.845866e-01	2.714513e-02	2.714513e-02	-1.728775e-02	8.063175e+00
6.250000e-01	-4.027428e-01	-4.027692e-01	-3.872476e-01	2.749432e-02	2.749432e-02	-1.780402e-02	8.088199e+00
6.060606e-01	-4.054486e-01	-4.054743e-01	-3.898162e-01	2.783959e-02	2.783959e-02	-1.828917e-02	8.111222e+00
5.882353e-01	-4.080548e-01	-4.080796e-01	-3.922976e-01	2.818294e-02	2.818294e-02	-1.874351e-02	8.132023e+00
5.714286e-01	-4.105667e-01	-4.105907e-01	-3.946965e-01	2.852604e-02	2.852604e-02	-1.916749e-02	8.150437e+00
5.555556e-01	-4.129894e-01	-4.130125e-01	-3.970172e-01	2.887030e-02	2.887030e-02	-1.956173e-02	8.166356e+00
5.405405e-01	-4.153276e-01	-4.153499e-01	-3.992638e-01	2.921686e-02	2.921686e-02	-1.992692e-02	8.179712e+00
5.263158e-01	-4.175856e-01	-4.176070e-01	-4.014399e-01	2.956666e-02	2.956666e-02	-2.026388e-02	8.190476e+00
5.128205e-01	-4.197674e-01	-4.197879e-01	-4.035488e-01	2.992046e-02	2.992046e-02	-2.057345e-02	8.198652e+00
5.000000e-01	-4.218766e-01	-4.218962e-01	-4.055937e-01	3.027884e-02	3.027884e-02	-2.085657e-02	8.204269e+00
4.878049e-01	-4.239167e-01	-4.239354e-01	-4.075776e-01	3.064222e-02	3.064222e-02	-2.111419e-02	8.207376e+00
4.761905e-01	-4.258909e-01	-4.259088e-01	-4.095031e-01	3.101092e-02	3.101092e-02	-2.134728e-02	8.208042e+00
4.651163e-01	-4.278023e-01	-4.278192e-01	-4.113728e-01	3.138515e-02	3.138515e-02	-2.155686e-02	8.206345e+00
4.545455e-01	-4.296535e-01	-4.296696e-01	-4.131890e-01	3.176500e-02	3.176500e-02	-2.174393e-02	8.202376e+00
4.444444e-01	-4.314473e-01	-4.314625e-01	-4.149540e-01	3.215052e-02	3.215052e-02	-2.190950e-02	8.196231e+00
4.347826e-01	-4.331862e-01	-4.332005e-01	-4.166699e-01	3.254166e-02	3.254166e-02	-2.205456e-02	8.188011e+00
4.255319e-01	-4.348723e-01	-4.348858e-01	-4.183385e-01	3.293835e-02	3.293835e-02	-2.218010e-02	8.177821e+00
4.166667e-01	-4.365081e-01	-4.365207e-01	-4.199618e-01	3.334043e-02	3.334043e-02	-2.228709e-02	8.165766e+00
4.081633e-01	-4.380954e-01	-4.381072e-01	-4.215415e-01	3.374775e-02	3.374775e-02	-2.237648e-02	8.151949e+00
4.000000e-01	-4.396364e-01	-4.396473e-01	-4.230793e-01	3.416009e-02	3.416009e-02	-2.244920e-02	8.136475e+00
3.921569e-01	-4.411327e-01	-4.411428e-01	-4.245767e-01	3.457723e-02	3.457723e-02	-2.250614e-02	8.119443e+00
3.846154e-01	-4.425862e-01	-4.425954e-01	-4.260351e-01	3.499892e-02	3.499892e-02	-2.254819e-02	8.100952e+00
3.773585e-01	-4.439986e-01	-4.440069e-01	-4.274561e-01	3.542490e-02	3.542490e-02	-2.257618e-02	8.081096e+00
3.703704e-01	-4.453713e-01	-4.453788e-01	-4.288408e-01	3.585490e-02	3.585490e-02	-2.259093e-02	8.059965e+00
3.636364e-01	-4.467059e-01	-4.467126e-01	-4.301906e-01	3.628864e-02	3.628864e-02	-2.259322e-02	8.037645e+00
3.571429e-01	-4.480037e-01	-4.480097e-01	-4.315067e-01	3.672584e-02	3.672584e-02	-2.258382e-02	8.014217e+00
3.508772e-01	-4.492662e-01	-4.492714e-01	-4.327901e-01	3.716622e-02	3.716622e-02	-2.256344e-02	7.989760e+00
3.448276e-01	-4.504946e-01	-4.504989e-01	-4.340421e-01	3.760949e-02	3.760949e-02	-2.253278e-02	7.964345e+00
3.389831e-01	-4.516901e-01	-4.516937e-01	-4.352635e-01	3.805538e-02	3.805538e-02	-2.249250e-02	7.938040e+00
3.333333e-01	-4.528538e-01	-4.528567e-01	-4.364555e-01	3.850361e-02	3.850361e-02	-2.244325e-02	7.910909e+00
3.278689e-01	-4.539869e-01	-4.539890e-01	-4.376188e-01	3.895390e-02	3.895390e-02	-2.238561e-02	7.883010e+00
3.225806e-01	-4.550904e-01	-4.550918e-01	-4.387545e-01	3.940599e-02	3.940599e-02	-2.232019e-02	7.854400e+00
3.174603e-01	-4.561654e-01	-4.561660e-01	-4.398633e-01	3.985962e-02	3.985962e-02	-2.224751e-02	7.825127e+00
3.125000e-01	-4.572127e-01	-4.572126e-01	-4.409462e-01	4.031453e-02	4.031453e-02	-2.216812e-02	7.795240e+00
3.076923e-01	-4.582332e-01	-4.582324e-01	-4.420038e-01	4.077048e-02	4.077048e-02	-2.208251e-02	7.764780e+00
3.030303e-01	-4.592279e-01	-4.592264e-01	-4.430369e-01	4.122722e-02	4.122722e-02	-2.199116e-02	7.733787e+00
2.985075e-01	-4.601976e-01	-4.601954e-01	-4.440463e-01	4.168453e-02	4.168453e-02	-2.189451e-02	7.702296e+00
2.941176e-01	-4.611430e-01	-4.611402e-01	-4.450326e-01	4.214218e-02	4.214218e-02	-2.179300e-02	7.670341e+00
2.898551e-01	-4.620650e-01	-4.620614e-01	-4.459965e-01	4.259996e-02	4.259996e-02	-2.168702e-02	7.637950e+00
2.857143e-01	-4.629642e-01	-4.629600e-01	-4.469385e-01	4.305765e-02	4.305765e-02	-2.157698e-02	7.605150e+00
2.816901e-01	-4.638414e-01	-4.638365e-01	-4.478594e-01	4.351505e-02	4.351505e-02	-2.146322e-02	7.571965e+00
2.777778e-01	-4.646971e-01	-4.646917e-01	-4.487597e-01	4.397198e-02	4.397198e-02	-2.134609e-02	7.538416e+00
2.739726e-01	-4.655322e-01	-4.655261e-01	-4.496399e-01	4.442824e-02	4.442824e-02	-2.122593e-02	7.504521e+00
2.702703e-01	-4.663471e-01	-4.663403e-01	-4.505006e-01	4.488366e-02	4.488366e-02	-2.110304e-02	7.470299e+00
2.666667e-01	-4.671424e-01	-4.671351e-01	-4.513423e-01	4.533806e-02	4.533806e-02	-2.097771e-02	7.435763e+00
2.631579e-01	-4.679188e-01	-4.679109e-01	-4.521655e-01	4.579128e-02	4.579128e-02	-2.085022e-02	7.400926e+00
2.597403e-01	-4.686768e-01	-4.686683e-01	-4.529707e-01	4.624316e-02	4.624316e-02	-2.072082e-02	7.365800e+00
2.564103e-01	-4.694168e-01	-4.694077e-01	-4.537583e-01	4.669355e-02	4.669355e-02	-2.058977e-02	7.330394e+00
2.531646e-01	-4.701395e-01	-4.701298e-01	-4.545288e-01	4.714231e-02	4.714231e-02	-2.045730e-02	7.294718e+00
2.500000e-01	-4.708452e-01	-4.708350e-01	-4.552826e-01	4.758930e-02	4.758930e-02	-2.032361e-02	7.258777e+00
2.469136e-01	-4.715345e-01	-4.715237e-01	-4.560201e-01	4.803438e-02	4.803438e-02	-2.018893e-02	7.222579e+00
2.439024e-01	-4.722077e-01	-4.721964e-01	-4.567417e-01	4.847743e-02	4.847743e-02	-2.005343e-02	7.186128e+00
2.409639e-01	-4.728654e-01	-4.728535e-01	-4.574478e-01	4.891833e-02	4.891833e-02	-1.991731e-02	7.149428e+00
2.380952e-01	-4.735079e-01	-4.734955e-01	-4.581388e-01	4.935696e-02	4.935696e-02	-1.978072e-02	7.112483e+00
2.352941e-01	-4.741356e-01	-4.741228e-01	-4.588150e-01	4.979321e-02	4.979321e-02	-1.964385e-02	7.075295e+00
2.325581e-01	-4.747490e-01	-4.747356e-01	-4.594767e-01	5.022698e-02	5.022698e-02	-1.950682e-02	7.037868e+00
2.298851e-01	-4.753483e-01	-4.753345e-01	-4.601244e-01	5.065817e-02	5.065817e-02	-1.936979e-02	7.000203e+00
2.272727e-01	-4.759340e-01	-4.759197e-01	-4.607583e-01	5.108668e-02	5.108668e-02	-1.923289e-02	6.962301e+00
2.247191e-01	-4.765065e-01	-4.764916e-01	-4.613788e-01	5.151243e-02	5.151243e-02	-1.909623e-02	6.924164e+00
2.222222e-01	-4.770659e-01	-4.770506e-01	-4.619861e-01	5.193532e-02	5.193532e-02	-1.895994e-02	6.885792e+00
2.197802e-01	-4.776127e-01	-4.775970e-01	-4.625806e-01	5.235528e-02	5.235528e-02	-1.882412e-02	6.847187e+00
2.173913e-01	-4.781472e-01	-4.781311e-01	-4.631625e-01	5.277223e-02	5.277223e-02	-1.868887e-02	6.808349e+00
2.150538e-01	-4.786697e-01	-4.786531e-01	-4.637322e-01	5.318610e-02	5.318610e-02	-1.855429e-02	6.769279e+00
2.127660e-01	-4.791805e-01	-4.791634e-01	-4.642898e-01	5.359682e-02	5.359682e-02	-1.842046e-02	6.729979e+00
2.105263e-01	-4.796798e-01	-4.796623e-01	-4.648357e-01	5.400433e-02	5.400433e-02	-1.828746e-02	6.690448e+00
2.083333e-01	-4.801680e-01	-4.801501e-01	-4.653701e-01	5.440856e-02	5.440856e-02	-1.815537e-02	6.650688e+00
2.061856e-01	-4.806453e-01	-4.806270e-01	-4.658932e-01	5.480946e-02	5.480946e-02	-1.802426e-02	6.610700e+00
2.040816e-01	-4.811120e-01	-4.810932e-01	-4.664054e-01	5.520697e-02	5.520697e-02	-1.789419e-02	6.570486e+00
2.020202e-01	-4.815683e-01	-4.815491e-01	-4.669068e-01	5.560105e-02	5.560105e-02	-1.776522e-02	6.530047e+00
2.000000e-01	-4.820144e-01	-4.819949e-01	-4.673977e-01	5.599164e-02	5.599164e-02	-1.763740e-02	6.489384e+00
1.980198e-01	-4.824507e-01	-4.824308e-01	-4.678782e-01	5.637871e-02	5.637871e-02	-1.751078e-02	6.448501e+00
1.960784e-01	-4.828773e-01	-4.828570e-01	-4.683487e-01	5.676222e-02	5.676222e-02	-1.738542e-02	6.407400e+00
1.941748e-01	-4.832944e-01	-4.832738e-01	-4.688093e-01	5.714212e-02	5.714212e-02	-1.726134e-02	6.366083e+00
1.923077e-01	-4.837024e-01	-4.836814e-01	-4.692602e-01	5.751839e-02	5.751839e-02	-1.713858e-02	6.324554e+00
1.904762e-01	-4.841013e-01	-4.840800e-01	-4.697016e-01	5.789099e-02	5.789099e-02	-1.701719e-02	6.282816e+00
1.886792e-01	-4.844915e-01	-4.844697e-01	-4.701338e-01	5.825990e-02	5.825990e-02	-1.689719e-02	6.240872e+00
1.869159e-01	-4.848730e-01	-4.848509e-01	-4.705569e-01	5.862509e-02	5.862509e-02	-1.677861e-02	6.198727e+00
1.851852e-01	-4.852461e-01	-4.852237e-01	-4.709711e-01	5.898654e-02	5.898654e-02	-1.666146e-02	6.156385e+00
1.834862e-01	-4.856111e-01	-4.855883e-01	-4.713766e-01	5.934423e-02	5.934423e-02	-1.654578e-02	6.113852e+00
1.818182e-01	-4.859680e-01	-4.859449e-01	-4.717736e-01	5.969814e-02	5.969814e-02	-1.643158e-02	6.071131e+00
1.801802e-01	-4.863170e-01	-4.862936e-01	-4.721622e-01	6.004825e-02	6.004825e-02	-1.631888e-02	6.028229e+00
1.785714e-01	-4.866584e-01	-4.866347e-01	-4.725427e-01	6.039456e-02	6.039456e-02	-1.620768e-02	5.985152e+00
1.769912e-01	-4.869923e-01	-4.869683e-01	-4.729151e-01	6.073704e-02	6.073704e-02	-1.609801e-02	5.941905e+00
1.754386e-01	-4.873188e-01	-4.872945e-01	-4.732797e-01	6.107571e-02	6.107571e-02	-1.598986e-02	5.898495e+00
1.739130e-01	-4.876382e-01	-4.876136e-01	-4.736366e-01	6.141054e-02	6.141054e-02	-1.588325e-02	5.854928e+00
1.724138e-01	-4.879506e-01	-4.879257e-01	-4.739859e-01	6.174154e-02	6.174154e-02	-1.577818e-02	5.811212e+00
1.709402e-01	-4.882561e-01	-4.882310e-01	-4.743279e-01	6.206869e-02	6.206869e-02	-1.567466e-02	5.767353e+00
1.694915e-01	-4.885549e-01	-4.885295e-01	-4.746627e-01	6.239202e-02	6.239202e-02	-1.557268e-02	5.723360e+00
1.680672e-01	-4.888472e-01	-4.888215e-01	-4.749904e-01	6.271150e-02	6.271150e-02	-1.547225e-02	5.679240e+00
1.666667e-01	-4.891331e-01	-4.891071e-01	-4.753111e-01	6.302715e-02	6.302715e-02	-1.537336e-02	5.635001e+00
1.652893e-01	-4.894127e-01	-4.893864e-01	-4.756251e-01	6.333898e-02	6.333898e-02	-1.527601e-02	5.590651e+00
1.639344e-01	-4.896861e-01	-4.896597e-01	-4.759324e-01	6.364699e-02	6.364699e-02	-1.518020e-02	5.546199e+00
1.626016e-01	-4.899536e-01	-4.899269e-01	-4.762332e-01	6.395118e-02	6.395118e-02	-1.508591e-02	5.501653e+00
1.612903e-01	-4.902152e-01	-4.901882e-01	-4.765276e-01	6.425158e-02	6.425158e-02	-1.499316e-02	5.457022e+00
1.600000e-01	-4.904711e-01	-4.904439e-01	-4.768158e-01	6.454818e-02	6.454818e-02	-1.490191e-02	5.412315e+00
1.587302e-01	-4.907213e-01	-4.906939e-01	-4.770978e-01	6.484101e-02	6.484101e-02	-1.481218e-02	5.367540e+00
1.574803e-01	-4.909661e-01	-4.909384e-01	-4.773738e-01	6.513008e-02	6.513008e-02	-1.472394e-02	5.322707e+00
1.562500e-01	-4.912055e-01	-4.911776e-01	-4.776440e-01	6.541540e-02	6.541540e-02	-1.463719e-02	5.277826e+00
1.550388e-01	-4.914397e-01	-4.914116e-01	-4.779084e-01	6.569699e-02	6.569699e-02	-1.455191e-02	5.232905e+00
1.538462e-01	-4.916687e-01	-4.916404e-01	-4.781672e-01	6.597487e-02	6.597487e-02	-1.446810e-02	5.187954e+00
1.526718e-01	-4.918927e-01	-4.918642e-01	-4.784204e-01	6.624906e-02	6.624906e-02	-1.438573e-02	5.142982e+00
1.515152e-01	-4.921118e-01	-4.920831e-01	-4.786682e-01	6.651958e-02	6.651958e-02	-1.430481e-02	5.097999e+00
1.503759e-01	-4.923261e-01	-4.922972e-01	-4.789108e-01	6.678644e-02	6.678644e-02	-1.422531e-02	5.053014e+00
1.492537e-01	-4.925357e-01	-4.925065e-01	-4.791481e-01	6.704968e-02	6.704968e-02	-1.414721e-02	5.008036e+00
1.481481e-01	-4.927407e-01	-4.927113e-01	-4.793804e-01	6.730932e-02	6.730932e-02	-1.407051e-02	4.963076e+00
1.470588e-01	-4.929412e-01	-4.929117e-01	-4.796076e-01	6.756538e-02	6.756538e-02	-1.399519e-02	4.918142e+00
1.459854e-01	-4.931373e-01	-4.931076e-01	-4.798301e-01	6.781788e-02	6.781788e-02	-1.392123e-02	4.873244e+00
1.449275e-01	-4.933291e-01	-4.932992e-01	-4.800477e-01	6.806685e-02	6.806685e-02	-1.384862e-02	4.828391e+00
1.438849e-01	-4.935167e-01	-4.934866e-01	-4.802607e-01	6.831232e-02	6.831232e-02	-1.377734e-02	4.783592e+00
1.428571e-01	-4.937002e-01	-4.936699e-01	-4.804691e-01	6.855431e-02	6.855431e-02	-1.370738e-02	4.738857e+00
1.418440e-01	-4.938796e-01	-4.938492e-01	-4.806730e-01	6.879286e-02	6.879286e-02	-1.363871e-02	4.694195e+00
1.408451e-01	-4.940552e-01	-4.940245e-01	-4.808725e-01	6.902799e-02	6.902799e-02	-1.357132e-02	4.649615e+00
1.398601e-01	-4.942268e-01	-4.941960e-01	-4.810677e-01	6.925973e-02	6.925973e-02	-1.350519e-02	4.605125e+00
1.388889e-01	-4.943947e-01	-4.943637e-01	-4.812587e-01	6.948811e-02	6.948811e-02	-1.344031e-02	4.560735e+00
1.379310e-01	-4.945589e-01	-4.945278e-01	-4.814456e-01	6.971316e-02	6.971316e-02	-1.337666e-02	4.516453e+00
1.369863e-01	-4.947195e-01	-4.946882e-01	-4.816285e-01	6.993491e-02	6.993491e-02	-1.331422e-02	4.472288e+00
1.360544e-01	-4.948766e-01	-4.948452e-01	-4.818074e-01	7.015340e-02	7.015340e-02	-1.325297e-02	4.428247e+00
1.351351e-01	-4.950303e-01	-4.949986e-01	-4.819825e-01	7.036865e-02	7.036865e-02	-1.319289e-02	4.384339e+00
1.342282e-01	-4.951805e-01	-4.951488e-01	-4.821538e-01	7.058070e-02	7.058070e-02	-1.313397e-02	4.340573e+00
1.333333e-01	-4.953275e-01	-4.952956e-01	-4.823214e-01	7.078957e-02	7.078957e-02	-1.307619e-02	4.296956e+00
1.324503e-01	-4.954712e-01	-4.954392e-01	-4.824853e-01	7.099530e-02	7.099530e-02	-1.301954e-02	4.253495e+00
1.315789e-01	-4.956118e-01	-4.955796e-01	-4.826457e-01	7.119793e-02	7.119793e-02	-1.296398e-02	4.210199e+00
1.307190e-01	-4.957493e-01	-4.957170e-01	-4.828027e-01	7.139749e-02	7.139749e-02	-1.290951e-02	4.167075e+00
1.298701e-01	-4.958838e-01	-4.958513e-01	-4.829562e-01	7.159400e-02	7.159400e-02	-1.285612e-02	4.124129e+00
1.290323e-01	-4.960153e-01	-4.959827e-01	-4.831064e-01	7.178751e-02	7.178751e-02	-1.280377e-02	4.081369e+00
1.282051e-01	-4.961440e-01	-4.961113e-01	-4.832534e-01	7.197805e-02	7.197805e-02	-1.275246e-02	4.038802e+00
1.273885e-01	-4.962698e-01	-4.962370e-01	-4.833971e-01	7.216564e-02	7.216564e-02	-1.270216e-02	3.996434e+00
1.265823e-01	-4.963929e-01	-4.963599e-01	-4.835378e-01	7.235033e-02	7.235033e-02	-1.265286e-02	3.954271e+00
1.257862e-01	-4.965132e-01	-4.964802e-01	-4.836754e-01	7.253215e-02	7.253215e-02	-1.260454e-02	3.912320e+00
1.250000e-01	-4.966310e-01	-4.965978e-01	-4.838100e-01	7.271113e-02	7.271113e-02	-1.255719e-02	3.870587e+00
1.242236e-01	-4.967461e-01	-4.967128e-01	-4.839417e-01	7.288731e-02	7.288731e-02	-1.251079e-02	3.829077e+00
1.234568e-01	-4.968587e-01	-4.968253e-01	-4.840705e-01	7.306071e-02	7.306071e-02	-1.246532e-02	3.787797e+00
1.226994e-01	-4.969689e-01	-4.969354e-01	-4.841966e-01	7.323138e-02	7.323138e-02	-1.242076e-02	3.746750e+00
1.219512e-01	-4.970766e-01	-4.970430e-01	-4.843199e-01	7.339935e-02	7.339935e-02	-1.237710e-02	3.705944e+00
1.212121e-01	-4.971820e-01	-4.971483e-01	-4.844405e-01	7.356465e-02	7.356465e-02	-1.233432e-02	3.665382e+00
1.204819e-01	-4.972851e-01	-4.972512e-01	-4.845585e-01	7.372732e-02	7.372732e-02	-1.229241e-02	3.625069e+00
1.197605e-01	-4.973859e-01	-4.973520e-01	-4.846739e-01	7.388738e-02	7.388738e-02	-1.225135e-02	3.585011e+00
1.190476e-01	-4.974845e-01	-4.974505e-01	-4.847869e-01	7.404488e-02	7.404488e-02	-1.221113e-02	3.545210e+00
1.183432e-01	-4.975810e-01	-4.975468e-01	-4.848973e-01	7.419985e-02	7.419985e-02	-1.217172e-02	3.505672e+00
1.176471e-01	-4.976753e-01	-4.976411e-01	-4.850054e-01	7.435231e-02	7.435231e-02	-1.213312e-02	3.466400e+00
1.169591e-01	-4.977676e-01	-4.977333e-01	-4.851111e-01	7.450231e-02	7.450231e-02	-1.209531e-02	3.427399e+00
1.162791e-01	-4.978579e-01	-4.978235e-01	-4.852146e-01	7.464987e-02	7.464987e-02	-1.205827e-02	3.388671e+00
1.156069e-01	-4.979462e-01	-4.979117e-01	-4.853158e-01	7.479504e-02	7.479504e-02	-1.202199e-02	3.350220e+00
1.149425e-01	-4.980326e-01	-4.979979e-01	-4.854148e-01	7.493784e-02	7.493784e-02	-1.198645e-02	3.312049e+00
1.142857e-01	-4.981171e-01	-4.980823e-01	-4.855116e-01	7.507830e-02	7.507830e-02	-1.195164e-02	3.274162e+00
1.136364e-01	-4.981997e-01	-4.981649e-01	-4.856063e-01	7.521645e-02	7.521645e-02	-1.191755e-02	3.236561e+00
1.129944e-01	-4.982805e-01	-4.982457e-01	-4.856990e-01	7.535234e-02	7.535234e-02	-1.188417e-02	3.199248e+00
1.123596e-01	-4.983596e-01	-4.983246e-01	-4.857897e-01	7.548599e-02	7.548599e-02	-1.185147e-02	3.162227e+00
1.117318e-01	-4.984370e-01	-4.984019e-01	-4.858783e-01	7.561743e-02	7.561743e-02	-1.181944e-02	3.125499e+00
1.111111e-01	-4.985126e-01	-4.984775e-01	-4.859651e-01	7.574670e-02	7.574670e-02	-1.178808e-02	3.089067e+00
1.104972e-01	-4.985866e-01	-4.985515e-01	-4.860500e-01	7.587382e-02	7.587382e-02	-1.175737e-02	3.052932e+00
1.098901e-01	-4.986591e-01	-4.986238e-01	-4.861330e-01	7.599883e-02	7.599883e-02	-1.172729e-02	3.017096e+00
1.092896e-01	-4.987299e-01	-4.986946e-01	-4.862143e-01	7.612176e-02	7.612176e-02	-1.169783e-02	2.981562e+00
1.086957e-01	-4.987992e-01	-4.987638e-01	-4.862938e-01	7.624263e-02	7.624263e-02	-1.166899e-02	2.946329e+00
1.081081e-01	-4.988670e-01	-4.988315e-01	-4.863715e-01	7.636149e-02	7.636149e-02	-1.164075e-02	2.911401e+00
1.075269e-01	-4.989333e-01	-4.988977e-01	-4.864476e-01	7.647835e-02	7.647835e-02	-1.161309e-02	2.876777e+00
1.069519e-01	-4.989982e-01	-4.989626e-01	-4.865220e-01	7.659325e-02	7.659325e-02	-1.158600e-02	2.842458e+00
1.063830e-01	-4.990616e-01	-4.990260e-01	-4.865948e-01	7.670621e-02	7.670621e-02	-1.155948e-02	2.808447e+00
1.058201e-01	-4.991237e-01	-4.990880e-01	-4.866660e-01	7.681728e-02	7.681728e-02	-1.153352e-02	2.774742e+00
1.052632e-01	-4.991845e-01	-4.991487e-01	-4.867357e-01	7.692646e-02	7.692646e-02	-1.150809e-02	2.741346e+00
1.047120e-01	-4.992439e-01	-4.992081e-01	-4.868039e-01	7.703380e-02	7.703380e-02	-1.148319e-02	2.708258e+00
1.041667e-01	-4.993021e-01	-4.992661e-01	-4.868706e-01	7.713933e-02	7.713933e-02	-1.145881e-02	2.675479e+00
1.036269e-01	-4.993590e-01	-4.993230e-01	-4.869359e-01	7.724306e-02	7.724306e-02	-1.143494e-02	2.643009e+00
1.030928e-01	-4.994146e-01	-4.993786e-01	-4.869997e-01	7.734503e-02	7.734503e-02	-1.141156e-02	2.610848e+00
1.025641e-01	-4.994691e-01	-4.994330e-01	-4.870622e-01	7.744526e-02	7.744526e-02	-1.138868e-02	2.578995e+00
1.020408e-01	-4.995224e-01	-4.994862e-01	-4.871233e-01	7.754379e-02	7.754379e-02	-1.136627e-02	2.547452e+00
1.015228e-01	-4.995745e-01	-4.995383e-01	-4.871831e-01	7.764063e-02	7.764063e-02	-1.134432e-02	2.516217e+00
1.010101e-01	-4.996255e-01	-4.995893e-01	-4.872416e-01	7.773582e-02	7.773582e-02	-1.132284e-02	2.485290e+00
1.005025e-01	-4.996755e-01	-4.996391e-01	-4.872989e-01	7.782938e-02	7.782938e-02	-1.130180e-02	2.454671e+00
1.000000e-01	-4.997243e-01	-4.996879e-01	-4.873549e-01	7.792134e-02	7.792134e-02	-1.128121e-02	2.424359e+00
9.950249e-02	-4.997721e-01	-4.997357e-01	-4.874097e-01	7.801171e-02	7.801171e-02	-1.126104e-02	2.394353e+00
9.900990e-02	-4.998189e-01	-4.997824e-01	-4.874633e-01	7.810054e-02	7.810054e-02	-1.124129e-02	2.364654e+00
9.852217e-02	-4.998646e-01	-4.998281e-01	-4.875158e-01	7.818783e-02	7.818783e-02	-1.122196e-02	2.335259e+00
9.803922e-02	-4.999094e-01	-4.998728e-01	-4.875672e-01	7.827362e-02	7.827362e-02	-1.120303e-02	2.306168e+00
9.756098e-02	-4.999532e-01	-4.999166e-01	-4.876174e-01	7.835793e-02	7.835793e-02	-1.118449e-02	2.277380e+00
9.708738e-02	-4.999961e-01	-4.999594e-01	-4.876666e-01	7.844079e-02	7.844079e-02	-1.116634e-02	2.248894e+00
9.661836e-02	-5.000381e-01	-5.000014e-01	-4.877147e-01	7.852221e-02	7.852221e-02	-1.114857e-02	2.220708e+00
9.615385e-02	-5.000791e-01	-5.000424e-01	-4.877618e-01	7.860223e-02	7.860223e-02	-1.113117e-02	2.192822e+00
9.569378e-02	-5.001193e-01	-5.000825e-01	-4.878078e-01	7.868085e-02	7.868085e-02	-1.111414e-02	2.165234e+00
9.523810e-02	-5.001587e-01	-5.001218e-01	-4.878529e-01	7.875812e-02	7.875812e-02	-1.109745e-02	2.137943e+00
9.478673e-02	-5.001972e-01	-5.001603e-01	-4.878970e-01	7.883404e-02	7.883404e-02	-1.108112e-02	2.110947e+00
9.433962e-02	-5.002348e-01	-5.001979e-01	-4.879402e-01	7.890864e-02	7.890864e-02	-1.106513e-02	2.084245e+00
9.389671e-02	-5.002717e-01	-5.002347e-01	-4.879825e-01	7.898195e-02	7.898195e-02	-1.104947e-02	2.057836e+00
9.345794e-02	-5.003078e-01	-5.002708e-01	-4.880238e-01	7.905398e-02	7.905398e-02	-1.103413e-02	2.031717e+00
9.302326e-02	-5.003431e-01	-5.003061e-01	-4.880643e-01	7.912475e-02	7.912475e-02	-1.101912e-02	2.005887e+00
9.259259e-02	-5.003777e-01	-5.003406e-01	-4.881039e-01	7.919429e-02	7.919429e-02	-1.100442e-02	1.980344e+00
9.216590e-02	-5.004115e-01	-5.003744e-01	-4.881426e-01	7.926262e-02	7.926262e-02	-1.099002e-02	1.955087e+00
9.174312e-02	-5.004446e-01	-5.004075e-01	-4.881805e-01	7.932975e-02	7.932975e-02	-1.097592e-02	1.930114e+00
9.132420e-02	-5.004770e-01	-5.004399e-01	-4.882177e-01	7.939571e-02	7.939571e-02	-1.096212e-02	1.905422e+00
9.090909e-02	-5.005088e-01	-5.004715e-01	-4.882540e-01	7.946051e-02	7.946051e-02	-1.094860e-02	1.881011e+00
9.049774e-02	-5.005398e-01	-5.005026e-01	-4.882896e-01	7.952418e-02	7.952418e-02	-1.093537e-02	1.856878e+00
9.009009e-02	-5.005702e-01	-5.005329e-01	-4.883244e-01	7.958673e-02	7.958673e-02	-1.092241e-02	1.833021e+00
8.968610e-02	-5.006000e-01	-5.005627e-01	-4.883584e-01	7.964819e-02	7.964819e-02	-1.090972e-02	1.809438e+00
8.928571e-02	-5.006291e-01	-5.005918e-01	-4.883918e-01	7.970857e-02	7.970857e-02	-1.089729e-02	1.786128e+00
8.888889e-02	-5.006576e-01	-5.006202e-01	-4.884244e-01	7.976788e-02	7.976788e-02	-1.088512e-02	1.763087e+00
8.849558e-02	-5.006855e-01	-5.006481e-01	-4.884563e-01	7.982616e-02	7.982616e-02	-1.087320e-02	1.740315e+00
8.810573e-02	-5.007129e-01	-5.006754e-01	-4.884876e-01	7.988341e-02	7.988341e-02	-1.086153e-02	1.717809e+00
8.771930e-02	-5.007396e-01	-5.007022e-01	-4.885182e-01	7.993965e-02	7.993965e-02	-1.085010e-02	1.695566e+00
8.733624e-02	-5.007658e-01	-5.007283e-01	-4.885482e-01	7.999490e-02	7.999490e-02	-1.083890e-02	1.673586e+00
8.695652e-02	-5.007915e-01	-5.007539e-01	-4.885775e-01	8.004918e-02	8.004918e-02	-1.082794e-02	1.651864e+00
8.658009e-02	-5.008166e-01	-5.007790e-01	-4.886062e-01	8.010251e-02	8.010251e-02	-1.081721e-02	1.630401e+00
8.620690e-02	-5.008411e-01	-5.008036e-01	-4.886343e-01	8.015489e-02	8.015489e-02	-1.080669e-02	1.609192e+00
8.583691e-02	-5.008652e-01	-5.008276e-01	-4.886618e-01	8.020635e-02	8.020635e-02	-1.079640e-02	1.588237e+00
8.547009e-02	-5.008888e-01	-5.008511e-01	-4.886888e-01	8.025690e-02	8.025690e-02	-1.078631e-02	1.567532e+00
8.510638e-02	-5.009118e-01	-5.008742e-01	-4.887151e-01	8.030655e-02	8.030655e-02	-1.077644e-02	1.547076e+00
8.474576e-02	-5.009344e-01	-5.008968e-01	-4.887409e-01	8.035533e-02	8.035533e-02	-1.076676e-02	1.526867e+00
8.438819e-02	-5.009565e-01	-5.009188e-01	-4.887662e-01	8.040325e-02	8.040325e-02	-1.075729e-02	1.506901e+00
8.403361e-02	-5.009782e-01	-5.009405e-01	-4.887909e-01	8.045032e-02	8.045032e-02	-1.074801e-02	1.487178e+00
8.368201e-02	-5.009994e-01	-5.009617e-01	-4.888152e-01	8.049655e-02	8.049655e-02	-1.073892e-02	1.467694e+00
8.333333e-02	-5.010202e-01	-5.009824e-01	-4.888389e-01	8.054197e-02	8.054197e-02	-1.073002e-02	1.448447e+00
8.298755e-02	-5.010405e-01	-5.010027e-01	-4.888621e-01	8.058658e-02	8.058658e-02	-1.072130e-02	1.429435e+00
8.264463e-02	-5.010604e-01	-5.010226e-01	-4.888848e-01	8.063040e-02	8.063040e-02	-1.071276e-02	1.410657e+00
8.230453e-02	-5.010799e-01	-5.010421e-01	-4.889071e-01	8.067345e-02	8.067345e-02	-1.070440e-02	1.392108e+00
8.196721e-02	-5.010990e-01	-5.010612e-01	-4.889289e-01	8.071573e-02	8.071573e-02	-1.069621e-02	1.373788e+00
8.163265e-02	-5.011177e-01	-5.010798e-01	-4.889502e-01	8.075726e-02	8.075726e-02	-1.068818e-02	1.355695e+00
8.130081e-02	-5.011360e-01	-5.010981e-01	-4.889711e-01	8.079806e-02	8.079806e-02	-1.068032e-02	1.337824e+00
8.097166e-02	-5.011539e-01	-5.011160e-01	-4.889916e-01	8.083813e-02	8.083813e-02	-1.067262e-02	1.320176e+00
8.064516e-02	-5.011715e-01	-5.011336e-01	-4.890116e-01	8.087749e-02	8.087749e-02	-1.066508e-02	1.302746e+00
8.032129e-02	-5.011887e-01	-5.011508e-01	-4.890312e-01	8.091615e-02	8.091615e-02	-1.065769e-02	1.285534e+00
8.000000e-02	-5.012056e-01	-5.011676e-01	-4.890504e-01	8.095412e-02	8.095412e-02	-1.065045e-02	1.268536e+00
7.968127e-02	-5.012221e-01	-5.011841e-01	-4.890692e-01	8.099142e-02	8.099142e-02	-1.064336e-02	1.251751e+00
7.936508e-02	-5.012382e-01	-5.012002e-01	-4.890876e-01	8.102806e-02	8.102806e-02	-1.063641e-02	1.235176e+00
7.905138e-02	-5.012541e-01	-5.012160e-01	-4.891057e-01	8.106404e-02	8.106404e-02	-1.062961e-02	1.218809e+00
7.874016e-02	-5.012696e-01	-5.012315e-01	-4.891234e-01	8.109938e-02	8.109938e-02	-1.062294e-02	1.202648e+00
7.843137e-02	-5.012847e-01	-5.012467e-01	-4.891407e-01	8.113410e-02	8.113410e-02	-1.061641e-02	1.186691e+00
7.812500e-02	-5.012996e-01	-5.012615e-01	-4.891576e-01	8.116820e-02	8.116820e-02	-1.061001e-02	1.170935e+00
7.782101e-02	-5.013142e-01	-5.012761e-01	-4.891742e-01	8.120169e-02	8.120169e-02	-1.060375e-02	1.155378e+00
7.751938e-02	-5.013285e-01	-5.012904e-01	-4.891904e-01	8.123458e-02	8.123458e-02	-1.059760e-02	1.140018e+00
7.722008e-02	-5.013424e-01	-5.013043e-01	-4.892064e-01	8.126689e-02	8.126689e-02	-1.059159e-02	1.124853e+00
7.692308e-02	-5.013561e-01	-5.013180e-01	-4.892220e-01	8.129862e-02	8.129862e-02	-1.058569e-02	1.109881e+00
7.662835e-02	-5.013696e-01	-5.013314e-01	-4.892372e-01	8.132979e-02	8.132979e-02	-1.057992e-02	1.095099e+00
7.633588e-02	-5.013827e-01	-5.013445e-01	-4.892522e-01	8.136040e-02	8.136040e-02	-1.057426e-02	1.080506e+00
7.604563e-02	-5.013956e-01	-5.013574e-01	-4.892668e-01	8.139047e-02	8.139047e-02	-1.056871e-02	1.066099e+00
7.575758e-02	-5.014082e-01	-5.013700e-01	-4.892812e-01	8.142000e-02	8.142000e-02	-1.056328e-02	1.051877e+00
7.547170e-02	-5.014205e-01	-5.013823e-01	-4.892952e-01	8.144900e-02	8.144900e-02	-1.055796e-02	1.037836e+00
7.518797e-02	-5.014326e-01	-5.013944e-01	-4.893090e-01	8.147749e-02	8.147749e-02	-1.055274e-02	1.023975e+00
7.490637e-02	-5.014445e-01	-5.014063e-01	-4.893225e-01	8.150546e-02	8.150546e-02	-1.054763e-02	1.010293e+00
7.462687e-02	-5.014561e-01	-5.014179e-01	-4.893357e-01	8.153294e-02	8.153294e-02	-1.054262e-02	9.967862e-01
7.434944e-02	-5.014675e-01	-5.014293e-01	-4.893486e-01	8.155993e-02	8.155993e-02	-1.053771e-02	9.834534e-01
7.407407e-02	-5.014787e-01	-5.014404e-01	-4.893613e-01	8.158644e-02	8.158644e-02	-1.053290e-02	9.702924e-01
7.380074e-02	-5.014896e-01	-5.014513e-01	-4.893737e-01	8.161247e-02	8.161247e-02	-1.052819e-02	9.573013e-01
7.352941e-02	-5.015003e-01	-5.014620e-01	-4.893859e-01	8.163804e-02	8.163804e-02	-1.052357e-02	9.444781e-01
7.326007e-02	-5.015108e-01	-5.014725e-01	-4.893978e-01	8.166316e-02	8.166316e-02	-1.051905e-02	9.318207e-01
7.299270e-02	-5.015211e-01	-5.014828e-01	-4.894095e-01	8.168782e-02	8.168782e-02	-1.051461e-02	9.193273e-01
7.272727e-02	-5.015312e-01	-5.014928e-01	-4.894209e-01	8.171205e-02	8.171205e-02	-1.051026e-02	9.069959e-01
7.246377e-02	-5.015410e-01	-5.015027e-01	-4.894321e-01	8.173584e-02	8.173584e-02	-1.050600e-02	8.948245e-01
7.220217e-02	-5.015507e-01	-5.015124e-01	-4.894431e-01	8.175921e-02	8.175921e-02	-1.050183e-02	8.828112e-01
7.194245e-02	-5.015602e-01	-5.015218e-01	-4.894538e-01	8.178216e-02	8.178216e-02	-1.049774e-02	8.709542e-01
7.168459e-02	-5.015695e-01	-5.015311e-01	-4.894644e-01	8.180470e-02	8.180470e-02	-1.049373e-02	8.592516e-01
7.142857e-02	-5.015786e-01	-5.015402e-01	-4.894747e-01	8.182683e-02	8.182683e-02	-1.048980e-02	8.477015e-01
7.117438e-02	-5.015875e-01	-5.015491e-01	-4.894848e-01	8.184858e-02	8.184858e-02	-1.048595e-02	8.363021e-01
7.092199e-02	-5.015962e-01	-5.015578e-01	-4.894947e-01	8.186993e-02	8.186993e-02	-1.048217e-02	8.250515e-01
7.067138e-02	-5.016048e-01	-5.015664e-01	-4.895044e-01	8.189090e-02	8.189090e-02	-1.047847e-02	8.139480e-01
7.042254e-02	-5.016132e-01	-5.015748e-01	-4.895140e-01	8.191150e-02	8.191150e-02	-1.047484e-02	8.029897e-01
7.017544e-02	-5.016214e-01	-5.015830e-01	-4.895233e-01	8.193173e-02	8.193173e-02	-1.047129e-02	7.921749e-01
6.993007e-02	-5.016295e-01	-5.015910e-01	-4.895324e-01	8.195160e-02	8.195160e-02	-1.046780e-02	7.815018e-01
6.968641e-02	-5.016374e-01	-5.015989e-01	-4.895414e-01	8.197111e-02	8.197111e-02	-1.046439e-02	7.709687e-01
6.944444e-02	-5.016451e-01	-5.016067e-01	-4.895501e-01	8.199028e-02	8.199028e-02	-1.046104e-02	7.605738e-01
6.920415e-02	-5.016527e-01	-5.016143e-01	-4.895587e-01	8.200910e-02	8.200910e-02	-1.045776e-02	7.503155e-01
6.896552e-02	-5.016602e-01	-5.016217e-01	-4.895672e-01	8.202758e-02	8.202758e-02	-1.045454e-02	7.401920e-01
6.872852e-02	-5.016675e-01	-5.016290e-01	-4.895754e-01	8.204574e-02	8.204574e-02	-1.045139e-02	7.302017e-01
6.849315e-02	-5.016746e-01	-5.016361e-01	-4.895835e-01	8.206357e-02	8.206357e-02	-1.044830e-02	7.203429e-01
6.825939e-02	-5.016816e-01	-5.016431e-01	-4.895914e-01	8.208108e-02	8.208108e-02	-1.044527e-02	7.106140e-01
6.802721e-02	-5.016885e-01	-5.016500e-01	-4.895992e-01	8.209828e-02	8.209828e-02	-1.044230e-02	7.010133e-01
6.779661e-02	-5.016952e-01	-5.016567e-01	-4.896068e-01	8.211517e-02	8.211517e-02	-1.043938e-02	6.915394e-01
6.756757e-02	-5.017018e-01	-5.016633e-01	-4.896143e-01	8.213176e-02	8.213176e-02	-1.043653e-02	6.821905e-01
6.734007e-02	-5.017083e-01	-5.016698e-01	-4.896216e-01	8.214806e-02	8.214806e-02	-1.043373e-02	6.729650e-01
6.711409e-02	-5.017146e-01	-5.016761e-01	-4.896288e-01	8.216406e-02	8.216406e-02	-1.043098e-02	6.638616e-01
6.688963e-02	-5.017208e-01	-5.016823e-01	-4.896358e-01	8.217978e-02	8.217978e-02	-1.042829e-02	6.548785e-01
6.666667e-02	-5.017269e-01	-5.016884e-01	-4.896427e-01	8.219521e-02	8.219521e-02	-1.042566e-02	6.460144e-01
6.644518e-02	-5.017329e-01	-5.016943e-01	-4.896494e-01	8.221037e-02	8.221037e-02	-1.042307e-02	6.372676e-01
6.622517e-02	-5.017388e-01	-5.017002e-01	-4.896561e-01	8.222526e-02	8.222526e-02	-1.042053e-02	6.286367e-01
6.600660e-02	-5.017445e-01	-5.017059e-01	-4.896625e-01	8.223988e-02	8.223988e-02	-1.041805e-02	6.201202e-01
6.578947e-02	-5.017501e-01	-5.017115e-01	-4.896689e-01	8.225425e-02	8.225425e-02	-1.041561e-02	6.117168e-01
6.557377e-02	-5.017556e-01	-5.017171e-01	-4.896751e-01	8.226835e-02	8.226835e-02	-1.041322e-02	6.034248e-01
6.535948e-02	-5.017610e-01	-5.017225e-01	-4.896812e-01	8.228220e-02	8.228220e-02	-1.041088e-02	5.952430e-01
6.514658e-02	-5.017663e-01	-5.017278e-01	-4.896872e-01	8.229581e-02	8.229581e-02	-1.040858e-02	5.871698e-01
6.493506e-02	-5.017715e-01	-5.017329e-01	-4.896931e-01	8.230917e-02	8.230917e-02	-1.040633e-02	5.792040e-01
6.472492e-02	-5.017766e-01	-5.017380e-01	-4.896988e-01	8.232230e-02	8.232230e-02	-1.040412e-02	5.713442e-01
6.451613e-02	-5.017816e-01	-5.017430e-01	-4.897045e-01	8.233518e-02	8.233518e-02	-1.040195e-02	5.635889e-01
6.430868e-02	-5.017865e-01	-5.017479e-01	-4.897100e-01	8.234784e-02	8.234784e-02	-1.039983e-02	5.559368e-01
6.410256e-02	-5.017913e-01	-5.017527e-01	-4.897154e-01	8.236028e-02	8.236028e-02	-1.039775e-02	5.483867e-01
6.389776e-02	-5.017961e-01	-5.017574e-01	-4.897207e-01	8.237249e-02	8.237249e-02	-1.039570e-02	5.409372e-01
6.369427e-02	-5.018007e-01	-5.017620e-01	-4.897259e-01	8.238448e-02	8.238448e-02	-1.039370e-02	5.335870e-01
6.349206e-02	-5.018052e-01	-5.017666e-01	-4.897310e-01	8.239626e-02	8.239626e-02	-1.039174e-02	5.263348e-01
6.329114e-02	-5.018096e-01	-5.017710e-01	-4.897360e-01	8.240783e-02	8.240783e-02	-1.038981e-02	5.191794e-01
6.309148e-02	-5.018140e-01	-5.017753e-01	-4.897410e-01	8.241919e-02	8.241919e-02	-1.038792e-02	5.121195e-01
6.289308e-02	-5.018183e-01	-5.017796e-01	-4.897458e-01	8.243035e-02	8.243035e-02	-1.038607e-02	5.051538e-01
6.269592e-02	-5.018224e-01	-5.017838e-01	-4.897505e-01	8.244131e-02	8.244131e-02	-1.038425e-02	4.982812e-01
6.250000e-02	-5.018266e-01	-5.017879e-01	-4.897551e-01	8.245207e-02	8.245207e-02	-1.038247e-02	4.915005e-01
6.230530e-02	-5.018306e-01	-5.017919e-01	-4.897596e-01	8.246264e-02	8.246264e-02	-1.038072e-02	4.848104e-01
6.211180e-02	-5.018345e-01	-5.017959e-01	-4.897641e-01	8.247302e-02	8.247302e-02	-1.037901e-02	4.782098e-01
6.191950e-02	-5.018384e-01	-5.017997e-01	-4.897684e-01	8.248322e-02	8.248322e-02	-1.037733e-02	4.716975e-01
6.172840e-02	-5.018422e-01	-5.018035e-01	-4.897727e-01	8.249324e-02	8.249324e-02	-1.037568e-02	4.652724e-01
6.153846e-02	-5.018459e-01	-5.018072e-01	-4.897769e-01	8.250307e-02	8.250307e-02	-1.037407e-02	4.589333e-01
6.134969e-02	-5.018496e-01	-5.018109e-01	-4.897810e-01	8.251273e-02	8.251273e-02	-1.037248e-02	4.526791e-01
6.116208e-02	-5.018531e-01	-5.018144e-01	-4.897850e-01	8.252222e-02	8.252222e-02	-1.037093e-02	4.465087e-01
6.097561e-02	-5.018567e-01	-5.018180e-01	-4.897890e-01	8.253154e-02	8.253154e-02	-1.036940e-02	4.404210e-01
6.079027e-02	-5.018601e-01	-5.018214e-01	-4.897929e-01	8.254070e-02	8.254070e-02	-1.036790e-02	4.344149e-01
6.060606e-02	-5.018635e-01	-5.018248e-01	-4.897967e-01	8.254969e-02	8.254969e-02	-1.036644e-02	4.284894e-01
6.042296e-02	-5.018668e-01	-5.018281e-01	-4.898004e-01	8.255852e-02	8.255852e-02	-1.036500e-02	4.226434e-01
6.024096e-02	-5.018700e-01	-5.018313e-01	-4.898040e-01	8.256719e-02	8.256719e-02	-1.036359e-02	4.168758e-01
6.006006e-02	-5.018732e-01	-5.018345e-01	-4.898076e-01	8.257570e-02	8.257570e-02	-1.036220e-02	4.111857e-01
5.988024e-02	-5.018763e-01	-5.018376e-01	-4.898111e-01	8.258407e-02	8.258407e-02	-1.036084e-02	4.055720e-01
5.970149e-02	-5.018794e-01	-5.018407e-01	-4.898146e-01	8.259229e-02	8.259229e-02	-1.035951e-02	4.000337e-01
5.952381e-02	-5.018824e-01	-5.018437e-01	-4.898179e-01	8.260035e-02	8.260035e-02	-1.035820e-02	3.945698e-01
5.934718e-02	-5.018854e-01	-5.018466e-01	-4.898212e-01	8.260828e-02	8.260828e-02	-1.035692e-02	3.891793e-01
5.917160e-02	-5.018882e-01	-5.018495e-01	-4.898245e-01	8.261606e-02	8.261606e-02	-1.035566e-02	3.838614e-01
5.899705e-02	-5.018911e-01	-5.018523e-01	-4.898277e-01	8.262371e-02	8.262371e-02	-1.035443e-02	3.786149e-01
5.882353e-02	-5.018939e-01	-5.018551e-01	-4.898308e-01	8.263122e-02	8.263122e-02	-1.035322e-02	3.734391e-01
5.865103e-02	-5.018966e-01	-5.018578e-01	-4.898339e-01	8.263860e-02	8.263860e-02	-1.035203e-02	3.683329e-01
5.847953e-02	-5.018993e-01	-5.018605e-01	-4.898369e-01	8.264584e-02	8.264584e-02	-1.035087e-02	3.632954e-01
5.830904e-02	-5.019019e-01	-5.018631e-01	-4.898398e-01	8.265295e-02	8.265295e-02	-1.034973e-02	3.583257e-01
5.813953e-02	-5.019045e-01	-5.018657e-01	-4.898427e-01	8.265994e-02	8.265994e-02	-1.034860e-02	3.534230e-01
5.797101e-02	-5.019070e-01	-5.018682e-01	-4.898455e-01	8.266681e-02	8.266681e-02	-1.034750e-02	3.485863e-01
5.780347e-02	-5.019095e-01	-5.018707e-01	-4.898483e-01	8.267355e-02	8.267355e-02	-1.034643e-02	3.438148e-01
5.763689e-02	-5.019119e-01	-5.018731e-01	-4.898510e-01	8.268017e-02	8.268017e-02	-1.034537e-02	3.391077e-01
5.747126e-02	-5.019143e-01	-5.018755e-01	-4.898537e-01	8.268667e-02	8.268667e-02	-1.034433e-02	3.344639e-01
5.730659e-02	-5.019166e-01	-5.018779e-01	-4.898563e-01	8.269306e-02	8.269306e-02	-1.034331e-02	3.298828e-01
5.714286e-02	-5.019189e-01	-5.018801e-01	-4.898589e-01	8.269933e-02	8.269933e-02	-1.034231e-02	3.253635e-01
5.698006e-02	-5.019212e-01	-5.018824e-01	-4.898614e-01	8.270549e-02	8.270549e-02	-1.034133e-02	3.209052e-01
5.681818e-02	-5.019234e-01	-5.018846e-01	-4.898639e-01	8.271155e-02	8.271155e-02	-1.034037e-02	3.165070e-01
5.665722e-02	-5.019255e-01	-5.018868e-01	-4.898663e-01	8.271749e-02	8.271749e-02	-1.033942e-02	3.121683e-01
5.649718e-02	-5.019277e-01	-5.018889e-01	-4.898687e-01	8.272333e-02	8.272333e-02	-1.033850e-02	3.078880e-01
5.633803e-02	-5.019297e-01	-5.018910e-01	-4.898711e-01	8.272906e-02	8.272906e-02	-1.033759e-02	3.036656e-01
5.617978e-02	-5.019318e-01	-5.018930e-01	-4.898733e-01	8.273470e-02	8.273470e-02	-1.033670e-02	2.995003e-01
5.602241e-02	-5.019338e-01	-5.018950e-01	-4.898756e-01	8.274023e-02	8.274023e-02	-1.033582e-02	2.953912e-01
5.586592e-02	-5.019358e-01	-5.018970e-01	-4.898778e-01	8.274566e-02	8.274566e-02	-1.033496e-02	2.913377e-01
5.571031e-02	-5.019377e-01	-5.018989e-01	-4.898800e-01	8.275100e-02	8.275100e-02	-1.033412e-02	2.873389e-01
5.555556e-02	-5.019396e-01	-5.019008e-01	-4.898821e-01	8.275624e-02	8.275624e-02	-1.033329e-02	2.833942e-01
5.540166e-02	-5.019414e-01	-5.019026e-01	-4.898842e-01	8.276139e-02	8.276139e-02	-1.033248e-02	2.795029e-01
5.524862e-02	-5.019433e-01	-5.019045e-01	-4.898862e-01	8.276645e-02	8.276645e-02	-1.033169e-02	2.756642e-01
5.509642e-02	-5.019451e-01	-5.019063e-01	-4.898882e-01	8.277142e-02	8.277142e-02	-1.033091e-02	2.718774e-01
5.494505e-02	-5.019468e-01	-5.019080e-01	-4.898902e-01	8.277630e-02	8.277630e-02	-1.033014e-02	2.681419e-01
5.479452e-02	-5.019485e-01	-5.019097e-01	-4.898921e-01	8.278109e-02	8.278109e-02	-1.032939e-02	2.644570e-01
5.464481e-02	-5.019502e-01	-5.019114e-01	-4.898940e-01	8.278580e-02	8.278580e-02	-1.032865e-02	2.608219e-01
5.449591e-02	-5.019519e-01	-5.019131e-01	-4.898958e-01	8.279042e-02	8.279042e-02	-1.032793e-02	2.572361e-01
5.434783e-02	-5.019535e-01	-5.019147e-01	-4.898977e-01	8.279496e-02	8.279496e-02	-1.032722e-02	2.536988e-01
5.420054e-02	-5.019551e-01	-5.019163e-01	-4.898994e-01	8.279942e-02	8.279942e-02	-1.032652e-02	2.502095e-01
5.405405e-02	-5.019567e-01	-5.019179e-01	-4.899012e-01	8.280380e-02	8.280380e-02	-1.032584e-02	2.467674e-01
5.390836e-02	-5.019582e-01	-5.019194e-01	-4.899029e-01	8.280811e-02	8.280811e-02	-1.032516e-02	2.433721e-01
5.376344e-02	-5.019597e-01	-5.019209e-01	-4.899046e-01	8.281234e-02	8.281234e-02	-1.032451e-02	2.400227e-01
5.361930e-02	-5.019612e-01	-5.019224e-01	-4.899062e-01	8.281649e-02	8.281649e-02	-1.032386e-02	2.367188e-01
5.347594e-02	-5.019626e-01	-5.019238e-01	-4.899079e-01	8.282057e-02	8.282057e-02	-1.032322e-02	2.334596e-01
5.333333e-02	-5.019641e-01	-5.019252e-01	-4.899095e-01	8.282457e-02	8.282457e-02	-1.032260e-02	2.302447e-01
5.319149e-02	-5.019655e-01	-5.019266e-01	-4.899110e-01	8.282851e-02	8.282851e-02	-1.032199e-02	2.270734e-01
5.305040e-02	-5.019668e-01	-5.019280e-01	-4.899126e-01	8.283237e-02	8.283237e-02	-1.032139e-02	2.239451e-01
5.291005e-02	-5.019682e-01	-5.019293e-01	-4.899141e-01	8.283617e-02	8.283617e-02	-1.032080e-02	2.208593e-01
5.277045e-02	-5.019695e-01	-5.019307e-01	-4.899155e-01	8.283990e-02	8.283990e-02	-1.032022e-02	2.178154e-01
5.263158e-02	-5.019708e-01	-5.019320e-01	-4.899170e-01	8.284356e-02	8.284356e-02	-1.031966e-02	2.148129e-01
5.249344e-02	-5.019721e-01	-5.019332e-01	-4.899184e-01	8.284716e-02	8.284716e-02	-1.031910e-02	2.118511e-01
5.235602e-02	-5.019733e-01	-5.019345e-01	-4.899198e-01	8.285069e-02	8.285069e-02	-1.031855e-02	2.089296e-01
5.221932e-02	-5.019745e-01	-5.019357e-01	-4.899212e-01	8.285416e-02	8.285416e-02	-1.031802e-02	2.060477e-01
5.208333e-02	-5.019757e-01	-5.019369e-01	-4.899225e-01	8.285757e-02	8.285757e-02	-1.031749e-02	2.032050e-01
5.194805e-02	-5.019769e-01	-5.019381e-01	-4.899238e-01	8.286092e-02	8.286092e-02	-1.031698e-02	2.004010e-01
5.181347e-02	-5.019781e-01	-5.019392e-01	-4.899251e-01	8.286421e-02	8.286421e-02	-1.031647e-02	1.976351e-01
5.167959e-02	-5.019792e-01	-5.019404e-01	-4.899264e-01	8.286744e-02	8.286744e-02	-1.031597e-02	1.949068e-01
5.154639e-02	-5.019803e-01	-5.019415e-01	-4.899276e-01	8.287062e-02	8.287062e-02	-1.031548e-02	1.922156e-01
5.141388e-02	-5.019814e-01	-5.019426e-01	-4.899288e-01	8.287374e-02	8.287374e-02	-1.031500e-02	1.895610e-01
5.128205e-02	-5.019825e-01	-5.019436e-01	-4.899300e-01	8.287680e-02	8.287680e-02	-1.031453e-02	1.869426e-01
5.115090e-02	-5.019835e-01	-5.019447e-01	-4.899312e-01	8.287981e-02	8.287981e-02	-1.031407e-02	1.843598e-01
5.102041e-02	-5.019846e-01	-5.019457e-01	-4.899324e-01	8.288276e-02	8.288276e-02	-1.031362e-02	1.818121e-01
5.089059e-02	-5.019856e-01	-5.019467e-01	-4.899335e-01	8.288567e-02	8.288567e-02	-1.031318e-02	1.792992e-01
5.076142e-02	-5.019866e-01	-5.019477e-01	-4.899346e-01	8.288852e-02	8.288852e-02	-1.031274e-02	1.768205e-01
5.063291e-02	-5.019876e-01	-5.019487e-01	-4.899357e-01	8.289132e-02	8.289132e-02	-1.031231e-02	1.743755e-01
5.050505e-02	-5.019885e-01	-5.019497e-01	-4.899368e-01	8.289407e-02	8.289407e-02	-1.031189e-02	1.719638e-01
5.037783e-02	-5.019895e-01	-5.019506e-01	-4.899378e-01	8.289677e-02	8.289677e-02	-1.031148e-02	1.695850e-01
5.025126e-02	-5.019904e-01	-5.019515e-01	-4.899388e-01	8.289943e-02	8.289943e-02	-1.031107e-02	1.672386e-01
5.012531e-02	-5.019913e-01	-5.019524e-01	-4.899399e-01	8.290203e-02	8.290203e-02	-1.031067e-02	1.649243e-01
5.000000e-02	-5.019922e-01	-5.019533e-01	-4.899408e-01	8.290459e-02	8.290459e-02	-1.031028e-02	1.626414e-01
4.987531e-02	-5.019930e-01	-5.019542e-01	-4.899418e-01	8.290711e-02	8.290711e-02	-1.030990e-02	1.603897e-01
4.975124e-02	-5.019939e-01	-5.019551e-01	-4.899428e-01	8.290958e-02	8.290958e-02	-1.030952e-02	1.581688e-01
4.962779e-02	-5.019947e-01	-5.019559e-01	-4.899437e-01	8.291201e-02	8.291201e-02	-1.030915e-02	1.559781e-01
4.950495e-02	-5.019956e-01	-5.019567e-01	-4.899446e-01	8.291439e-02	8.291439e-02	-1.030879e-02	1.538173e-01
4.938272e-02	-5.019964e-01	-5.019575e-01	-4.899455e-01	8.291674e-02	8.291674e-02	-1.030844e-02	1.516860e-01
4.926108e-02	-5.019972e-01	-5.019583e-01	-4.899464e-01	8.291904e-02	8.291904e-02	-1.030809e-02	1.495838e-01
4.914005e-02	-5.019980e-01	-5.019591e-01	-4.899473e-01	8.292130e-02	8.292130e-02	-1.030774e-02	1.475104e-01
4.901961e-02	-5.019987e-01	-5.019599e-01	-4.899481e-01	8.292352e-02	8.292352e-02	-1.030741e-02	1.454652e-01
4.889976e-02	-5.019995e-01	-5.019606e-01	-4.899490e-01	8.292570e-02	8.292570e-02	-1.030708e-02	1.434480e-01
4.878049e-02	-5.020002e-01	-5.019614e-01	-4.899498e-01	8.292784e-02	8.292784e-02	-1.030675e-02	1.414583e-01
4.866180e-02	-5.020009e-01	-5.019621e-01	-4.899506e-01	8.292995e-02	8.292995e-02	-1.030643e-02	1.394958e-01
4.854369e-02	-5.020017e-01	-5.019628e-01	-4.899514e-01	8.293202e-02	8.293202e-02	-1.030612e-02	1.375602e-01
4.842615e-02	-5.020023e-01	-5.019635e-01	-4.899522e-01	8.293405e-02	8.293405e-02	-1.030581e-02	1.356510e-01
4.830918e-02	-5.020030e-01	-5.019642e-01	-4.899529e-01	8.293604e-02	8.293604e-02	-1.030551e-02	1.337679e-01
4.819277e-02	-5.020037e-01	-5.019648e-01	-4.899537e-01	8.293800e-02	8.293800e-02	-1.030522e-02	1.319106e-01
4.807692e-02	-5.020044e-01	-5.019655e-01	-4.899544e-01	8.293993e-02	8.293993e-02	-1.030493e-02	1.300787e-01
4.796163e-02	-5.020050e-01	-5.019661e-01	-4.899551e-01	8.294182e-02	8.294182e-02	-1.030464e-02	1.282718e-01
4.784689e-02	-5.020057e-01	-5.019668e-01	-4.899559e-01	8.294368e-02	8.294368e-02	-1.030436e-02	1.264897e-01
4.773270e-02	-5.020063e-01	-5.019674e-01	-4.899565e-01	8.294550e-02	8.294550e-02	-1.030409e-02	1.247320e-01
4.761905e-02	-5.020069e-01	-5.019680e-01	-4.899572e-01	8.294729e-02	8.294729e-02	-1.030382e-02	1.229983e-01
4.750594e-02	-5.020075e-01	-5.019686e-01	-4.899579e-01	8.294906e-02	8.294906e-02	-1.030355e-02	1.212884e-01
4.739336e-02	-5.020081e-01	-5.019692e-01	-4.899586e-01	8.295079e-02	8.295079e-02	-1.030329e-02	1.196019e-01
4.728132e-02	-5.020087e-01	-5.019698e-01	-4.899592e-01	8.295249e-02	8.295249e-02	-1.030303e-02	1.179385e-01
4.716981e-02	-5.020092e-01	-5.019704e-01	-4.899598e-01	8.295415e-02	8.295415e-02	-1.030278e-02	1.162979e-01
4.705882e-02	-5.020098e-01	-5.019709e-01	-4.899605e-01	8.295580e-02	8.295580e-02	-1.030254e-02	1.146797e-01
4.694836e-02	-5.020103e-01	-5.019715e-01	-4.899611e-01	8.295741e-02	8.295741e-02	-1.030230e-02	1.130838e-01
4.683841e-02	-5.020109e-01	-5.019720e-01	-4.899617e-01	8.295899e-02	8.295899e-02	-1.030206e-02	1.115098e-01
4.672897e-02	-5.020114e-01	-5.019725e-01	-4.899623e-01	8.296054e-02	8.296054e-02	-1.030183e-02	1.099573e-01
4.662005e-02	-5.020119e-01	-5.019730e-01	-4.899628e-01	8.296207e-02	8.296207e-02	-1.030160e-02	1.084261e-01
4.651163e-02	-5.020124e-01	-5.019736e-01	-4.899634e-01	8.296357e-02	8.296357e-02	-1.030137e-02	1.069159e-01
4.640371e-02	-5.020129e-01	-5.019741e-01	-4.899640e-01	8.296505e-02	8.296505e-02	-1.030115e-02	1.054265e-01
4.629630e-02	-5.020134e-01	-5.019745e-01	-4.899645e-01	8.296649e-02	8.296649e-02	-1.030094e-02	1.039575e-01
4.618938e-02	-5.020139e-01	-5.019750e-01	-4.899650e-01	8.296792e-02	8.296792e-02	-1.030072e-02	1.025087e-01
4.608295e-02	-5.020144e-01	-5.019755e-01	-4.899656e-01	8.296931e-02	8.296931e-02	-1.030051e-02	1.010797e-01
4.597701e-02	-5.020148e-01	-5.019760e-01	-4.899661e-01	8.297069e-02	8.297069e-02	-1.030031e-02	9.967041e-02
4.587156e-02	-5.020153e-01	-5.019764e-01	-4.899666e-01	8.297203e-02	8.297203e-02	-1.030011e-02	9.828045e-02
4.576659e-02	-5.020157e-01	-5.019769e-01	-4.899671e-01	8.297336e-02	8.297336e-02	-1.029991e-02	9.690959e-02
4.566210e-02	-5.020162e-01	-5.019773e-01	-4.899676e-01	8.297466e-02	8.297466e-02	-1.029972e-02	9.555757e-02
4.555809e-02	-5.020166e-01	-5.019777e-01	-4.899680e-01	8.297594e-02	8.297594e-02	-1.029953e-02	9.422415e-02
4.545455e-02	-5.020170e-01	-5.019782e-01	-4.899685e-01	8.297719e-02	8.297719e-02	-1.029934e-02	9.290903e-02
4.535147e-02	-5.020175e-01	-5.019786e-01	-4.899690e-01	8.297843e-02	8.297843e-02	-1.029916e-02	9.161202e-02
4.524887e-02	-5.020179e-01	-5.019790e-01	-4.899694e-01	8.297964e-02	8.297964e-02	-1.029897e-02	9.033284e-02
4.514673e-02	-5.020183e-01	-5.019794e-01	-4.899699e-01	8.298083e-02	8.298083e-02	-1.029880e-02	8.907125e-02
4.504505e-02	-5.020187e-01	-5.019798e-01	-4.899703e-01	8.298200e-02	8.298200e-02	-1.029862e-02	8.782703e-02
4.494382e-02	-5.020190e-01	-5.019802e-01	-4.899707e-01	8.298315e-02	8.298315e-02	-1.029845e-02	8.659994e-02
4.484305e-02	-5.020194e-01	-5.019805e-01	-4.899712e-01	8.298428e-02	8.298428e-02	-1.029829e-02	8.538973e-02
4.474273e-02	-5.020198e-01	-5.019809e-01	-4.899716e-01	8.298539e-02	8.298539e-02	-1.029812e-02	8.419618e-02
4.464286e-02	-5.020202e-01	-5.019813e-01	-4.899720e-01	8.298648e-02	8.298648e-02	-1.029796e-02	8.301909e-02
4.454343e-02	-5.020205e-01	-5.019816e-01	-4.899724e-01	8.298755e-02	8.298755e-02	-1.029780e-02	8.185819e-02
4.444444e-02	-5.020209e-01	-5.019820e-01	-4.899728e-01	8.298860e-02	8.298860e-02	-1.029764e-02	8.071329e-02
4.434590e-02	-5.020212e-01	-5.019823e-01	-4.899732e-01	8.298963e-02	8.298963e-02	-1.029749e-02	7.958418e-02
4.424779e-02	-5.020216e-01	-5.019827e-01	-4.899735e-01	8.299065e-02	8.299065e-02	-1.029734e-02	7.847061e-02
4.415011e-02	-5.020219e-01	-5.019830e-01	-4.899739e-01	8.299165e-02	8.299165e-02	-1.029719e-02	7.737240e-02
4.405286e-02	-5.020222e-01	-5.019833e-01	-4.899743e-01	8.299262e-02	8.299262e-02	-1.029705e-02	7.628934e-02
4.395604e-02	-5.020225e-01	-5.019837e-01	-4.899746e-01	8.299359e-02	8.299359e-02	-1.029691e-02	7.522122e-02
4.385965e-02	-5.020229e-01	-5.019840e-01	-4.899750e-01	8.299453e-02	8.299453e-02	-1.029677e-02	7.416784e-02
4.376368e-02	-5.020232e-01	-5.019843e-01	-4.899753e-01	8.299546e-02	8.299546e-02	-1.029663e-02	7.312897e-02
4.366812e-02	-5.020235e-01	-5.019846e-01	-4.899757e-01	8.299637e-02	8.299637e-02	-1.029649e-02	7.210447e-02
4.357298e-02	-5.020238e-01	-5.019849e-01	-4.899760e-01	8.299727e-02	8.299727e-02	-1.029636e-02	7.109408e-02
4.347826e-02	-5.020241e-01	-5.019852e-01	-4.899763e-01	8.299815e-02	8.299815e-02	-1.029623e-02	7.009767e-02
4.338395e-02	-5.020244e-01	-5.019855e-01	-4.899766e-01	8.299902e-02	8.299902e-02	-1.029610e-02	6.911499e-02
4.329004e-02	-5.020246e-01	-5.019857e-01	-4.899769e-01	8.299987e-02	8.299987e-02	-1.029598e-02	6.814591e-02
4.319654e-02	-5.020249e-01	-5.019860e-01	-4.899773e-01	8.300070e-02	8.300070e-02	-1.029586e-02	6.719021e-02
4.310345e-02	-5.020252e-01	-5.019863e-01	-4.899776e-01	8.300152e-02	8.300152e-02	-1.029574e-02	6.624771e-02
4.301075e-02	-5.020255e-01	-5.019866e-01	-4.899779e-01	8.300233e-02	8.300233e-02	-1.029562e-02	6.531827e-02
4.291845e-02	-5.020257e-01	-5.019868e-01	-4.899781e-01	8.300312e-02	8.300312e-02	-1.029550e-02	6.440162e-02
4.282655e-02	-5.020260e-01	-5.019871e-01	-4.899784e-01	8.300390e-02	8.300390e-02	-1.029539e-02	6.349769e-02
4.273504e-02	-5.020262e-01	-5.019873e-01	-4.899787e-01	8.300466e-02	8.300466e-02	-1.029527e-02	6.260625e-02
4.264392e-02	-5.020265e-01	-5.019876e-01	-4.899790e-01	8.300541e-02	8.300541e-02	-1.029516e-02	6.172714e-02
4.255319e-02	-5.020267e-01	-5.019878e-01	-4.899793e-01	8.300615e-02	8.300615e-02	-1.029505e-02	6.086020e-02
4.246285e-02	-5.020270e-01	-5.019881e-01	-4.899795e-01	8.300687e-02	8.300687e-02	-1.029495e-02	6.000526e-02
4.237288e-02	-5.020272e-01	-5.019883e-01	-4.899798e-01	8.300759e-02	8.300759e-02	-1.029484e-02	5.916215e-02
4.228330e-02	-5.020274e-01	-5.019885e-01	-4.899800e-01	8.300829e-02	8.300829e-02	-1.029474e-02	5.833072e-02
4.219409e-02	-5.020277e-01	-5.019888e-01	-4.899803e-01	8.300897e-02	8.300897e-02	-1.029464e-02	5.751078e-02
4.210526e-02	-5.020279e-01	-5.019890e-01	-4.899805e-01	8.300965e-02	8.300965e-02	-1.029454e-02	5.670223e-02
4.201681e-02	-5.020281e-01	-5.019892e-01	-4.899808e-01	8.301031e-02	8.301031e-02	-1.029444e-02	5.590486e-02
4.192872e-02	-5.020283e-01	-5.019894e-01	-4.899810e-01	8.301096e-02	8.301096e-02	-1.029435e-02	5.511855e-02
4.184100e-02	-5.020285e-01	-5.019896e-01	-4.899813e-01	8.301160e-02	8.301160e-02	-1.029425e-02	5.434314e-02
4.175365e-02	-5.020287e-01	-5.019898e-01	-4.899815e-01	8.301223e-02	8.301223e-02	-1.029416e-02	5.357848e-02
4.166667e-02	-5.020289e-01	-5.019900e-01	-4.899817e-01	8.301285e-02	8.301285e-02	-1.029407e-02	5.282442e-02
4.158004e-02	-5.020291e-01	-5.019902e-01	-4.899819e-01	8.301346e-02	8.301346e-02	-1.029398e-02	5.208083e-02
4.149378e-02	-5.020293e-01	-5.019904e-01	-4.899822e-01	8.301405e-02	8.301405e-02	-1.029389e-02	5.134755e-02
4.140787e-02	-5.020295e-01	-5.019906e-01	-4.899824e-01	8.301464e-02	8.301464e-02	-1.029381e-02	5.062443e-02
4.132231e-02	-5.020297e-01	-5.019908e-01	-4.899826e-01	8.301522e-02	8.301522e-02	-1.029372e-02	4.991137e-02
4.123711e-02	-5.020299e-01	-5.019910e-01	-4.899828e-01	8.301578e-02	8.301578e-02	-1.029364e-02	4.920819e-02
4.115226e-02	-5.020301e-01	-5.019912e-01	-4.899830e-01	8.301634e-02	8.301634e-02	-1.029356e-02	4.851479e-02
4.106776e-02	-5.020303e-01	-5.019914e-01	-4.899832e-01	8.301688e-02	8.301688e-02	-1.029348e-02	4.783100e-02
4.098361e-02	-5.020304e-01	-5.019915e-01	-4.899834e-01	8.301742e-02	8.301742e-02	-1.029340e-02	4.715672e-02
4.089980e-02	-5.020306e-01	-5.019917e-01	-4.899836e-01	8.301795e-02	8.301795e-02	-1.029333e-02	4.649182e-02
4.081633e-02	-5.020308e-01	-5.019919e-01	-4.899838e-01	8.301846e-02	8.301846e-02	-1.029325e-02	4.583614e-02
4.073320e-02	-5.020309e-01	-5.019921e-01	-4.899839e-01	8.301897e-02	8.301897e-02	-1.029318e-02	4.518961e-02
4.065041e-02	-5.020311e-01	-5.019922e-01	-4.899841e-01	8.301947e-02	8.301947e-02	-1.029310e-02	4.455202e-02
4.056795e-02	-5.020313e-01	-5.019924e-01	-4.899843e-01	8.301996e-02	8.301996e-02	-1.029303e-02	4.392333e-02
4.048583e-02	-5.020314e-01	-5.019925e-01	-4.899845e-01	8.302045e-02	8.302045e-02	-1.029296e-02	4.330337e-02
4.040404e-02	-5.020316e-01	-5.019927e-01	-4.899847e-01	8.302092e-02	8.302092e-02	-1.029289e-02	4.269205e-02
4.032258e-02	-5.020317e-01	-5.019928e-01	-4.899848e-01	8.302139e-02	8.302139e-02	-1.029282e-02	4.208922e-02
4.024145e-02	-5.020319e-01	-5.019930e-01	-4.899850e-01	8.302184e-02	8.302184e-02	-1.029276e-02	4.149480e-02
4.016064e-02	-5.020320e-01	-5.019931e-01	-4.899851e-01	8.302229e-02	8.302229e-02	-1.029269e-02	4.090864e-02
4.008016e-02	-5.020322e-01	-5.019933e-01	-4.899853e-01	8.302274e-02	8.302274e-02	-1.029263e-02	4.033063e-02
4.000000e-02	-5.020323e-01	-5.019934e-01	-4.899855e-01	8.302317e-02	8.302317e-02	-1.029256e-02	3.976070e-02
3.992016e-02	-5.020325e-01	-5.019936e-01	-4.899856e-01	8.302360e-02	8.302360e-02	-1.029250e-02	3.919870e-02
3.984064e-02	-5.020326e-01	-5.019937e-01	-4.899858e-01	8.302402e-02	8.302402e-02	-1.029244e-02	3.864453e-02
3.976143e-02	-5.020327e-01	-5.019938e-01	-4.899859e-01	8.302443e-02	8.302443e-02	-1.029238e-02	3.809808e-02
3.968254e-02	-5.020329e-01	-5.019940e-01	-4.899861e-01	8.302483e-02	8.302483e-02	-1.029232e-02	3.755925e-02
3.960396e-02	-5.020330e-01	-5.019941e-01	-4.899862e-01	8.302523e-02	8.302523e-02	-1.029226e-02	3.702794e-02
3.952569e-02	-5.020331e-01	-5.019942e-01	-4.899863e-01	8.302562e-02	8.302562e-02	-1.029221e-02	3.650403e-02
3.944773e-02	-5.020332e-01	-5.019943e-01	-4.899865e-01	8.302600e-02	8.302600e-02	-1.029215e-02	3.598743e-02
3.937008e-02	-5.020334e-01	-5.019945e-01	-4.899866e-01	8.302638e-02	8.302638e-02	-1.029210e-02	3.547803e-02
3.929273e-02	-5.020335e-01	-5.019946e-01	-4.899868e-01	8.302675e-02	8.302675e-02	-1.029204e-02	3.497577e-02
3.921569e-02	-5.020336e-01	-5.019947e-01	-4.899869e-01	8.302711e-02	8.302711e-02	-1.029199e-02	3.448049e-02
3.913894e-02	-5.020337e-01	-5.019948e-01	-4.899870e-01	8.302747e-02	8.302747e-02	-1.029194e-02	3.399215e-02
3.906250e-02	-5.020338e-01	-5.019949e-01	-4.899871e-01	8.302782e-02	8.302782e-02	-1.029189e-02	3.351057e-02
3.898635e-02	-5.020340e-01	-5.019950e-01	-4.899873e-01	8.302817e-02	8.302817e-02	-1.029184e-02	3.303580e-02
3.891051e-02	-5.020341e-01	-5.019952e-01	-4.899874e-01	8.302851e-02	8.302851e-02	-1.029179e-02	3.256760e-02
3.883495e-02	-5.020342e-01	-5.019953e-01	-4.899875e-01	8.302884e-02	8.302884e-02	-1.029174e-02	3.210598e-02
3.875969e-02	-5.020343e-01	-5.019954e-01	-4.899876e-01	8.302917e-02	8.302917e-02	-1.029169e-02	3.165080e-02
3.868472e-02	-5.020344e-01	-5.019955e-01	-4.899877e-01	8.302949e-02	8.302949e-02	-1.029165e-02	3.120196e-02
3.861004e-02	-5.020345e-01	-5.019956e-01	-4.899879e-01	8.302980e-02	8.302980e-02	-1.029160e-02	3.075944e-02
3.853565e-02	-5.020346e-01	-5.019957e-01	-4.899880e-01	8.303012e-02	8.303012e-02	-1.029156e-02	3.032308e-02
3.846154e-02	-5.020347e-01	-5.019958e-01	-4.899881e-01	8.303042e-02	8.303042e-02	-1.029151e-02	2.989284e-02
