# Finite Temperature Data for Kitaev Ladder
# chi_max = 300, h = 0.7000
# Columns: T | Sigmax | Sigmay | Sigmaz | S1 | S2 | Wp | Cv
# 
2.000000e+01	-6.273979e-02	-6.273999e-02	-6.244760e-02	4.292300e-05	4.292300e-05	-1.311643e-06	2.915708e-01
1.000000e+01	-8.842377e-02	-8.842461e-02	-8.779130e-02	1.928758e-04	1.928758e-04	-7.024564e-06	1.027794e+00
6.666667e+00	-1.104612e-01	-1.104632e-01	-1.093866e-01	5.280385e-04	5.280385e-04	-2.040896e-05	1.997649e+00
5.000000e+00	-1.291895e-01	-1.291932e-01	-1.275931e-01	1.104573e-03	1.104573e-03	-4.225345e-05	3.021657e+00
4.000000e+00	-1.450235e-01	-1.450293e-01	-1.428465e-01	1.951085e-03	1.951085e-03	-7.053584e-05	3.974316e+00
3.333333e+00	-1.583914e-01	-1.583997e-01	-1.555934e-01	3.070079e-03	3.070079e-03	-1.015905e-04	4.784646e+00
2.857143e+00	-1.696950e-01	-1.697059e-01	-1.662514e-01	4.444038e-03	4.444038e-03	-1.316797e-04	5.424923e+00
2.500000e+00	-1.792902e-01	-1.793037e-01	-1.751888e-01	6.042543e-03	6.042543e-03	-1.581337e-04	5.896306e+00
2.222222e+00	-1.874804e-01	-1.874967e-01	-1.827195e-01	7.828562e-03	7.828562e-03	-1.798672e-04	6.216244e+00
2.000000e+00	-1.945185e-01	-1.945374e-01	-1.891041e-01	9.763211e-03	9.763211e-03	-1.973811e-04	6.409340e+00
1.818182e+00	-2.006118e-01	-2.006333e-01	-1.945557e-01	1.180896e-02	1.180896e-02	-2.124641e-04	6.501573e+00
1.666667e+00	-2.059285e-01	-2.059525e-01	-1.992469e-01	1.393154e-02	1.393154e-02	-2.277837e-04	6.517101e+00
1.538462e+00	-2.106047e-01	-2.106311e-01	-2.033169e-01	1.610088e-02	1.610088e-02	-2.464776e-04	6.476792e+00
1.428571e+00	-2.147500e-01	-2.147785e-01	-2.068772e-01	1.829145e-02	1.829145e-02	-2.718135e-04	6.397796e+00
1.333333e+00	-2.184527e-01	-2.184833e-01	-2.100175e-01	2.048207e-02	2.048207e-02	-3.069348e-04	6.293696e+00
1.250000e+00	-2.217842e-01	-2.218168e-01	-2.128098e-01	2.265562e-02	2.265562e-02	-3.546887e-04	6.174917e+00
1.176471e+00	-2.248023e-01	-2.248367e-01	-2.153119e-01	2.479857e-02	2.479857e-02	-4.175257e-04	6.049237e+00
1.111111e+00	-2.275539e-01	-2.275901e-01	-2.175707e-01	2.690045e-02	2.690045e-02	-4.974529e-04	5.922286e+00
1.052632e+00	-2.300775e-01	-2.301153e-01	-2.196240e-01	2.895342e-02	2.895342e-02	-5.960277e-04	5.798000e+00
1.000000e+00	-2.324044e-01	-2.324438e-01	-2.215026e-01	3.095179e-02	3.095179e-02	-7.143760e-04	5.679009e+00
9.523810e-01	-2.345607e-01	-2.346015e-01	-2.232317e-01	3.289162e-02	3.289162e-02	-8.532286e-04	5.566955e+00
9.090909e-01	-2.365678e-01	-2.366099e-01	-2.248319e-01	3.477041e-02	3.477041e-02	-1.012965e-03	5.462744e+00
8.695652e-01	-2.384436e-01	-2.384871e-01	-2.263203e-01	3.658681e-02	3.658681e-02	-1.193660e-03	5.366753e+00
8.333333e-01	-2.402033e-01	-2.402480e-01	-2.277109e-01	3.834032e-02	3.834032e-02	-1.395133e-03	5.278979e+00
8.000000e-01	-2.418595e-01	-2.419053e-01	-2.290154e-01	4.003119e-02	4.003119e-02	-1.616992e-03	5.199162e+00
7.692308e-01	-2.434230e-01	-2.434699e-01	-2.302438e-01	4.166016e-02	4.166016e-02	-1.858675e-03	5.126872e+00
7.407407e-01	-2.449030e-01	-2.449509e-01	-2.314043e-01	4.322840e-02	4.322840e-02	-2.119487e-03	5.061578e+00
7.142857e-01	-2.463074e-01	-2.463562e-01	-2.325039e-01	4.473735e-02	4.473735e-02	-2.398634e-03	5.002695e+00
6.896552e-01	-2.476430e-01	-2.476927e-01	-2.335486e-01	4.618869e-02	4.618869e-02	-2.695246e-03	4.949616e+00
6.666667e-01	-2.489157e-01	-2.489663e-01	-2.345435e-01	4.758422e-02	4.758422e-02	-3.008408e-03	4.901743e+00
6.451613e-01	-2.501306e-01	-2.501821e-01	-2.354931e-01	4.892583e-02	4.892583e-02	-3.337174e-03	4.858499e+00
6.250000e-01	-2.512924e-01	-2.513447e-01	-2.364012e-01	5.021549e-02	5.021549e-02	-3.680587e-03	4.819339e+00
6.060606e-01	-2.524050e-01	-2.524580e-01	-2.372710e-01	5.145514e-02	5.145514e-02	-4.037690e-03	4.783758e+00
5.882353e-01	-2.534720e-01	-2.535257e-01	-2.381056e-01	5.264675e-02	5.264675e-02	-4.407537e-03	4.751294e+00
5.714286e-01	-2.544965e-01	-2.545509e-01	-2.389075e-01	5.379226e-02	5.379226e-02	-4.789205e-03	4.721527e+00
5.555556e-01	-2.554813e-01	-2.555364e-01	-2.396790e-01	5.489355e-02	5.489355e-02	-5.181793e-03	4.694084e+00
5.405405e-01	-2.564291e-01	-2.564848e-01	-2.404221e-01	5.595247e-02	5.595247e-02	-5.584436e-03	4.668628e+00
5.263158e-01	-2.573420e-01	-2.573983e-01	-2.411386e-01	5.697080e-02	5.697080e-02	-5.996302e-03	4.644867e+00
5.128205e-01	-2.582222e-01	-2.582791e-01	-2.418302e-01	5.795028e-02	5.795028e-02	-6.416595e-03	4.622540e+00
5.000000e-01	-2.590716e-01	-2.591290e-01	-2.424983e-01	5.889256e-02	5.889256e-02	-6.844560e-03	4.601425e+00
4.878049e-01	-2.598919e-01	-2.599498e-01	-2.431443e-01	5.979924e-02	5.979924e-02	-7.279481e-03	4.581326e+00
4.761905e-01	-2.606846e-01	-2.607431e-01	-2.437695e-01	6.067186e-02	6.067186e-02	-7.720682e-03	4.562076e+00
4.651163e-01	-2.614513e-01	-2.615102e-01	-2.443748e-01	6.151187e-02	6.151187e-02	-8.167524e-03	4.543534e+00
4.545455e-01	-2.621932e-01	-2.622526e-01	-2.449615e-01	6.232069e-02	6.232069e-02	-8.619409e-03	4.525580e+00
4.444444e-01	-2.629116e-01	-2.629715e-01	-2.455303e-01	6.309964e-02	6.309964e-02	-9.075776e-03	4.508112e+00
4.347826e-01	-2.636077e-01	-2.636680e-01	-2.460822e-01	6.385002e-02	6.385002e-02	-9.536100e-03	4.491046e+00
4.255319e-01	-2.642825e-01	-2.643433e-01	-2.466180e-01	6.457303e-02	6.457303e-02	-9.999889e-03	4.474314e+00
4.166667e-01	-2.649370e-01	-2.649982e-01	-2.471384e-01	6.526984e-02	6.526984e-02	-1.046669e-02	4.457859e+00
4.081633e-01	-2.655722e-01	-2.656337e-01	-2.476441e-01	6.594156e-02	6.594156e-02	-1.093607e-02	4.441636e+00
4.000000e-01	-2.661888e-01	-2.662507e-01	-2.481359e-01	6.658925e-02	6.658925e-02	-1.140764e-02	4.425610e+00
3.921569e-01	-2.667878e-01	-2.668501e-01	-2.486142e-01	6.721391e-02	6.721391e-02	-1.188103e-02	4.409752e+00
3.846154e-01	-2.673698e-01	-2.674324e-01	-2.490797e-01	6.781649e-02	6.781649e-02	-1.235591e-02	4.394041e+00
3.773585e-01	-2.679356e-01	-2.679986e-01	-2.495329e-01	6.839792e-02	6.839792e-02	-1.283195e-02	4.378463e+00
3.703704e-01	-2.684859e-01	-2.685492e-01	-2.499744e-01	6.895906e-02	6.895906e-02	-1.330887e-02	4.363008e+00
3.636364e-01	-2.690213e-01	-2.690849e-01	-2.504045e-01	6.950075e-02	6.950075e-02	-1.378639e-02	4.347668e+00
3.571429e-01	-2.695424e-01	-2.696063e-01	-2.508238e-01	7.002376e-02	7.002376e-02	-1.426428e-02	4.332441e+00
3.508772e-01	-2.700497e-01	-2.701139e-01	-2.512327e-01	7.052886e-02	7.052886e-02	-1.474230e-02	4.317327e+00
3.448276e-01	-2.705438e-01	-2.706083e-01	-2.516315e-01	7.101676e-02	7.101676e-02	-1.522024e-02	4.302326e+00
3.389831e-01	-2.710252e-01	-2.710900e-01	-2.520208e-01	7.148815e-02	7.148815e-02	-1.569792e-02	4.287441e+00
3.333333e-01	-2.714944e-01	-2.715594e-01	-2.524007e-01	7.194368e-02	7.194368e-02	-1.617514e-02	4.272677e+00
3.278689e-01	-2.719518e-01	-2.720171e-01	-2.527717e-01	7.238397e-02	7.238397e-02	-1.665176e-02	4.258039e+00
3.225806e-01	-2.723979e-01	-2.724634e-01	-2.531340e-01	7.280961e-02	7.280961e-02	-1.712761e-02	4.243533e+00
3.174603e-01	-2.728331e-01	-2.728988e-01	-2.534881e-01	7.322117e-02	7.322117e-02	-1.760258e-02	4.229163e+00
3.125000e-01	-2.732577e-01	-2.733237e-01	-2.538341e-01	7.361920e-02	7.361920e-02	-1.807652e-02	4.214937e+00
3.076923e-01	-2.736722e-01	-2.737384e-01	-2.541725e-01	7.400420e-02	7.400420e-02	-1.854933e-02	4.200860e+00
3.030303e-01	-2.740768e-01	-2.741433e-01	-2.545033e-01	7.437668e-02	7.437668e-02	-1.902090e-02	4.186939e+00
2.985075e-01	-2.744720e-01	-2.745387e-01	-2.548270e-01	7.473710e-02	7.473710e-02	-1.949115e-02	4.173179e+00
2.941176e-01	-2.748581e-01	-2.749250e-01	-2.551436e-01	7.508592e-02	7.508592e-02	-1.995998e-02	4.159586e+00
2.898551e-01	-2.752353e-01	-2.753024e-01	-2.554536e-01	7.542356e-02	7.542356e-02	-2.042731e-02	4.146164e+00
2.857143e-01	-2.756040e-01	-2.756713e-01	-2.557570e-01	7.575043e-02	7.575043e-02	-2.089308e-02	4.132919e+00
2.816901e-01	-2.759644e-01	-2.760319e-01	-2.560541e-01	7.606694e-02	7.606694e-02	-2.135723e-02	4.119855e+00
2.777778e-01	-2.763168e-01	-2.763846e-01	-2.563451e-01	7.637345e-02	7.637345e-02	-2.181969e-02	4.106975e+00
2.739726e-01	-2.766616e-01	-2.767295e-01	-2.566302e-01	7.667033e-02	7.667033e-02	-2.228041e-02	4.094284e+00
2.702703e-01	-2.769988e-01	-2.770669e-01	-2.569096e-01	7.695792e-02	7.695792e-02	-2.273935e-02	4.081783e+00
2.666667e-01	-2.773288e-01	-2.773971e-01	-2.571834e-01	7.723656e-02	7.723656e-02	-2.319647e-02	4.069477e+00
2.631579e-01	-2.776517e-01	-2.777202e-01	-2.574518e-01	7.750656e-02	7.750656e-02	-2.365174e-02	4.057366e+00
2.597403e-01	-2.779679e-01	-2.780365e-01	-2.577149e-01	7.776822e-02	7.776822e-02	-2.410510e-02	4.045453e+00
2.564103e-01	-2.782775e-01	-2.783463e-01	-2.579731e-01	7.802184e-02	7.802184e-02	-2.455655e-02	4.033740e+00
2.531646e-01	-2.785807e-01	-2.786496e-01	-2.582263e-01	7.826770e-02	7.826770e-02	-2.500605e-02	4.022226e+00
2.500000e-01	-2.788777e-01	-2.789468e-01	-2.584747e-01	7.850606e-02	7.850606e-02	-2.545359e-02	4.010913e+00
2.469136e-01	-2.791687e-01	-2.792379e-01	-2.587184e-01	7.873717e-02	7.873717e-02	-2.589913e-02	3.999801e+00
2.439024e-01	-2.794538e-01	-2.795232e-01	-2.589577e-01	7.896130e-02	7.896130e-02	-2.634268e-02	3.988890e+00
2.409639e-01	-2.797333e-01	-2.798029e-01	-2.591925e-01	7.917867e-02	7.917867e-02	-2.678420e-02	3.978180e+00
2.380952e-01	-2.800073e-01	-2.800770e-01	-2.594231e-01	7.938951e-02	7.938951e-02	-2.722370e-02	3.967670e+00
2.352941e-01	-2.802759e-01	-2.803458e-01	-2.596496e-01	7.959403e-02	7.959403e-02	-2.766115e-02	3.957360e+00
2.325581e-01	-2.805394e-01	-2.806094e-01	-2.598720e-01	7.979246e-02	7.979246e-02	-2.809657e-02	3.947248e+00
2.298851e-01	-2.807978e-01	-2.808680e-01	-2.600905e-01	7.998499e-02	7.998499e-02	-2.852992e-02	3.937334e+00
2.272727e-01	-2.810514e-01	-2.811216e-01	-2.603051e-01	8.017182e-02	8.017182e-02	-2.896123e-02	3.927616e+00
2.247191e-01	-2.813001e-01	-2.813705e-01	-2.605161e-01	8.035313e-02	8.035313e-02	-2.939047e-02	3.918093e+00
2.222222e-01	-2.815443e-01	-2.816148e-01	-2.607234e-01	8.052910e-02	8.052910e-02	-2.981765e-02	3.908762e+00
2.197802e-01	-2.817839e-01	-2.818546e-01	-2.609271e-01	8.069991e-02	8.069991e-02	-3.024277e-02	3.899623e+00
2.173913e-01	-2.820191e-01	-2.820899e-01	-2.611274e-01	8.086572e-02	8.086572e-02	-3.066584e-02	3.890672e+00
2.150538e-01	-2.822501e-01	-2.823210e-01	-2.613244e-01	8.102669e-02	8.102669e-02	-3.108684e-02	3.881909e+00
2.127660e-01	-2.824769e-01	-2.825480e-01	-2.615180e-01	8.118298e-02	8.118298e-02	-3.150579e-02	3.873331e+00
2.105263e-01	-2.826997e-01	-2.827709e-01	-2.617085e-01	8.133474e-02	8.133474e-02	-3.192268e-02	3.864936e+00
2.083333e-01	-2.829186e-01	-2.829899e-01	-2.618958e-01	8.148210e-02	8.148210e-02	-3.233753e-02	3.856722e+00
2.061856e-01	-2.831336e-01	-2.832050e-01	-2.620801e-01	8.162521e-02	8.162521e-02	-3.275034e-02	3.848686e+00
2.040816e-01	-2.833449e-01	-2.834164e-01	-2.622614e-01	8.176420e-02	8.176420e-02	-3.316111e-02	3.840827e+00
2.020202e-01	-2.835526e-01	-2.836242e-01	-2.624398e-01	8.189920e-02	8.189920e-02	-3.356984e-02	3.833141e+00
2.000000e-01	-2.837567e-01	-2.838284e-01	-2.626154e-01	8.203033e-02	8.203033e-02	-3.397656e-02	3.825626e+00
1.980198e-01	-2.839573e-01	-2.840292e-01	-2.627882e-01	8.215771e-02	8.215771e-02	-3.438125e-02	3.818281e+00
1.960784e-01	-2.841546e-01	-2.842266e-01	-2.629583e-01	8.228146e-02	8.228146e-02	-3.478394e-02	3.811102e+00
1.941748e-01	-2.843486e-01	-2.844207e-01	-2.631257e-01	8.240169e-02	8.240169e-02	-3.518463e-02	3.804087e+00
1.923077e-01	-2.845394e-01	-2.846116e-01	-2.632905e-01	8.251850e-02	8.251850e-02	-3.558332e-02	3.797234e+00
1.904762e-01	-2.847271e-01	-2.847994e-01	-2.634528e-01	8.263201e-02	8.263201e-02	-3.598003e-02	3.790540e+00
1.886792e-01	-2.849117e-01	-2.849841e-01	-2.636127e-01	8.274231e-02	8.274231e-02	-3.637476e-02	3.784003e+00
1.869159e-01	-2.850934e-01	-2.851659e-01	-2.637701e-01	8.284949e-02	8.284949e-02	-3.676753e-02	3.777620e+00
1.851852e-01	-2.852721e-01	-2.853447e-01	-2.639251e-01	8.295365e-02	8.295365e-02	-3.715834e-02	3.771389e+00
1.834862e-01	-2.854480e-01	-2.855207e-01	-2.640778e-01	8.305489e-02	8.305489e-02	-3.754720e-02	3.765308e+00
1.818182e-01	-2.856212e-01	-2.856939e-01	-2.642283e-01	8.315329e-02	8.315329e-02	-3.793412e-02	3.759374e+00
1.801802e-01	-2.857916e-01	-2.858645e-01	-2.643765e-01	8.324893e-02	8.324893e-02	-3.831911e-02	3.753584e+00
1.785714e-01	-2.859594e-01	-2.860324e-01	-2.645225e-01	8.334190e-02	8.334190e-02	-3.870219e-02	3.747937e+00
1.769912e-01	-2.861246e-01	-2.861977e-01	-2.646664e-01	8.343227e-02	8.343227e-02	-3.908336e-02	3.742431e+00
1.754386e-01	-2.862873e-01	-2.863604e-01	-2.648082e-01	8.352012e-02	8.352012e-02	-3.946262e-02	3.737062e+00
1.739130e-01	-2.864475e-01	-2.865208e-01	-2.649480e-01	8.360553e-02	8.360553e-02	-3.984000e-02	3.731828e+00
1.724138e-01	-2.866054e-01	-2.866787e-01	-2.650858e-01	8.368857e-02	8.368857e-02	-4.021550e-02	3.726728e+00
1.709402e-01	-2.867608e-01	-2.868342e-01	-2.652216e-01	8.376931e-02	8.376931e-02	-4.058913e-02	3.721759e+00
1.694915e-01	-2.869140e-01	-2.869875e-01	-2.653554e-01	8.384781e-02	8.384781e-02	-4.096090e-02	3.716919e+00
1.680672e-01	-2.870649e-01	-2.871385e-01	-2.654874e-01	8.392414e-02	8.392414e-02	-4.133082e-02	3.712206e+00
1.666667e-01	-2.872136e-01	-2.872873e-01	-2.656175e-01	8.399836e-02	8.399836e-02	-4.169891e-02	3.707617e+00
1.652893e-01	-2.873602e-01	-2.874339e-01	-2.657458e-01	8.407054e-02	8.407054e-02	-4.206517e-02	3.703151e+00
1.639344e-01	-2.875046e-01	-2.875784e-01	-2.658724e-01	8.414073e-02	8.414073e-02	-4.242961e-02	3.698805e+00
1.626016e-01	-2.876470e-01	-2.877209e-01	-2.659971e-01	8.420899e-02	8.420899e-02	-4.279224e-02	3.694577e+00
1.612903e-01	-2.877874e-01	-2.878614e-01	-2.661202e-01	8.427538e-02	8.427538e-02	-4.315308e-02	3.690466e+00
1.600000e-01	-2.879258e-01	-2.879998e-01	-2.662416e-01	8.433994e-02	8.433994e-02	-4.351212e-02	3.686469e+00
1.587302e-01	-2.880622e-01	-2.881364e-01	-2.663613e-01	8.440274e-02	8.440274e-02	-4.386940e-02	3.682585e+00
1.574803e-01	-2.881968e-01	-2.882710e-01	-2.664794e-01	8.446383e-02	8.446383e-02	-4.422490e-02	3.678810e+00
1.562500e-01	-2.883295e-01	-2.884038e-01	-2.665959e-01	8.452325e-02	8.452325e-02	-4.457865e-02	3.675145e+00
1.550388e-01	-2.884604e-01	-2.885348e-01	-2.667109e-01	8.458104e-02	8.458104e-02	-4.493065e-02	3.671586e+00
1.538462e-01	-2.885895e-01	-2.886640e-01	-2.668243e-01	8.463727e-02	8.463727e-02	-4.528092e-02	3.668131e+00
1.526718e-01	-2.887169e-01	-2.887914e-01	-2.669362e-01	8.469196e-02	8.469196e-02	-4.562946e-02	3.664780e+00
1.515152e-01	-2.888426e-01	-2.889172e-01	-2.670466e-01	8.474517e-02	8.474517e-02	-4.597628e-02	3.661530e+00
1.503759e-01	-2.889666e-01	-2.890412e-01	-2.671556e-01	8.479694e-02	8.479694e-02	-4.632140e-02	3.658379e+00
1.492537e-01	-2.890890e-01	-2.891637e-01	-2.672632e-01	8.484731e-02	8.484731e-02	-4.666481e-02	3.655326e+00
1.481481e-01	-2.892097e-01	-2.892845e-01	-2.673693e-01	8.489631e-02	8.489631e-02	-4.700655e-02	3.652368e+00
1.470588e-01	-2.893289e-01	-2.894037e-01	-2.674741e-01	8.494400e-02	8.494400e-02	-4.734660e-02	3.649505e+00
1.459854e-01	-2.894465e-01	-2.895215e-01	-2.675775e-01	8.499039e-02	8.499039e-02	-4.768499e-02	3.646734e+00
1.449275e-01	-2.895627e-01	-2.896376e-01	-2.676796e-01	8.503554e-02	8.503554e-02	-4.802171e-02	3.644054e+00
1.438849e-01	-2.896773e-01	-2.897523e-01	-2.677804e-01	8.507948e-02	8.507948e-02	-4.835679e-02	3.641464e+00
1.428571e-01	-2.897905e-01	-2.898656e-01	-2.678799e-01	8.512223e-02	8.512223e-02	-4.869023e-02	3.638960e+00
1.418440e-01	-2.899022e-01	-2.899774e-01	-2.679781e-01	8.516384e-02	8.516384e-02	-4.902204e-02	3.636543e+00
1.408451e-01	-2.900126e-01	-2.900878e-01	-2.680751e-01	8.520434e-02	8.520434e-02	-4.935223e-02	3.634211e+00
1.398601e-01	-2.901216e-01	-2.901969e-01	-2.681708e-01	8.524375e-02	8.524375e-02	-4.968081e-02	3.631961e+00
1.388889e-01	-2.902292e-01	-2.903046e-01	-2.682654e-01	8.528212e-02	8.528212e-02	-5.000779e-02	3.629792e+00
1.379310e-01	-2.903355e-01	-2.904109e-01	-2.683588e-01	8.531946e-02	8.531946e-02	-5.033317e-02	3.627704e+00
1.369863e-01	-2.904405e-01	-2.905160e-01	-2.684510e-01	8.535581e-02	8.535581e-02	-5.065697e-02	3.625694e+00
1.360544e-01	-2.905442e-01	-2.906198e-01	-2.685421e-01	8.539120e-02	8.539120e-02	-5.097920e-02	3.623761e+00
1.351351e-01	-2.906467e-01	-2.907223e-01	-2.686320e-01	8.542565e-02	8.542565e-02	-5.129986e-02	3.621903e+00
1.342282e-01	-2.907479e-01	-2.908236e-01	-2.687209e-01	8.545919e-02	8.545919e-02	-5.161896e-02	3.620120e+00
1.333333e-01	-2.908480e-01	-2.909237e-01	-2.688086e-01	8.549185e-02	8.549185e-02	-5.193652e-02	3.618409e+00
1.324503e-01	-2.909468e-01	-2.910226e-01	-2.688953e-01	8.552365e-02	8.552365e-02	-5.225253e-02	3.616770e+00
1.315789e-01	-2.910445e-01	-2.911204e-01	-2.689809e-01	8.555461e-02	8.555461e-02	-5.256702e-02	3.615201e+00
1.307190e-01	-2.911410e-01	-2.912170e-01	-2.690655e-01	8.558476e-02	8.558476e-02	-5.287998e-02	3.613700e+00
1.298701e-01	-2.912365e-01	-2.913124e-01	-2.691491e-01	8.561413e-02	8.561413e-02	-5.319144e-02	3.612267e+00
1.290323e-01	-2.913308e-01	-2.914068e-01	-2.692317e-01	8.564273e-02	8.564273e-02	-5.350138e-02	3.610900e+00
1.282051e-01	-2.914240e-01	-2.915001e-01	-2.693132e-01	8.567059e-02	8.567059e-02	-5.380984e-02	3.609597e+00
1.273885e-01	-2.915162e-01	-2.915923e-01	-2.693938e-01	8.569772e-02	8.569772e-02	-5.411680e-02	3.608359e+00
1.265823e-01	-2.916073e-01	-2.916835e-01	-2.694735e-01	8.572416e-02	8.572416e-02	-5.442229e-02	3.607182e+00
1.257862e-01	-2.916974e-01	-2.917736e-01	-2.695522e-01	8.574991e-02	8.574991e-02	-5.472630e-02	3.606066e+00
1.250000e-01	-2.917864e-01	-2.918627e-01	-2.696299e-01	8.577501e-02	8.577501e-02	-5.502886e-02	3.605011e+00
1.242236e-01	-2.918745e-01	-2.919509e-01	-2.697068e-01	8.579946e-02	8.579946e-02	-5.532995e-02	3.604014e+00
1.234568e-01	-2.919616e-01	-2.920380e-01	-2.697828e-01	8.582329e-02	8.582329e-02	-5.562961e-02	3.603074e+00
1.226994e-01	-2.920477e-01	-2.921242e-01	-2.698578e-01	8.584651e-02	8.584651e-02	-5.592782e-02	3.602191e+00
1.219512e-01	-2.921329e-01	-2.922094e-01	-2.699320e-01	8.586914e-02	8.586914e-02	-5.622461e-02	3.601363e+00
1.212121e-01	-2.922172e-01	-2.922937e-01	-2.700053e-01	8.589121e-02	8.589121e-02	-5.651997e-02	3.600588e+00
1.204819e-01	-2.923005e-01	-2.923771e-01	-2.700778e-01	8.591272e-02	8.591272e-02	-5.681392e-02	3.599867e+00
1.197605e-01	-2.923830e-01	-2.924596e-01	-2.701495e-01	8.593370e-02	8.593370e-02	-5.710647e-02	3.599198e+00
1.190476e-01	-2.924645e-01	-2.925412e-01	-2.702203e-01	8.595415e-02	8.595415e-02	-5.739762e-02	3.598579e+00
1.183432e-01	-2.925452e-01	-2.926219e-01	-2.702903e-01	8.597410e-02	8.597410e-02	-5.768737e-02	3.598010e+00
1.176471e-01	-2.926250e-01	-2.927018e-01	-2.703595e-01	8.599355e-02	8.599355e-02	-5.797575e-02	3.597489e+00
1.169591e-01	-2.927040e-01	-2.927808e-01	-2.704279e-01	8.601253e-02	8.601253e-02	-5.826275e-02	3.597017e+00
1.162791e-01	-2.927822e-01	-2.928590e-01	-2.704956e-01	8.603105e-02	8.603105e-02	-5.854838e-02	3.596590e+00
1.156069e-01	-2.928595e-01	-2.929364e-01	-2.705625e-01	8.604912e-02	8.604912e-02	-5.883265e-02	3.596209e+00
1.149425e-01	-2.929360e-01	-2.930130e-01	-2.706286e-01	8.606675e-02	8.606675e-02	-5.911557e-02	3.595873e+00
1.142857e-01	-2.930117e-01	-2.930888e-01	-2.706940e-01	8.608397e-02	8.608397e-02	-5.939715e-02	3.595580e+00
1.136364e-01	-2.930867e-01	-2.931638e-01	-2.707586e-01	8.610077e-02	8.610077e-02	-5.967739e-02	3.595330e+00
1.129944e-01	-2.931609e-01	-2.932380e-01	-2.708226e-01	8.611718e-02	8.611718e-02	-5.995630e-02	3.595121e+00
1.123596e-01	-2.932343e-01	-2.933115e-01	-2.708858e-01	8.613320e-02	8.613320e-02	-6.023389e-02	3.594954e+00
1.117318e-01	-2.933070e-01	-2.933842e-01	-2.709483e-01	8.614886e-02	8.614886e-02	-6.051016e-02	3.594825e+00
1.111111e-01	-2.933789e-01	-2.934562e-01	-2.710101e-01	8.616415e-02	8.616415e-02	-6.078512e-02	3.594736e+00
1.104972e-01	-2.934502e-01	-2.935275e-01	-2.710713e-01	8.617909e-02	8.617909e-02	-6.105878e-02	3.594685e+00
1.098901e-01	-2.935207e-01	-2.935980e-01	-2.711317e-01	8.619370e-02	8.619370e-02	-6.133115e-02	3.594670e+00
1.092896e-01	-2.935905e-01	-2.936679e-01	-2.711915e-01	8.620797e-02	8.620797e-02	-6.160224e-02	3.594692e+00
1.086957e-01	-2.936596e-01	-2.937371e-01	-2.712507e-01	8.622193e-02	8.622193e-02	-6.187204e-02	3.594749e+00
1.081081e-01	-2.937281e-01	-2.938055e-01	-2.713092e-01	8.623558e-02	8.623558e-02	-6.214057e-02	3.594840e+00
1.075269e-01	-2.937959e-01	-2.938734e-01	-2.713670e-01	8.624894e-02	8.624894e-02	-6.240784e-02	3.594965e+00
1.069519e-01	-2.938630e-01	-2.939405e-01	-2.714243e-01	8.626201e-02	8.626201e-02	-6.267385e-02	3.595123e+00
1.063830e-01	-2.939294e-01	-2.940070e-01	-2.714809e-01	8.627479e-02	8.627479e-02	-6.293860e-02	3.595313e+00
1.058201e-01	-2.939953e-01	-2.940729e-01	-2.715369e-01	8.628732e-02	8.628732e-02	-6.320212e-02	3.595534e+00
1.052632e-01	-2.940605e-01	-2.941381e-01	-2.715923e-01	8.629958e-02	8.629958e-02	-6.346439e-02	3.595785e+00
1.047120e-01	-2.941250e-01	-2.942027e-01	-2.716471e-01	8.631158e-02	8.631158e-02	-6.372543e-02	3.596066e+00
1.041667e-01	-2.941890e-01	-2.942667e-01	-2.717014e-01	8.632335e-02	8.632335e-02	-6.398525e-02	3.596375e+00
1.036269e-01	-2.942523e-01	-2.943301e-01	-2.717550e-01	8.633488e-02	8.633488e-02	-6.424385e-02	3.596713e+00
1.030928e-01	-2.943151e-01	-2.943929e-01	-2.718081e-01	8.634619e-02	8.634619e-02	-6.450123e-02	3.597078e+00
1.025641e-01	-2.943772e-01	-2.944551e-01	-2.718606e-01	8.635727e-02	8.635727e-02	-6.475742e-02	3.597469e+00
1.020408e-01	-2.944388e-01	-2.945167e-01	-2.719125e-01	8.636815e-02	8.636815e-02	-6.501240e-02	3.597886e+00
1.015228e-01	-2.944998e-01	-2.945778e-01	-2.719640e-01	8.637882e-02	8.637882e-02	-6.526619e-02	3.598329e+00
1.010101e-01	-2.945603e-01	-2.946382e-01	-2.720148e-01	8.638930e-02	8.638930e-02	-6.551880e-02	3.598795e+00
1.005025e-01	-2.946202e-01	-2.946982e-01	-2.720652e-01	8.639958e-02	8.639958e-02	-6.577023e-02	3.599286e+00
1.000000e-01	-2.946795e-01	-2.947575e-01	-2.721150e-01	8.640969e-02	8.640969e-02	-6.602049e-02	3.599799e+00
9.950249e-02	-2.947383e-01	-2.948164e-01	-2.721642e-01	8.641961e-02	8.641961e-02	-6.626957e-02	3.600335e+00
9.900990e-02	-2.947966e-01	-2.948747e-01	-2.722130e-01	8.642937e-02	8.642937e-02	-6.651750e-02	3.600892e+00
9.852217e-02	-2.948543e-01	-2.949325e-01	-2.722613e-01	8.643897e-02	8.643897e-02	-6.676428e-02	3.601470e+00
9.803922e-02	-2.949115e-01	-2.949897e-01	-2.723090e-01	8.644841e-02	8.644841e-02	-6.700991e-02	3.602069e+00
9.756098e-02	-2.949682e-01	-2.950464e-01	-2.723563e-01	8.645770e-02	8.645770e-02	-6.725439e-02	3.602687e+00
9.708738e-02	-2.950244e-01	-2.951027e-01	-2.724031e-01	8.646684e-02	8.646684e-02	-6.749774e-02	3.603325e+00
9.661836e-02	-2.950801e-01	-2.951584e-01	-2.724494e-01	8.647585e-02	8.647585e-02	-6.773996e-02	3.603981e+00
9.615385e-02	-2.951353e-01	-2.952136e-01	-2.724952e-01	8.648472e-02	8.648472e-02	-6.798106e-02	3.604654e+00
9.569378e-02	-2.951900e-01	-2.952684e-01	-2.725406e-01	8.649346e-02	8.649346e-02	-6.822104e-02	3.605345e+00
9.523810e-02	-2.952443e-01	-2.953227e-01	-2.725855e-01	8.650209e-02	8.650209e-02	-6.845991e-02	3.606053e+00
9.478673e-02	-2.952980e-01	-2.953765e-01	-2.726299e-01	8.651059e-02	8.651059e-02	-6.869767e-02	3.606777e+00
9.433962e-02	-2.953513e-01	-2.954298e-01	-2.726739e-01	8.651899e-02	8.651899e-02	-6.893433e-02	3.607516e+00
9.389671e-02	-2.954042e-01	-2.954827e-01	-2.727174e-01	8.652727e-02	8.652727e-02	-6.916990e-02	3.608270e+00
9.345794e-02	-2.954565e-01	-2.955351e-01	-2.727605e-01	8.653546e-02	8.653546e-02	-6.940439e-02	3.609039e+00
9.302326e-02	-2.955085e-01	-2.955870e-01	-2.728032e-01	8.654354e-02	8.654354e-02	-6.963779e-02	3.609822e+00
9.259259e-02	-2.955599e-01	-2.956385e-01	-2.728454e-01	8.655153e-02	8.655153e-02	-6.987011e-02	3.610617e+00
9.216590e-02	-2.956110e-01	-2.956896e-01	-2.728872e-01	8.655944e-02	8.655944e-02	-7.010136e-02	3.611426e+00
9.174312e-02	-2.956616e-01	-2.957403e-01	-2.729286e-01	8.656726e-02	8.656726e-02	-7.033155e-02	3.612247e+00
9.132420e-02	-2.957118e-01	-2.957905e-01	-2.729696e-01	8.657500e-02	8.657500e-02	-7.056068e-02	3.613079e+00
9.090909e-02	-2.957615e-01	-2.958403e-01	-2.730102e-01	8.658266e-02	8.658266e-02	-7.078875e-02	3.613923e+00
9.049774e-02	-2.958109e-01	-2.958896e-01	-2.730503e-01	8.659025e-02	8.659025e-02	-7.101578e-02	3.614778e+00
9.009009e-02	-2.958598e-01	-2.959386e-01	-2.730901e-01	8.659777e-02	8.659777e-02	-7.124176e-02	3.615643e+00
8.968610e-02	-2.959083e-01	-2.959872e-01	-2.731295e-01	8.660523e-02	8.660523e-02	-7.146671e-02	3.616517e+00
8.928571e-02	-2.959565e-01	-2.960353e-01	-2.731684e-01	8.661263e-02	8.661263e-02	-7.169062e-02	3.617401e+00
8.888889e-02	-2.960042e-01	-2.960831e-01	-2.732070e-01	8.661997e-02	8.661997e-02	-7.191351e-02	3.618294e+00
8.849558e-02	-2.960515e-01	-2.961304e-01	-2.732453e-01	8.662726e-02	8.662726e-02	-7.213538e-02	3.619195e+00
8.810573e-02	-2.960985e-01	-2.961774e-01	-2.732831e-01	8.663450e-02	8.663450e-02	-7.235623e-02	3.620104e+00
8.771930e-02	-2.961450e-01	-2.962240e-01	-2.733206e-01	8.664169e-02	8.664169e-02	-7.257607e-02	3.621020e+00
8.733624e-02	-2.961912e-01	-2.962702e-01	-2.733577e-01	8.664883e-02	8.664883e-02	-7.279491e-02	3.621944e+00
8.695652e-02	-2.962370e-01	-2.963160e-01	-2.733944e-01	8.665594e-02	8.665594e-02	-7.301275e-02	3.622874e+00
8.658009e-02	-2.962825e-01	-2.963615e-01	-2.734308e-01	8.666301e-02	8.666301e-02	-7.322959e-02	3.623810e+00
8.620690e-02	-2.963275e-01	-2.964066e-01	-2.734668e-01	8.667004e-02	8.667004e-02	-7.344544e-02	3.624752e+00
8.583691e-02	-2.963722e-01	-2.964513e-01	-2.735025e-01	8.667704e-02	8.667704e-02	-7.366031e-02	3.625700e+00
8.547009e-02	-2.964166e-01	-2.964957e-01	-2.735379e-01	8.668401e-02	8.668401e-02	-7.387420e-02	3.626652e+00
8.510638e-02	-2.964606e-01	-2.965398e-01	-2.735728e-01	8.669096e-02	8.669096e-02	-7.408712e-02	3.627609e+00
8.474576e-02	-2.965043e-01	-2.965834e-01	-2.736075e-01	8.669788e-02	8.669788e-02	-7.429907e-02	3.628570e+00
8.438819e-02	-2.965476e-01	-2.966268e-01	-2.736418e-01	8.670479e-02	8.670479e-02	-7.451005e-02	3.629535e+00
8.403361e-02	-2.965905e-01	-2.966698e-01	-2.736758e-01	8.671167e-02	8.671167e-02	-7.472008e-02	3.630503e+00
8.368201e-02	-2.966332e-01	-2.967124e-01	-2.737095e-01	8.671854e-02	8.671854e-02	-7.492915e-02	3.631474e+00
8.333333e-02	-2.966755e-01	-2.967548e-01	-2.737428e-01	8.672539e-02	8.672539e-02	-7.513727e-02	3.632448e+00
8.298755e-02	-2.967174e-01	-2.967967e-01	-2.737759e-01	8.673224e-02	8.673224e-02	-7.534445e-02	3.633424e+00
8.264463e-02	-2.967591e-01	-2.968384e-01	-2.738086e-01	8.673907e-02	8.673907e-02	-7.555069e-02	3.634403e+00
8.230453e-02	-2.968004e-01	-2.968798e-01	-2.738410e-01	8.674590e-02	8.674590e-02	-7.575599e-02	3.635382e+00
8.196721e-02	-2.968414e-01	-2.969208e-01	-2.738731e-01	8.675272e-02	8.675272e-02	-7.596037e-02	3.636363e+00
8.163265e-02	-2.968821e-01	-2.969615e-01	-2.739049e-01	8.675954e-02	8.675954e-02	-7.616382e-02	3.637345e+00
8.130081e-02	-2.969225e-01	-2.970019e-01	-2.739364e-01	8.676636e-02	8.676636e-02	-7.636636e-02	3.638328e+00
8.097166e-02	-2.969626e-01	-2.970420e-01	-2.739676e-01	8.677318e-02	8.677318e-02	-7.656797e-02	3.639311e+00
8.064516e-02	-2.970023e-01	-2.970818e-01	-2.739985e-01	8.678000e-02	8.678000e-02	-7.676868e-02	3.640294e+00
8.032129e-02	-2.970418e-01	-2.971213e-01	-2.740291e-01	8.678683e-02	8.678683e-02	-7.696848e-02	3.641276e+00
8.000000e-02	-2.970810e-01	-2.971605e-01	-2.740594e-01	8.679367e-02	8.679367e-02	-7.716739e-02	3.642258e+00
7.968127e-02	-2.971198e-01	-2.971994e-01	-2.740895e-01	8.680051e-02	8.680051e-02	-7.736539e-02	3.643239e+00
7.936508e-02	-2.971584e-01	-2.972380e-01	-2.741192e-01	8.680737e-02	8.680737e-02	-7.756250e-02	3.644218e+00
7.905138e-02	-2.971967e-01	-2.972763e-01	-2.741487e-01	8.681423e-02	8.681423e-02	-7.775873e-02	3.645196e+00
7.874016e-02	-2.972347e-01	-2.973144e-01	-2.741779e-01	8.682111e-02	8.682111e-02	-7.795408e-02	3.646172e+00
7.843137e-02	-2.972725e-01	-2.973521e-01	-2.742069e-01	8.682800e-02	8.682800e-02	-7.814854e-02	3.647146e+00
7.812500e-02	-2.973099e-01	-2.973896e-01	-2.742355e-01	8.683491e-02	8.683491e-02	-7.834214e-02	3.648118e+00
7.782101e-02	-2.973471e-01	-2.974268e-01	-2.742639e-01	8.684184e-02	8.684184e-02	-7.853486e-02	3.649087e+00
7.751938e-02	-2.973840e-01	-2.974637e-01	-2.742921e-01	8.684879e-02	8.684879e-02	-7.872672e-02	3.650053e+00
7.722008e-02	-2.974206e-01	-2.975004e-01	-2.743200e-01	8.685575e-02	8.685575e-02	-7.891772e-02	3.651015e+00
7.692308e-02	-2.974570e-01	-2.975368e-01	-2.743476e-01	8.686274e-02	8.686274e-02	-7.910786e-02	3.651975e+00
7.662835e-02	-2.974931e-01	-2.975729e-01	-2.743750e-01	8.686975e-02	8.686975e-02	-7.929716e-02	3.652930e+00
7.633588e-02	-2.975290e-01	-2.976088e-01	-2.744021e-01	8.687679e-02	8.687679e-02	-7.948560e-02	3.653882e+00
7.604563e-02	-2.975645e-01	-2.976444e-01	-2.744290e-01	8.688385e-02	8.688385e-02	-7.967321e-02	3.654829e+00
7.575758e-02	-2.975999e-01	-2.976797e-01	-2.744556e-01	8.689094e-02	8.689094e-02	-7.985997e-02	3.655772e+00
7.547170e-02	-2.976349e-01	-2.977148e-01	-2.744820e-01	8.689805e-02	8.689805e-02	-8.004590e-02	3.656710e+00
7.518797e-02	-2.976698e-01	-2.977497e-01	-2.745082e-01	8.690519e-02	8.690519e-02	-8.023100e-02	3.657643e+00
7.490637e-02	-2.977043e-01	-2.977842e-01	-2.745341e-01	8.691236e-02	8.691236e-02	-8.041528e-02	3.658572e+00
7.462687e-02	-2.977387e-01	-2.978186e-01	-2.745598e-01	8.691957e-02	8.691957e-02	-8.059874e-02	3.659494e+00
7.434944e-02	-2.977727e-01	-2.978527e-01	-2.745852e-01	8.692680e-02	8.692680e-02	-8.078137e-02	3.660412e+00
7.407407e-02	-2.978066e-01	-2.978866e-01	-2.746104e-01	8.693407e-02	8.693407e-02	-8.096320e-02	3.661323e+00
7.380074e-02	-2.978402e-01	-2.979202e-01	-2.746354e-01	8.694136e-02	8.694136e-02	-8.114421e-02	3.662228e+00
7.352941e-02	-2.978736e-01	-2.979536e-01	-2.746602e-01	8.694870e-02	8.694870e-02	-8.132442e-02	3.663127e+00
7.326007e-02	-2.979067e-01	-2.979867e-01	-2.746847e-01	8.695606e-02	8.695606e-02	-8.150384e-02	3.664020e+00
7.299270e-02	-2.979396e-01	-2.980197e-01	-2.747091e-01	8.696347e-02	8.696347e-02	-8.168245e-02	3.664906e+00
7.272727e-02	-2.979723e-01	-2.980524e-01	-2.747332e-01	8.697091e-02	8.697091e-02	-8.186027e-02	3.665785e+00
7.246377e-02	-2.980047e-01	-2.980848e-01	-2.747571e-01	8.697838e-02	8.697838e-02	-8.203730e-02	3.666658e+00
7.220217e-02	-2.980369e-01	-2.981171e-01	-2.747808e-01	8.698590e-02	8.698590e-02	-8.221355e-02	3.667523e+00
7.194245e-02	-2.980689e-01	-2.981491e-01	-2.748042e-01	8.699345e-02	8.699345e-02	-8.238902e-02	3.668380e+00
7.168459e-02	-2.981007e-01	-2.981809e-01	-2.748275e-01	8.700104e-02	8.700104e-02	-8.256371e-02	3.669230e+00
7.142857e-02	-2.981323e-01	-2.982125e-01	-2.748505e-01	8.700867e-02	8.700867e-02	-8.273763e-02	3.670073e+00
7.117438e-02	-2.981636e-01	-2.982438e-01	-2.748734e-01	8.701634e-02	8.701634e-02	-8.291077e-02	3.670907e+00
7.092199e-02	-2.981948e-01	-2.982750e-01	-2.748960e-01	8.702405e-02	8.702405e-02	-8.308316e-02	3.671733e+00
7.067138e-02	-2.982257e-01	-2.983059e-01	-2.749185e-01	8.703180e-02	8.703180e-02	-8.325478e-02	3.672551e+00
7.042254e-02	-2.982564e-01	-2.983367e-01	-2.749408e-01	8.703960e-02	8.703960e-02	-8.342565e-02	3.673361e+00
7.017544e-02	-2.982869e-01	-2.983672e-01	-2.749628e-01	8.704743e-02	8.704743e-02	-8.359576e-02	3.674162e+00
6.993007e-02	-2.983172e-01	-2.983975e-01	-2.749847e-01	8.705531e-02	8.705531e-02	-8.376512e-02	3.674954e+00
6.968641e-02	-2.983473e-01	-2.984276e-01	-2.750063e-01	8.706323e-02	8.706323e-02	-8.393374e-02	3.675738e+00
6.944444e-02	-2.983772e-01	-2.984575e-01	-2.750278e-01	8.707120e-02	8.707120e-02	-8.410161e-02	3.676512e+00
6.920415e-02	-2.984069e-01	-2.984872e-01	-2.750491e-01	8.707921e-02	8.707921e-02	-8.426874e-02	3.677277e+00
6.896552e-02	-2.984364e-01	-2.985168e-01	-2.750702e-01	8.708726e-02	8.708726e-02	-8.443514e-02	3.678033e+00
6.872852e-02	-2.984657e-01	-2.985461e-01	-2.750912e-01	8.709535e-02	8.709535e-02	-8.460081e-02	3.678779e+00
6.849315e-02	-2.984948e-01	-2.985752e-01	-2.751119e-01	8.710349e-02	8.710349e-02	-8.476576e-02	3.679516e+00
6.825939e-02	-2.985237e-01	-2.986041e-01	-2.751325e-01	8.711168e-02	8.711168e-02	-8.492997e-02	3.680243e+00
6.802721e-02	-2.985524e-01	-2.986329e-01	-2.751529e-01	8.711991e-02	8.711991e-02	-8.509347e-02	3.680960e+00
6.779661e-02	-2.985810e-01	-2.986614e-01	-2.751731e-01	8.712819e-02	8.712819e-02	-8.525625e-02	3.681667e+00
6.756757e-02	-2.986093e-01	-2.986898e-01	-2.751931e-01	8.713651e-02	8.713651e-02	-8.541832e-02	3.682364e+00
6.734007e-02	-2.986375e-01	-2.987180e-01	-2.752130e-01	8.714488e-02	8.714488e-02	-8.557968e-02	3.683051e+00
6.711409e-02	-2.986655e-01	-2.987460e-01	-2.752327e-01	8.715329e-02	8.715329e-02	-8.574033e-02	3.683727e+00
6.688963e-02	-2.986933e-01	-2.987738e-01	-2.752522e-01	8.716175e-02	8.716175e-02	-8.590028e-02	3.684393e+00
6.666667e-02	-2.987209e-01	-2.988014e-01	-2.752716e-01	8.717026e-02	8.717026e-02	-8.605953e-02	3.685048e+00
6.644518e-02	-2.987483e-01	-2.988289e-01	-2.752908e-01	8.717881e-02	8.717881e-02	-8.621808e-02	3.685692e+00
6.622517e-02	-2.987756e-01	-2.988561e-01	-2.753098e-01	8.718741e-02	8.718741e-02	-8.637595e-02	3.686326e+00
6.600660e-02	-2.988027e-01	-2.988832e-01	-2.753287e-01	8.719605e-02	8.719605e-02	-8.653312e-02	3.686948e+00
6.578947e-02	-2.988296e-01	-2.989102e-01	-2.753474e-01	8.720475e-02	8.720475e-02	-8.668961e-02	3.687560e+00
6.557377e-02	-2.988563e-01	-2.989369e-01	-2.753659e-01	8.721349e-02	8.721349e-02	-8.684542e-02	3.688160e+00
6.535948e-02	-2.988829e-01	-2.989635e-01	-2.753843e-01	8.722227e-02	8.722227e-02	-8.700054e-02	3.688749e+00
6.514658e-02	-2.989093e-01	-2.989899e-01	-2.754026e-01	8.723111e-02	8.723111e-02	-8.715500e-02	3.689327e+00
6.493506e-02	-2.989355e-01	-2.990162e-01	-2.754207e-01	8.723999e-02	8.723999e-02	-8.730878e-02	3.689893e+00
6.472492e-02	-2.989616e-01	-2.990423e-01	-2.754386e-01	8.724891e-02	8.724891e-02	-8.746189e-02	3.690447e+00
6.451613e-02	-2.989875e-01	-2.990682e-01	-2.754564e-01	8.725789e-02	8.725789e-02	-8.761434e-02	3.690990e+00
6.430868e-02	-2.990132e-01	-2.990939e-01	-2.754740e-01	8.726691e-02	8.726691e-02	-8.776612e-02	3.691522e+00
6.410256e-02	-2.990388e-01	-2.991195e-01	-2.754915e-01	8.727598e-02	8.727598e-02	-8.791725e-02	3.692041e+00
6.389776e-02	-2.990642e-01	-2.991449e-01	-2.755088e-01	8.728509e-02	8.728509e-02	-8.806772e-02	3.692548e+00
6.369427e-02	-2.990895e-01	-2.991702e-01	-2.755260e-01	8.729426e-02	8.729426e-02	-8.821754e-02	3.693044e+00
6.349206e-02	-2.991146e-01	-2.991953e-01	-2.755431e-01	8.730347e-02	8.730347e-02	-8.836671e-02	3.693527e+00
6.329114e-02	-2.991395e-01	-2.992203e-01	-2.755600e-01	8.731272e-02	8.731272e-02	-8.851524e-02	3.693999e+00
6.309148e-02	-2.991643e-01	-2.992451e-01	-2.755767e-01	8.732202e-02	8.732202e-02	-8.866312e-02	3.694458e+00
6.289308e-02	-2.991889e-01	-2.992697e-01	-2.755934e-01	8.733137e-02	8.733137e-02	-8.881036e-02	3.694904e+00
6.269592e-02	-2.992134e-01	-2.992942e-01	-2.756099e-01	8.734077e-02	8.734077e-02	-8.895697e-02	3.695339e+00
6.250000e-02	-2.992377e-01	-2.993186e-01	-2.756262e-01	8.735021e-02	8.735021e-02	-8.910294e-02	3.695761e+00
6.230530e-02	-2.992619e-01	-2.993428e-01	-2.756424e-01	8.735970e-02	8.735970e-02	-8.924829e-02	3.696170e+00
6.211180e-02	-2.992860e-01	-2.993668e-01	-2.756585e-01	8.736923e-02	8.736923e-02	-8.939300e-02	3.696567e+00
6.191950e-02	-2.993098e-01	-2.993907e-01	-2.756745e-01	8.737881e-02	8.737881e-02	-8.953709e-02	3.696951e+00
6.172840e-02	-2.993336e-01	-2.994145e-01	-2.756903e-01	8.738844e-02	8.738844e-02	-8.968057e-02	3.697323e+00
6.153846e-02	-2.993572e-01	-2.994381e-01	-2.757060e-01	8.739811e-02	8.739811e-02	-8.982342e-02	3.697681e+00
6.134969e-02	-2.993806e-01	-2.994615e-01	-2.757216e-01	8.740783e-02	8.740783e-02	-8.996566e-02	3.698027e+00
6.116208e-02	-2.994039e-01	-2.994849e-01	-2.757370e-01	8.741759e-02	8.741759e-02	-9.010729e-02	3.698360e+00
6.097561e-02	-2.994271e-01	-2.995081e-01	-2.757523e-01	8.742740e-02	8.742740e-02	-9.024830e-02	3.698680e+00
6.079027e-02	-2.994501e-01	-2.995311e-01	-2.757675e-01	8.743725e-02	8.743725e-02	-9.038872e-02	3.698987e+00
6.060606e-02	-2.994730e-01	-2.995540e-01	-2.757826e-01	8.744715e-02	8.744715e-02	-9.052852e-02	3.699281e+00
6.042296e-02	-2.994958e-01	-2.995768e-01	-2.757975e-01	8.745709e-02	8.745709e-02	-9.066773e-02	3.699562e+00
6.024096e-02	-2.995184e-01	-2.995994e-01	-2.758123e-01	8.746707e-02	8.746707e-02	-9.080635e-02	3.699830e+00
6.006006e-02	-2.995409e-01	-2.996219e-01	-2.758270e-01	8.747710e-02	8.747710e-02	-9.094436e-02	3.700084e+00
5.988024e-02	-2.995632e-01	-2.996442e-01	-2.758416e-01	8.748718e-02	8.748718e-02	-9.108179e-02	3.700326e+00
5.970149e-02	-2.995854e-01	-2.996665e-01	-2.758561e-01	8.749729e-02	8.749729e-02	-9.121863e-02	3.700554e+00
5.952381e-02	-2.996075e-01	-2.996886e-01	-2.758705e-01	8.750745e-02	8.750745e-02	-9.135488e-02	3.700768e+00
5.934718e-02	-2.996295e-01	-2.997105e-01	-2.758847e-01	8.751766e-02	8.751766e-02	-9.149055e-02	3.700970e+00
5.917160e-02	-2.996513e-01	-2.997324e-01	-2.758988e-01	8.752790e-02	8.752790e-02	-9.162564e-02	3.701158e+00
5.899705e-02	-2.996730e-01	-2.997541e-01	-2.759128e-01	8.753819e-02	8.753819e-02	-9.176016e-02	3.701332e+00
5.882353e-02	-2.996946e-01	-2.997757e-01	-2.759267e-01	8.754852e-02	8.754852e-02	-9.189409e-02	3.701494e+00
5.865103e-02	-2.997160e-01	-2.997971e-01	-2.759405e-01	8.755890e-02	8.755890e-02	-9.202746e-02	3.701641e+00
5.847953e-02	-2.997373e-01	-2.998184e-01	-2.759542e-01	8.756931e-02	8.756931e-02	-9.216026e-02	3.701775e+00
5.830904e-02	-2.997585e-01	-2.998396e-01	-2.759678e-01	8.757977e-02	8.757977e-02	-9.229249e-02	3.701896e+00
5.813953e-02	-2.997796e-01	-2.998607e-01	-2.759812e-01	8.759026e-02	8.759026e-02	-9.242416e-02	3.702003e+00
5.797101e-02	-2.998005e-01	-2.998817e-01	-2.759946e-01	8.760080e-02	8.760080e-02	-9.255527e-02	3.702096e+00
5.780347e-02	-2.998213e-01	-2.999025e-01	-2.760078e-01	8.761138e-02	8.761138e-02	-9.268582e-02	3.702176e+00
5.763689e-02	-2.998420e-01	-2.999232e-01	-2.760210e-01	8.762200e-02	8.762200e-02	-9.281582e-02	3.702241e+00
5.747126e-02	-2.998626e-01	-2.999438e-01	-2.760340e-01	8.763266e-02	8.763266e-02	-9.294526e-02	3.702294e+00
5.730659e-02	-2.998831e-01	-2.999643e-01	-2.760469e-01	8.764335e-02	8.764335e-02	-9.307416e-02	3.702332e+00
5.714286e-02	-2.999034e-01	-2.999846e-01	-2.760598e-01	8.765409e-02	8.765409e-02	-9.320250e-02	3.702357e+00
5.698006e-02	-2.999237e-01	-3.000049e-01	-2.760725e-01	8.766487e-02	8.766487e-02	-9.333030e-02	3.702368e+00
5.681818e-02	-2.999438e-01	-3.000250e-01	-2.760852e-01	8.767568e-02	8.767568e-02	-9.345757e-02	3.702366e+00
5.665722e-02	-2.999638e-01	-3.000450e-01	-2.760977e-01	8.768653e-02	8.768653e-02	-9.358429e-02	3.702349e+00
5.649718e-02	-2.999836e-01	-3.000649e-01	-2.761101e-01	8.769742e-02	8.769742e-02	-9.371047e-02	3.702319e+00
5.633803e-02	-3.000034e-01	-3.000847e-01	-2.761225e-01	8.770835e-02	8.770835e-02	-9.383612e-02	3.702275e+00
5.617978e-02	-3.000231e-01	-3.001044e-01	-2.761347e-01	8.771931e-02	8.771931e-02	-9.396124e-02	3.702217e+00
5.602241e-02	-3.000426e-01	-3.001239e-01	-2.761469e-01	8.773032e-02	8.773032e-02	-9.408583e-02	3.702145e+00
5.586592e-02	-3.000621e-01	-3.001434e-01	-2.761590e-01	8.774135e-02	8.774135e-02	-9.420989e-02	3.702060e+00
5.571031e-02	-3.000814e-01	-3.001627e-01	-2.761709e-01	8.775243e-02	8.775243e-02	-9.433343e-02	3.701960e+00
5.555556e-02	-3.001006e-01	-3.001819e-01	-2.761828e-01	8.776354e-02	8.776354e-02	-9.445645e-02	3.701847e+00
5.540166e-02	-3.001197e-01	-3.002010e-01	-2.761946e-01	8.777468e-02	8.777468e-02	-9.457895e-02	3.701720e+00
5.524862e-02	-3.001387e-01	-3.002201e-01	-2.762063e-01	8.778586e-02	8.778586e-02	-9.470093e-02	3.701579e+00
5.509642e-02	-3.001576e-01	-3.002390e-01	-2.762179e-01	8.779708e-02	8.779708e-02	-9.482240e-02	3.701424e+00
5.494505e-02	-3.001764e-01	-3.002578e-01	-2.762294e-01	8.780833e-02	8.780833e-02	-9.494335e-02	3.701255e+00
5.479452e-02	-3.001951e-01	-3.002765e-01	-2.762409e-01	8.781961e-02	8.781961e-02	-9.506380e-02	3.701072e+00
5.464481e-02	-3.002137e-01	-3.002950e-01	-2.762522e-01	8.783093e-02	8.783093e-02	-9.518374e-02	3.700876e+00
5.449591e-02	-3.002321e-01	-3.003135e-01	-2.762635e-01	8.784228e-02	8.784228e-02	-9.530318e-02	3.700666e+00
5.434783e-02	-3.002505e-01	-3.003319e-01	-2.762746e-01	8.785366e-02	8.785366e-02	-9.542211e-02	3.700441e+00
5.420054e-02	-3.002688e-01	-3.003502e-01	-2.762857e-01	8.786507e-02	8.786507e-02	-9.554054e-02	3.700203e+00
5.405405e-02	-3.002870e-01	-3.003684e-01	-2.762967e-01	8.787652e-02	8.787652e-02	-9.565848e-02	3.699951e+00
5.390836e-02	-3.003050e-01	-3.003865e-01	-2.763076e-01	8.788800e-02	8.788800e-02	-9.577593e-02	3.699685e+00
5.376344e-02	-3.003230e-01	-3.004045e-01	-2.763185e-01	8.789951e-02	8.789951e-02	-9.589288e-02	3.699405e+00
5.361930e-02	-3.003409e-01	-3.004223e-01	-2.763292e-01	8.791105e-02	8.791105e-02	-9.600934e-02	3.699112e+00
5.347594e-02	-3.003587e-01	-3.004401e-01	-2.763399e-01	8.792262e-02	8.792262e-02	-9.612531e-02	3.698804e+00
5.333333e-02	-3.003763e-01	-3.004578e-01	-2.763505e-01	8.793422e-02	8.793422e-02	-9.624080e-02	3.698483e+00
5.319149e-02	-3.003939e-01	-3.004754e-01	-2.763610e-01	8.794585e-02	8.794585e-02	-9.635580e-02	3.698148e+00
5.305040e-02	-3.004114e-01	-3.004929e-01	-2.763715e-01	8.795751e-02	8.795751e-02	-9.647032e-02	3.697799e+00
5.291005e-02	-3.004288e-01	-3.005103e-01	-2.763819e-01	8.796920e-02	8.796920e-02	-9.658437e-02	3.697436e+00
5.277045e-02	-3.004461e-01	-3.005276e-01	-2.763921e-01	8.798092e-02	8.798092e-02	-9.669793e-02	3.697060e+00
5.263158e-02	-3.004633e-01	-3.005448e-01	-2.764024e-01	8.799267e-02	8.799267e-02	-9.681103e-02	3.696670e+00
5.249344e-02	-3.004804e-01	-3.005620e-01	-2.764125e-01	8.800444e-02	8.800444e-02	-9.692365e-02	3.696265e+00
5.235602e-02	-3.004975e-01	-3.005790e-01	-2.764226e-01	8.801624e-02	8.801624e-02	-9.703580e-02	3.695848e+00
5.221932e-02	-3.005144e-01	-3.005959e-01	-2.764325e-01	8.802807e-02	8.802807e-02	-9.714749e-02	3.695416e+00
5.208333e-02	-3.005312e-01	-3.006128e-01	-2.764425e-01	8.803992e-02	8.803992e-02	-9.725871e-02	3.694971e+00
5.194805e-02	-3.005480e-01	-3.006295e-01	-2.764523e-01	8.805180e-02	8.805180e-02	-9.736947e-02	3.694512e+00
5.181347e-02	-3.005646e-01	-3.006462e-01	-2.764621e-01	8.806371e-02	8.806371e-02	-9.747976e-02	3.694039e+00
5.167959e-02	-3.005812e-01	-3.006628e-01	-2.764718e-01	8.807564e-02	8.807564e-02	-9.758960e-02	3.693553e+00
5.154639e-02	-3.005977e-01	-3.006793e-01	-2.764814e-01	8.808760e-02	8.808760e-02	-9.769898e-02	3.693053e+00
5.141388e-02	-3.006141e-01	-3.006957e-01	-2.764910e-01	8.809958e-02	8.809958e-02	-9.780791e-02	3.692539e+00
5.128205e-02	-3.006304e-01	-3.007120e-01	-2.765004e-01	8.811159e-02	8.811159e-02	-9.791638e-02	3.692012e+00
5.115090e-02	-3.006466e-01	-3.007282e-01	-2.765099e-01	8.812362e-02	8.812362e-02	-9.802440e-02	3.691471e+00
5.102041e-02	-3.006627e-01	-3.007444e-01	-2.765192e-01	8.813567e-02	8.813567e-02	-9.813198e-02	3.690917e+00
5.089059e-02	-3.006788e-01	-3.007604e-01	-2.765285e-01	8.814774e-02	8.814774e-02	-9.823911e-02	3.690349e+00
5.076142e-02	-3.006947e-01	-3.007764e-01	-2.765377e-01	8.815984e-02	8.815984e-02	-9.834580e-02	3.689767e+00
5.063291e-02	-3.007106e-01	-3.007923e-01	-2.765469e-01	8.817196e-02	8.817196e-02	-9.845204e-02	3.689172e+00
5.050505e-02	-3.007264e-01	-3.008081e-01	-2.765560e-01	8.818411e-02	8.818411e-02	-9.855785e-02	3.688564e+00
5.037783e-02	-3.007421e-01	-3.008238e-01	-2.765650e-01	8.819627e-02	8.819627e-02	-9.866322e-02	3.687942e+00
5.025126e-02	-3.007578e-01	-3.008394e-01	-2.765740e-01	8.820845e-02	8.820845e-02	-9.876815e-02	3.687307e+00
5.012531e-02	-3.007733e-01	-3.008550e-01	-2.765829e-01	8.822066e-02	8.822066e-02	-9.887265e-02	3.686658e+00
5.000000e-02	-3.007888e-01	-3.008705e-01	-2.765917e-01	8.823288e-02	8.823288e-02	-9.897671e-02	3.685996e+00
4.987531e-02	-3.008042e-01	-3.008859e-01	-2.766005e-01	8.824513e-02	8.824513e-02	-9.908035e-02	3.685321e+00
4.975124e-02	-3.008195e-01	-3.009012e-01	-2.766092e-01	8.825739e-02	8.825739e-02	-9.918356e-02	3.684632e+00
4.962779e-02	-3.008347e-01	-3.009164e-01	-2.766178e-01	8.826968e-02	8.826968e-02	-9.928635e-02	3.683930e+00
4.950495e-02	-3.008499e-01	-3.009316e-01	-2.766264e-01	8.828198e-02	8.828198e-02	-9.938871e-02	3.683215e+00
4.938272e-02	-3.008649e-01	-3.009467e-01	-2.766349e-01	8.829430e-02	8.829430e-02	-9.949065e-02	3.682487e+00
4.926108e-02	-3.008799e-01	-3.009617e-01	-2.766434e-01	8.830664e-02	8.830664e-02	-9.959217e-02	3.681745e+00
4.914005e-02	-3.008949e-01	-3.009766e-01	-2.766518e-01	8.831900e-02	8.831900e-02	-9.969327e-02	3.680990e+00
4.901961e-02	-3.009097e-01	-3.009914e-01	-2.766602e-01	8.833137e-02	8.833137e-02	-9.979396e-02	3.680222e+00
4.889976e-02	-3.009245e-01	-3.010062e-01	-2.766685e-01	8.834376e-02	8.834376e-02	-9.989423e-02	3.679441e+00
4.878049e-02	-3.009391e-01	-3.010209e-01	-2.766767e-01	8.835616e-02	8.835616e-02	-9.999409e-02	3.678647e+00
4.866180e-02	-3.009538e-01	-3.010355e-01	-2.766849e-01	8.836859e-02	8.836859e-02	-1.000935e-01	3.677840e+00
4.854369e-02	-3.009683e-01	-3.010501e-01	-2.766930e-01	8.838102e-02	8.838102e-02	-1.001926e-01	3.677020e+00
4.842615e-02	-3.009828e-01	-3.010646e-01	-2.767011e-01	8.839348e-02	8.839348e-02	-1.002912e-01	3.676187e+00
4.830918e-02	-3.009972e-01	-3.010790e-01	-2.767091e-01	8.840594e-02	8.840594e-02	-1.003895e-01	3.675340e+00
4.819277e-02	-3.010115e-01	-3.010933e-01	-2.767170e-01	8.841843e-02	8.841843e-02	-1.004873e-01	3.674481e+00
4.807692e-02	-3.010257e-01	-3.011075e-01	-2.767250e-01	8.843092e-02	8.843092e-02	-1.005847e-01	3.673610e+00
4.796163e-02	-3.010399e-01	-3.011217e-01	-2.767328e-01	8.844343e-02	8.844343e-02	-1.006818e-01	3.672725e+00
4.784689e-02	-3.010540e-01	-3.011358e-01	-2.767406e-01	8.845595e-02	8.845595e-02	-1.007784e-01	3.671827e+00
4.773270e-02	-3.010680e-01	-3.011499e-01	-2.767483e-01	8.846849e-02	8.846849e-02	-1.008746e-01	3.670917e+00
4.761905e-02	-3.010820e-01	-3.011638e-01	-2.767560e-01	8.848104e-02	8.848104e-02	-1.009705e-01	3.669994e+00
4.750594e-02	-3.010959e-01	-3.011777e-01	-2.767637e-01	8.849360e-02	8.849360e-02	-1.010659e-01	3.669058e+00
4.739336e-02	-3.011097e-01	-3.011916e-01	-2.767713e-01	8.850617e-02	8.850617e-02	-1.011610e-01	3.668110e+00
4.728132e-02	-3.011235e-01	-3.012053e-01	-2.767788e-01	8.851875e-02	8.851875e-02	-1.012557e-01	3.667149e+00
4.716981e-02	-3.011372e-01	-3.012190e-01	-2.767863e-01	8.853135e-02	8.853135e-02	-1.013500e-01	3.666175e+00
4.705882e-02	-3.011508e-01	-3.012327e-01	-2.767937e-01	8.854395e-02	8.854395e-02	-1.014439e-01	3.665189e+00
4.694836e-02	-3.011643e-01	-3.012462e-01	-2.768011e-01	8.855657e-02	8.855657e-02	-1.015374e-01	3.664190e+00
4.683841e-02	-3.011778e-01	-3.012597e-01	-2.768085e-01	8.856919e-02	8.856919e-02	-1.016306e-01	3.663178e+00
4.672897e-02	-3.011912e-01	-3.012731e-01	-2.768157e-01	8.858182e-02	8.858182e-02	-1.017233e-01	3.662155e+00
4.662005e-02	-3.012046e-01	-3.012865e-01	-2.768230e-01	8.859447e-02	8.859447e-02	-1.018157e-01	3.661119e+00
4.651163e-02	-3.012179e-01	-3.012998e-01	-2.768302e-01	8.860712e-02	8.860712e-02	-1.019077e-01	3.660070e+00
4.640371e-02	-3.012311e-01	-3.013130e-01	-2.768373e-01	8.861978e-02	8.861978e-02	-1.019994e-01	3.659009e+00
4.629630e-02	-3.012442e-01	-3.013261e-01	-2.768444e-01	8.863245e-02	8.863245e-02	-1.020906e-01	3.657936e+00
4.618938e-02	-3.012573e-01	-3.013392e-01	-2.768515e-01	8.864513e-02	8.864513e-02	-1.021815e-01	3.656851e+00
4.608295e-02	-3.012703e-01	-3.013523e-01	-2.768585e-01	8.865781e-02	8.865781e-02	-1.022721e-01	3.655753e+00
4.597701e-02	-3.012833e-01	-3.013652e-01	-2.768655e-01	8.867050e-02	8.867050e-02	-1.023622e-01	3.654643e+00
4.587156e-02	-3.012962e-01	-3.013781e-01	-2.768724e-01	8.868320e-02	8.868320e-02	-1.024520e-01	3.653521e+00
4.576659e-02	-3.013090e-01	-3.013910e-01	-2.768793e-01	8.869590e-02	8.869590e-02	-1.025415e-01	3.652387e+00
4.566210e-02	-3.013218e-01	-3.014038e-01	-2.768861e-01	8.870861e-02	8.870861e-02	-1.026305e-01	3.651241e+00
4.555809e-02	-3.013345e-01	-3.014165e-01	-2.768929e-01	8.872133e-02	8.872133e-02	-1.027193e-01	3.650083e+00
4.545455e-02	-3.013472e-01	-3.014291e-01	-2.768996e-01	8.873405e-02	8.873405e-02	-1.028076e-01	3.648912e+00
4.535147e-02	-3.013597e-01	-3.014417e-01	-2.769063e-01	8.874678e-02	8.874678e-02	-1.028956e-01	3.647730e+00
4.524887e-02	-3.013723e-01	-3.014542e-01	-2.769130e-01	8.875951e-02	8.875951e-02	-1.029833e-01	3.646536e+00
4.514673e-02	-3.013847e-01	-3.014667e-01	-2.769196e-01	8.877224e-02	8.877224e-02	-1.030705e-01	3.645331e+00
4.504505e-02	-3.013971e-01	-3.014791e-01	-2.769262e-01	8.878498e-02	8.878498e-02	-1.031575e-01	3.644113e+00
4.494382e-02	-3.014095e-01	-3.014915e-01	-2.769327e-01	8.879772e-02	8.879772e-02	-1.032441e-01	3.642884e+00
4.484305e-02	-3.014218e-01	-3.015038e-01	-2.769392e-01	8.881047e-02	8.881047e-02	-1.033303e-01	3.641643e+00
4.474273e-02	-3.014340e-01	-3.015160e-01	-2.769456e-01	8.882321e-02	8.882321e-02	-1.034162e-01	3.640390e+00
4.464286e-02	-3.014462e-01	-3.015282e-01	-2.769520e-01	8.883597e-02	8.883597e-02	-1.035018e-01	3.639126e+00
4.454343e-02	-3.014583e-01	-3.015403e-01	-2.769584e-01	8.884872e-02	8.884872e-02	-1.035870e-01	3.637850e+00
4.444444e-02	-3.014703e-01	-3.015523e-01	-2.769647e-01	8.886147e-02	8.886147e-02	-1.036718e-01	3.636563e+00
4.434590e-02	-3.014823e-01	-3.015643e-01	-2.769710e-01	8.887423e-02	8.887423e-02	-1.037563e-01	3.635264e+00
4.424779e-02	-3.014942e-01	-3.015763e-01	-2.769773e-01	8.888699e-02	8.888699e-02	-1.038405e-01	3.633953e+00
4.415011e-02	-3.015061e-01	-3.015882e-01	-2.769835e-01	8.889975e-02	8.889975e-02	-1.039244e-01	3.632632e+00
4.405286e-02	-3.015179e-01	-3.016000e-01	-2.769897e-01	8.891251e-02	8.891251e-02	-1.040079e-01	3.631299e+00
4.395604e-02	-3.015297e-01	-3.016118e-01	-2.769958e-01	8.892527e-02	8.892527e-02	-1.040910e-01	3.629955e+00
4.385965e-02	-3.015414e-01	-3.016235e-01	-2.770019e-01	8.893803e-02	8.893803e-02	-1.041739e-01	3.628599e+00
4.376368e-02	-3.015531e-01	-3.016351e-01	-2.770080e-01	8.895078e-02	8.895078e-02	-1.042564e-01	3.627232e+00
4.366812e-02	-3.015647e-01	-3.016468e-01	-2.770140e-01	8.896354e-02	8.896354e-02	-1.043386e-01	3.625855e+00
4.357298e-02	-3.015762e-01	-3.016583e-01	-2.770200e-01	8.897630e-02	8.897630e-02	-1.044204e-01	3.624466e+00
4.347826e-02	-3.015877e-01	-3.016698e-01	-2.770259e-01	8.898906e-02	8.898906e-02	-1.045020e-01	3.623066e+00
4.338395e-02	-3.015992e-01	-3.016812e-01	-2.770319e-01	8.900181e-02	8.900181e-02	-1.045832e-01	3.621655e+00
4.329004e-02	-3.016105e-01	-3.016926e-01	-2.770377e-01	8.901457e-02	8.901457e-02	-1.046640e-01	3.620233e+00
4.319654e-02	-3.016219e-01	-3.017040e-01	-2.770436e-01	8.902732e-02	8.902732e-02	-1.047446e-01	3.618800e+00
4.310345e-02	-3.016332e-01	-3.017153e-01	-2.770494e-01	8.904006e-02	8.904006e-02	-1.048248e-01	3.617357e+00
4.301075e-02	-3.016444e-01	-3.017265e-01	-2.770552e-01	8.905281e-02	8.905281e-02	-1.049047e-01	3.615902e+00
4.291845e-02	-3.016556e-01	-3.017377e-01	-2.770609e-01	8.906555e-02	8.906555e-02	-1.049843e-01	3.614437e+00
4.282655e-02	-3.016667e-01	-3.017488e-01	-2.770666e-01	8.907829e-02	8.907829e-02	-1.050636e-01	3.612962e+00
4.273504e-02	-3.016777e-01	-3.017599e-01	-2.770723e-01	8.909103e-02	8.909103e-02	-1.051426e-01	3.611475e+00
4.264392e-02	-3.016888e-01	-3.017709e-01	-2.770779e-01	8.910376e-02	8.910376e-02	-1.052212e-01	3.609978e+00
4.255319e-02	-3.016997e-01	-3.017819e-01	-2.770836e-01	8.911649e-02	8.911649e-02	-1.052995e-01	3.608471e+00
4.246285e-02	-3.017106e-01	-3.017928e-01	-2.770891e-01	8.912921e-02	8.912921e-02	-1.053776e-01	3.606953e+00
4.237288e-02	-3.017215e-01	-3.018037e-01	-2.770947e-01	8.914193e-02	8.914193e-02	-1.054553e-01	3.605424e+00
4.228330e-02	-3.017323e-01	-3.018145e-01	-2.771002e-01	8.915464e-02	8.915464e-02	-1.055327e-01	3.603885e+00
4.219409e-02	-3.017431e-01	-3.018253e-01	-2.771057e-01	8.916735e-02	8.916735e-02	-1.056098e-01	3.602336e+00
4.210526e-02	-3.017538e-01	-3.018360e-01	-2.771111e-01	8.918005e-02	8.918005e-02	-1.056866e-01	3.600777e+00
4.201681e-02	-3.017645e-01	-3.018467e-01	-2.771165e-01	8.919275e-02	8.919275e-02	-1.057631e-01	3.599207e+00
4.192872e-02	-3.017751e-01	-3.018573e-01	-2.771219e-01	8.920544e-02	8.920544e-02	-1.058393e-01	3.597627e+00
4.184100e-02	-3.017857e-01	-3.018679e-01	-2.771273e-01	8.921812e-02	8.921812e-02	-1.059151e-01	3.596037e+00
4.175365e-02	-3.017962e-01	-3.018784e-01	-2.771326e-01	8.923080e-02	8.923080e-02	-1.059907e-01	3.594437e+00
4.166667e-02	-3.018067e-01	-3.018889e-01	-2.771379e-01	8.924347e-02	8.924347e-02	-1.060660e-01	3.592827e+00
4.158004e-02	-3.018171e-01	-3.018993e-01	-2.771432e-01	8.925613e-02	8.925613e-02	-1.061410e-01	3.591207e+00
4.149378e-02	-3.018275e-01	-3.019097e-01	-2.771484e-01	8.926879e-02	8.926879e-02	-1.062157e-01	3.589577e+00
4.140787e-02	-3.018378e-01	-3.019200e-01	-2.771536e-01	8.928143e-02	8.928143e-02	-1.062901e-01	3.587938e+00
4.132231e-02	-3.018481e-01	-3.019303e-01	-2.771588e-01	8.929407e-02	8.929407e-02	-1.063642e-01	3.586288e+00
4.123711e-02	-3.018583e-01	-3.019405e-01	-2.771639e-01	8.930670e-02	8.930670e-02	-1.064380e-01	3.584629e+00
4.115226e-02	-3.018685e-01	-3.019507e-01	-2.771690e-01	8.931933e-02	8.931933e-02	-1.065115e-01	3.582960e+00
4.106776e-02	-3.018787e-01	-3.019609e-01	-2.771741e-01	8.933194e-02	8.933194e-02	-1.065848e-01	3.581281e+00
4.098361e-02	-3.018888e-01	-3.019710e-01	-2.771792e-01	8.934454e-02	8.934454e-02	-1.066577e-01	3.579593e+00
4.089980e-02	-3.018988e-01	-3.019811e-01	-2.771842e-01	8.935714e-02	8.935714e-02	-1.067304e-01	3.577895e+00
4.081633e-02	-3.019088e-01	-3.019911e-01	-2.771892e-01	8.936972e-02	8.936972e-02	-1.068028e-01	3.576187e+00
4.073320e-02	-3.019188e-01	-3.020010e-01	-2.771942e-01	8.938230e-02	8.938230e-02	-1.068749e-01	3.574470e+00
4.065041e-02	-3.019287e-01	-3.020110e-01	-2.771992e-01	8.939487e-02	8.939487e-02	-1.069467e-01	3.572744e+00
4.056795e-02	-3.019386e-01	-3.020209e-01	-2.772041e-01	8.940742e-02	8.940742e-02	-1.070182e-01	3.571009e+00
4.048583e-02	-3.019484e-01	-3.020307e-01	-2.772090e-01	8.941997e-02	8.941997e-02	-1.070894e-01	3.569264e+00
4.040404e-02	-3.019582e-01	-3.020405e-01	-2.772139e-01	8.943250e-02	8.943250e-02	-1.071604e-01	3.567510e+00
4.032258e-02	-3.019680e-01	-3.020502e-01	-2.772187e-01	8.944503e-02	8.944503e-02	-1.072311e-01	3.565746e+00
4.024145e-02	-3.019777e-01	-3.020599e-01	-2.772235e-01	8.945754e-02	8.945754e-02	-1.073015e-01	3.563974e+00
4.016064e-02	-3.019873e-01	-3.020696e-01	-2.772283e-01	8.947004e-02	8.947004e-02	-1.073716e-01	3.562192e+00
4.008016e-02	-3.019970e-01	-3.020792e-01	-2.772331e-01	8.948253e-02	8.948253e-02	-1.074415e-01	3.560402e+00
4.000000e-02	-3.020065e-01	-3.020888e-01	-2.772379e-01	8.949501e-02	8.949501e-02	-1.075111e-01	3.558602e+00
3.992016e-02	-3.020161e-01	-3.020983e-01	-2.772426e-01	8.950747e-02	8.950747e-02	-1.075804e-01	3.556794e+00
3.984064e-02	-3.020256e-01	-3.021078e-01	-2.772473e-01	8.951992e-02	8.951992e-02	-1.076495e-01	3.554976e+00
3.976143e-02	-3.020350e-01	-3.021173e-01	-2.772519e-01	8.953236e-02	8.953236e-02	-1.077182e-01	3.553150e+00
3.968254e-02	-3.020444e-01	-3.021267e-01	-2.772566e-01	8.954479e-02	8.954479e-02	-1.077868e-01	3.551315e+00
3.960396e-02	-3.020538e-01	-3.021361e-01	-2.772612e-01	8.955720e-02	8.955720e-02	-1.078550e-01	3.549472e+00
3.952569e-02	-3.020631e-01	-3.021454e-01	-2.772658e-01	8.956961e-02	8.956961e-02	-1.079230e-01	3.547619e+00
3.944773e-02	-3.020724e-01	-3.021547e-01	-2.772704e-01	8.958199e-02	8.958199e-02	-1.079907e-01	3.545758e+00
3.937008e-02	-3.020816e-01	-3.021639e-01	-2.772749e-01	8.959437e-02	8.959437e-02	-1.080581e-01	3.543889e+00
3.929273e-02	-3.020908e-01	-3.021731e-01	-2.772795e-01	8.960673e-02	8.960673e-02	-1.081253e-01	3.542011e+00
3.921569e-02	-3.021000e-01	-3.021823e-01	-2.772840e-01	8.961907e-02	8.961907e-02	-1.081923e-01	3.540124e+00
3.913894e-02	-3.021091e-01	-3.021914e-01	-2.772884e-01	8.963141e-02	8.963141e-02	-1.082589e-01	3.538229e+00
3.906250e-02	-3.021182e-01	-3.022005e-01	-2.772929e-01	8.964372e-02	8.964372e-02	-1.083253e-01	3.536326e+00
3.898635e-02	-3.021272e-01	-3.022096e-01	-2.772973e-01	8.965603e-02	8.965603e-02	-1.083915e-01	3.534415e+00
3.891051e-02	-3.021362e-01	-3.022186e-01	-2.773018e-01	8.966831e-02	8.966831e-02	-1.084574e-01	3.532495e+00
3.883495e-02	-3.021452e-01	-3.022275e-01	-2.773062e-01	8.968059e-02	8.968059e-02	-1.085230e-01	3.530567e+00
3.875969e-02	-3.021541e-01	-3.022365e-01	-2.773105e-01	8.969284e-02	8.969284e-02	-1.085884e-01	3.528631e+00
3.868472e-02	-3.021630e-01	-3.022454e-01	-2.773149e-01	8.970509e-02	8.970509e-02	-1.086536e-01	3.526686e+00
3.861004e-02	-3.021719e-01	-3.022542e-01	-2.773192e-01	8.971731e-02	8.971731e-02	-1.087184e-01	3.524734e+00
3.853565e-02	-3.021807e-01	-3.022630e-01	-2.773235e-01	8.972952e-02	8.972952e-02	-1.087831e-01	3.522774e+00
3.846154e-02	-3.021895e-01	-3.022718e-01	-2.773278e-01	8.974172e-02	8.974172e-02	-1.088475e-01	3.520806e+00
3.838772e-02	-3.021982e-01	-3.022806e-01	-2.773321e-01	8.975390e-02	8.975390e-02	-1.089116e-01	3.518830e+00
3.831418e-02	-3.022069e-01	-3.022893e-01	-2.773363e-01	8.976606e-02	8.976606e-02	-1.089755e-01	3.516846e+00
3.824092e-02	-3.022156e-01	-3.022979e-01	-2.773405e-01	8.977820e-02	8.977820e-02	-1.090391e-01	3.514854e+00
3.816794e-02	-3.022242e-01	-3.023066e-01	-2.773447e-01	8.979033e-02	8.979033e-02	-1.091025e-01	3.512855e+00
3.809524e-02	-3.022328e-01	-3.023151e-01	-2.773489e-01	8.980245e-02	8.980245e-02	-1.091657e-01	3.510847e+00
3.802281e-02	-3.022413e-01	-3.023237e-01	-2.773531e-01	8.981454e-02	8.981454e-02	-1.092286e-01	3.508833e+00
3.795066e-02	-3.022498e-01	-3.023322e-01	-2.773572e-01	8.982662e-02	8.982662e-02	-1.092912e-01	3.506810e+00
3.787879e-02	-3.022583e-01	-3.023407e-01	-2.773613e-01	8.983868e-02	8.983868e-02	-1.093537e-01	3.504781e+00
3.780718e-02	-3.022668e-01	-3.023492e-01	-2.773654e-01	8.985072e-02	8.985072e-02	-1.094158e-01	3.502743e+00
3.773585e-02	-3.022752e-01	-3.023576e-01	-2.773695e-01	8.986274e-02	8.986274e-02	-1.094778e-01	3.500698e+00
3.766478e-02	-3.022836e-01	-3.023659e-01	-2.773736e-01	8.987475e-02	8.987475e-02	-1.095395e-01	3.498646e+00
3.759398e-02	-3.022919e-01	-3.023743e-01	-2.773776e-01	8.988674e-02	8.988674e-02	-1.096010e-01	3.496587e+00
3.752345e-02	-3.023002e-01	-3.023826e-01	-2.773817e-01	8.989871e-02	8.989871e-02	-1.096622e-01	3.494520e+00
3.745318e-02	-3.023085e-01	-3.023909e-01	-2.773857e-01	8.991066e-02	8.991066e-02	-1.097232e-01	3.492446e+00
3.738318e-02	-3.023167e-01	-3.023991e-01	-2.773897e-01	8.992260e-02	8.992260e-02	-1.097840e-01	3.490365e+00
3.731343e-02	-3.023249e-01	-3.024073e-01	-2.773936e-01	8.993451e-02	8.993451e-02	-1.098445e-01	3.488277e+00
3.724395e-02	-3.023331e-01	-3.024155e-01	-2.773976e-01	8.994641e-02	8.994641e-02	-1.099048e-01	3.486182e+00
3.717472e-02	-3.023412e-01	-3.024236e-01	-2.774015e-01	8.995828e-02	8.995828e-02	-1.099649e-01	3.484079e+00
3.710575e-02	-3.023493e-01	-3.024317e-01	-2.774055e-01	8.997014e-02	8.997014e-02	-1.100247e-01	3.481970e+00
3.703704e-02	-3.023573e-01	-3.024398e-01	-2.774094e-01	8.998198e-02	8.998198e-02	-1.100844e-01	3.479854e+00
3.696858e-02	-3.023654e-01	-3.024478e-01	-2.774132e-01	8.999380e-02	8.999380e-02	-1.101437e-01	3.477731e+00
3.690037e-02	-3.023734e-01	-3.024558e-01	-2.774171e-01	9.000559e-02	9.000559e-02	-1.102029e-01	3.475601e+00
3.683241e-02	-3.023813e-01	-3.024638e-01	-2.774210e-01	9.001737e-02	9.001737e-02	-1.102618e-01	3.473464e+00
3.676471e-02	-3.023893e-01	-3.024717e-01	-2.774248e-01	9.002913e-02	9.002913e-02	-1.103206e-01	3.471321e+00
3.669725e-02	-3.023971e-01	-3.024796e-01	-2.774286e-01	9.004087e-02	9.004087e-02	-1.103790e-01	3.469171e+00
3.663004e-02	-3.024050e-01	-3.024875e-01	-2.774324e-01	9.005259e-02	9.005259e-02	-1.104373e-01	3.467014e+00
3.656307e-02	-3.024128e-01	-3.024953e-01	-2.774362e-01	9.006429e-02	9.006429e-02	-1.104954e-01	3.464851e+00
3.649635e-02	-3.024206e-01	-3.025031e-01	-2.774399e-01	9.007597e-02	9.007597e-02	-1.105532e-01	3.462681e+00
3.642987e-02	-3.024284e-01	-3.025109e-01	-2.774437e-01	9.008762e-02	9.008762e-02	-1.106108e-01	3.460505e+00
3.636364e-02	-3.024361e-01	-3.025186e-01	-2.774474e-01	9.009926e-02	9.009926e-02	-1.106682e-01	3.458322e+00
3.629764e-02	-3.024438e-01	-3.025263e-01	-2.774511e-01	9.011088e-02	9.011088e-02	-1.107253e-01	3.456133e+00
3.623188e-02	-3.024515e-01	-3.025340e-01	-2.774548e-01	9.012247e-02	9.012247e-02	-1.107823e-01	3.453937e+00
3.616637e-02	-3.024592e-01	-3.025416e-01	-2.774585e-01	9.013404e-02	9.013404e-02	-1.108390e-01	3.451736e+00
3.610108e-02	-3.024668e-01	-3.025492e-01	-2.774622e-01	9.014560e-02	9.014560e-02	-1.108955e-01	3.449528e+00
3.603604e-02	-3.024743e-01	-3.025568e-01	-2.774658e-01	9.015713e-02	9.015713e-02	-1.109518e-01	3.447314e+00
3.597122e-02	-3.024819e-01	-3.025644e-01	-2.774695e-01	9.016864e-02	9.016864e-02	-1.110079e-01	3.445094e+00
3.590664e-02	-3.024894e-01	-3.025719e-01	-2.774731e-01	9.018012e-02	9.018012e-02	-1.110638e-01	3.442867e+00
3.584229e-02	-3.024969e-01	-3.025794e-01	-2.774767e-01	9.019159e-02	9.019159e-02	-1.111195e-01	3.440635e+00
3.577818e-02	-3.025043e-01	-3.025868e-01	-2.774803e-01	9.020303e-02	9.020303e-02	-1.111750e-01	3.438397e+00
3.571429e-02	-3.025118e-01	-3.025943e-01	-2.774839e-01	9.021445e-02	9.021445e-02	-1.112302e-01	3.436153e+00
3.565062e-02	-3.025192e-01	-3.026016e-01	-2.774874e-01	9.022585e-02	9.022585e-02	-1.112852e-01	3.433902e+00
3.558719e-02	-3.025265e-01	-3.026090e-01	-2.774910e-01	9.023723e-02	9.023723e-02	-1.113401e-01	3.431646e+00
3.552398e-02	-3.025339e-01	-3.026164e-01	-2.774945e-01	9.024859e-02	9.024859e-02	-1.113947e-01	3.429385e+00
3.546099e-02	-3.025412e-01	-3.026237e-01	-2.774980e-01	9.025992e-02	9.025992e-02	-1.114491e-01	3.427117e+00
3.539823e-02	-3.025484e-01	-3.026309e-01	-2.775016e-01	9.027123e-02	9.027123e-02	-1.115034e-01	3.424844e+00
3.533569e-02	-3.025557e-01	-3.026382e-01	-2.775050e-01	9.028252e-02	9.028252e-02	-1.115574e-01	3.422565e+00
3.527337e-02	-3.025629e-01	-3.026454e-01	-2.775085e-01	9.029378e-02	9.029378e-02	-1.116112e-01	3.420280e+00
3.521127e-02	-3.025701e-01	-3.026526e-01	-2.775120e-01	9.030502e-02	9.030502e-02	-1.116648e-01	3.417990e+00
3.514938e-02	-3.025773e-01	-3.026598e-01	-2.775154e-01	9.031624e-02	9.031624e-02	-1.117182e-01	3.415695e+00
3.508772e-02	-3.025844e-01	-3.026669e-01	-2.775189e-01	9.032744e-02	9.032744e-02	-1.117714e-01	3.413394e+00
3.502627e-02	-3.025915e-01	-3.026740e-01	-2.775223e-01	9.033861e-02	9.033861e-02	-1.118244e-01	3.411087e+00
3.496503e-02	-3.025986e-01	-3.026811e-01	-2.775257e-01	9.034976e-02	9.034976e-02	-1.118772e-01	3.408775e+00
3.490401e-02	-3.026056e-01	-3.026881e-01	-2.775291e-01	9.036088e-02	9.036088e-02	-1.119298e-01	3.406458e+00
3.484321e-02	-3.026126e-01	-3.026952e-01	-2.775325e-01	9.037198e-02	9.037198e-02	-1.119822e-01	3.404136e+00
3.478261e-02	-3.026196e-01	-3.027021e-01	-2.775358e-01	9.038306e-02	9.038306e-02	-1.120345e-01	3.401808e+00
3.472222e-02	-3.026266e-01	-3.027091e-01	-2.775392e-01	9.039412e-02	9.039412e-02	-1.120865e-01	3.399475e+00
3.466205e-02	-3.026335e-01	-3.027161e-01	-2.775425e-01	9.040515e-02	9.040515e-02	-1.121383e-01	3.397137e+00
3.460208e-02	-3.026404e-01	-3.027230e-01	-2.775459e-01	9.041616e-02	9.041616e-02	-1.121900e-01	3.394794e+00
3.454231e-02	-3.026473e-01	-3.027298e-01	-2.775492e-01	9.042714e-02	9.042714e-02	-1.122414e-01	3.392446e+00
3.448276e-02	-3.026542e-01	-3.027367e-01	-2.775525e-01	9.043810e-02	9.043810e-02	-1.122926e-01	3.390093e+00
3.442341e-02	-3.026610e-01	-3.027435e-01	-2.775558e-01	9.044903e-02	9.044903e-02	-1.123437e-01	3.387734e+00
3.436426e-02	-3.026678e-01	-3.027503e-01	-2.775591e-01	9.045994e-02	9.045994e-02	-1.123946e-01	3.385371e+00
3.430532e-02	-3.026746e-01	-3.027571e-01	-2.775623e-01	9.047083e-02	9.047083e-02	-1.124453e-01	3.383003e+00
3.424658e-02	-3.026813e-01	-3.027639e-01	-2.775656e-01	9.048169e-02	9.048169e-02	-1.124957e-01	3.380630e+00
3.418803e-02	-3.026880e-01	-3.027706e-01	-2.775688e-01	9.049253e-02	9.049253e-02	-1.125461e-01	3.378253e+00
3.412969e-02	-3.026947e-01	-3.027773e-01	-2.775721e-01	9.050334e-02	9.050334e-02	-1.125962e-01	3.375870e+00
3.407155e-02	-3.027014e-01	-3.027839e-01	-2.775753e-01	9.051413e-02	9.051413e-02	-1.126461e-01	3.373483e+00
3.401361e-02	-3.027080e-01	-3.027906e-01	-2.775785e-01	9.052490e-02	9.052490e-02	-1.126958e-01	3.371091e+00
3.395586e-02	-3.027147e-01	-3.027972e-01	-2.775817e-01	9.053564e-02	9.053564e-02	-1.127454e-01	3.368695e+00
3.389831e-02	-3.027212e-01	-3.028038e-01	-2.775849e-01	9.054635e-02	9.054635e-02	-1.127948e-01	3.366294e+00
3.384095e-02	-3.027278e-01	-3.028104e-01	-2.775881e-01	9.055704e-02	9.055704e-02	-1.128440e-01	3.363889e+00
3.378378e-02	-3.027343e-01	-3.028169e-01	-2.775912e-01	9.056771e-02	9.056771e-02	-1.128930e-01	3.361479e+00
3.372681e-02	-3.027409e-01	-3.028234e-01	-2.775944e-01	9.057835e-02	9.057835e-02	-1.129418e-01	3.359064e+00
3.367003e-02	-3.027474e-01	-3.028299e-01	-2.775975e-01	9.058896e-02	9.058896e-02	-1.129905e-01	3.356645e+00
3.361345e-02	-3.027538e-01	-3.028364e-01	-2.776007e-01	9.059955e-02	9.059955e-02	-1.130389e-01	3.354222e+00
3.355705e-02	-3.027603e-01	-3.028428e-01	-2.776038e-01	9.061011e-02	9.061011e-02	-1.130872e-01	3.351795e+00
3.350084e-02	-3.027667e-01	-3.028492e-01	-2.776069e-01	9.062065e-02	9.062065e-02	-1.131353e-01	3.349363e+00
3.344482e-02	-3.027731e-01	-3.028556e-01	-2.776100e-01	9.063117e-02	9.063117e-02	-1.131833e-01	3.346927e+00
3.338898e-02	-3.027794e-01	-3.028620e-01	-2.776131e-01	9.064165e-02	9.064165e-02	-1.132310e-01	3.344487e+00
3.333333e-02	-3.027858e-01	-3.028683e-01	-2.776162e-01	9.065212e-02	9.065212e-02	-1.132786e-01	3.342043e+00
3.327787e-02	-3.027921e-01	-3.028747e-01	-2.776192e-01	9.066255e-02	9.066255e-02	-1.133260e-01	3.339594e+00
3.322259e-02	-3.027984e-01	-3.028809e-01	-2.776223e-01	9.067296e-02	9.067296e-02	-1.133732e-01	3.337142e+00
3.316750e-02	-3.028046e-01	-3.028872e-01	-2.776253e-01	9.068335e-02	9.068335e-02	-1.134203e-01	3.334685e+00
3.311258e-02	-3.028109e-01	-3.028935e-01	-2.776284e-01	9.069371e-02	9.069371e-02	-1.134672e-01	3.332224e+00
3.305785e-02	-3.028171e-01	-3.028997e-01	-2.776314e-01	9.070404e-02	9.070404e-02	-1.135139e-01	3.329760e+00
3.300330e-02	-3.028233e-01	-3.029059e-01	-2.776344e-01	9.071435e-02	9.071435e-02	-1.135604e-01	3.327292e+00
3.294893e-02	-3.028295e-01	-3.029121e-01	-2.776374e-01	9.072463e-02	9.072463e-02	-1.136068e-01	3.324819e+00
3.289474e-02	-3.028356e-01	-3.029182e-01	-2.776404e-01	9.073489e-02	9.073489e-02	-1.136530e-01	3.322343e+00
