# Finite Temperature Data for Kitaev Ladder
# chi_max = 300, h = 0.5500
# Columns: T | Sigmax | Sigmay | Sigmaz | S1 | S2 | Wp | Cv
# 
2.000000e+01	-4.936111e-02	-4.936121e-02	-4.913074e-02	3.435740e-05	3.435740e-05	-4.428806e-07	2.424406e-01
1.000000e+01	-6.964417e-02	-6.964466e-02	-6.914372e-02	1.625935e-04	1.625935e-04	-2.038356e-06	8.731947e-01
6.666667e+00	-8.708577e-02	-8.708702e-02	-8.623177e-02	4.659445e-04	4.659445e-04	-4.414393e-06	1.734602e+00
5.000000e+00	-1.019192e-01	-1.019215e-01	-1.006443e-01	1.016793e-03	1.016793e-03	-4.462613e-06	2.679794e+00
4.000000e+00	-1.144430e-01	-1.144468e-01	-1.126954e-01	1.868045e-03	1.868045e-03	3.921214e-06	3.594901e+00
3.333333e+00	-1.249758e-01	-1.249813e-01	-1.227180e-01	3.048585e-03	3.048585e-03	2.892660e-05	4.405989e+00
2.857143e+00	-1.338257e-01	-1.338330e-01	-1.310319e-01	4.564523e-03	4.564523e-03	7.934496e-05	5.075236e+00
2.500000e+00	-1.412721e-01	-1.412814e-01	-1.379270e-01	6.403593e-03	6.403593e-03	1.631992e-04	5.592105e+00
2.222222e+00	-1.475585e-01	-1.475698e-01	-1.436549e-01	8.540582e-03	8.540582e-03	2.867969e-04	5.963809e+00
2.000000e+00	-1.528912e-01	-1.529045e-01	-1.484283e-01	1.094246e-02	1.094246e-02	4.542818e-04	6.207346e+00
1.818182e+00	-1.574417e-01	-1.574569e-01	-1.524238e-01	1.357256e-02	1.357256e-02	6.675902e-04	6.343762e+00
1.666667e+00	-1.613507e-01	-1.613677e-01	-1.557860e-01	1.639370e-02	1.639370e-02	9.266747e-04	6.394502e+00
1.538462e+00	-1.647329e-01	-1.647517e-01	-1.586324e-01	1.937026e-02	1.937026e-02	1.229870e-03	6.379361e+00
1.428571e+00	-1.676812e-01	-1.677017e-01	-1.610579e-01	2.246943e-02	2.246943e-02	1.574302e-03	6.315523e+00
1.333333e+00	-1.702708e-01	-1.702930e-01	-1.631391e-01	2.566187e-02	2.566187e-02	1.956275e-03	6.217285e+00
1.250000e+00	-1.725627e-01	-1.725864e-01	-1.649379e-01	2.892194e-02	2.892194e-02	2.371613e-03	6.096157e+00
1.176471e+00	-1.746060e-01	-1.746312e-01	-1.665038e-01	3.222761e-02	3.222761e-02	2.815939e-03	5.961164e+00
1.111111e+00	-1.764407e-01	-1.764672e-01	-1.678771e-01	3.556028e-02	3.556028e-02	3.284884e-03	5.819204e+00
1.052632e+00	-1.780993e-01	-1.781271e-01	-1.690903e-01	3.890440e-02	3.890440e-02	3.774237e-03	5.675425e+00
1.000000e+00	-1.796084e-01	-1.796374e-01	-1.701695e-01	4.224718e-02	4.224718e-02	4.280057e-03	5.533563e+00
9.523810e-01	-1.809897e-01	-1.810199e-01	-1.711362e-01	4.557819e-02	4.557819e-02	4.798729e-03	5.396241e+00
9.090909e-01	-1.822612e-01	-1.822924e-01	-1.720078e-01	4.888906e-02	4.888906e-02	5.327000e-03	5.265219e+00
8.695652e-01	-1.834375e-01	-1.834697e-01	-1.727985e-01	5.217313e-02	5.217313e-02	5.861993e-03	5.141595e+00
8.333333e-01	-1.845310e-01	-1.845642e-01	-1.735200e-01	5.542522e-02	5.542522e-02	6.401194e-03	5.025974e+00
8.000000e-01	-1.855519e-01	-1.855860e-01	-1.741819e-01	5.864133e-02	5.864133e-02	6.942440e-03	4.918595e+00
7.692308e-01	-1.865089e-01	-1.865438e-01	-1.747922e-01	6.181850e-02	6.181850e-02	7.483895e-03	4.819434e+00
7.407407e-01	-1.874090e-01	-1.874448e-01	-1.753573e-01	6.495457e-02	6.495457e-02	8.024021e-03	4.728283e+00
7.142857e-01	-1.882585e-01	-1.882951e-01	-1.758828e-01	6.804807e-02	6.804807e-02	8.561548e-03	4.644806e+00
6.896552e-01	-1.890626e-01	-1.890998e-01	-1.763732e-01	7.109807e-02	7.109807e-02	9.095447e-03	4.568591e+00
6.666667e-01	-1.898256e-01	-1.898635e-01	-1.768324e-01	7.410410e-02	7.410410e-02	9.624900e-03	4.499177e+00
6.451613e-01	-1.905513e-01	-1.905900e-01	-1.772636e-01	7.706602e-02	7.706602e-02	1.014927e-02	4.436083e+00
6.250000e-01	-1.912432e-01	-1.912825e-01	-1.776695e-01	7.998399e-02	7.998399e-02	1.066809e-02	4.378824e+00
6.060606e-01	-1.919040e-01	-1.919439e-01	-1.780526e-01	8.285839e-02	8.285839e-02	1.118101e-02	4.326926e+00
5.882353e-01	-1.925362e-01	-1.925766e-01	-1.784147e-01	8.568977e-02	8.568977e-02	1.168782e-02	4.279931e+00
5.714286e-01	-1.931419e-01	-1.931829e-01	-1.787575e-01	8.847881e-02	8.847881e-02	1.218839e-02	4.237406e+00
5.555556e-01	-1.937232e-01	-1.937647e-01	-1.790827e-01	9.122630e-02	9.122630e-02	1.268267e-02	4.198944e+00
5.405405e-01	-1.942817e-01	-1.943237e-01	-1.793914e-01	9.393307e-02	9.393307e-02	1.317070e-02	4.164166e+00
5.263158e-01	-1.948188e-01	-1.948613e-01	-1.796847e-01	9.660004e-02	9.660004e-02	1.365256e-02	4.132725e+00
5.128205e-01	-1.953360e-01	-1.953790e-01	-1.799637e-01	9.922814e-02	9.922814e-02	1.412837e-02	4.104300e+00
5.000000e-01	-1.958345e-01	-1.958779e-01	-1.802292e-01	1.018183e-01	1.018183e-01	1.459829e-02	4.078599e+00
4.878049e-01	-1.963152e-01	-1.963591e-01	-1.804821e-01	1.043716e-01	1.043716e-01	1.506253e-02	4.055356e+00
4.761905e-01	-1.967793e-01	-1.968235e-01	-1.807229e-01	1.068888e-01	1.068888e-01	1.552128e-02	4.034332e+00
4.651163e-01	-1.972276e-01	-1.972722e-01	-1.809524e-01	1.093710e-01	1.093710e-01	1.597477e-02	4.015308e+00
4.545455e-01	-1.976608e-01	-1.977058e-01	-1.811710e-01	1.118192e-01	1.118192e-01	1.642325e-02	3.998090e+00
4.444444e-01	-1.980798e-01	-1.981251e-01	-1.813794e-01	1.142341e-01	1.142341e-01	1.686696e-02	3.982502e+00
4.347826e-01	-1.984852e-01	-1.985309e-01	-1.815780e-01	1.166168e-01	1.166168e-01	1.730616e-02	3.968387e+00
4.255319e-01	-1.988777e-01	-1.989237e-01	-1.817672e-01	1.189680e-01	1.189680e-01	1.774108e-02	3.955602e+00
4.166667e-01	-1.992578e-01	-1.993041e-01	-1.819474e-01	1.212888e-01	1.212888e-01	1.817197e-02	3.944023e+00
4.081633e-01	-1.996260e-01	-1.996726e-01	-1.821191e-01	1.235798e-01	1.235798e-01	1.859910e-02	3.933537e+00
4.000000e-01	-1.999829e-01	-2.000298e-01	-1.822825e-01	1.258419e-01	1.258419e-01	1.902268e-02	3.924044e+00
3.921569e-01	-2.003289e-01	-2.003762e-01	-1.824379e-01	1.280758e-01	1.280758e-01	1.944296e-02	3.915454e+00
3.846154e-01	-2.006645e-01	-2.007120e-01	-1.825858e-01	1.302824e-01	1.302824e-01	1.986017e-02	3.907688e+00
3.773585e-01	-2.009901e-01	-2.010379e-01	-1.827263e-01	1.324622e-01	1.324622e-01	2.027452e-02	3.900674e+00
3.703704e-01	-2.013060e-01	-2.013540e-01	-1.828598e-01	1.346161e-01	1.346161e-01	2.068622e-02	3.894351e+00
3.636364e-01	-2.016127e-01	-2.016609e-01	-1.829866e-01	1.367447e-01	1.367447e-01	2.109548e-02	3.888662e+00
3.571429e-01	-2.019104e-01	-2.019589e-01	-1.831067e-01	1.388486e-01	1.388486e-01	2.150249e-02	3.883558e+00
3.508772e-01	-2.021995e-01	-2.022482e-01	-1.832206e-01	1.409285e-01	1.409285e-01	2.190744e-02	3.878993e+00
3.448276e-01	-2.024803e-01	-2.025292e-01	-1.833284e-01	1.429850e-01	1.429850e-01	2.231050e-02	3.874929e+00
3.389831e-01	-2.027530e-01	-2.028021e-01	-1.834304e-01	1.450185e-01	1.450185e-01	2.271183e-02	3.871331e+00
3.333333e-01	-2.030180e-01	-2.030673e-01	-1.835267e-01	1.470298e-01	1.470298e-01	2.311160e-02	3.868167e+00
3.278689e-01	-2.032755e-01	-2.033250e-01	-1.836175e-01	1.490192e-01	1.490192e-01	2.350996e-02	3.865409e+00
3.225806e-01	-2.035258e-01	-2.035755e-01	-1.837031e-01	1.509874e-01	1.509874e-01	2.390704e-02	3.863033e+00
3.174603e-01	-2.037690e-01	-2.038189e-01	-1.837836e-01	1.529348e-01	1.529348e-01	2.430298e-02	3.861016e+00
3.125000e-01	-2.040055e-01	-2.040556e-01	-1.838592e-01	1.548619e-01	1.548619e-01	2.469791e-02	3.859338e+00
3.076923e-01	-2.042355e-01	-2.042857e-01	-1.839300e-01	1.567692e-01	1.567692e-01	2.509194e-02	3.857980e+00
3.030303e-01	-2.044591e-01	-2.045094e-01	-1.839963e-01	1.586570e-01	1.586570e-01	2.548517e-02	3.856928e+00
2.985075e-01	-2.046765e-01	-2.047270e-01	-1.840581e-01	1.605258e-01	1.605258e-01	2.587772e-02	3.856165e+00
2.941176e-01	-2.048880e-01	-2.049386e-01	-1.841157e-01	1.623761e-01	1.623761e-01	2.626967e-02	3.855679e+00
2.898551e-01	-2.050936e-01	-2.051445e-01	-1.841691e-01	1.642081e-01	1.642081e-01	2.666112e-02	3.855457e+00
2.857143e-01	-2.052937e-01	-2.053447e-01	-1.842185e-01	1.660223e-01	1.660223e-01	2.705215e-02	3.855489e+00
2.816901e-01	-2.054884e-01	-2.055395e-01	-1.842641e-01	1.678191e-01	1.678191e-01	2.744283e-02	3.855763e+00
2.777778e-01	-2.056777e-01	-2.057290e-01	-1.843059e-01	1.695988e-01	1.695988e-01	2.783323e-02	3.856270e+00
2.739726e-01	-2.058620e-01	-2.059133e-01	-1.843442e-01	1.713617e-01	1.713617e-01	2.822342e-02	3.857002e+00
2.702703e-01	-2.060413e-01	-2.060927e-01	-1.843789e-01	1.731081e-01	1.731081e-01	2.861346e-02	3.857951e+00
2.666667e-01	-2.062157e-01	-2.062673e-01	-1.844103e-01	1.748385e-01	1.748385e-01	2.900340e-02	3.859108e+00
2.631579e-01	-2.063855e-01	-2.064372e-01	-1.844384e-01	1.765530e-01	1.765530e-01	2.939330e-02	3.860466e+00
2.597403e-01	-2.065507e-01	-2.066025e-01	-1.844634e-01	1.782519e-01	1.782519e-01	2.978319e-02	3.862019e+00
2.564103e-01	-2.067115e-01	-2.067634e-01	-1.844853e-01	1.799356e-01	1.799356e-01	3.017312e-02	3.863760e+00
2.531646e-01	-2.068679e-01	-2.069200e-01	-1.845043e-01	1.816043e-01	1.816043e-01	3.056313e-02	3.865683e+00
2.500000e-01	-2.070202e-01	-2.070723e-01	-1.845204e-01	1.832583e-01	1.832583e-01	3.095324e-02	3.867782e+00
2.469136e-01	-2.071685e-01	-2.072207e-01	-1.845338e-01	1.848979e-01	1.848979e-01	3.134350e-02	3.870051e+00
2.439024e-01	-2.073127e-01	-2.073650e-01	-1.845445e-01	1.865232e-01	1.865232e-01	3.173392e-02	3.872486e+00
2.409639e-01	-2.074532e-01	-2.075056e-01	-1.845527e-01	1.881345e-01	1.881345e-01	3.212452e-02	3.875080e+00
2.380952e-01	-2.075898e-01	-2.076423e-01	-1.845583e-01	1.897321e-01	1.897321e-01	3.251533e-02	3.877828e+00
2.352941e-01	-2.077229e-01	-2.077754e-01	-1.845616e-01	1.913162e-01	1.913162e-01	3.290637e-02	3.880726e+00
2.325581e-01	-2.078524e-01	-2.079050e-01	-1.845625e-01	1.928869e-01	1.928869e-01	3.329765e-02	3.883768e+00
2.298851e-01	-2.079784e-01	-2.080311e-01	-1.845612e-01	1.944445e-01	1.944445e-01	3.368918e-02	3.886951e+00
2.272727e-01	-2.081011e-01	-2.081539e-01	-1.845577e-01	1.959892e-01	1.959892e-01	3.408097e-02	3.890269e+00
2.247191e-01	-2.082205e-01	-2.082734e-01	-1.845521e-01	1.975213e-01	1.975213e-01	3.447302e-02	3.893718e+00
2.222222e-01	-2.083368e-01	-2.083897e-01	-1.845444e-01	1.990408e-01	1.990408e-01	3.486535e-02	3.897293e+00
2.197802e-01	-2.084499e-01	-2.085029e-01	-1.845348e-01	2.005479e-01	2.005479e-01	3.525796e-02	3.900990e+00
2.173913e-01	-2.085600e-01	-2.086131e-01	-1.845233e-01	2.020429e-01	2.020429e-01	3.565085e-02	3.904806e+00
2.150538e-01	-2.086671e-01	-2.087203e-01	-1.845099e-01	2.035259e-01	2.035259e-01	3.604401e-02	3.908735e+00
2.127660e-01	-2.087714e-01	-2.088246e-01	-1.844948e-01	2.049972e-01	2.049972e-01	3.643745e-02	3.912773e+00
2.105263e-01	-2.088729e-01	-2.089262e-01	-1.844779e-01	2.064567e-01	2.064567e-01	3.683116e-02	3.916918e+00
2.083333e-01	-2.089717e-01	-2.090250e-01	-1.844594e-01	2.079048e-01	2.079048e-01	3.722514e-02	3.921164e+00
2.061856e-01	-2.090678e-01	-2.091212e-01	-1.844393e-01	2.093415e-01	2.093415e-01	3.761938e-02	3.925508e+00
2.040816e-01	-2.091613e-01	-2.092147e-01	-1.844176e-01	2.107671e-01	2.107671e-01	3.801388e-02	3.929947e+00
2.020202e-01	-2.092523e-01	-2.093058e-01	-1.843944e-01	2.121816e-01	2.121816e-01	3.840863e-02	3.934475e+00
2.000000e-01	-2.093408e-01	-2.093944e-01	-1.843697e-01	2.135852e-01	2.135852e-01	3.880361e-02	3.939091e+00
1.980198e-01	-2.094270e-01	-2.094805e-01	-1.843437e-01	2.149780e-01	2.149780e-01	3.919882e-02	3.943789e+00
1.960784e-01	-2.095107e-01	-2.095644e-01	-1.843162e-01	2.163602e-01	2.163602e-01	3.959425e-02	3.948567e+00
1.941748e-01	-2.095922e-01	-2.096459e-01	-1.842875e-01	2.177320e-01	2.177320e-01	3.998988e-02	3.953422e+00
1.923077e-01	-2.096715e-01	-2.097252e-01	-1.842575e-01	2.190933e-01	2.190933e-01	4.038571e-02	3.958349e+00
1.904762e-01	-2.097486e-01	-2.098023e-01	-1.842262e-01	2.204445e-01	2.204445e-01	4.078172e-02	3.963345e+00
1.886792e-01	-2.098235e-01	-2.098773e-01	-1.841938e-01	2.217855e-01	2.217855e-01	4.117789e-02	3.968407e+00
1.869159e-01	-2.098964e-01	-2.099503e-01	-1.841602e-01	2.231165e-01	2.231165e-01	4.157421e-02	3.973533e+00
1.851852e-01	-2.099673e-01	-2.100212e-01	-1.841255e-01	2.244376e-01	2.244376e-01	4.197067e-02	3.978718e+00
1.834862e-01	-2.100362e-01	-2.100901e-01	-1.840898e-01	2.257490e-01	2.257490e-01	4.236725e-02	3.983960e+00
1.818182e-01	-2.101031e-01	-2.101571e-01	-1.840530e-01	2.270507e-01	2.270507e-01	4.276393e-02	3.989255e+00
1.801802e-01	-2.101682e-01	-2.102222e-01	-1.840152e-01	2.283429e-01	2.283429e-01	4.316070e-02	3.994601e+00
1.785714e-01	-2.102315e-01	-2.102855e-01	-1.839764e-01	2.296256e-01	2.296256e-01	4.355755e-02	3.999995e+00
1.769912e-01	-2.102929e-01	-2.103470e-01	-1.839368e-01	2.308990e-01	2.308990e-01	4.395445e-02	4.005434e+00
1.754386e-01	-2.103526e-01	-2.104067e-01	-1.838962e-01	2.321631e-01	2.321631e-01	4.435139e-02	4.010915e+00
1.739130e-01	-2.104106e-01	-2.104647e-01	-1.838547e-01	2.334181e-01	2.334181e-01	4.474835e-02	4.016436e+00
1.724138e-01	-2.104669e-01	-2.105211e-01	-1.838124e-01	2.346641e-01	2.346641e-01	4.514532e-02	4.021993e+00
1.709402e-01	-2.105216e-01	-2.105758e-01	-1.837693e-01	2.359011e-01	2.359011e-01	4.554227e-02	4.027584e+00
1.694915e-01	-2.105747e-01	-2.106289e-01	-1.837254e-01	2.371292e-01	2.371292e-01	4.593919e-02	4.033207e+00
1.680672e-01	-2.106262e-01	-2.106804e-01	-1.836808e-01	2.383486e-01	2.383486e-01	4.633607e-02	4.038859e+00
1.666667e-01	-2.106762e-01	-2.107304e-01	-1.836354e-01	2.395593e-01	2.395593e-01	4.673287e-02	4.044538e+00
1.652893e-01	-2.107247e-01	-2.107790e-01	-1.835893e-01	2.407615e-01	2.407615e-01	4.712959e-02	4.050241e+00
1.639344e-01	-2.107717e-01	-2.108261e-01	-1.835426e-01	2.419551e-01	2.419551e-01	4.752622e-02	4.055966e+00
1.626016e-01	-2.108174e-01	-2.108717e-01	-1.834952e-01	2.431403e-01	2.431403e-01	4.792272e-02	4.061711e+00
1.612903e-01	-2.108616e-01	-2.109160e-01	-1.834472e-01	2.443172e-01	2.443172e-01	4.831908e-02	4.067474e+00
1.600000e-01	-2.109045e-01	-2.109589e-01	-1.833986e-01	2.454858e-01	2.454858e-01	4.871528e-02	4.073252e+00
1.587302e-01	-2.109461e-01	-2.110005e-01	-1.833494e-01	2.466463e-01	2.466463e-01	4.911132e-02	4.079043e+00
1.574803e-01	-2.109863e-01	-2.110408e-01	-1.832996e-01	2.477987e-01	2.477987e-01	4.950716e-02	4.084845e+00
1.562500e-01	-2.110253e-01	-2.110798e-01	-1.832493e-01	2.489430e-01	2.489430e-01	4.990279e-02	4.090656e+00
1.550388e-01	-2.110631e-01	-2.111175e-01	-1.831985e-01	2.500794e-01	2.500794e-01	5.029819e-02	4.096475e+00
1.538462e-01	-2.110996e-01	-2.111541e-01	-1.831472e-01	2.512079e-01	2.512079e-01	5.069335e-02	4.102299e+00
1.526718e-01	-2.111350e-01	-2.111895e-01	-1.830954e-01	2.523287e-01	2.523287e-01	5.108825e-02	4.108127e+00
1.515152e-01	-2.111692e-01	-2.112237e-01	-1.830432e-01	2.534417e-01	2.534417e-01	5.148287e-02	4.113956e+00
1.503759e-01	-2.112023e-01	-2.112568e-01	-1.829905e-01	2.545471e-01	2.545471e-01	5.187720e-02	4.119785e+00
1.492537e-01	-2.112342e-01	-2.112888e-01	-1.829374e-01	2.556448e-01	2.556448e-01	5.227121e-02	4.125612e+00
1.481481e-01	-2.112651e-01	-2.113196e-01	-1.828839e-01	2.567351e-01	2.567351e-01	5.266489e-02	4.131436e+00
1.470588e-01	-2.112949e-01	-2.113495e-01	-1.828300e-01	2.578179e-01	2.578179e-01	5.305823e-02	4.137255e+00
1.459854e-01	-2.113237e-01	-2.113783e-01	-1.827757e-01	2.588933e-01	2.588933e-01	5.345120e-02	4.143067e+00
1.449275e-01	-2.113515e-01	-2.114060e-01	-1.827211e-01	2.599614e-01	2.599614e-01	5.384380e-02	4.148871e+00
1.438849e-01	-2.113782e-01	-2.114328e-01	-1.826661e-01	2.610223e-01	2.610223e-01	5.423600e-02	4.154665e+00
1.428571e-01	-2.114040e-01	-2.114587e-01	-1.826109e-01	2.620759e-01	2.620759e-01	5.462779e-02	4.160448e+00
1.418440e-01	-2.114289e-01	-2.114835e-01	-1.825553e-01	2.631225e-01	2.631225e-01	5.501915e-02	4.166218e+00
1.408451e-01	-2.114528e-01	-2.115075e-01	-1.824994e-01	2.641619e-01	2.641619e-01	5.541007e-02	4.171975e+00
1.398601e-01	-2.114758e-01	-2.115305e-01	-1.824432e-01	2.651944e-01	2.651944e-01	5.580053e-02	4.177716e+00
1.388889e-01	-2.114980e-01	-2.115526e-01	-1.823868e-01	2.662199e-01	2.662199e-01	5.619052e-02	4.183440e+00
1.379310e-01	-2.115192e-01	-2.115739e-01	-1.823301e-01	2.672385e-01	2.672385e-01	5.658003e-02	4.189146e+00
1.369863e-01	-2.115397e-01	-2.115943e-01	-1.822732e-01	2.682503e-01	2.682503e-01	5.696903e-02	4.194833e+00
1.360544e-01	-2.115592e-01	-2.116139e-01	-1.822160e-01	2.692553e-01	2.692553e-01	5.735751e-02	4.200500e+00
1.351351e-01	-2.115780e-01	-2.116327e-01	-1.821586e-01	2.702536e-01	2.702536e-01	5.774546e-02	4.206146e+00
1.342282e-01	-2.115960e-01	-2.116507e-01	-1.821011e-01	2.712452e-01	2.712452e-01	5.813287e-02	4.211768e+00
1.333333e-01	-2.116132e-01	-2.116679e-01	-1.820433e-01	2.722302e-01	2.722302e-01	5.851972e-02	4.217367e+00
1.324503e-01	-2.116296e-01	-2.116843e-01	-1.819853e-01	2.732087e-01	2.732087e-01	5.890600e-02	4.222941e+00
1.315789e-01	-2.116453e-01	-2.117000e-01	-1.819272e-01	2.741807e-01	2.741807e-01	5.929170e-02	4.228489e+00
1.307190e-01	-2.116603e-01	-2.117150e-01	-1.818689e-01	2.751462e-01	2.751462e-01	5.967679e-02	4.234010e+00
1.298701e-01	-2.116745e-01	-2.117292e-01	-1.818105e-01	2.761053e-01	2.761053e-01	6.006127e-02	4.239504e+00
1.290323e-01	-2.116880e-01	-2.117428e-01	-1.817519e-01	2.770581e-01	2.770581e-01	6.044513e-02	4.244968e+00
1.282051e-01	-2.117009e-01	-2.117556e-01	-1.816932e-01	2.780046e-01	2.780046e-01	6.082836e-02	4.250403e+00
1.273885e-01	-2.117131e-01	-2.117678e-01	-1.816344e-01	2.789448e-01	2.789448e-01	6.121093e-02	4.255808e+00
1.265823e-01	-2.117246e-01	-2.117794e-01	-1.815755e-01	2.798788e-01	2.798788e-01	6.159285e-02	4.261180e+00
1.257862e-01	-2.117355e-01	-2.117903e-01	-1.815164e-01	2.808067e-01	2.808067e-01	6.197409e-02	4.266521e+00
1.250000e-01	-2.117458e-01	-2.118005e-01	-1.814573e-01	2.817285e-01	2.817285e-01	6.235464e-02	4.271828e+00
1.242236e-01	-2.117554e-01	-2.118102e-01	-1.813981e-01	2.826443e-01	2.826443e-01	6.273451e-02	4.277101e+00
1.234568e-01	-2.117645e-01	-2.118192e-01	-1.813388e-01	2.835540e-01	2.835540e-01	6.311366e-02	4.282340e+00
1.226994e-01	-2.117729e-01	-2.118277e-01	-1.812794e-01	2.844578e-01	2.844578e-01	6.349210e-02	4.287543e+00
1.219512e-01	-2.117808e-01	-2.118356e-01	-1.812200e-01	2.853557e-01	2.853557e-01	6.386981e-02	4.292710e+00
1.212121e-01	-2.117882e-01	-2.118429e-01	-1.811605e-01	2.862477e-01	2.862477e-01	6.424678e-02	4.297841e+00
1.204819e-01	-2.117949e-01	-2.118497e-01	-1.811010e-01	2.871339e-01	2.871339e-01	6.462301e-02	4.302934e+00
1.197605e-01	-2.118012e-01	-2.118559e-01	-1.810414e-01	2.880144e-01	2.880144e-01	6.499848e-02	4.307988e+00
1.190476e-01	-2.118069e-01	-2.118616e-01	-1.809819e-01	2.888891e-01	2.888891e-01	6.537317e-02	4.313004e+00
1.183432e-01	-2.118121e-01	-2.118668e-01	-1.809222e-01	2.897581e-01	2.897581e-01	6.574709e-02	4.317981e+00
1.176471e-01	-2.118167e-01	-2.118715e-01	-1.808626e-01	2.906214e-01	2.906214e-01	6.612023e-02	4.322917e+00
1.169591e-01	-2.118209e-01	-2.118757e-01	-1.808030e-01	2.914792e-01	2.914792e-01	6.649256e-02	4.327813e+00
1.162791e-01	-2.118246e-01	-2.118794e-01	-1.807433e-01	2.923314e-01	2.923314e-01	6.686410e-02	4.332669e+00
1.156069e-01	-2.118279e-01	-2.118826e-01	-1.806837e-01	2.931781e-01	2.931781e-01	6.723482e-02	4.337482e+00
1.149425e-01	-2.118306e-01	-2.118854e-01	-1.806240e-01	2.940193e-01	2.940193e-01	6.760471e-02	4.342253e+00
1.142857e-01	-2.118329e-01	-2.118877e-01	-1.805644e-01	2.948551e-01	2.948551e-01	6.797378e-02	4.346982e+00
1.136364e-01	-2.118348e-01	-2.118896e-01	-1.805048e-01	2.956855e-01	2.956855e-01	6.834201e-02	4.351668e+00
1.129944e-01	-2.118362e-01	-2.118910e-01	-1.804452e-01	2.965106e-01	2.965106e-01	6.870939e-02	4.356311e+00
1.123596e-01	-2.118372e-01	-2.118920e-01	-1.803857e-01	2.973303e-01	2.973303e-01	6.907592e-02	4.360909e+00
1.117318e-01	-2.118378e-01	-2.118926e-01	-1.803261e-01	2.981448e-01	2.981448e-01	6.944158e-02	4.365463e+00
1.111111e-01	-2.118380e-01	-2.118928e-01	-1.802667e-01	2.989540e-01	2.989540e-01	6.980638e-02	4.369973e+00
1.104972e-01	-2.118378e-01	-2.118925e-01	-1.802072e-01	2.997580e-01	2.997580e-01	7.017030e-02	4.374437e+00
1.098901e-01	-2.118372e-01	-2.118919e-01	-1.801479e-01	3.005569e-01	3.005569e-01	7.053334e-02	4.378856e+00
1.092896e-01	-2.118362e-01	-2.118909e-01	-1.800885e-01	3.013507e-01	3.013507e-01	7.089549e-02	4.383229e+00
1.086957e-01	-2.118348e-01	-2.118896e-01	-1.800293e-01	3.021393e-01	3.021393e-01	7.125674e-02	4.387556e+00
1.081081e-01	-2.118331e-01	-2.118878e-01	-1.799701e-01	3.029230e-01	3.029230e-01	7.161709e-02	4.391837e+00
1.075269e-01	-2.118310e-01	-2.118857e-01	-1.799109e-01	3.037016e-01	3.037016e-01	7.197654e-02	4.396071e+00
1.069519e-01	-2.118286e-01	-2.118833e-01	-1.798519e-01	3.044753e-01	3.044753e-01	7.233506e-02	4.400258e+00
1.063830e-01	-2.118258e-01	-2.118805e-01	-1.797929e-01	3.052440e-01	3.052440e-01	7.269267e-02	4.404397e+00
1.058201e-01	-2.118226e-01	-2.118774e-01	-1.797340e-01	3.060078e-01	3.060078e-01	7.304936e-02	4.408489e+00
1.052632e-01	-2.118192e-01	-2.118739e-01	-1.796751e-01	3.067668e-01	3.067668e-01	7.340511e-02	4.412534e+00
1.047120e-01	-2.118154e-01	-2.118702e-01	-1.796164e-01	3.075209e-01	3.075209e-01	7.375992e-02	4.416530e+00
1.041667e-01	-2.118114e-01	-2.118661e-01	-1.795577e-01	3.082702e-01	3.082702e-01	7.411379e-02	4.420478e+00
1.036269e-01	-2.118070e-01	-2.118617e-01	-1.794992e-01	3.090148e-01	3.090148e-01	7.446672e-02	4.424377e+00
1.030928e-01	-2.118023e-01	-2.118570e-01	-1.794407e-01	3.097547e-01	3.097547e-01	7.481870e-02	4.428228e+00
1.025641e-01	-2.117973e-01	-2.118520e-01	-1.793824e-01	3.104898e-01	3.104898e-01	7.516971e-02	4.432030e+00
1.020408e-01	-2.117920e-01	-2.118467e-01	-1.793241e-01	3.112203e-01	3.112203e-01	7.551977e-02	4.435783e+00
1.015228e-01	-2.117865e-01	-2.118412e-01	-1.792660e-01	3.119462e-01	3.119462e-01	7.586887e-02	4.439487e+00
1.010101e-01	-2.117806e-01	-2.118353e-01	-1.792080e-01	3.126675e-01	3.126675e-01	7.621699e-02	4.443141e+00
1.005025e-01	-2.117745e-01	-2.118292e-01	-1.791501e-01	3.133843e-01	3.133843e-01	7.656414e-02	4.446746e+00
1.000000e-01	-2.117682e-01	-2.118229e-01	-1.790923e-01	3.140965e-01	3.140965e-01	7.691032e-02	4.450302e+00
9.950249e-02	-2.117615e-01	-2.118162e-01	-1.790346e-01	3.148042e-01	3.148042e-01	7.725551e-02	4.453808e+00
9.900990e-02	-2.117547e-01	-2.118094e-01	-1.789770e-01	3.155075e-01	3.155075e-01	7.759973e-02	4.457264e+00
9.852217e-02	-2.117476e-01	-2.118022e-01	-1.789196e-01	3.162063e-01	3.162063e-01	7.794295e-02	4.460670e+00
9.803922e-02	-2.117402e-01	-2.117949e-01	-1.788623e-01	3.169008e-01	3.169008e-01	7.828518e-02	4.464026e+00
9.756098e-02	-2.117326e-01	-2.117873e-01	-1.788051e-01	3.175908e-01	3.175908e-01	7.862642e-02	4.467332e+00
9.708738e-02	-2.117248e-01	-2.117795e-01	-1.787481e-01	3.182766e-01	3.182766e-01	7.896667e-02	4.470588e+00
9.661836e-02	-2.117167e-01	-2.117714e-01	-1.786912e-01	3.189580e-01	3.189580e-01	7.930591e-02	4.473794e+00
9.615385e-02	-2.117085e-01	-2.117631e-01	-1.786344e-01	3.196352e-01	3.196352e-01	7.964415e-02	4.476950e+00
9.569378e-02	-2.117000e-01	-2.117546e-01	-1.785777e-01	3.203081e-01	3.203081e-01	7.998139e-02	4.480056e+00
9.523810e-02	-2.116913e-01	-2.117459e-01	-1.785213e-01	3.209768e-01	3.209768e-01	8.031762e-02	4.483111e+00
9.478673e-02	-2.116824e-01	-2.117370e-01	-1.784649e-01	3.216413e-01	3.216413e-01	8.065284e-02	4.486117e+00
9.433962e-02	-2.116733e-01	-2.117279e-01	-1.784087e-01	3.223017e-01	3.223017e-01	8.098704e-02	4.489071e+00
9.389671e-02	-2.116640e-01	-2.117186e-01	-1.783526e-01	3.229579e-01	3.229579e-01	8.132024e-02	4.491976e+00
9.345794e-02	-2.116545e-01	-2.117091e-01	-1.782967e-01	3.236101e-01	3.236101e-01	8.165242e-02	4.494831e+00
9.302326e-02	-2.116448e-01	-2.116994e-01	-1.782410e-01	3.242581e-01	3.242581e-01	8.198358e-02	4.497635e+00
9.259259e-02	-2.116350e-01	-2.116896e-01	-1.781854e-01	3.249022e-01	3.249022e-01	8.231372e-02	4.500389e+00
9.216590e-02	-2.116249e-01	-2.116795e-01	-1.781299e-01	3.255422e-01	3.255422e-01	8.264284e-02	4.503093e+00
9.174312e-02	-2.116147e-01	-2.116693e-01	-1.780746e-01	3.261782e-01	3.261782e-01	8.297094e-02	4.505747e+00
9.132420e-02	-2.116043e-01	-2.116589e-01	-1.780195e-01	3.268103e-01	3.268103e-01	8.329801e-02	4.508350e+00
9.090909e-02	-2.115938e-01	-2.116484e-01	-1.779645e-01	3.274385e-01	3.274385e-01	8.362406e-02	4.510904e+00
9.049774e-02	-2.115830e-01	-2.116376e-01	-1.779097e-01	3.280628e-01	3.280628e-01	8.394908e-02	4.513408e+00
9.009009e-02	-2.115722e-01	-2.116268e-01	-1.778550e-01	3.286831e-01	3.286831e-01	8.427308e-02	4.515862e+00
8.968610e-02	-2.115611e-01	-2.116157e-01	-1.778005e-01	3.292997e-01	3.292997e-01	8.459605e-02	4.518266e+00
8.928571e-02	-2.115500e-01	-2.116045e-01	-1.777461e-01	3.299124e-01	3.299124e-01	8.491799e-02	4.520620e+00
8.888889e-02	-2.115386e-01	-2.115932e-01	-1.776920e-01	3.305213e-01	3.305213e-01	8.523889e-02	4.522925e+00
8.849558e-02	-2.115272e-01	-2.115817e-01	-1.776380e-01	3.311265e-01	3.311265e-01	8.555877e-02	4.525180e+00
8.810573e-02	-2.115156e-01	-2.115701e-01	-1.775841e-01	3.317279e-01	3.317279e-01	8.587762e-02	4.527386e+00
8.771930e-02	-2.115038e-01	-2.115584e-01	-1.775304e-01	3.323256e-01	3.323256e-01	8.619543e-02	4.529543e+00
8.733624e-02	-2.114919e-01	-2.115465e-01	-1.774769e-01	3.329197e-01	3.329197e-01	8.651222e-02	4.531650e+00
8.695652e-02	-2.114799e-01	-2.115345e-01	-1.774236e-01	3.335100e-01	3.335100e-01	8.682797e-02	4.533708e+00
8.658009e-02	-2.114678e-01	-2.115223e-01	-1.773704e-01	3.340967e-01	3.340967e-01	8.714269e-02	4.535718e+00
8.620690e-02	-2.114555e-01	-2.115100e-01	-1.773175e-01	3.346798e-01	3.346798e-01	8.745637e-02	4.537678e+00
8.583691e-02	-2.114431e-01	-2.114976e-01	-1.772646e-01	3.352594e-01	3.352594e-01	8.776903e-02	4.539590e+00
8.547009e-02	-2.114306e-01	-2.114851e-01	-1.772120e-01	3.358353e-01	3.358353e-01	8.808065e-02	4.541454e+00
8.510638e-02	-2.114180e-01	-2.114725e-01	-1.771595e-01	3.364077e-01	3.364077e-01	8.839124e-02	4.543269e+00
8.474576e-02	-2.114053e-01	-2.114598e-01	-1.771072e-01	3.369766e-01	3.369766e-01	8.870080e-02	4.545036e+00
8.438819e-02	-2.113924e-01	-2.114469e-01	-1.770551e-01	3.375420e-01	3.375420e-01	8.900932e-02	4.546754e+00
8.403361e-02	-2.113795e-01	-2.114340e-01	-1.770032e-01	3.381040e-01	3.381040e-01	8.931682e-02	4.548425e+00
8.368201e-02	-2.113664e-01	-2.114209e-01	-1.769514e-01	3.386625e-01	3.386625e-01	8.962328e-02	4.550048e+00
8.333333e-02	-2.113533e-01	-2.114077e-01	-1.768998e-01	3.392176e-01	3.392176e-01	8.992871e-02	4.551624e+00
8.298755e-02	-2.113400e-01	-2.113945e-01	-1.768484e-01	3.397693e-01	3.397693e-01	9.023312e-02	4.553152e+00
8.264463e-02	-2.113267e-01	-2.113811e-01	-1.767972e-01	3.403176e-01	3.403176e-01	9.053649e-02	4.554633e+00
8.230453e-02	-2.113132e-01	-2.113677e-01	-1.767461e-01	3.408626e-01	3.408626e-01	9.083884e-02	4.556067e+00
8.196721e-02	-2.112997e-01	-2.113541e-01	-1.766952e-01	3.414042e-01	3.414042e-01	9.114016e-02	4.557454e+00
8.163265e-02	-2.112861e-01	-2.113405e-01	-1.766446e-01	3.419426e-01	3.419426e-01	9.144045e-02	4.558795e+00
8.130081e-02	-2.112724e-01	-2.113268e-01	-1.765940e-01	3.424776e-01	3.424776e-01	9.173971e-02	4.560089e+00
8.097166e-02	-2.112586e-01	-2.113130e-01	-1.765437e-01	3.430094e-01	3.430094e-01	9.203796e-02	4.561336e+00
8.064516e-02	-2.112447e-01	-2.112991e-01	-1.764936e-01	3.435380e-01	3.435380e-01	9.233518e-02	4.562538e+00
8.032129e-02	-2.112308e-01	-2.112852e-01	-1.764436e-01	3.440634e-01	3.440634e-01	9.263137e-02	4.563694e+00
8.000000e-02	-2.112168e-01	-2.112712e-01	-1.763938e-01	3.445855e-01	3.445855e-01	9.292655e-02	4.564805e+00
7.968127e-02	-2.112027e-01	-2.112571e-01	-1.763442e-01	3.451045e-01	3.451045e-01	9.322070e-02	4.565869e+00
7.936508e-02	-2.111885e-01	-2.112429e-01	-1.762948e-01	3.456204e-01	3.456204e-01	9.351384e-02	4.566889e+00
7.905138e-02	-2.111742e-01	-2.112286e-01	-1.762456e-01	3.461331e-01	3.461331e-01	9.380596e-02	4.567864e+00
7.874016e-02	-2.111599e-01	-2.112143e-01	-1.761965e-01	3.466427e-01	3.466427e-01	9.409707e-02	4.568794e+00
7.843137e-02	-2.111456e-01	-2.111999e-01	-1.761476e-01	3.471492e-01	3.471492e-01	9.438716e-02	4.569680e+00
7.812500e-02	-2.111311e-01	-2.111855e-01	-1.760989e-01	3.476527e-01	3.476527e-01	9.467623e-02	4.570521e+00
7.782101e-02	-2.111166e-01	-2.111710e-01	-1.760504e-01	3.481531e-01	3.481531e-01	9.496430e-02	4.571318e+00
7.751938e-02	-2.111021e-01	-2.111564e-01	-1.760021e-01	3.486505e-01	3.486505e-01	9.525136e-02	4.572072e+00
7.722008e-02	-2.110874e-01	-2.111418e-01	-1.759540e-01	3.491449e-01	3.491449e-01	9.553741e-02	4.572782e+00
7.692308e-02	-2.110728e-01	-2.111271e-01	-1.759060e-01	3.496364e-01	3.496364e-01	9.582245e-02	4.573448e+00
7.662835e-02	-2.110580e-01	-2.111124e-01	-1.758583e-01	3.501248e-01	3.501248e-01	9.610649e-02	4.574072e+00
7.633588e-02	-2.110433e-01	-2.110976e-01	-1.758107e-01	3.506103e-01	3.506103e-01	9.638953e-02	4.574652e+00
7.604563e-02	-2.110284e-01	-2.110828e-01	-1.757633e-01	3.510929e-01	3.510929e-01	9.667157e-02	4.575190e+00
7.575758e-02	-2.110136e-01	-2.110679e-01	-1.757161e-01	3.515726e-01	3.515726e-01	9.695261e-02	4.575686e+00
7.547170e-02	-2.109986e-01	-2.110529e-01	-1.756690e-01	3.520495e-01	3.520495e-01	9.723265e-02	4.576139e+00
7.518797e-02	-2.109837e-01	-2.110380e-01	-1.756222e-01	3.525234e-01	3.525234e-01	9.751170e-02	4.576551e+00
7.490637e-02	-2.109686e-01	-2.110229e-01	-1.755755e-01	3.529945e-01	3.529945e-01	9.778976e-02	4.576921e+00
7.462687e-02	-2.109536e-01	-2.110079e-01	-1.755290e-01	3.534628e-01	3.534628e-01	9.806683e-02	4.577250e+00
7.434944e-02	-2.109385e-01	-2.109928e-01	-1.754828e-01	3.539283e-01	3.539283e-01	9.834291e-02	4.577538e+00
7.407407e-02	-2.109233e-01	-2.109776e-01	-1.754366e-01	3.543910e-01	3.543910e-01	9.861800e-02	4.577784e+00
7.380074e-02	-2.109082e-01	-2.109624e-01	-1.753907e-01	3.548510e-01	3.548510e-01	9.889211e-02	4.577991e+00
7.352941e-02	-2.108929e-01	-2.109472e-01	-1.753450e-01	3.553081e-01	3.553081e-01	9.916524e-02	4.578157e+00
7.326007e-02	-2.108777e-01	-2.109319e-01	-1.752994e-01	3.557626e-01	3.557626e-01	9.943739e-02	4.578283e+00
7.299270e-02	-2.108624e-01	-2.109167e-01	-1.752540e-01	3.562144e-01	3.562144e-01	9.970856e-02	4.578369e+00
7.272727e-02	-2.108471e-01	-2.109013e-01	-1.752088e-01	3.566634e-01	3.566634e-01	9.997876e-02	4.578416e+00
7.246377e-02	-2.108318e-01	-2.108860e-01	-1.751638e-01	3.571098e-01	3.571098e-01	1.002480e-01	4.578423e+00
7.220217e-02	-2.108164e-01	-2.108706e-01	-1.751190e-01	3.575535e-01	3.575535e-01	1.005162e-01	4.578392e+00
7.194245e-02	-2.108010e-01	-2.108552e-01	-1.750743e-01	3.579946e-01	3.579946e-01	1.007835e-01	4.578322e+00
7.168459e-02	-2.107856e-01	-2.108398e-01	-1.750298e-01	3.584331e-01	3.584331e-01	1.010499e-01	4.578213e+00
7.142857e-02	-2.107701e-01	-2.108243e-01	-1.749856e-01	3.588689e-01	3.588689e-01	1.013152e-01	4.578066e+00
7.117438e-02	-2.107546e-01	-2.108088e-01	-1.749415e-01	3.593022e-01	3.593022e-01	1.015796e-01	4.577882e+00
7.092199e-02	-2.107391e-01	-2.107933e-01	-1.748975e-01	3.597329e-01	3.597329e-01	1.018431e-01	4.577660e+00
7.067138e-02	-2.107236e-01	-2.107778e-01	-1.748538e-01	3.601611e-01	3.601611e-01	1.021056e-01	4.577400e+00
7.042254e-02	-2.107080e-01	-2.107622e-01	-1.748102e-01	3.605867e-01	3.605867e-01	1.023671e-01	4.577103e+00
7.017544e-02	-2.106925e-01	-2.107467e-01	-1.747668e-01	3.610098e-01	3.610098e-01	1.026277e-01	4.576770e+00
6.993007e-02	-2.106769e-01	-2.107311e-01	-1.747236e-01	3.614304e-01	3.614304e-01	1.028873e-01	4.576400e+00
6.968641e-02	-2.106613e-01	-2.107155e-01	-1.746806e-01	3.618486e-01	3.618486e-01	1.031461e-01	4.575994e+00
6.944444e-02	-2.106457e-01	-2.106998e-01	-1.746377e-01	3.622642e-01	3.622642e-01	1.034038e-01	4.575552e+00
6.920415e-02	-2.106301e-01	-2.106842e-01	-1.745951e-01	3.626774e-01	3.626774e-01	1.036606e-01	4.575075e+00
6.896552e-02	-2.106144e-01	-2.106685e-01	-1.745526e-01	3.630882e-01	3.630882e-01	1.039165e-01	4.574562e+00
6.872852e-02	-2.105988e-01	-2.106529e-01	-1.745103e-01	3.634966e-01	3.634966e-01	1.041715e-01	4.574013e+00
6.849315e-02	-2.105831e-01	-2.106372e-01	-1.744681e-01	3.639025e-01	3.639025e-01	1.044255e-01	4.573430e+00
6.825939e-02	-2.105674e-01	-2.106215e-01	-1.744262e-01	3.643061e-01	3.643061e-01	1.046786e-01	4.572813e+00
6.802721e-02	-2.105517e-01	-2.106058e-01	-1.743844e-01	3.647073e-01	3.647073e-01	1.049308e-01	4.572161e+00
6.779661e-02	-2.105360e-01	-2.105901e-01	-1.743428e-01	3.651062e-01	3.651062e-01	1.051820e-01	4.571475e+00
6.756757e-02	-2.105203e-01	-2.105744e-01	-1.743014e-01	3.655027e-01	3.655027e-01	1.054324e-01	4.570756e+00
6.734007e-02	-2.105046e-01	-2.105587e-01	-1.742601e-01	3.658969e-01	3.658969e-01	1.056818e-01	4.570003e+00
6.711409e-02	-2.104889e-01	-2.105430e-01	-1.742190e-01	3.662888e-01	3.662888e-01	1.059303e-01	4.569217e+00
6.688963e-02	-2.104732e-01	-2.105272e-01	-1.741781e-01	3.666784e-01	3.666784e-01	1.061779e-01	4.568398e+00
6.666667e-02	-2.104574e-01	-2.105115e-01	-1.741374e-01	3.670657e-01	3.670657e-01	1.064246e-01	4.567546e+00
6.644518e-02	-2.104417e-01	-2.104957e-01	-1.740968e-01	3.674508e-01	3.674508e-01	1.066704e-01	4.566663e+00
6.622517e-02	-2.104259e-01	-2.104800e-01	-1.740565e-01	3.678336e-01	3.678336e-01	1.069153e-01	4.565747e+00
6.600660e-02	-2.104102e-01	-2.104643e-01	-1.740162e-01	3.682142e-01	3.682142e-01	1.071593e-01	4.564799e+00
6.578947e-02	-2.103945e-01	-2.104485e-01	-1.739762e-01	3.685925e-01	3.685925e-01	1.074024e-01	4.563820e+00
6.557377e-02	-2.103787e-01	-2.104328e-01	-1.739363e-01	3.689687e-01	3.689687e-01	1.076446e-01	4.562809e+00
6.535948e-02	-2.103630e-01	-2.104170e-01	-1.738966e-01	3.693427e-01	3.693427e-01	1.078859e-01	4.561768e+00
6.514658e-02	-2.103472e-01	-2.104013e-01	-1.738571e-01	3.697145e-01	3.697145e-01	1.081263e-01	4.560696e+00
6.493506e-02	-2.103315e-01	-2.103855e-01	-1.738178e-01	3.700841e-01	3.700841e-01	1.083659e-01	4.559594e+00
6.472492e-02	-2.103158e-01	-2.103698e-01	-1.737786e-01	3.704516e-01	3.704516e-01	1.086045e-01	4.558462e+00
6.451613e-02	-2.103000e-01	-2.103541e-01	-1.737396e-01	3.708170e-01	3.708170e-01	1.088423e-01	4.557300e+00
6.430868e-02	-2.102843e-01	-2.103383e-01	-1.737007e-01	3.711803e-01	3.711803e-01	1.090792e-01	4.556108e+00
6.410256e-02	-2.102686e-01	-2.103226e-01	-1.736620e-01	3.715415e-01	3.715415e-01	1.093153e-01	4.554887e+00
6.389776e-02	-2.102529e-01	-2.103069e-01	-1.736235e-01	3.719005e-01	3.719005e-01	1.095505e-01	4.553637e+00
6.369427e-02	-2.102372e-01	-2.102911e-01	-1.735852e-01	3.722575e-01	3.722575e-01	1.097848e-01	4.552358e+00
6.349206e-02	-2.102215e-01	-2.102754e-01	-1.735470e-01	3.726125e-01	3.726125e-01	1.100182e-01	4.551051e+00
6.329114e-02	-2.102058e-01	-2.102597e-01	-1.735090e-01	3.729654e-01	3.729654e-01	1.102508e-01	4.549716e+00
6.309148e-02	-2.101901e-01	-2.102440e-01	-1.734712e-01	3.733163e-01	3.733163e-01	1.104826e-01	4.548352e+00
6.289308e-02	-2.101744e-01	-2.102283e-01	-1.734335e-01	3.736651e-01	3.736651e-01	1.107135e-01	4.546962e+00
6.269592e-02	-2.101587e-01	-2.102127e-01	-1.733960e-01	3.740119e-01	3.740119e-01	1.109435e-01	4.545543e+00
6.250000e-02	-2.101431e-01	-2.101970e-01	-1.733586e-01	3.743568e-01	3.743568e-01	1.111727e-01	4.544098e+00
6.230530e-02	-2.101274e-01	-2.101813e-01	-1.733214e-01	3.746997e-01	3.746997e-01	1.114011e-01	4.542626e+00
6.211180e-02	-2.101118e-01	-2.101657e-01	-1.732844e-01	3.750406e-01	3.750406e-01	1.116286e-01	4.541127e+00
6.191950e-02	-2.100961e-01	-2.101501e-01	-1.732475e-01	3.753795e-01	3.753795e-01	1.118553e-01	4.539602e+00
6.172840e-02	-2.100805e-01	-2.101344e-01	-1.732108e-01	3.757166e-01	3.757166e-01	1.120811e-01	4.538051e+00
6.153846e-02	-2.100649e-01	-2.101188e-01	-1.731743e-01	3.760516e-01	3.760516e-01	1.123061e-01	4.536475e+00
6.134969e-02	-2.100493e-01	-2.101032e-01	-1.731379e-01	3.763848e-01	3.763848e-01	1.125303e-01	4.534873e+00
6.116208e-02	-2.100337e-01	-2.100876e-01	-1.731017e-01	3.767161e-01	3.767161e-01	1.127537e-01	4.533245e+00
6.097561e-02	-2.100182e-01	-2.100721e-01	-1.730656e-01	3.770455e-01	3.770455e-01	1.129763e-01	4.531593e+00
6.079027e-02	-2.100026e-01	-2.100565e-01	-1.730297e-01	3.773730e-01	3.773730e-01	1.131980e-01	4.529916e+00
6.060606e-02	-2.099871e-01	-2.100410e-01	-1.729940e-01	3.776986e-01	3.776986e-01	1.134189e-01	4.528214e+00
6.042296e-02	-2.099715e-01	-2.100254e-01	-1.729584e-01	3.780224e-01	3.780224e-01	1.136390e-01	4.526488e+00
6.024096e-02	-2.099560e-01	-2.100099e-01	-1.729230e-01	3.783444e-01	3.783444e-01	1.138583e-01	4.524739e+00
6.006006e-02	-2.099405e-01	-2.099944e-01	-1.728877e-01	3.786645e-01	3.786645e-01	1.140768e-01	4.522965e+00
5.988024e-02	-2.099251e-01	-2.099789e-01	-1.728526e-01	3.789828e-01	3.789828e-01	1.142945e-01	4.521169e+00
5.970149e-02	-2.099096e-01	-2.099635e-01	-1.728176e-01	3.792993e-01	3.792993e-01	1.145114e-01	4.519349e+00
5.952381e-02	-2.098942e-01	-2.099480e-01	-1.727828e-01	3.796140e-01	3.796140e-01	1.147275e-01	4.517506e+00
5.934718e-02	-2.098788e-01	-2.099326e-01	-1.727482e-01	3.799269e-01	3.799269e-01	1.149428e-01	4.515641e+00
5.917160e-02	-2.098633e-01	-2.099172e-01	-1.727137e-01	3.802381e-01	3.802381e-01	1.151574e-01	4.513753e+00
5.899705e-02	-2.098480e-01	-2.099018e-01	-1.726793e-01	3.805475e-01	3.805475e-01	1.153711e-01	4.511843e+00
5.882353e-02	-2.098326e-01	-2.098864e-01	-1.726451e-01	3.808551e-01	3.808551e-01	1.155841e-01	4.509911e+00
5.865103e-02	-2.098173e-01	-2.098711e-01	-1.726111e-01	3.811610e-01	3.811610e-01	1.157962e-01	4.507957e+00
5.847953e-02	-2.098019e-01	-2.098557e-01	-1.725772e-01	3.814652e-01	3.814652e-01	1.160077e-01	4.505982e+00
5.830904e-02	-2.097866e-01	-2.098404e-01	-1.725435e-01	3.817677e-01	3.817677e-01	1.162183e-01	4.503986e+00
5.813953e-02	-2.097713e-01	-2.098251e-01	-1.725099e-01	3.820685e-01	3.820685e-01	1.164281e-01	4.501969e+00
5.797101e-02	-2.097561e-01	-2.098099e-01	-1.724764e-01	3.823676e-01	3.823676e-01	1.166372e-01	4.499932e+00
5.780347e-02	-2.097408e-01	-2.097946e-01	-1.724431e-01	3.826650e-01	3.826650e-01	1.168456e-01	4.497873e+00
5.763689e-02	-2.097256e-01	-2.097794e-01	-1.724100e-01	3.829608e-01	3.829608e-01	1.170532e-01	4.495795e+00
5.747126e-02	-2.097104e-01	-2.097642e-01	-1.723770e-01	3.832549e-01	3.832549e-01	1.172600e-01	4.493697e+00
5.730659e-02	-2.096952e-01	-2.097490e-01	-1.723442e-01	3.835473e-01	3.835473e-01	1.174660e-01	4.491579e+00
5.714286e-02	-2.096801e-01	-2.097338e-01	-1.723115e-01	3.838381e-01	3.838381e-01	1.176713e-01	4.489441e+00
5.698006e-02	-2.096649e-01	-2.097187e-01	-1.722789e-01	3.841273e-01	3.841273e-01	1.178759e-01	4.487285e+00
5.681818e-02	-2.096498e-01	-2.097036e-01	-1.722465e-01	3.844149e-01	3.844149e-01	1.180797e-01	4.485109e+00
5.665722e-02	-2.096347e-01	-2.096885e-01	-1.722142e-01	3.847008e-01	3.847008e-01	1.182828e-01	4.482915e+00
5.649718e-02	-2.096196e-01	-2.096734e-01	-1.721821e-01	3.849852e-01	3.849852e-01	1.184852e-01	4.480702e+00
5.633803e-02	-2.096046e-01	-2.096583e-01	-1.721501e-01	3.852680e-01	3.852680e-01	1.186868e-01	4.478470e+00
5.617978e-02	-2.095896e-01	-2.096433e-01	-1.721183e-01	3.855492e-01	3.855492e-01	1.188876e-01	4.476221e+00
5.602241e-02	-2.095746e-01	-2.096283e-01	-1.720866e-01	3.858289e-01	3.858289e-01	1.190878e-01	4.473953e+00
5.586592e-02	-2.095596e-01	-2.096133e-01	-1.720551e-01	3.861070e-01	3.861070e-01	1.192872e-01	4.471669e+00
5.571031e-02	-2.095447e-01	-2.095984e-01	-1.720236e-01	3.863835e-01	3.863835e-01	1.194859e-01	4.469366e+00
5.555556e-02	-2.095298e-01	-2.095835e-01	-1.719924e-01	3.866586e-01	3.866586e-01	1.196839e-01	4.467047e+00
5.540166e-02	-2.095149e-01	-2.095686e-01	-1.719612e-01	3.869321e-01	3.869321e-01	1.198812e-01	4.464710e+00
5.524862e-02	-2.095000e-01	-2.095537e-01	-1.719303e-01	3.872041e-01	3.872041e-01	1.200777e-01	4.462357e+00
5.509642e-02	-2.094851e-01	-2.095388e-01	-1.718994e-01	3.874746e-01	3.874746e-01	1.202736e-01	4.459987e+00
5.494505e-02	-2.094703e-01	-2.095240e-01	-1.718687e-01	3.877436e-01	3.877436e-01	1.204687e-01	4.457601e+00
5.479452e-02	-2.094555e-01	-2.095092e-01	-1.718381e-01	3.880111e-01	3.880111e-01	1.206631e-01	4.455198e+00
5.464481e-02	-2.094408e-01	-2.094945e-01	-1.718077e-01	3.882771e-01	3.882771e-01	1.208569e-01	4.452780e+00
5.449591e-02	-2.094260e-01	-2.094797e-01	-1.717774e-01	3.885417e-01	3.885417e-01	1.210499e-01	4.450346e+00
5.434783e-02	-2.094113e-01	-2.094650e-01	-1.717472e-01	3.888048e-01	3.888048e-01	1.212422e-01	4.447897e+00
5.420054e-02	-2.093966e-01	-2.094503e-01	-1.717172e-01	3.890665e-01	3.890665e-01	1.214339e-01	4.445433e+00
5.405405e-02	-2.093820e-01	-2.094356e-01	-1.716873e-01	3.893267e-01	3.893267e-01	1.216248e-01	4.442953e+00
5.390836e-02	-2.093673e-01	-2.094210e-01	-1.716575e-01	3.895856e-01	3.895856e-01	1.218151e-01	4.440458e+00
5.376344e-02	-2.093527e-01	-2.094064e-01	-1.716279e-01	3.898430e-01	3.898430e-01	1.220047e-01	4.437949e+00
5.361930e-02	-2.093382e-01	-2.093918e-01	-1.715984e-01	3.900989e-01	3.900989e-01	1.221936e-01	4.435426e+00
5.347594e-02	-2.093236e-01	-2.093772e-01	-1.715690e-01	3.903535e-01	3.903535e-01	1.223818e-01	4.432888e+00
5.333333e-02	-2.093091e-01	-2.093627e-01	-1.715398e-01	3.906067e-01	3.906067e-01	1.225694e-01	4.430336e+00
5.319149e-02	-2.092946e-01	-2.093482e-01	-1.715107e-01	3.908585e-01	3.908585e-01	1.227563e-01	4.427770e+00
5.305040e-02	-2.092801e-01	-2.093338e-01	-1.714817e-01	3.911090e-01	3.911090e-01	1.229425e-01	4.425191e+00
5.291005e-02	-2.092657e-01	-2.093193e-01	-1.714528e-01	3.913581e-01	3.913581e-01	1.231280e-01	4.422598e+00
5.277045e-02	-2.092513e-01	-2.093049e-01	-1.714241e-01	3.916058e-01	3.916058e-01	1.233129e-01	4.419992e+00
5.263158e-02	-2.092369e-01	-2.092905e-01	-1.713955e-01	3.918522e-01	3.918522e-01	1.234971e-01	4.417373e+00
5.249344e-02	-2.092225e-01	-2.092762e-01	-1.713671e-01	3.920972e-01	3.920972e-01	1.236807e-01	4.414741e+00
5.235602e-02	-2.092082e-01	-2.092618e-01	-1.713388e-01	3.923409e-01	3.923409e-01	1.238636e-01	4.412096e+00
5.221932e-02	-2.091939e-01	-2.092475e-01	-1.713105e-01	3.925833e-01	3.925833e-01	1.240459e-01	4.409439e+00
5.208333e-02	-2.091797e-01	-2.092333e-01	-1.712825e-01	3.928244e-01	3.928244e-01	1.242275e-01	4.406769e+00
5.194805e-02	-2.091654e-01	-2.092190e-01	-1.712545e-01	3.930642e-01	3.930642e-01	1.244085e-01	4.404087e+00
5.181347e-02	-2.091512e-01	-2.092048e-01	-1.712267e-01	3.933026e-01	3.933026e-01	1.245888e-01	4.401393e+00
5.167959e-02	-2.091370e-01	-2.091906e-01	-1.711990e-01	3.935398e-01	3.935398e-01	1.247685e-01	4.398688e+00
5.154639e-02	-2.091229e-01	-2.091765e-01	-1.711714e-01	3.937757e-01	3.937757e-01	1.249476e-01	4.395971e+00
5.141388e-02	-2.091088e-01	-2.091623e-01	-1.711440e-01	3.940104e-01	3.940104e-01	1.251260e-01	4.393242e+00
5.128205e-02	-2.090947e-01	-2.091482e-01	-1.711166e-01	3.942437e-01	3.942437e-01	1.253038e-01	4.390503e+00
5.115090e-02	-2.090806e-01	-2.091342e-01	-1.710894e-01	3.944759e-01	3.944759e-01	1.254810e-01	4.387752e+00
5.102041e-02	-2.090666e-01	-2.091201e-01	-1.710623e-01	3.947067e-01	3.947067e-01	1.256576e-01	4.384990e+00
5.089059e-02	-2.090526e-01	-2.091061e-01	-1.710354e-01	3.949364e-01	3.949364e-01	1.258335e-01	4.382218e+00
5.076142e-02	-2.090386e-01	-2.090922e-01	-1.710085e-01	3.951648e-01	3.951648e-01	1.260088e-01	4.379435e+00
5.063291e-02	-2.090247e-01	-2.090782e-01	-1.709818e-01	3.953920e-01	3.953920e-01	1.261835e-01	4.376642e+00
5.050505e-02	-2.090108e-01	-2.090643e-01	-1.709552e-01	3.956179e-01	3.956179e-01	1.263575e-01	4.373838e+00
5.037783e-02	-2.089969e-01	-2.090504e-01	-1.709287e-01	3.958427e-01	3.958427e-01	1.265310e-01	4.371025e+00
5.025126e-02	-2.089830e-01	-2.090366e-01	-1.709023e-01	3.960662e-01	3.960662e-01	1.267039e-01	4.368201e+00
5.012531e-02	-2.089692e-01	-2.090227e-01	-1.708761e-01	3.962886e-01	3.962886e-01	1.268761e-01	4.365368e+00
5.000000e-02	-2.089554e-01	-2.090090e-01	-1.708499e-01	3.965098e-01	3.965098e-01	1.270478e-01	4.362525e+00
4.987531e-02	-2.089417e-01	-2.089952e-01	-1.708239e-01	3.967298e-01	3.967298e-01	1.272188e-01	4.359673e+00
4.975124e-02	-2.089279e-01	-2.089815e-01	-1.707980e-01	3.969486e-01	3.969486e-01	1.273893e-01	4.356812e+00
4.962779e-02	-2.089143e-01	-2.089678e-01	-1.707722e-01	3.971663e-01	3.971663e-01	1.275591e-01	4.353942e+00
4.950495e-02	-2.089006e-01	-2.089541e-01	-1.707465e-01	3.973828e-01	3.973828e-01	1.277284e-01	4.351062e+00
4.938272e-02	-2.088869e-01	-2.089404e-01	-1.707210e-01	3.975981e-01	3.975981e-01	1.278971e-01	4.348174e+00
4.926108e-02	-2.088733e-01	-2.089268e-01	-1.706955e-01	3.978124e-01	3.978124e-01	1.280652e-01	4.345278e+00
4.914005e-02	-2.088598e-01	-2.089133e-01	-1.706702e-01	3.980254e-01	3.980254e-01	1.282327e-01	4.342373e+00
4.901961e-02	-2.088462e-01	-2.088997e-01	-1.706450e-01	3.982374e-01	3.982374e-01	1.283996e-01	4.339459e+00
4.889976e-02	-2.088327e-01	-2.088862e-01	-1.706199e-01	3.984482e-01	3.984482e-01	1.285659e-01	4.336538e+00
4.878049e-02	-2.088192e-01	-2.088727e-01	-1.705949e-01	3.986580e-01	3.986580e-01	1.287317e-01	4.333608e+00
4.866180e-02	-2.088058e-01	-2.088593e-01	-1.705700e-01	3.988666e-01	3.988666e-01	1.288969e-01	4.330671e+00
4.854369e-02	-2.087924e-01	-2.088458e-01	-1.705452e-01	3.990741e-01	3.990741e-01	1.290616e-01	4.327725e+00
4.842615e-02	-2.087790e-01	-2.088324e-01	-1.705206e-01	3.992805e-01	3.992805e-01	1.292256e-01	4.324773e+00
4.830918e-02	-2.087656e-01	-2.088191e-01	-1.704960e-01	3.994859e-01	3.994859e-01	1.293891e-01	4.321813e+00
4.819277e-02	-2.087523e-01	-2.088057e-01	-1.704716e-01	3.996902e-01	3.996902e-01	1.295521e-01	4.318845e+00
4.807692e-02	-2.087390e-01	-2.087924e-01	-1.704473e-01	3.998934e-01	3.998934e-01	1.297144e-01	4.315871e+00
4.796163e-02	-2.087257e-01	-2.087792e-01	-1.704230e-01	4.000955e-01	4.000955e-01	1.298762e-01	4.312889e+00
4.784689e-02	-2.087125e-01	-2.087659e-01	-1.703989e-01	4.002966e-01	4.002966e-01	1.300375e-01	4.309901e+00
4.773270e-02	-2.086993e-01	-2.087527e-01	-1.703749e-01	4.004966e-01	4.004966e-01	1.301982e-01	4.306905e+00
4.761905e-02	-2.086861e-01	-2.087396e-01	-1.703510e-01	4.006956e-01	4.006956e-01	1.303584e-01	4.303904e+00
4.750594e-02	-2.086730e-01	-2.087264e-01	-1.703272e-01	4.008935e-01	4.008935e-01	1.305180e-01	4.300895e+00
4.739336e-02	-2.086599e-01	-2.087133e-01	-1.703035e-01	4.010904e-01	4.010904e-01	1.306771e-01	4.297881e+00
4.728132e-02	-2.086468e-01	-2.087002e-01	-1.702799e-01	4.012863e-01	4.012863e-01	1.308356e-01	4.294860e+00
4.716981e-02	-2.086338e-01	-2.086872e-01	-1.702564e-01	4.014812e-01	4.014812e-01	1.309936e-01	4.291833e+00
4.705882e-02	-2.086207e-01	-2.086741e-01	-1.702330e-01	4.016750e-01	4.016750e-01	1.311510e-01	4.288801e+00
4.694836e-02	-2.086078e-01	-2.086612e-01	-1.702098e-01	4.018678e-01	4.018678e-01	1.313080e-01	4.285762e+00
4.683841e-02	-2.085948e-01	-2.086482e-01	-1.701866e-01	4.020597e-01	4.020597e-01	1.314643e-01	4.282718e+00
4.672897e-02	-2.085819e-01	-2.086353e-01	-1.701635e-01	4.022505e-01	4.022505e-01	1.316202e-01	4.279668e+00
4.662005e-02	-2.085690e-01	-2.086224e-01	-1.701406e-01	4.024404e-01	4.024404e-01	1.317755e-01	4.276613e+00
4.651163e-02	-2.085561e-01	-2.086095e-01	-1.701177e-01	4.026293e-01	4.026293e-01	1.319303e-01	4.273552e+00
4.640371e-02	-2.085433e-01	-2.085967e-01	-1.700949e-01	4.028172e-01	4.028172e-01	1.320846e-01	4.270487e+00
4.629630e-02	-2.085305e-01	-2.085839e-01	-1.700723e-01	4.030041e-01	4.030041e-01	1.322384e-01	4.267416e+00
4.618938e-02	-2.085177e-01	-2.085711e-01	-1.700497e-01	4.031901e-01	4.031901e-01	1.323916e-01	4.264340e+00
4.608295e-02	-2.085050e-01	-2.085584e-01	-1.700272e-01	4.033751e-01	4.033751e-01	1.325443e-01	4.261260e+00
4.597701e-02	-2.084923e-01	-2.085457e-01	-1.700049e-01	4.035592e-01	4.035592e-01	1.326966e-01	4.258174e+00
4.587156e-02	-2.084796e-01	-2.085330e-01	-1.699826e-01	4.037423e-01	4.037423e-01	1.328483e-01	4.255084e+00
4.576659e-02	-2.084670e-01	-2.085204e-01	-1.699604e-01	4.039245e-01	4.039245e-01	1.329995e-01	4.251990e+00
4.566210e-02	-2.084544e-01	-2.085077e-01	-1.699383e-01	4.041057e-01	4.041057e-01	1.331501e-01	4.248891e+00
4.555809e-02	-2.084418e-01	-2.084952e-01	-1.699164e-01	4.042860e-01	4.042860e-01	1.333003e-01	4.245788e+00
4.545455e-02	-2.084293e-01	-2.084826e-01	-1.698945e-01	4.044654e-01	4.044654e-01	1.334500e-01	4.242681e+00
4.535147e-02	-2.084167e-01	-2.084701e-01	-1.698727e-01	4.046439e-01	4.046439e-01	1.335992e-01	4.239570e+00
4.524887e-02	-2.084043e-01	-2.084576e-01	-1.698510e-01	4.048214e-01	4.048214e-01	1.337479e-01	4.236455e+00
4.514673e-02	-2.083918e-01	-2.084451e-01	-1.698294e-01	4.049981e-01	4.049981e-01	1.338961e-01	4.233336e+00
4.504505e-02	-2.083794e-01	-2.084327e-01	-1.698079e-01	4.051738e-01	4.051738e-01	1.340438e-01	4.230214e+00
4.494382e-02	-2.083670e-01	-2.084203e-01	-1.697865e-01	4.053487e-01	4.053487e-01	1.341910e-01	4.227087e+00
4.484305e-02	-2.083546e-01	-2.084080e-01	-1.697652e-01	4.055227e-01	4.055227e-01	1.343378e-01	4.223958e+00
4.474273e-02	-2.083423e-01	-2.083956e-01	-1.697440e-01	4.056958e-01	4.056958e-01	1.344840e-01	4.220825e+00
4.464286e-02	-2.083300e-01	-2.083833e-01	-1.697229e-01	4.058680e-01	4.058680e-01	1.346298e-01	4.217688e+00
4.454343e-02	-2.083177e-01	-2.083710e-01	-1.697019e-01	4.060393e-01	4.060393e-01	1.347750e-01	4.214549e+00
4.444444e-02	-2.083055e-01	-2.083588e-01	-1.696809e-01	4.062098e-01	4.062098e-01	1.349199e-01	4.211406e+00
4.434590e-02	-2.082933e-01	-2.083466e-01	-1.696601e-01	4.063794e-01	4.063794e-01	1.350642e-01	4.208261e+00
4.424779e-02	-2.082811e-01	-2.083344e-01	-1.696393e-01	4.065481e-01	4.065481e-01	1.352080e-01	4.205112e+00
4.415011e-02	-2.082690e-01	-2.083223e-01	-1.696186e-01	4.067160e-01	4.067160e-01	1.353514e-01	4.201961e+00
4.405286e-02	-2.082568e-01	-2.083101e-01	-1.695981e-01	4.068831e-01	4.068831e-01	1.354943e-01	4.198807e+00
4.395604e-02	-2.082448e-01	-2.082981e-01	-1.695776e-01	4.070493e-01	4.070493e-01	1.356368e-01	4.195650e+00
4.385965e-02	-2.082327e-01	-2.082860e-01	-1.695572e-01	4.072147e-01	4.072147e-01	1.357788e-01	4.192491e+00
4.376368e-02	-2.082207e-01	-2.082740e-01	-1.695369e-01	4.073792e-01	4.073792e-01	1.359203e-01	4.189330e+00
4.366812e-02	-2.082087e-01	-2.082620e-01	-1.695167e-01	4.075429e-01	4.075429e-01	1.360613e-01	4.186166e+00
4.357298e-02	-2.081967e-01	-2.082500e-01	-1.694965e-01	4.077058e-01	4.077058e-01	1.362019e-01	4.183000e+00
4.347826e-02	-2.081848e-01	-2.082381e-01	-1.694765e-01	4.078679e-01	4.078679e-01	1.363421e-01	4.179832e+00
4.338395e-02	-2.081729e-01	-2.082262e-01	-1.694565e-01	4.080292e-01	4.080292e-01	1.364818e-01	4.176662e+00
4.329004e-02	-2.081610e-01	-2.082143e-01	-1.694367e-01	4.081896e-01	4.081896e-01	1.366210e-01	4.173490e+00
4.319654e-02	-2.081492e-01	-2.082025e-01	-1.694169e-01	4.083493e-01	4.083493e-01	1.367598e-01	4.170316e+00
4.310345e-02	-2.081374e-01	-2.081906e-01	-1.693972e-01	4.085081e-01	4.085081e-01	1.368981e-01	4.167140e+00
4.301075e-02	-2.081256e-01	-2.081789e-01	-1.693776e-01	4.086662e-01	4.086662e-01	1.370360e-01	4.163963e+00
4.291845e-02	-2.081138e-01	-2.081671e-01	-1.693580e-01	4.088235e-01	4.088235e-01	1.371735e-01	4.160784e+00
4.282655e-02	-2.081021e-01	-2.081554e-01	-1.693386e-01	4.089800e-01	4.089800e-01	1.373105e-01	4.157603e+00
4.273504e-02	-2.080904e-01	-2.081437e-01	-1.693192e-01	4.091357e-01	4.091357e-01	1.374471e-01	4.154421e+00
4.264392e-02	-2.080788e-01	-2.081320e-01	-1.693000e-01	4.092907e-01	4.092907e-01	1.375832e-01	4.151238e+00
4.255319e-02	-2.080671e-01	-2.081204e-01	-1.692808e-01	4.094449e-01	4.094449e-01	1.377189e-01	4.148053e+00
4.246285e-02	-2.080555e-01	-2.081088e-01	-1.692617e-01	4.095983e-01	4.095983e-01	1.378542e-01	4.144868e+00
4.237288e-02	-2.080440e-01	-2.080972e-01	-1.692426e-01	4.097509e-01	4.097509e-01	1.379890e-01	4.141681e+00
4.228330e-02	-2.080324e-01	-2.080857e-01	-1.692237e-01	4.099028e-01	4.099028e-01	1.381234e-01	4.138493e+00
4.219409e-02	-2.080209e-01	-2.080742e-01	-1.692048e-01	4.100540e-01	4.100540e-01	1.382574e-01	4.135305e+00
4.210526e-02	-2.080094e-01	-2.080627e-01	-1.691861e-01	4.102044e-01	4.102044e-01	1.383909e-01	4.132115e+00
4.201681e-02	-2.079980e-01	-2.080512e-01	-1.691674e-01	4.103541e-01	4.103541e-01	1.385240e-01	4.128925e+00
4.192872e-02	-2.079866e-01	-2.080398e-01	-1.691487e-01	4.105030e-01	4.105030e-01	1.386567e-01	4.125734e+00
4.184100e-02	-2.079752e-01	-2.080284e-01	-1.691302e-01	4.106512e-01	4.106512e-01	1.387890e-01	4.122542e+00
4.175365e-02	-2.079638e-01	-2.080170e-01	-1.691117e-01	4.107987e-01	4.107987e-01	1.389209e-01	4.119350e+00
4.166667e-02	-2.079525e-01	-2.080057e-01	-1.690934e-01	4.109454e-01	4.109454e-01	1.390523e-01	4.116157e+00
4.158004e-02	-2.079412e-01	-2.079944e-01	-1.690751e-01	4.110915e-01	4.110915e-01	1.391834e-01	4.112964e+00
4.149378e-02	-2.079299e-01	-2.079831e-01	-1.690568e-01	4.112368e-01	4.112368e-01	1.393140e-01	4.109771e+00
4.140787e-02	-2.079187e-01	-2.079719e-01	-1.690387e-01	4.113814e-01	4.113814e-01	1.394442e-01	4.106577e+00
4.132231e-02	-2.079074e-01	-2.079607e-01	-1.690206e-01	4.115253e-01	4.115253e-01	1.395740e-01	4.103383e+00
4.123711e-02	-2.078963e-01	-2.079495e-01	-1.690026e-01	4.116685e-01	4.116685e-01	1.397034e-01	4.100190e+00
4.115226e-02	-2.078851e-01	-2.079383e-01	-1.689847e-01	4.118110e-01	4.118110e-01	1.398324e-01	4.096996e+00
4.106776e-02	-2.078740e-01	-2.079272e-01	-1.689669e-01	4.119528e-01	4.119528e-01	1.399610e-01	4.093802e+00
4.098361e-02	-2.078629e-01	-2.079161e-01	-1.689491e-01	4.120939e-01	4.120939e-01	1.400892e-01	4.090608e+00
4.089980e-02	-2.078518e-01	-2.079050e-01	-1.689314e-01	4.122343e-01	4.122343e-01	1.402170e-01	4.087414e+00
4.081633e-02	-2.078408e-01	-2.078940e-01	-1.689138e-01	4.123741e-01	4.123741e-01	1.403444e-01	4.084221e+00
4.073320e-02	-2.078297e-01	-2.078829e-01	-1.688963e-01	4.125132e-01	4.125132e-01	1.404714e-01	4.081028e+00
4.065041e-02	-2.078188e-01	-2.078720e-01	-1.688788e-01	4.126516e-01	4.126516e-01	1.405980e-01	4.077835e+00
4.056795e-02	-2.078078e-01	-2.078610e-01	-1.688615e-01	4.127893e-01	4.127893e-01	1.407242e-01	4.074643e+00
4.048583e-02	-2.077969e-01	-2.078501e-01	-1.688441e-01	4.129264e-01	4.129264e-01	1.408501e-01	4.071452e+00
4.040404e-02	-2.077860e-01	-2.078392e-01	-1.688269e-01	4.130628e-01	4.130628e-01	1.409755e-01	4.068261e+00
4.032258e-02	-2.077751e-01	-2.078283e-01	-1.688097e-01	4.131985e-01	4.131985e-01	1.411006e-01	4.065070e+00
4.024145e-02	-2.077643e-01	-2.078174e-01	-1.687927e-01	4.133336e-01	4.133336e-01	1.412252e-01	4.061880e+00
4.016064e-02	-2.077535e-01	-2.078066e-01	-1.687756e-01	4.134680e-01	4.134680e-01	1.413495e-01	4.058691e+00
4.008016e-02	-2.077427e-01	-2.077958e-01	-1.687587e-01	4.136018e-01	4.136018e-01	1.414734e-01	4.055503e+00
4.000000e-02	-2.077319e-01	-2.077851e-01	-1.687418e-01	4.137350e-01	4.137350e-01	1.415970e-01	4.052316e+00
3.992016e-02	-2.077212e-01	-2.077744e-01	-1.687250e-01	4.138675e-01	4.138675e-01	1.417201e-01	4.049130e+00
3.984064e-02	-2.077105e-01	-2.077637e-01	-1.687083e-01	4.139994e-01	4.139994e-01	1.418429e-01	4.045944e+00
3.976143e-02	-2.076998e-01	-2.077530e-01	-1.686916e-01	4.141307e-01	4.141307e-01	1.419653e-01	4.042760e+00
3.968254e-02	-2.076892e-01	-2.077423e-01	-1.686750e-01	4.142613e-01	4.142613e-01	1.420874e-01	4.039577e+00
3.960396e-02	-2.076786e-01	-2.077317e-01	-1.686585e-01	4.143913e-01	4.143913e-01	1.422090e-01	4.036395e+00
3.952569e-02	-2.076680e-01	-2.077211e-01	-1.686421e-01	4.145207e-01	4.145207e-01	1.423303e-01	4.033214e+00
3.944773e-02	-2.076574e-01	-2.077106e-01	-1.686257e-01	4.146494e-01	4.146494e-01	1.424512e-01	4.030035e+00
3.937008e-02	-2.076469e-01	-2.077000e-01	-1.686094e-01	4.147776e-01	4.147776e-01	1.425718e-01	4.026857e+00
3.929273e-02	-2.076364e-01	-2.076895e-01	-1.685931e-01	4.149051e-01	4.149051e-01	1.426920e-01	4.023680e+00
3.921569e-02	-2.076259e-01	-2.076790e-01	-1.685769e-01	4.150321e-01	4.150321e-01	1.428118e-01	4.020505e+00
3.913894e-02	-2.076154e-01	-2.076686e-01	-1.685608e-01	4.151584e-01	4.151584e-01	1.429313e-01	4.017331e+00
3.906250e-02	-2.076050e-01	-2.076582e-01	-1.685448e-01	4.152841e-01	4.152841e-01	1.430504e-01	4.014159e+00
3.898635e-02	-2.075946e-01	-2.076478e-01	-1.685288e-01	4.154093e-01	4.154093e-01	1.431692e-01	4.010989e+00
3.891051e-02	-2.075842e-01	-2.076374e-01	-1.685129e-01	4.155338e-01	4.155338e-01	1.432876e-01	4.007820e+00
3.883495e-02	-2.075739e-01	-2.076270e-01	-1.684971e-01	4.156578e-01	4.156578e-01	1.434057e-01	4.004653e+00
3.875969e-02	-2.075636e-01	-2.076167e-01	-1.684813e-01	4.157812e-01	4.157812e-01	1.435234e-01	4.001488e+00
3.868472e-02	-2.075533e-01	-2.076064e-01	-1.684656e-01	4.159040e-01	4.159040e-01	1.436407e-01	3.998324e+00
3.861004e-02	-2.075430e-01	-2.075962e-01	-1.684500e-01	4.160262e-01	4.160262e-01	1.437577e-01	3.995163e+00
3.853565e-02	-2.075328e-01	-2.075859e-01	-1.684344e-01	4.161478e-01	4.161478e-01	1.438744e-01	3.992003e+00
3.846154e-02	-2.075226e-01	-2.075757e-01	-1.684189e-01	4.162689e-01	4.162689e-01	1.439907e-01	3.988846e+00
3.838772e-02	-2.075124e-01	-2.075655e-01	-1.684034e-01	4.163894e-01	4.163894e-01	1.441067e-01	3.985690e+00
3.831418e-02	-2.075023e-01	-2.075554e-01	-1.683880e-01	4.165094e-01	4.165094e-01	1.442223e-01	3.982536e+00
3.824092e-02	-2.074921e-01	-2.075453e-01	-1.683727e-01	4.166288e-01	4.166288e-01	1.443376e-01	3.979385e+00
3.816794e-02	-2.074820e-01	-2.075352e-01	-1.683575e-01	4.167476e-01	4.167476e-01	1.444525e-01	3.976236e+00
3.809524e-02	-2.074720e-01	-2.075251e-01	-1.683423e-01	4.168659e-01	4.168659e-01	1.445671e-01	3.973089e+00
3.802281e-02	-2.074619e-01	-2.075150e-01	-1.683271e-01	4.169836e-01	4.169836e-01	1.446814e-01	3.969944e+00
3.795066e-02	-2.074519e-01	-2.075050e-01	-1.683121e-01	4.171008e-01	4.171008e-01	1.447954e-01	3.966802e+00
3.787879e-02	-2.074419e-01	-2.074950e-01	-1.682971e-01	4.172174e-01	4.172174e-01	1.449090e-01	3.963662e+00
3.780718e-02	-2.074319e-01	-2.074850e-01	-1.682821e-01	4.173335e-01	4.173335e-01	1.450222e-01	3.960524e+00
3.773585e-02	-2.074220e-01	-2.074751e-01	-1.682673e-01	4.174490e-01	4.174490e-01	1.451352e-01	3.957389e+00
3.766478e-02	-2.074121e-01	-2.074652e-01	-1.682524e-01	4.175640e-01	4.175640e-01	1.452478e-01	3.954256e+00
3.759398e-02	-2.074022e-01	-2.074553e-01	-1.682377e-01	4.176785e-01	4.176785e-01	1.453601e-01	3.951126e+00
3.752345e-02	-2.073923e-01	-2.074454e-01	-1.682230e-01	4.177924e-01	4.177924e-01	1.454721e-01	3.947998e+00
3.745318e-02	-2.073825e-01	-2.074356e-01	-1.682084e-01	4.179059e-01	4.179059e-01	1.455837e-01	3.944873e+00
3.738318e-02	-2.073727e-01	-2.074258e-01	-1.681938e-01	4.180188e-01	4.180188e-01	1.456950e-01	3.941751e+00
3.731343e-02	-2.073629e-01	-2.074160e-01	-1.681793e-01	4.181311e-01	4.181311e-01	1.458060e-01	3.938631e+00
3.724395e-02	-2.073531e-01	-2.074062e-01	-1.681648e-01	4.182430e-01	4.182430e-01	1.459167e-01	3.935514e+00
3.717472e-02	-2.073434e-01	-2.073965e-01	-1.681504e-01	4.183544e-01	4.183544e-01	1.460271e-01	3.932400e+00
3.710575e-02	-2.073337e-01	-2.073868e-01	-1.681361e-01	4.184652e-01	4.184652e-01	1.461371e-01	3.929288e+00
3.703704e-02	-2.073240e-01	-2.073771e-01	-1.681218e-01	4.185755e-01	4.185755e-01	1.462468e-01	3.926180e+00
3.696858e-02	-2.073143e-01	-2.073674e-01	-1.681076e-01	4.186853e-01	4.186853e-01	1.463562e-01	3.923074e+00
3.690037e-02	-2.073047e-01	-2.073578e-01	-1.680934e-01	4.187947e-01	4.187947e-01	1.464654e-01	3.919972e+00
3.683241e-02	-2.072951e-01	-2.073482e-01	-1.680793e-01	4.189035e-01	4.189035e-01	1.465741e-01	3.916872e+00
3.676471e-02	-2.072855e-01	-2.073386e-01	-1.680653e-01	4.190118e-01	4.190118e-01	1.466826e-01	3.913775e+00
3.669725e-02	-2.072759e-01	-2.073290e-01	-1.680513e-01	4.191196e-01	4.191196e-01	1.467908e-01	3.910682e+00
3.663004e-02	-2.072664e-01	-2.073195e-01	-1.680374e-01	4.192270e-01	4.192270e-01	1.468987e-01	3.907591e+00
3.656307e-02	-2.072569e-01	-2.073100e-01	-1.680235e-01	4.193338e-01	4.193338e-01	1.470062e-01	3.904504e+00
3.649635e-02	-2.072474e-01	-2.073005e-01	-1.680097e-01	4.194402e-01	4.194402e-01	1.471135e-01	3.901419e+00
3.642987e-02	-2.072379e-01	-2.072910e-01	-1.679959e-01	4.195460e-01	4.195460e-01	1.472205e-01	3.898338e+00
3.636364e-02	-2.072285e-01	-2.072816e-01	-1.679822e-01	4.196514e-01	4.196514e-01	1.473271e-01	3.895260e+00
3.629764e-02	-2.072191e-01	-2.072722e-01	-1.679686e-01	4.197564e-01	4.197564e-01	1.474335e-01	3.892186e+00
3.623188e-02	-2.072097e-01	-2.072628e-01	-1.679550e-01	4.198608e-01	4.198608e-01	1.475395e-01	3.889114e+00
3.616637e-02	-2.072004e-01	-2.072534e-01	-1.679414e-01	4.199648e-01	4.199648e-01	1.476453e-01	3.886046e+00
3.610108e-02	-2.071910e-01	-2.072441e-01	-1.679280e-01	4.200683e-01	4.200683e-01	1.477508e-01	3.882981e+00
3.603604e-02	-2.071817e-01	-2.072348e-01	-1.679145e-01	4.201713e-01	4.201713e-01	1.478559e-01	3.879920e+00
3.597122e-02	-2.071724e-01	-2.072255e-01	-1.679012e-01	4.202739e-01	4.202739e-01	1.479608e-01	3.876862e+00
3.590664e-02	-2.071631e-01	-2.072162e-01	-1.678878e-01	4.203760e-01	4.203760e-01	1.480654e-01	3.873808e+00
3.584229e-02	-2.071539e-01	-2.072070e-01	-1.678746e-01	4.204776e-01	4.204776e-01	1.481697e-01	3.870757e+00
3.577818e-02	-2.071447e-01	-2.071978e-01	-1.678614e-01	4.205788e-01	4.205788e-01	1.482737e-01	3.867709e+00
3.571429e-02	-2.071355e-01	-2.071886e-01	-1.678482e-01	4.206796e-01	4.206796e-01	1.483774e-01	3.864666e+00
3.565062e-02	-2.071263e-01	-2.071794e-01	-1.678351e-01	4.207799e-01	4.207799e-01	1.484809e-01	3.861625e+00
3.558719e-02	-2.071172e-01	-2.071702e-01	-1.678220e-01	4.208797e-01	4.208797e-01	1.485840e-01	3.858588e+00
3.552398e-02	-2.071081e-01	-2.071611e-01	-1.678090e-01	4.209791e-01	4.209791e-01	1.486869e-01	3.855555e+00
3.546099e-02	-2.070990e-01	-2.071520e-01	-1.677961e-01	4.210781e-01	4.210781e-01	1.487895e-01	3.852526e+00
3.539823e-02	-2.070899e-01	-2.071429e-01	-1.677832e-01	4.211766e-01	4.211766e-01	1.488918e-01	3.849500e+00
3.533569e-02	-2.070808e-01	-2.071339e-01	-1.677704e-01	4.212746e-01	4.212746e-01	1.489938e-01	3.846478e+00
3.527337e-02	-2.070718e-01	-2.071249e-01	-1.677576e-01	4.213723e-01	4.213723e-01	1.490955e-01	3.843460e+00
3.521127e-02	-2.070628e-01	-2.071159e-01	-1.677448e-01	4.214695e-01	4.214695e-01	1.491970e-01	3.840445e+00
3.514938e-02	-2.070538e-01	-2.071069e-01	-1.677321e-01	4.215662e-01	4.215662e-01	1.492982e-01	3.837435e+00
3.508772e-02	-2.070449e-01	-2.070979e-01	-1.677195e-01	4.216626e-01	4.216626e-01	1.493991e-01	3.834428e+00
3.502627e-02	-2.070359e-01	-2.070890e-01	-1.677069e-01	4.217585e-01	4.217585e-01	1.494997e-01	3.831425e+00
3.496503e-02	-2.070270e-01	-2.070801e-01	-1.676944e-01	4.218540e-01	4.218540e-01	1.496001e-01	3.828426e+00
3.490401e-02	-2.070181e-01	-2.070712e-01	-1.676819e-01	4.219490e-01	4.219490e-01	1.497002e-01	3.825431e+00
3.484321e-02	-2.070093e-01	-2.070623e-01	-1.676695e-01	4.220437e-01	4.220437e-01	1.498000e-01	3.822439e+00
3.478261e-02	-2.070004e-01	-2.070535e-01	-1.676571e-01	4.221379e-01	4.221379e-01	1.498996e-01	3.819452e+00
3.472222e-02	-2.069916e-01	-2.070447e-01	-1.676447e-01	4.222317e-01	4.222317e-01	1.499989e-01	3.816469e+00
3.466205e-02	-2.069828e-01	-2.070359e-01	-1.676324e-01	4.223251e-01	4.223251e-01	1.500979e-01	3.813489e+00
3.460208e-02	-2.069740e-01	-2.070271e-01	-1.676202e-01	4.224181e-01	4.224181e-01	1.501966e-01	3.810514e+00
3.454231e-02	-2.069653e-01	-2.070183e-01	-1.676080e-01	4.225107e-01	4.225107e-01	1.502951e-01	3.807543e+00
3.448276e-02	-2.069565e-01	-2.070096e-01	-1.675959e-01	4.226029e-01	4.226029e-01	1.503934e-01	3.804576e+00
3.442341e-02	-2.069478e-01	-2.070009e-01	-1.675838e-01	4.226947e-01	4.226947e-01	1.504913e-01	3.801613e+00
3.436426e-02	-2.069391e-01	-2.069922e-01	-1.675717e-01	4.227860e-01	4.227860e-01	1.505890e-01	3.798654e+00
3.430532e-02	-2.069305e-01	-2.069835e-01	-1.675597e-01	4.228770e-01	4.228770e-01	1.506865e-01	3.795699e+00
3.424658e-02	-2.069218e-01	-2.069749e-01	-1.675478e-01	4.229676e-01	4.229676e-01	1.507837e-01	3.792748e+00
3.418803e-02	-2.069132e-01	-2.069663e-01	-1.675359e-01	4.230578e-01	4.230578e-01	1.508806e-01	3.789802e+00
3.412969e-02	-2.069046e-01	-2.069577e-01	-1.675240e-01	4.231476e-01	4.231476e-01	1.509773e-01	3.786860e+00
3.407155e-02	-2.068961e-01	-2.069491e-01	-1.675122e-01	4.232370e-01	4.232370e-01	1.510737e-01	3.783922e+00
3.401361e-02	-2.068875e-01	-2.069405e-01	-1.675004e-01	4.233260e-01	4.233260e-01	1.511699e-01	3.780988e+00
3.395586e-02	-2.068790e-01	-2.069320e-01	-1.674887e-01	4.234146e-01	4.234146e-01	1.512658e-01	3.778059e+00
3.389831e-02	-2.068705e-01	-2.069235e-01	-1.674770e-01	4.235029e-01	4.235029e-01	1.513615e-01	3.775134e+00
3.384095e-02	-2.068620e-01	-2.069150e-01	-1.674654e-01	4.235907e-01	4.235907e-01	1.514569e-01	3.772213e+00
3.378378e-02	-2.068535e-01	-2.069065e-01	-1.674538e-01	4.236782e-01	4.236782e-01	1.515520e-01	3.769296e+00
3.372681e-02	-2.068451e-01	-2.068981e-01	-1.674423e-01	4.237653e-01	4.237653e-01	1.516470e-01	3.766384e+00
3.367003e-02	-2.068366e-01	-2.068897e-01	-1.674308e-01	4.238520e-01	4.238520e-01	1.517416e-01	3.763477e+00
3.361345e-02	-2.068282e-01	-2.068813e-01	-1.674194e-01	4.239384e-01	4.239384e-01	1.518360e-01	3.760573e+00
3.355705e-02	-2.068199e-01	-2.068729e-01	-1.674080e-01	4.240244e-01	4.240244e-01	1.519302e-01	3.757674e+00
3.350084e-02	-2.068115e-01	-2.068645e-01	-1.673966e-01	4.241100e-01	4.241100e-01	1.520242e-01	3.754780e+00
3.344482e-02	-2.068032e-01	-2.068562e-01	-1.673853e-01	4.241952e-01	4.241952e-01	1.521178e-01	3.751890e+00
3.338898e-02	-2.067948e-01	-2.068479e-01	-1.673740e-01	4.242801e-01	4.242801e-01	1.522113e-01	3.749005e+00
3.333333e-02	-2.067865e-01	-2.068396e-01	-1.673628e-01	4.243646e-01	4.243646e-01	1.523045e-01	3.746123e+00
3.327787e-02	-2.067783e-01	-2.068313e-01	-1.673516e-01	4.244488e-01	4.244488e-01	1.523975e-01	3.743247e+00
3.322259e-02	-2.067700e-01	-2.068231e-01	-1.673405e-01	4.245326e-01	4.245326e-01	1.524902e-01	3.740375e+00
3.316750e-02	-2.067618e-01	-2.068148e-01	-1.673294e-01	4.246160e-01	4.246160e-01	1.525827e-01	3.737507e+00
3.311258e-02	-2.067536e-01	-2.068066e-01	-1.673183e-01	4.246991e-01	4.246991e-01	1.526750e-01	3.734645e+00
3.305785e-02	-2.067454e-01	-2.067984e-01	-1.673073e-01	4.247819e-01	4.247819e-01	1.527670e-01	3.731786e+00
3.300330e-02	-2.067372e-01	-2.067902e-01	-1.672964e-01	4.248642e-01	4.248642e-01	1.528588e-01	3.728932e+00
3.294893e-02	-2.067291e-01	-2.067821e-01	-1.672854e-01	4.249463e-01	4.249463e-01	1.529503e-01	3.726083e+00
3.289474e-02	-2.067209e-01	-2.067740e-01	-1.672746e-01	4.250280e-01	4.250280e-01	1.530416e-01	3.723239e+00
3.284072e-02	-2.067128e-01	-2.067659e-01	-1.672637e-01	4.251093e-01	4.251093e-01	1.531327e-01	3.720399e+00
3.278689e-02	-2.067047e-01	-2.067578e-01	-1.672529e-01	4.251903e-01	4.251903e-01	1.532236e-01	3.717564e+00
3.273322e-02	-2.066967e-01	-2.067497e-01	-1.672422e-01	4.252709e-01	4.252709e-01	1.533142e-01	3.714733e+00
3.267974e-02	-2.066886e-01	-2.067416e-01	-1.672315e-01	4.253512e-01	4.253512e-01	1.534046e-01	3.711907e+00
3.262643e-02	-2.066806e-01	-2.067336e-01	-1.672208e-01	4.254312e-01	4.254312e-01	1.534948e-01	3.709086e+00
