# Finite Temperature Data for Kitaev Ladder
# chi_max = 300, h = 0.3000
# Columns: T | Sigmax | Sigmay | Sigmaz | S1 | S2 | Wp | Cv
# 
2.000000e+01	-2.696489e-02	-2.696489e-02	-2.683873e-02	3.018220e-05	3.018220e-05	6.688835e-08	1.864923e-01
1.000000e+01	-3.809216e-02	-3.809225e-02	-3.781696e-02	1.505029e-04	1.505029e-04	9.928532e-07	6.963017e-01
6.666667e+00	-4.768384e-02	-4.768413e-02	-4.721185e-02	4.516579e-04	4.516579e-04	5.764517e-06	1.433090e+00
5.000000e+00	-5.584624e-02	-5.584685e-02	-5.513766e-02	1.028366e-03	1.028366e-03	2.098114e-05	2.290024e+00
4.000000e+00	-6.272384e-02	-6.272488e-02	-6.174675e-02	1.964844e-03	1.964844e-03	5.746099e-05	3.169778e+00
3.333333e+00	-6.847837e-02	-6.847993e-02	-6.720812e-02	3.324453e-03	3.324453e-03	1.297939e-04	3.996908e+00
2.857143e+00	-7.327242e-02	-7.327457e-02	-7.169078e-02	5.145497e-03	5.145497e-03	2.550281e-04	4.721955e+00
2.500000e+00	-7.725855e-02	-7.726134e-02	-7.535266e-02	7.441939e-03	7.441939e-03	4.510046e-04	5.319430e+00
2.222222e+00	-8.057322e-02	-8.057667e-02	-7.833464e-02	1.020713e-02	1.020713e-02	7.347651e-04	5.782627e+00
2.000000e+00	-8.333450e-02	-8.333862e-02	-8.075822e-02	1.341880e-02	1.341880e-02	1.121318e-03	6.117663e+00
1.818182e+00	-8.564207e-02	-8.564686e-02	-8.272574e-02	1.704417e-02	1.704417e-02	1.622872e-03	6.338188e+00
1.666667e+00	-8.757871e-02	-8.758413e-02	-8.432195e-02	2.104435e-02	2.104435e-02	2.248501e-03	6.461343e+00
1.538462e+00	-8.921230e-02	-8.921835e-02	-8.561619e-02	2.537788e-02	2.537788e-02	3.004172e-03	6.505004e+00
1.428571e+00	-9.059814e-02	-9.060478e-02	-8.666479e-02	3.000331e-02	3.000331e-02	3.892998e-03	6.486103e+00
1.333333e+00	-9.178098e-02	-9.178818e-02	-8.751321e-02	3.488094e-02	3.488094e-02	4.915632e-03	6.419746e+00
1.250000e+00	-9.279699e-02	-9.280473e-02	-8.819811e-02	3.997391e-02	3.997391e-02	6.070723e-03	6.318854e+00
1.176471e+00	-9.367536e-02	-9.368360e-02	-8.874895e-02	4.524877e-02	4.524877e-02	7.355365e-03	6.194140e+00
1.111111e+00	-9.443965e-02	-9.444836e-02	-8.918945e-02	5.067571e-02	5.067571e-02	8.765513e-03	6.054262e+00
1.052632e+00	-9.510890e-02	-9.511805e-02	-8.953873e-02	5.622852e-02	5.622852e-02	1.029635e-02	5.906065e+00
1.000000e+00	-9.569855e-02	-9.570812e-02	-8.981220e-02	6.188447e-02	6.188447e-02	1.194260e-02	5.754851e+00
9.523810e-01	-9.622114e-02	-9.623110e-02	-9.002234e-02	6.762397e-02	6.762397e-02	1.369874e-02	5.604640e+00
9.090909e-01	-9.668690e-02	-9.669723e-02	-9.017926e-02	7.343034e-02	7.343034e-02	1.555926e-02	5.458411e+00
8.695652e-01	-9.710419e-02	-9.711487e-02	-9.029121e-02	7.928943e-02	7.928943e-02	1.751871e-02	5.318311e+00
8.333333e-01	-9.747990e-02	-9.749091e-02	-9.036489e-02	8.518937e-02	8.518937e-02	1.957190e-02	5.185830e+00
8.000000e-01	-9.781970e-02	-9.783102e-02	-9.040583e-02	9.112021e-02	9.112021e-02	2.171389e-02	5.061947e+00
7.692308e-01	-9.812830e-02	-9.813991e-02	-9.041856e-02	9.707372e-02	9.707372e-02	2.394009e-02	4.947250e+00
7.407407e-01	-9.840962e-02	-9.842151e-02	-9.040681e-02	1.030431e-01	1.030431e-01	2.624624e-02	4.842031e+00
7.142857e-01	-9.866695e-02	-9.867910e-02	-9.037368e-02	1.090227e-01	1.090227e-01	2.862844e-02	4.746360e+00
6.896552e-01	-9.890303e-02	-9.891543e-02	-9.032176e-02	1.150081e-01	1.150081e-01	3.108316e-02	4.660149e+00
6.666667e-01	-9.912021e-02	-9.913285e-02	-9.025320e-02	1.209955e-01	1.209955e-01	3.360718e-02	4.583193e+00
6.451613e-01	-9.932045e-02	-9.933332e-02	-9.016982e-02	1.269820e-01	1.269820e-01	3.619762e-02	4.515210e+00
6.250000e-01	-9.950546e-02	-9.951854e-02	-9.007314e-02	1.329653e-01	1.329653e-01	3.885190e-02	4.455866e+00
6.060606e-01	-9.967666e-02	-9.968995e-02	-8.996447e-02	1.389436e-01	1.389436e-01	4.156771e-02	4.404798e+00
5.882353e-01	-9.983532e-02	-9.984879e-02	-8.984490e-02	1.449154e-01	1.449154e-01	4.434299e-02	4.361625e+00
5.714286e-01	-9.998250e-02	-9.999615e-02	-8.971537e-02	1.508798e-01	1.508798e-01	4.717593e-02	4.325966e+00
5.555556e-01	-1.001191e-01	-1.001330e-01	-8.957671e-02	1.568358e-01	1.568358e-01	5.006489e-02	4.297443e+00
5.405405e-01	-1.002460e-01	-1.002600e-01	-8.942962e-02	1.627829e-01	1.627829e-01	5.300844e-02	4.275688e+00
5.263158e-01	-1.003639e-01	-1.003781e-01	-8.927470e-02	1.687208e-01	1.687208e-01	5.600532e-02	4.260348e+00
5.128205e-01	-1.004734e-01	-1.004877e-01	-8.911250e-02	1.746492e-01	1.746492e-01	5.905438e-02	4.251088e+00
5.000000e-01	-1.005750e-01	-1.005895e-01	-8.894348e-02	1.805680e-01	1.805680e-01	6.215463e-02	4.247588e+00
4.878049e-01	-1.006693e-01	-1.006839e-01	-8.876807e-02	1.864771e-01	1.864771e-01	6.530517e-02	4.249550e+00
4.761905e-01	-1.007567e-01	-1.007714e-01	-8.858664e-02	1.923765e-01	1.923765e-01	6.850519e-02	4.256692e+00
4.651163e-01	-1.008375e-01	-1.008524e-01	-8.839951e-02	1.982664e-01	1.982664e-01	7.175398e-02	4.268754e+00
4.545455e-01	-1.009122e-01	-1.009271e-01	-8.820700e-02	2.041467e-01	2.041467e-01	7.505088e-02	4.285489e+00
4.444444e-01	-1.009810e-01	-1.009960e-01	-8.800938e-02	2.100176e-01	2.100176e-01	7.839529e-02	4.306671e+00
4.347826e-01	-1.010441e-01	-1.010593e-01	-8.780689e-02	2.158792e-01	2.158792e-01	8.178667e-02	4.332088e+00
4.255319e-01	-1.011019e-01	-1.011172e-01	-8.759977e-02	2.217316e-01	2.217316e-01	8.522451e-02	4.361542e+00
4.166667e-01	-1.011546e-01	-1.011700e-01	-8.738822e-02	2.275750e-01	2.275750e-01	8.870833e-02	4.394850e+00
4.081633e-01	-1.012024e-01	-1.012178e-01	-8.717246e-02	2.334093e-01	2.334093e-01	9.223766e-02	4.431841e+00
4.000000e-01	-1.012455e-01	-1.012609e-01	-8.695265e-02	2.392348e-01	2.392348e-01	9.581208e-02	4.472357e+00
3.921569e-01	-1.012839e-01	-1.012995e-01	-8.672898e-02	2.450514e-01	2.450514e-01	9.943116e-02	4.516247e+00
3.846154e-01	-1.013180e-01	-1.013337e-01	-8.650161e-02	2.508591e-01	2.508591e-01	1.030945e-01	4.563372e+00
3.773585e-01	-1.013479e-01	-1.013635e-01	-8.627068e-02	2.566581e-01	2.566581e-01	1.068016e-01	4.613602e+00
3.703704e-01	-1.013735e-01	-1.013893e-01	-8.603636e-02	2.624482e-01	2.624482e-01	1.105522e-01	4.666813e+00
3.636364e-01	-1.013952e-01	-1.014110e-01	-8.579878e-02	2.682294e-01	2.682294e-01	1.143457e-01	4.722888e+00
3.571429e-01	-1.014130e-01	-1.014289e-01	-8.555808e-02	2.740017e-01	2.740017e-01	1.181818e-01	4.781718e+00
3.508772e-01	-1.014271e-01	-1.014429e-01	-8.531439e-02	2.797649e-01	2.797649e-01	1.220600e-01	4.843197e+00
3.448276e-01	-1.014374e-01	-1.014533e-01	-8.506783e-02	2.855189e-01	2.855189e-01	1.259799e-01	4.907225e+00
3.389831e-01	-1.014441e-01	-1.014601e-01	-8.481852e-02	2.912636e-01	2.912636e-01	1.299410e-01	4.973706e+00
3.333333e-01	-1.014473e-01	-1.014633e-01	-8.456659e-02	2.969987e-01	2.969987e-01	1.339428e-01	5.042547e+00
3.278689e-01	-1.014471e-01	-1.014631e-01	-8.431214e-02	3.027242e-01	3.027242e-01	1.379849e-01	5.113660e+00
3.225806e-01	-1.014435e-01	-1.014596e-01	-8.405530e-02	3.084396e-01	3.084396e-01	1.420666e-01	5.186957e+00
3.174603e-01	-1.014367e-01	-1.014528e-01	-8.379617e-02	3.141448e-01	3.141448e-01	1.461876e-01	5.262355e+00
3.125000e-01	-1.014266e-01	-1.014427e-01	-8.353487e-02	3.198395e-01	3.198395e-01	1.503472e-01	5.339770e+00
3.076923e-01	-1.014134e-01	-1.014295e-01	-8.327148e-02	3.255234e-01	3.255234e-01	1.545449e-01	5.419123e+00
3.030303e-01	-1.013971e-01	-1.014132e-01	-8.300613e-02	3.311962e-01	3.311962e-01	1.587800e-01	5.500334e+00
2.985075e-01	-1.013778e-01	-1.013939e-01	-8.273890e-02	3.368574e-01	3.368574e-01	1.630520e-01	5.583323e+00
2.941176e-01	-1.013555e-01	-1.013716e-01	-8.246991e-02	3.425067e-01	3.425067e-01	1.673601e-01	5.668014e+00
2.898551e-01	-1.013302e-01	-1.013463e-01	-8.219925e-02	3.481438e-01	3.481438e-01	1.717039e-01	5.754330e+00
2.857143e-01	-1.013022e-01	-1.013183e-01	-8.192702e-02	3.537682e-01	3.537682e-01	1.760825e-01	5.842194e+00
2.816901e-01	-1.012713e-01	-1.012874e-01	-8.165331e-02	3.593794e-01	3.593794e-01	1.804953e-01	5.931530e+00
2.777778e-01	-1.012376e-01	-1.012537e-01	-8.137823e-02	3.649771e-01	3.649771e-01	1.849415e-01	6.022262e+00
2.739726e-01	-1.012013e-01	-1.012173e-01	-8.110186e-02	3.705608e-01	3.705608e-01	1.894204e-01	6.114314e+00
2.702703e-01	-1.011623e-01	-1.011783e-01	-8.082429e-02	3.761299e-01	3.761299e-01	1.939312e-01	6.207609e+00
2.666667e-01	-1.011206e-01	-1.011367e-01	-8.054563e-02	3.816840e-01	3.816840e-01	1.984731e-01	6.302071e+00
2.631579e-01	-1.010764e-01	-1.010924e-01	-8.026596e-02	3.872227e-01	3.872227e-01	2.030454e-01	6.397625e+00
2.597403e-01	-1.010297e-01	-1.010457e-01	-7.998537e-02	3.927452e-01	3.927452e-01	2.076471e-01	6.494193e+00
2.564103e-01	-1.009805e-01	-1.009965e-01	-7.970395e-02	3.982513e-01	3.982513e-01	2.122775e-01	6.591699e+00
2.531646e-01	-1.009289e-01	-1.009448e-01	-7.942179e-02	4.037402e-01	4.037402e-01	2.169356e-01	6.690066e+00
2.500000e-01	-1.008749e-01	-1.008908e-01	-7.913898e-02	4.092114e-01	4.092114e-01	2.216205e-01	6.789215e+00
2.469136e-01	-1.008186e-01	-1.008344e-01	-7.885560e-02	4.146645e-01	4.146645e-01	2.263314e-01	6.889070e+00
2.439024e-01	-1.007599e-01	-1.007757e-01	-7.857174e-02	4.200988e-01	4.200988e-01	2.310673e-01	6.989552e+00
2.409639e-01	-1.006990e-01	-1.007148e-01	-7.828749e-02	4.255137e-01	4.255137e-01	2.358272e-01	7.090584e+00
2.380952e-01	-1.006360e-01	-1.006517e-01	-7.800292e-02	4.309088e-01	4.309088e-01	2.406103e-01	7.192086e+00
2.352941e-01	-1.005707e-01	-1.005864e-01	-7.771813e-02	4.362833e-01	4.362833e-01	2.454155e-01	7.293981e+00
2.325581e-01	-1.005033e-01	-1.005189e-01	-7.743319e-02	4.416367e-01	4.416367e-01	2.502418e-01	7.396189e+00
2.298851e-01	-1.004339e-01	-1.004494e-01	-7.714818e-02	4.469685e-01	4.469685e-01	2.550882e-01	7.498633e+00
2.272727e-01	-1.003624e-01	-1.003779e-01	-7.686319e-02	4.522780e-01	4.522780e-01	2.599537e-01	7.601232e+00
2.247191e-01	-1.002889e-01	-1.003044e-01	-7.657829e-02	4.575647e-01	4.575647e-01	2.648372e-01	7.703910e+00
2.222222e-01	-1.002135e-01	-1.002289e-01	-7.629356e-02	4.628280e-01	4.628280e-01	2.697378e-01	7.806586e+00
2.197802e-01	-1.001361e-01	-1.001515e-01	-7.600909e-02	4.680672e-01	4.680672e-01	2.746543e-01	7.909183e+00
2.173913e-01	-1.000569e-01	-1.000723e-01	-7.572494e-02	4.732818e-01	4.732818e-01	2.795857e-01	8.011623e+00
2.150538e-01	-9.997595e-02	-9.999120e-02	-7.544119e-02	4.784713e-01	4.784713e-01	2.845310e-01	8.113828e+00
2.127660e-01	-9.989318e-02	-9.990837e-02	-7.515791e-02	4.836350e-01	4.836350e-01	2.894889e-01	8.215720e+00
2.105263e-01	-9.980869e-02	-9.982382e-02	-7.487518e-02	4.887723e-01	4.887723e-01	2.944585e-01	8.317224e+00
2.083333e-01	-9.972251e-02	-9.973758e-02	-7.459307e-02	4.938828e-01	4.938828e-01	2.994387e-01	8.418263e+00
2.061856e-01	-9.963470e-02	-9.964970e-02	-7.431165e-02	4.989657e-01	4.989657e-01	3.044282e-01	8.518761e+00
2.040816e-01	-9.954529e-02	-9.956023e-02	-7.403099e-02	5.040207e-01	5.040207e-01	3.094262e-01	8.618644e+00
2.020202e-01	-9.945434e-02	-9.946921e-02	-7.375116e-02	5.090471e-01	5.090471e-01	3.144313e-01	8.717839e+00
2.000000e-01	-9.936188e-02	-9.937668e-02	-7.347221e-02	5.140443e-01	5.140443e-01	3.194426e-01	8.816271e+00
1.980198e-01	-9.926796e-02	-9.928269e-02	-7.319423e-02	5.190119e-01	5.190119e-01	3.244589e-01	8.913871e+00
1.960784e-01	-9.917263e-02	-9.918729e-02	-7.291727e-02	5.239493e-01	5.239493e-01	3.294791e-01	9.010565e+00
1.941748e-01	-9.907593e-02	-9.909051e-02	-7.264139e-02	5.288561e-01	5.288561e-01	3.345021e-01	9.106287e+00
1.923077e-01	-9.897790e-02	-9.899241e-02	-7.236666e-02	5.337316e-01	5.337316e-01	3.395268e-01	9.200966e+00
1.904762e-01	-9.887859e-02	-9.889303e-02	-7.209313e-02	5.385755e-01	5.385755e-01	3.445521e-01	9.294536e+00
1.886792e-01	-9.877805e-02	-9.879241e-02	-7.182087e-02	5.433872e-01	5.433872e-01	3.495769e-01	9.386932e+00
1.869159e-01	-9.867631e-02	-9.869060e-02	-7.154993e-02	5.481662e-01	5.481662e-01	3.546001e-01	9.478090e+00
1.851852e-01	-9.857343e-02	-9.858764e-02	-7.128036e-02	5.529121e-01	5.529121e-01	3.596206e-01	9.567946e+00
1.834862e-01	-9.846944e-02	-9.848358e-02	-7.101222e-02	5.576245e-01	5.576245e-01	3.646373e-01	9.656441e+00
1.818182e-01	-9.836440e-02	-9.837845e-02	-7.074557e-02	5.623030e-01	5.623030e-01	3.696492e-01	9.743515e+00
1.801802e-01	-9.825834e-02	-9.827232e-02	-7.048045e-02	5.669470e-01	5.669470e-01	3.746552e-01	9.829111e+00
1.785714e-01	-9.815131e-02	-9.816521e-02	-7.021691e-02	5.715562e-01	5.715562e-01	3.796542e-01	9.913173e+00
1.769912e-01	-9.804335e-02	-9.805717e-02	-6.995500e-02	5.761303e-01	5.761303e-01	3.846452e-01	9.995647e+00
1.754386e-01	-9.793451e-02	-9.794825e-02	-6.969477e-02	5.806687e-01	5.806687e-01	3.896272e-01	1.007648e+01
1.739130e-01	-9.782484e-02	-9.783849e-02	-6.943626e-02	5.851713e-01	5.851713e-01	3.945991e-01	1.015563e+01
1.724138e-01	-9.771436e-02	-9.772794e-02	-6.917951e-02	5.896375e-01	5.896375e-01	3.995599e-01	1.023303e+01
1.709402e-01	-9.760314e-02	-9.761663e-02	-6.892457e-02	5.940672e-01	5.940672e-01	4.045086e-01	1.030865e+01
1.694915e-01	-9.749120e-02	-9.750461e-02	-6.867147e-02	5.984599e-01	5.984599e-01	4.094443e-01	1.038245e+01
1.680672e-01	-9.737860e-02	-9.739193e-02	-6.842026e-02	6.028154e-01	6.028154e-01	4.143659e-01	1.045437e+01
1.666667e-01	-9.726537e-02	-9.727861e-02	-6.817096e-02	6.071334e-01	6.071334e-01	4.192726e-01	1.052439e+01
1.652893e-01	-9.715155e-02	-9.716472e-02	-6.792362e-02	6.114136e-01	6.114136e-01	4.241633e-01	1.059245e+01
1.639344e-01	-9.703720e-02	-9.705028e-02	-6.767826e-02	6.156558e-01	6.156558e-01	4.290372e-01	1.065853e+01
1.626016e-01	-9.692234e-02	-9.693534e-02	-6.743492e-02	6.198597e-01	6.198597e-01	4.338934e-01	1.072260e+01
1.612903e-01	-9.680702e-02	-9.681993e-02	-6.719364e-02	6.240251e-01	6.240251e-01	4.387309e-01	1.078461e+01
1.600000e-01	-9.669128e-02	-9.670411e-02	-6.695443e-02	6.281518e-01	6.281518e-01	4.435488e-01	1.084455e+01
1.587302e-01	-9.657516e-02	-9.658791e-02	-6.671732e-02	6.322396e-01	6.322396e-01	4.483465e-01	1.090238e+01
1.574803e-01	-9.645870e-02	-9.647136e-02	-6.648235e-02	6.362883e-01	6.362883e-01	4.531229e-01	1.095808e+01
1.562500e-01	-9.634193e-02	-9.635451e-02	-6.624953e-02	6.402978e-01	6.402978e-01	4.578773e-01	1.101162e+01
1.550388e-01	-9.622490e-02	-9.623739e-02	-6.601889e-02	6.442680e-01	6.442680e-01	4.626089e-01	1.106299e+01
1.538462e-01	-9.610764e-02	-9.612005e-02	-6.579044e-02	6.481986e-01	6.481986e-01	4.673169e-01	1.111216e+01
1.526718e-01	-9.599019e-02	-9.600252e-02	-6.556421e-02	6.520896e-01	6.520896e-01	4.720005e-01	1.115912e+01
1.515152e-01	-9.587259e-02	-9.588483e-02	-6.534022e-02	6.559409e-01	6.559409e-01	4.766591e-01	1.120385e+01
1.503759e-01	-9.575487e-02	-9.576703e-02	-6.511847e-02	6.597524e-01	6.597524e-01	4.812918e-01	1.124634e+01
1.492537e-01	-9.563707e-02	-9.564914e-02	-6.489900e-02	6.635240e-01	6.635240e-01	4.858981e-01	1.128658e+01
1.481481e-01	-9.551922e-02	-9.553121e-02	-6.468180e-02	6.672557e-01	6.672557e-01	4.904772e-01	1.132457e+01
1.470588e-01	-9.540135e-02	-9.541327e-02	-6.446689e-02	6.709474e-01	6.709474e-01	4.950284e-01	1.136028e+01
1.459854e-01	-9.528351e-02	-9.529534e-02	-6.425429e-02	6.745992e-01	6.745992e-01	4.995512e-01	1.139372e+01
1.449275e-01	-9.516573e-02	-9.517747e-02	-6.404400e-02	6.782109e-01	6.782109e-01	5.040450e-01	1.142488e+01
1.438849e-01	-9.504802e-02	-9.505969e-02	-6.383604e-02	6.817827e-01	6.817827e-01	5.085090e-01	1.145377e+01
1.428571e-01	-9.493044e-02	-9.494202e-02	-6.363040e-02	6.853144e-01	6.853144e-01	5.129428e-01	1.148038e+01
1.418440e-01	-9.481300e-02	-9.482451e-02	-6.342709e-02	6.888063e-01	6.888063e-01	5.173459e-01	1.150472e+01
1.408451e-01	-9.469574e-02	-9.470717e-02	-6.322612e-02	6.922582e-01	6.922582e-01	5.217176e-01	1.152679e+01
1.398601e-01	-9.457869e-02	-9.459004e-02	-6.302750e-02	6.956702e-01	6.956702e-01	5.260575e-01	1.154659e+01
1.388889e-01	-9.446188e-02	-9.447314e-02	-6.283121e-02	6.990425e-01	6.990425e-01	5.303652e-01	1.156413e+01
1.379310e-01	-9.434533e-02	-9.435652e-02	-6.263728e-02	7.023751e-01	7.023751e-01	5.346400e-01	1.157942e+01
1.369863e-01	-9.422908e-02	-9.424018e-02	-6.244568e-02	7.056681e-01	7.056681e-01	5.388817e-01	1.159248e+01
1.360544e-01	-9.411314e-02	-9.412417e-02	-6.225643e-02	7.089216e-01	7.089216e-01	5.430897e-01	1.160331e+01
1.351351e-01	-9.399755e-02	-9.400850e-02	-6.206952e-02	7.121356e-01	7.121356e-01	5.472637e-01	1.161193e+01
1.342282e-01	-9.388233e-02	-9.389320e-02	-6.188495e-02	7.153105e-01	7.153105e-01	5.514033e-01	1.161835e+01
1.333333e-01	-9.376750e-02	-9.377829e-02	-6.170272e-02	7.184462e-01	7.184462e-01	5.555081e-01	1.162259e+01
1.324503e-01	-9.365310e-02	-9.366381e-02	-6.152281e-02	7.215429e-01	7.215429e-01	5.595779e-01	1.162467e+01
1.315789e-01	-9.353913e-02	-9.354977e-02	-6.134522e-02	7.246008e-01	7.246008e-01	5.636123e-01	1.162461e+01
1.307190e-01	-9.342563e-02	-9.343619e-02	-6.116995e-02	7.276201e-01	7.276201e-01	5.676109e-01	1.162242e+01
1.298701e-01	-9.331261e-02	-9.332310e-02	-6.099698e-02	7.306009e-01	7.306009e-01	5.715736e-01	1.161813e+01
1.290323e-01	-9.320010e-02	-9.321051e-02	-6.082631e-02	7.335434e-01	7.335434e-01	5.755000e-01	1.161177e+01
1.282051e-01	-9.308811e-02	-9.309845e-02	-6.065794e-02	7.364478e-01	7.364478e-01	5.793900e-01	1.160335e+01
1.273885e-01	-9.297667e-02	-9.298694e-02	-6.049184e-02	7.393144e-01	7.393144e-01	5.832433e-01	1.159291e+01
1.265823e-01	-9.286580e-02	-9.287599e-02	-6.032800e-02	7.421434e-01	7.421434e-01	5.870597e-01	1.158047e+01
1.257862e-01	-9.275550e-02	-9.276562e-02	-6.016643e-02	7.449348e-01	7.449348e-01	5.908390e-01	1.156605e+01
1.250000e-01	-9.264580e-02	-9.265585e-02	-6.000709e-02	7.476891e-01	7.476891e-01	5.945812e-01	1.154969e+01
1.242236e-01	-9.253672e-02	-9.254670e-02	-5.984999e-02	7.504065e-01	7.504065e-01	5.982860e-01	1.153142e+01
1.234568e-01	-9.242827e-02	-9.243817e-02	-5.969510e-02	7.530871e-01	7.530871e-01	6.019533e-01	1.151126e+01
1.226994e-01	-9.232046e-02	-9.233030e-02	-5.954241e-02	7.557313e-01	7.557313e-01	6.055830e-01	1.148925e+01
1.219512e-01	-9.221332e-02	-9.222308e-02	-5.939191e-02	7.583392e-01	7.583392e-01	6.091751e-01	1.146543e+01
1.212121e-01	-9.210684e-02	-9.211654e-02	-5.924358e-02	7.609113e-01	7.609113e-01	6.127295e-01	1.143981e+01
1.204819e-01	-9.200105e-02	-9.201068e-02	-5.909741e-02	7.634476e-01	7.634476e-01	6.162461e-01	1.141245e+01
1.197605e-01	-9.189596e-02	-9.190552e-02	-5.895337e-02	7.659486e-01	7.659486e-01	6.197249e-01	1.138336e+01
1.190476e-01	-9.179158e-02	-9.180107e-02	-5.881145e-02	7.684145e-01	7.684145e-01	6.231658e-01	1.135260e+01
1.183432e-01	-9.168792e-02	-9.169734e-02	-5.867164e-02	7.708457e-01	7.708457e-01	6.265690e-01	1.132019e+01
1.176471e-01	-9.158498e-02	-9.159434e-02	-5.853391e-02	7.732423e-01	7.732423e-01	6.299343e-01	1.128617e+01
1.169591e-01	-9.148279e-02	-9.149208e-02	-5.839825e-02	7.756047e-01	7.756047e-01	6.332618e-01	1.125058e+01
1.162791e-01	-9.138134e-02	-9.139057e-02	-5.826463e-02	7.779332e-01	7.779332e-01	6.365516e-01	1.121345e+01
1.156069e-01	-9.128065e-02	-9.128982e-02	-5.813305e-02	7.802281e-01	7.802281e-01	6.398038e-01	1.117482e+01
1.149425e-01	-9.118072e-02	-9.118983e-02	-5.800347e-02	7.824898e-01	7.824898e-01	6.430183e-01	1.113474e+01
1.142857e-01	-9.108157e-02	-9.109061e-02	-5.787589e-02	7.847185e-01	7.847185e-01	6.461953e-01	1.109323e+01
1.136364e-01	-9.098319e-02	-9.099217e-02	-5.775027e-02	7.869146e-01	7.869146e-01	6.493349e-01	1.105035e+01
1.129944e-01	-9.088559e-02	-9.089451e-02	-5.762660e-02	7.890784e-01	7.890784e-01	6.524372e-01	1.100612e+01
1.123596e-01	-9.078877e-02	-9.079763e-02	-5.750486e-02	7.912102e-01	7.912102e-01	6.555024e-01	1.096059e+01
1.117318e-01	-9.069275e-02	-9.070155e-02	-5.738503e-02	7.933104e-01	7.933104e-01	6.585305e-01	1.091379e+01
1.111111e-01	-9.059753e-02	-9.060627e-02	-5.726709e-02	7.953792e-01	7.953792e-01	6.615217e-01	1.086578e+01
1.104972e-01	-9.050310e-02	-9.051178e-02	-5.715101e-02	7.974171e-01	7.974171e-01	6.644763e-01	1.081657e+01
1.098901e-01	-9.040948e-02	-9.041810e-02	-5.703678e-02	7.994244e-01	7.994244e-01	6.673942e-01	1.076623e+01
1.092896e-01	-9.031666e-02	-9.032522e-02	-5.692437e-02	8.014013e-01	8.014013e-01	6.702759e-01	1.071478e+01
1.086957e-01	-9.022464e-02	-9.023315e-02	-5.681376e-02	8.033484e-01	8.033484e-01	6.731214e-01	1.066227e+01
1.081081e-01	-9.013343e-02	-9.014189e-02	-5.670493e-02	8.052658e-01	8.052658e-01	6.759309e-01	1.060873e+01
1.075269e-01	-9.004303e-02	-9.005144e-02	-5.659786e-02	8.071539e-01	8.071539e-01	6.787047e-01	1.055420e+01
1.069519e-01	-8.995344e-02	-8.996179e-02	-5.649252e-02	8.090132e-01	8.090132e-01	6.814430e-01	1.049874e+01
1.063830e-01	-8.986466e-02	-8.987296e-02	-5.638890e-02	8.108439e-01	8.108439e-01	6.841461e-01	1.044236e+01
1.058201e-01	-8.977669e-02	-8.978493e-02	-5.628697e-02	8.126464e-01	8.126464e-01	6.868141e-01	1.038512e+01
1.052632e-01	-8.968952e-02	-8.969771e-02	-5.618670e-02	8.144210e-01	8.144210e-01	6.894473e-01	1.032705e+01
1.047120e-01	-8.960316e-02	-8.961130e-02	-5.608809e-02	8.161681e-01	8.161681e-01	6.920460e-01	1.026819e+01
1.041667e-01	-8.951761e-02	-8.952569e-02	-5.599110e-02	8.178880e-01	8.178880e-01	6.946105e-01	1.020859e+01
1.036269e-01	-8.943285e-02	-8.944089e-02	-5.589572e-02	8.195812e-01	8.195812e-01	6.971410e-01	1.014826e+01
1.030928e-01	-8.934890e-02	-8.935689e-02	-5.580191e-02	8.212478e-01	8.212478e-01	6.996377e-01	1.008726e+01
1.025641e-01	-8.926575e-02	-8.927369e-02	-5.570967e-02	8.228884e-01	8.228884e-01	7.021011e-01	1.002563e+01
1.020408e-01	-8.918339e-02	-8.919128e-02	-5.561896e-02	8.245031e-01	8.245031e-01	7.045314e-01	9.963391e+00
1.015228e-01	-8.910182e-02	-8.910966e-02	-5.552977e-02	8.260925e-01	8.260925e-01	7.069288e-01	9.900587e+00
1.010101e-01	-8.902104e-02	-8.902883e-02	-5.544208e-02	8.276568e-01	8.276568e-01	7.092937e-01	9.837255e+00
1.005025e-01	-8.894104e-02	-8.894879e-02	-5.535585e-02	8.291963e-01	8.291963e-01	7.116263e-01	9.773428e+00
1.000000e-01	-8.886182e-02	-8.886952e-02	-5.527107e-02	8.307115e-01	8.307115e-01	7.139271e-01	9.709143e+00
9.950249e-02	-8.878338e-02	-8.879103e-02	-5.518773e-02	8.322026e-01	8.322026e-01	7.161963e-01	9.644432e+00
9.900990e-02	-8.870570e-02	-8.871332e-02	-5.510579e-02	8.336700e-01	8.336700e-01	7.184342e-01	9.579331e+00
9.852217e-02	-8.862880e-02	-8.863636e-02	-5.502524e-02	8.351141e-01	8.351141e-01	7.206412e-01	9.513872e+00
9.803922e-02	-8.855265e-02	-8.856017e-02	-5.494605e-02	8.365352e-01	8.365352e-01	7.228176e-01	9.448088e+00
9.756098e-02	-8.847725e-02	-8.848474e-02	-5.486820e-02	8.379335e-01	8.379335e-01	7.249636e-01	9.382011e+00
9.708738e-02	-8.840261e-02	-8.841005e-02	-5.479168e-02	8.393096e-01	8.393096e-01	7.270798e-01	9.315672e+00
9.661836e-02	-8.832871e-02	-8.833611e-02	-5.471646e-02	8.406636e-01	8.406636e-01	7.291663e-01	9.249102e+00
9.615385e-02	-8.825555e-02	-8.826290e-02	-5.464252e-02	8.419959e-01	8.419959e-01	7.312235e-01	9.182332e+00
9.569378e-02	-8.818311e-02	-8.819043e-02	-5.456984e-02	8.433069e-01	8.433069e-01	7.332517e-01	9.115391e+00
9.523810e-02	-8.811140e-02	-8.811868e-02	-5.449841e-02	8.445969e-01	8.445969e-01	7.352514e-01	9.048308e+00
9.478673e-02	-8.804041e-02	-8.804765e-02	-5.442819e-02	8.458661e-01	8.458661e-01	7.372228e-01	8.981111e+00
9.433962e-02	-8.797014e-02	-8.797733e-02	-5.435917e-02	8.471150e-01	8.471150e-01	7.391663e-01	8.913827e+00
9.389671e-02	-8.790056e-02	-8.790772e-02	-5.429134e-02	8.483438e-01	8.483438e-01	7.410822e-01	8.846485e+00
9.345794e-02	-8.783169e-02	-8.783881e-02	-5.422467e-02	8.495528e-01	8.495528e-01	7.429708e-01	8.779109e+00
9.302326e-02	-8.776351e-02	-8.777059e-02	-5.415913e-02	8.507424e-01	8.507424e-01	7.448326e-01	8.711725e+00
9.259259e-02	-8.769601e-02	-8.770305e-02	-5.409472e-02	8.519129e-01	8.519129e-01	7.466678e-01	8.644358e+00
9.216590e-02	-8.762919e-02	-8.763619e-02	-5.403142e-02	8.530646e-01	8.530646e-01	7.484768e-01	8.577033e+00
9.174312e-02	-8.756303e-02	-8.757000e-02	-5.396920e-02	8.541977e-01	8.541977e-01	7.502600e-01	8.509773e+00
9.132420e-02	-8.749754e-02	-8.750448e-02	-5.390805e-02	8.553127e-01	8.553127e-01	7.520176e-01	8.442600e+00
9.090909e-02	-8.743271e-02	-8.743961e-02	-5.384794e-02	8.564097e-01	8.564097e-01	7.537501e-01	8.375538e+00
9.049774e-02	-8.736852e-02	-8.737539e-02	-5.378886e-02	8.574891e-01	8.574891e-01	7.554577e-01	8.308606e+00
9.009009e-02	-8.730498e-02	-8.731181e-02	-5.373080e-02	8.585512e-01	8.585512e-01	7.571408e-01	8.241826e+00
8.968610e-02	-8.724207e-02	-8.724886e-02	-5.367373e-02	8.595962e-01	8.595962e-01	7.587998e-01	8.175219e+00
8.928571e-02	-8.717978e-02	-8.718654e-02	-5.361764e-02	8.606245e-01	8.606245e-01	7.604350e-01	8.108802e+00
8.888889e-02	-8.711811e-02	-8.712484e-02	-5.356251e-02	8.616363e-01	8.616363e-01	7.620466e-01	8.042597e+00
8.849558e-02	-8.705705e-02	-8.706375e-02	-5.350832e-02	8.626319e-01	8.626319e-01	7.636352e-01	7.976619e+00
8.810573e-02	-8.699660e-02	-8.700327e-02	-5.345506e-02	8.636116e-01	8.636116e-01	7.652009e-01	7.910887e+00
8.771930e-02	-8.693674e-02	-8.694338e-02	-5.340270e-02	8.645756e-01	8.645756e-01	7.667441e-01	7.845418e+00
8.733624e-02	-8.687747e-02	-8.688408e-02	-5.335124e-02	8.655243e-01	8.655243e-01	7.682652e-01	7.780227e+00
8.695652e-02	-8.681878e-02	-8.682535e-02	-5.330066e-02	8.664578e-01	8.664578e-01	7.697644e-01	7.715330e+00
8.658009e-02	-8.676066e-02	-8.676721e-02	-5.325094e-02	8.673765e-01	8.673765e-01	7.712421e-01	7.650743e+00
8.620690e-02	-8.670311e-02	-8.670963e-02	-5.320206e-02	8.682806e-01	8.682806e-01	7.726987e-01	7.586478e+00
8.583691e-02	-8.664612e-02	-8.665260e-02	-5.315402e-02	8.691704e-01	8.691704e-01	7.741343e-01	7.522551e+00
8.547009e-02	-8.658968e-02	-8.659613e-02	-5.310678e-02	8.700460e-01	8.700460e-01	7.755494e-01	7.458974e+00
8.510638e-02	-8.653378e-02	-8.654020e-02	-5.306035e-02	8.709078e-01	8.709078e-01	7.769443e-01	7.395759e+00
8.474576e-02	-8.647842e-02	-8.648481e-02	-5.301471e-02	8.717561e-01	8.717561e-01	7.783193e-01	7.332918e+00
8.438819e-02	-8.642358e-02	-8.642995e-02	-5.296983e-02	8.725909e-01	8.725909e-01	7.796746e-01	7.270463e+00
8.403361e-02	-8.636927e-02	-8.637561e-02	-5.292571e-02	8.734127e-01	8.734127e-01	7.810106e-01	7.208405e+00
8.368201e-02	-8.631547e-02	-8.632178e-02	-5.288233e-02	8.742215e-01	8.742215e-01	7.823276e-01	7.146753e+00
8.333333e-02	-8.626218e-02	-8.626847e-02	-5.283969e-02	8.750177e-01	8.750177e-01	7.836259e-01	7.085518e+00
8.298755e-02	-8.620939e-02	-8.621565e-02	-5.279775e-02	8.758015e-01	8.758015e-01	7.849057e-01	7.024708e+00
8.264463e-02	-8.615709e-02	-8.616332e-02	-5.275652e-02	8.765731e-01	8.765731e-01	7.861674e-01	6.964332e+00
8.230453e-02	-8.610528e-02	-8.611148e-02	-5.271598e-02	8.773326e-01	8.773326e-01	7.874113e-01	6.904398e+00
8.196721e-02	-8.605394e-02	-8.606012e-02	-5.267611e-02	8.780804e-01	8.780804e-01	7.886376e-01	6.844915e+00
8.163265e-02	-8.600308e-02	-8.600924e-02	-5.263690e-02	8.788167e-01	8.788167e-01	7.898467e-01	6.785888e+00
8.130081e-02	-8.595268e-02	-8.595881e-02	-5.259834e-02	8.795416e-01	8.795416e-01	7.910387e-01	6.727325e+00
8.097166e-02	-8.590275e-02	-8.590885e-02	-5.256043e-02	8.802553e-01	8.802553e-01	7.922141e-01	6.669232e+00
8.064516e-02	-8.585326e-02	-8.585934e-02	-5.252313e-02	8.809581e-01	8.809581e-01	7.933729e-01	6.611615e+00
8.032129e-02	-8.580422e-02	-8.581028e-02	-5.248645e-02	8.816502e-01	8.816502e-01	7.945156e-01	6.554479e+00
8.000000e-02	-8.575562e-02	-8.576165e-02	-5.245038e-02	8.823317e-01	8.823317e-01	7.956424e-01	6.497829e+00
7.968127e-02	-8.570745e-02	-8.571346e-02	-5.241489e-02	8.830029e-01	8.830029e-01	7.967536e-01	6.441669e+00
7.936508e-02	-8.565970e-02	-8.566569e-02	-5.237998e-02	8.836639e-01	8.836639e-01	7.978493e-01	6.386004e+00
7.905138e-02	-8.561238e-02	-8.561834e-02	-5.234564e-02	8.843150e-01	8.843150e-01	7.989299e-01	6.330838e+00
7.874016e-02	-8.556547e-02	-8.557141e-02	-5.231186e-02	8.849562e-01	8.849562e-01	7.999956e-01	6.276173e+00
7.843137e-02	-8.551896e-02	-8.552488e-02	-5.227862e-02	8.855879e-01	8.855879e-01	8.010466e-01	6.222013e+00
7.812500e-02	-8.547286e-02	-8.547876e-02	-5.224592e-02	8.862101e-01	8.862101e-01	8.020833e-01	6.168360e+00
7.782101e-02	-8.542716e-02	-8.543303e-02	-5.221375e-02	8.868230e-01	8.868230e-01	8.031058e-01	6.115217e+00
7.751938e-02	-8.538184e-02	-8.538769e-02	-5.218209e-02	8.874269e-01	8.874269e-01	8.041144e-01	6.062586e+00
7.722008e-02	-8.533691e-02	-8.534274e-02	-5.215094e-02	8.880218e-01	8.880218e-01	8.051093e-01	6.010468e+00
7.692308e-02	-8.529235e-02	-8.529816e-02	-5.212028e-02	8.886080e-01	8.886080e-01	8.060907e-01	5.958864e+00
7.662835e-02	-8.524817e-02	-8.525396e-02	-5.209011e-02	8.891856e-01	8.891856e-01	8.070589e-01	5.907776e+00
7.633588e-02	-8.520436e-02	-8.521013e-02	-5.206041e-02	8.897547e-01	8.897547e-01	8.080141e-01	5.857204e+00
7.604563e-02	-8.516090e-02	-8.516665e-02	-5.203119e-02	8.903156e-01	8.903156e-01	8.089565e-01	5.807150e+00
7.575758e-02	-8.511780e-02	-8.512353e-02	-5.200242e-02	8.908684e-01	8.908684e-01	8.098863e-01	5.757612e+00
7.547170e-02	-8.507506e-02	-8.508077e-02	-5.197410e-02	8.914132e-01	8.914132e-01	8.108038e-01	5.708591e+00
7.518797e-02	-8.503266e-02	-8.503835e-02	-5.194622e-02	8.919501e-01	8.919501e-01	8.117091e-01	5.660086e+00
7.490637e-02	-8.499060e-02	-8.499627e-02	-5.191878e-02	8.924794e-01	8.924794e-01	8.126025e-01	5.612098e+00
7.462687e-02	-8.494887e-02	-8.495453e-02	-5.189176e-02	8.930011e-01	8.930011e-01	8.134841e-01	5.564625e+00
7.434944e-02	-8.490748e-02	-8.491311e-02	-5.186515e-02	8.935154e-01	8.935154e-01	8.143542e-01	5.517666e+00
7.407407e-02	-8.486641e-02	-8.487203e-02	-5.183895e-02	8.940225e-01	8.940225e-01	8.152130e-01	5.471220e+00
7.380074e-02	-8.482567e-02	-8.483126e-02	-5.181316e-02	8.945224e-01	8.945224e-01	8.160606e-01	5.425285e+00
7.352941e-02	-8.478524e-02	-8.479081e-02	-5.178775e-02	8.950154e-01	8.950154e-01	8.168972e-01	5.379860e+00
7.326007e-02	-8.474512e-02	-8.475068e-02	-5.176273e-02	8.955015e-01	8.955015e-01	8.177230e-01	5.334944e+00
7.299270e-02	-8.470531e-02	-8.471085e-02	-5.173809e-02	8.959808e-01	8.959808e-01	8.185383e-01	5.290533e+00
7.272727e-02	-8.466580e-02	-8.467132e-02	-5.171382e-02	8.964535e-01	8.964535e-01	8.193432e-01	5.246626e+00
7.246377e-02	-8.462659e-02	-8.463210e-02	-5.168991e-02	8.969198e-01	8.969198e-01	8.201378e-01	5.203221e+00
7.220217e-02	-8.458767e-02	-8.459316e-02	-5.166635e-02	8.973796e-01	8.973796e-01	8.209223e-01	5.160315e+00
7.194245e-02	-8.454905e-02	-8.455452e-02	-5.164315e-02	8.978332e-01	8.978332e-01	8.216970e-01	5.117905e+00
7.168459e-02	-8.451071e-02	-8.451617e-02	-5.162028e-02	8.982807e-01	8.982807e-01	8.224619e-01	5.075989e+00
7.142857e-02	-8.447265e-02	-8.447809e-02	-5.159776e-02	8.987221e-01	8.987221e-01	8.232173e-01	5.034563e+00
7.117438e-02	-8.443487e-02	-8.444030e-02	-5.157556e-02	8.991577e-01	8.991577e-01	8.239633e-01	4.993625e+00
7.092199e-02	-8.439737e-02	-8.440278e-02	-5.155368e-02	8.995874e-01	8.995874e-01	8.247000e-01	4.953172e+00
7.067138e-02	-8.436013e-02	-8.436552e-02	-5.153212e-02	9.000114e-01	9.000114e-01	8.254277e-01	4.913199e+00
7.042254e-02	-8.432317e-02	-8.432854e-02	-5.151087e-02	9.004298e-01	9.004298e-01	8.261464e-01	4.873705e+00
7.017544e-02	-8.428646e-02	-8.429182e-02	-5.148993e-02	9.008427e-01	9.008427e-01	8.268564e-01	4.834685e+00
6.993007e-02	-8.425001e-02	-8.425536e-02	-5.146929e-02	9.012502e-01	9.012502e-01	8.275577e-01	4.796135e+00
6.968641e-02	-8.421382e-02	-8.421915e-02	-5.144893e-02	9.016525e-01	9.016525e-01	8.282506e-01	4.758053e+00
6.944444e-02	-8.417789e-02	-8.418320e-02	-5.142887e-02	9.020495e-01	9.020495e-01	8.289351e-01	4.720434e+00
6.920415e-02	-8.414220e-02	-8.414749e-02	-5.140909e-02	9.024414e-01	9.024414e-01	8.296114e-01	4.683274e+00
6.896552e-02	-8.410675e-02	-8.411203e-02	-5.138958e-02	9.028283e-01	9.028283e-01	8.302797e-01	4.646570e+00
6.872852e-02	-8.407155e-02	-8.407682e-02	-5.137035e-02	9.032103e-01	9.032103e-01	8.309400e-01	4.610317e+00
6.849315e-02	-8.403659e-02	-8.404184e-02	-5.135138e-02	9.035874e-01	9.035874e-01	8.315926e-01	4.574512e+00
6.825939e-02	-8.400186e-02	-8.400710e-02	-5.133268e-02	9.039598e-01	9.039598e-01	8.322374e-01	4.539150e+00
6.802721e-02	-8.396737e-02	-8.397259e-02	-5.131423e-02	9.043276e-01	9.043276e-01	8.328748e-01	4.504228e+00
6.779661e-02	-8.393311e-02	-8.393832e-02	-5.129603e-02	9.046907e-01	9.046907e-01	8.335047e-01	4.469740e+00
6.756757e-02	-8.389907e-02	-8.390427e-02	-5.127808e-02	9.050494e-01	9.050494e-01	8.341274e-01	4.435683e+00
6.734007e-02	-8.386526e-02	-8.387044e-02	-5.126037e-02	9.054036e-01	9.054036e-01	8.347429e-01	4.402053e+00
6.711409e-02	-8.383167e-02	-8.383684e-02	-5.124289e-02	9.057535e-01	9.057535e-01	8.353513e-01	4.368845e+00
6.688963e-02	-8.379830e-02	-8.380345e-02	-5.122566e-02	9.060992e-01	9.060992e-01	8.359528e-01	4.336055e+00
6.666667e-02	-8.376514e-02	-8.377028e-02	-5.120865e-02	9.064406e-01	9.064406e-01	8.365475e-01	4.303678e+00
6.644518e-02	-8.373220e-02	-8.373733e-02	-5.119186e-02	9.067780e-01	9.067780e-01	8.371355e-01	4.271709e+00
6.622517e-02	-8.369947e-02	-8.370458e-02	-5.117530e-02	9.071113e-01	9.071113e-01	8.377169e-01	4.240146e+00
6.600660e-02	-8.366694e-02	-8.367204e-02	-5.115895e-02	9.074406e-01	9.074406e-01	8.382918e-01	4.208982e+00
6.578947e-02	-8.363462e-02	-8.363971e-02	-5.114281e-02	9.077660e-01	9.077660e-01	8.388603e-01	4.178214e+00
6.557377e-02	-8.360251e-02	-8.360759e-02	-5.112688e-02	9.080876e-01	9.080876e-01	8.394225e-01	4.147837e+00
6.535948e-02	-8.357060e-02	-8.357566e-02	-5.111116e-02	9.084055e-01	9.084055e-01	8.399786e-01	4.117846e+00
6.514658e-02	-8.353888e-02	-8.354393e-02	-5.109564e-02	9.087196e-01	9.087196e-01	8.405286e-01	4.088238e+00
6.493506e-02	-8.350736e-02	-8.351240e-02	-5.108031e-02	9.090301e-01	9.090301e-01	8.410726e-01	4.059007e+00
6.472492e-02	-8.347604e-02	-8.348106e-02	-5.106518e-02	9.093370e-01	9.093370e-01	8.416107e-01	4.030149e+00
6.451613e-02	-8.344491e-02	-8.344992e-02	-5.105024e-02	9.096404e-01	9.096404e-01	8.421430e-01	4.001659e+00
6.430868e-02	-8.341397e-02	-8.341897e-02	-5.103549e-02	9.099403e-01	9.099403e-01	8.426697e-01	3.973533e+00
6.410256e-02	-8.338321e-02	-8.338820e-02	-5.102092e-02	9.102369e-01	9.102369e-01	8.431907e-01	3.945767e+00
6.389776e-02	-8.335264e-02	-8.335762e-02	-5.100653e-02	9.105301e-01	9.105301e-01	8.437062e-01	3.918355e+00
6.369427e-02	-8.332226e-02	-8.332722e-02	-5.099231e-02	9.108200e-01	9.108200e-01	8.442162e-01	3.891294e+00
6.349206e-02	-8.329206e-02	-8.329701e-02	-5.097827e-02	9.111067e-01	9.111067e-01	8.447210e-01	3.864579e+00
6.329114e-02	-8.326203e-02	-8.326697e-02	-5.096440e-02	9.113902e-01	9.113902e-01	8.452204e-01	3.838205e+00
6.309148e-02	-8.323219e-02	-8.323712e-02	-5.095070e-02	9.116706e-01	9.116706e-01	8.457147e-01	3.812168e+00
6.289308e-02	-8.320252e-02	-8.320744e-02	-5.093716e-02	9.119480e-01	9.119480e-01	8.462038e-01	3.786464e+00
6.269592e-02	-8.317303e-02	-8.317793e-02	-5.092378e-02	9.122223e-01	9.122223e-01	8.466880e-01	3.761088e+00
6.250000e-02	-8.314371e-02	-8.314860e-02	-5.091057e-02	9.124936e-01	9.124936e-01	8.471672e-01	3.736035e+00
6.230530e-02	-8.311456e-02	-8.311944e-02	-5.089751e-02	9.127621e-01	9.127621e-01	8.476415e-01	3.711302e+00
6.211180e-02	-8.308558e-02	-8.309045e-02	-5.088460e-02	9.130276e-01	9.130276e-01	8.481110e-01	3.686884e+00
6.191950e-02	-8.305676e-02	-8.306162e-02	-5.087184e-02	9.132904e-01	9.132904e-01	8.485758e-01	3.662777e+00
6.172840e-02	-8.302812e-02	-8.303297e-02	-5.085923e-02	9.135503e-01	9.135503e-01	8.490360e-01	3.638975e+00
6.153846e-02	-8.299964e-02	-8.300448e-02	-5.084677e-02	9.138075e-01	9.138075e-01	8.494916e-01	3.615476e+00
6.134969e-02	-8.297132e-02	-8.297615e-02	-5.083445e-02	9.140620e-01	9.140620e-01	8.499426e-01	3.592275e+00
6.116208e-02	-8.294316e-02	-8.294798e-02	-5.082227e-02	9.143139e-01	9.143139e-01	8.503892e-01	3.569367e+00
6.097561e-02	-8.291516e-02	-8.291997e-02	-5.081023e-02	9.145632e-01	9.145632e-01	8.508314e-01	3.546748e+00
6.079027e-02	-8.288733e-02	-8.289212e-02	-5.079832e-02	9.148099e-01	9.148099e-01	8.512693e-01	3.524415e+00
6.060606e-02	-8.285965e-02	-8.286443e-02	-5.078655e-02	9.150541e-01	9.150541e-01	8.517030e-01	3.502362e+00
6.042296e-02	-8.283212e-02	-8.283690e-02	-5.077491e-02	9.152957e-01	9.152957e-01	8.521325e-01	3.480587e+00
6.024096e-02	-8.280475e-02	-8.280952e-02	-5.076340e-02	9.155350e-01	9.155350e-01	8.525578e-01	3.459084e+00
6.006006e-02	-8.277754e-02	-8.278229e-02	-5.075201e-02	9.157718e-01	9.157718e-01	8.529790e-01	3.437851e+00
5.988024e-02	-8.275047e-02	-8.275522e-02	-5.074075e-02	9.160063e-01	9.160063e-01	8.533963e-01	3.416882e+00
5.970149e-02	-8.272356e-02	-8.272829e-02	-5.072962e-02	9.162384e-01	9.162384e-01	8.538096e-01	3.396174e+00
5.952381e-02	-8.269679e-02	-8.270152e-02	-5.071860e-02	9.164682e-01	9.164682e-01	8.542190e-01	3.375723e+00
5.934718e-02	-8.267018e-02	-8.267490e-02	-5.070770e-02	9.166958e-01	9.166958e-01	8.546245e-01	3.355525e+00
5.917160e-02	-8.264371e-02	-8.264842e-02	-5.069692e-02	9.169211e-01	9.169211e-01	8.550263e-01	3.335577e+00
5.899705e-02	-8.261739e-02	-8.262209e-02	-5.068626e-02	9.171442e-01	9.171442e-01	8.554243e-01	3.315873e+00
5.882353e-02	-8.259121e-02	-8.259590e-02	-5.067571e-02	9.173652e-01	9.173652e-01	8.558186e-01	3.296412e+00
5.865103e-02	-8.256518e-02	-8.256986e-02	-5.066527e-02	9.175840e-01	9.175840e-01	8.562093e-01	3.277188e+00
5.847953e-02	-8.253929e-02	-8.254396e-02	-5.065494e-02	9.178007e-01	9.178007e-01	8.565964e-01	3.258198e+00
5.830904e-02	-8.251354e-02	-8.251820e-02	-5.064471e-02	9.180153e-01	9.180153e-01	8.569800e-01	3.239439e+00
5.813953e-02	-8.248793e-02	-8.249258e-02	-5.063460e-02	9.182279e-01	9.182279e-01	8.573601e-01	3.220907e+00
5.797101e-02	-8.246247e-02	-8.246711e-02	-5.062459e-02	9.184385e-01	9.184385e-01	8.577368e-01	3.202598e+00
5.780347e-02	-8.243714e-02	-8.244177e-02	-5.061468e-02	9.186471e-01	9.186471e-01	8.581100e-01	3.184509e+00
5.763689e-02	-8.241194e-02	-8.241657e-02	-5.060487e-02	9.188538e-01	9.188538e-01	8.584799e-01	3.166637e+00
5.747126e-02	-8.238689e-02	-8.239150e-02	-5.059516e-02	9.190585e-01	9.190585e-01	8.588465e-01	3.148977e+00
5.730659e-02	-8.236197e-02	-8.236658e-02	-5.058555e-02	9.192613e-01	9.192613e-01	8.592099e-01	3.131526e+00
5.714286e-02	-8.233719e-02	-8.234178e-02	-5.057604e-02	9.194623e-01	9.194623e-01	8.595700e-01	3.114282e+00
5.698006e-02	-8.231254e-02	-8.231712e-02	-5.056662e-02	9.196614e-01	9.196614e-01	8.599270e-01	3.097240e+00
5.681818e-02	-8.228802e-02	-8.229260e-02	-5.055729e-02	9.198587e-01	9.198587e-01	8.602808e-01	3.080397e+00
5.665722e-02	-8.226364e-02	-8.226820e-02	-5.054806e-02	9.200542e-01	9.200542e-01	8.606316e-01	3.063751e+00
5.649718e-02	-8.223938e-02	-8.224394e-02	-5.053892e-02	9.202479e-01	9.202479e-01	8.609792e-01	3.047298e+00
5.633803e-02	-8.221526e-02	-8.221981e-02	-5.052987e-02	9.204398e-01	9.204398e-01	8.613239e-01	3.031034e+00
5.617978e-02	-8.219127e-02	-8.219581e-02	-5.052091e-02	9.206301e-01	9.206301e-01	8.616656e-01	3.014957e+00
5.602241e-02	-8.216740e-02	-8.217194e-02	-5.051203e-02	9.208186e-01	9.208186e-01	8.620044e-01	2.999063e+00
5.586592e-02	-8.214367e-02	-8.214819e-02	-5.050324e-02	9.210055e-01	9.210055e-01	8.623402e-01	2.983350e+00
5.571031e-02	-8.212006e-02	-8.212458e-02	-5.049454e-02	9.211907e-01	9.211907e-01	8.626732e-01	2.967814e+00
5.555556e-02	-8.209658e-02	-8.210109e-02	-5.048591e-02	9.213742e-01	9.213742e-01	8.630033e-01	2.952453e+00
5.540166e-02	-8.207322e-02	-8.207772e-02	-5.047737e-02	9.215562e-01	9.215562e-01	8.633307e-01	2.937263e+00
5.524862e-02	-8.204999e-02	-8.205449e-02	-5.046891e-02	9.217366e-01	9.217366e-01	8.636553e-01	2.922241e+00
5.509642e-02	-8.202689e-02	-8.203137e-02	-5.046053e-02	9.219153e-01	9.219153e-01	8.639772e-01	2.907386e+00
5.494505e-02	-8.200390e-02	-8.200838e-02	-5.045223e-02	9.220926e-01	9.220926e-01	8.642964e-01	2.892693e+00
5.479452e-02	-8.198105e-02	-8.198552e-02	-5.044401e-02	9.222683e-01	9.222683e-01	8.646129e-01	2.878161e+00
5.464481e-02	-8.195831e-02	-8.196277e-02	-5.043586e-02	9.224425e-01	9.224425e-01	8.649267e-01	2.863786e+00
5.449591e-02	-8.193569e-02	-8.194015e-02	-5.042779e-02	9.226152e-01	9.226152e-01	8.652380e-01	2.849565e+00
5.434783e-02	-8.191320e-02	-8.191765e-02	-5.041979e-02	9.227864e-01	9.227864e-01	8.655467e-01	2.835497e+00
5.420054e-02	-8.189083e-02	-8.189526e-02	-5.041187e-02	9.229562e-01	9.229562e-01	8.658529e-01	2.821578e+00
5.405405e-02	-8.186857e-02	-8.187300e-02	-5.040402e-02	9.231245e-01	9.231245e-01	8.661566e-01	2.807806e+00
5.390836e-02	-8.184644e-02	-8.185086e-02	-5.039624e-02	9.232915e-01	9.232915e-01	8.664578e-01	2.794178e+00
5.376344e-02	-8.182442e-02	-8.182884e-02	-5.038853e-02	9.234570e-01	9.234570e-01	8.667565e-01	2.780692e+00
5.361930e-02	-8.180252e-02	-8.180693e-02	-5.038089e-02	9.236211e-01	9.236211e-01	8.670528e-01	2.767345e+00
5.347594e-02	-8.178074e-02	-8.178514e-02	-5.037331e-02	9.237839e-01	9.237839e-01	8.673467e-01	2.754135e+00
5.333333e-02	-8.175908e-02	-8.176347e-02	-5.036581e-02	9.239453e-01	9.239453e-01	8.676383e-01	2.741060e+00
5.319149e-02	-8.173753e-02	-8.174192e-02	-5.035837e-02	9.241053e-01	9.241053e-01	8.679275e-01	2.728116e+00
5.305040e-02	-8.171610e-02	-8.172048e-02	-5.035100e-02	9.242641e-01	9.242641e-01	8.682144e-01	2.715303e+00
5.291005e-02	-8.169478e-02	-8.169915e-02	-5.034369e-02	9.244215e-01	9.244215e-01	8.684989e-01	2.702616e+00
5.277045e-02	-8.167358e-02	-8.167794e-02	-5.033645e-02	9.245777e-01	9.245777e-01	8.687813e-01	2.690056e+00
5.263158e-02	-8.165249e-02	-8.165684e-02	-5.032927e-02	9.247325e-01	9.247325e-01	8.690613e-01	2.677618e+00
5.249344e-02	-8.163151e-02	-8.163586e-02	-5.032216e-02	9.248861e-01	9.248861e-01	8.693392e-01	2.665301e+00
5.235602e-02	-8.161065e-02	-8.161499e-02	-5.031510e-02	9.250385e-01	9.250385e-01	8.696149e-01	2.653102e+00
5.221932e-02	-8.158990e-02	-8.159423e-02	-5.030811e-02	9.251896e-01	9.251896e-01	8.698884e-01	2.641020e+00
5.208333e-02	-8.156926e-02	-8.157358e-02	-5.030118e-02	9.253396e-01	9.253396e-01	8.701597e-01	2.629053e+00
5.194805e-02	-8.154873e-02	-8.155305e-02	-5.029430e-02	9.254883e-01	9.254883e-01	8.704290e-01	2.617198e+00
5.181347e-02	-8.152831e-02	-8.153263e-02	-5.028749e-02	9.256358e-01	9.256358e-01	8.706961e-01	2.605454e+00
5.167959e-02	-8.150801e-02	-8.151231e-02	-5.028073e-02	9.257821e-01	9.257821e-01	8.709611e-01	2.593818e+00
5.154639e-02	-8.148781e-02	-8.149211e-02	-5.027403e-02	9.259273e-01	9.259273e-01	8.712241e-01	2.582288e+00
5.141388e-02	-8.146772e-02	-8.147201e-02	-5.026739e-02	9.260713e-01	9.260713e-01	8.714851e-01	2.570863e+00
5.128205e-02	-8.144774e-02	-8.145202e-02	-5.026080e-02	9.262142e-01	9.262142e-01	8.717440e-01	2.559541e+00
5.115090e-02	-8.142787e-02	-8.143215e-02	-5.025427e-02	9.263559e-01	9.263559e-01	8.720009e-01	2.548320e+00
5.102041e-02	-8.140810e-02	-8.141237e-02	-5.024779e-02	9.264966e-01	9.264966e-01	8.722559e-01	2.537197e+00
5.089059e-02	-8.138845e-02	-8.139271e-02	-5.024137e-02	9.266361e-01	9.266361e-01	8.725089e-01	2.526172e+00
5.076142e-02	-8.136890e-02	-8.137315e-02	-5.023500e-02	9.267746e-01	9.267746e-01	8.727599e-01	2.515242e+00
5.063291e-02	-8.134945e-02	-8.135370e-02	-5.022868e-02	9.269119e-01	9.269119e-01	8.730091e-01	2.504406e+00
5.050505e-02	-8.133011e-02	-8.133436e-02	-5.022242e-02	9.270482e-01	9.270482e-01	8.732563e-01	2.493662e+00
5.037783e-02	-8.131088e-02	-8.131512e-02	-5.021621e-02	9.271834e-01	9.271834e-01	8.735017e-01	2.483009e+00
5.025126e-02	-8.129175e-02	-8.129599e-02	-5.021004e-02	9.273176e-01	9.273176e-01	8.737452e-01	2.472444e+00
5.012531e-02	-8.127273e-02	-8.127696e-02	-5.020393e-02	9.274507e-01	9.274507e-01	8.739868e-01	2.461966e+00
5.000000e-02	-8.125381e-02	-8.125803e-02	-5.019787e-02	9.275829e-01	9.275829e-01	8.742267e-01	2.451574e+00
4.987531e-02	-8.123500e-02	-8.123921e-02	-5.019186e-02	9.277140e-01	9.277140e-01	8.744647e-01	2.441265e+00
4.975124e-02	-8.121628e-02	-8.122049e-02	-5.018589e-02	9.278441e-01	9.278441e-01	8.747009e-01	2.431040e+00
4.962779e-02	-8.119767e-02	-8.120187e-02	-5.017998e-02	9.279731e-01	9.279731e-01	8.749354e-01	2.420895e+00
4.950495e-02	-8.117917e-02	-8.118336e-02	-5.017411e-02	9.281013e-01	9.281013e-01	8.751681e-01	2.410829e+00
4.938272e-02	-8.116076e-02	-8.116495e-02	-5.016829e-02	9.282284e-01	9.282284e-01	8.753990e-01	2.400842e+00
4.926108e-02	-8.114245e-02	-8.114664e-02	-5.016252e-02	9.283546e-01	9.283546e-01	8.756283e-01	2.390931e+00
4.914005e-02	-8.112425e-02	-8.112843e-02	-5.015679e-02	9.284798e-01	9.284798e-01	8.758558e-01	2.381096e+00
4.901961e-02	-8.110615e-02	-8.111032e-02	-5.015111e-02	9.286040e-01	9.286040e-01	8.760816e-01	2.371334e+00
4.889976e-02	-8.108815e-02	-8.109231e-02	-5.014547e-02	9.287273e-01	9.287273e-01	8.763057e-01	2.361645e+00
4.878049e-02	-8.107024e-02	-8.107440e-02	-5.013988e-02	9.288497e-01	9.288497e-01	8.765282e-01	2.352027e+00
4.866180e-02	-8.105244e-02	-8.105659e-02	-5.013433e-02	9.289712e-01	9.289712e-01	8.767491e-01	2.342478e+00
4.854369e-02	-8.103473e-02	-8.103888e-02	-5.012882e-02	9.290917e-01	9.290917e-01	8.769683e-01	2.332999e+00
4.842615e-02	-8.101713e-02	-8.102127e-02	-5.012336e-02	9.292114e-01	9.292114e-01	8.771858e-01	2.323587e+00
4.830918e-02	-8.099962e-02	-8.100375e-02	-5.011794e-02	9.293301e-01	9.293301e-01	8.774018e-01	2.314241e+00
4.819277e-02	-8.098221e-02	-8.098634e-02	-5.011257e-02	9.294480e-01	9.294480e-01	8.776162e-01	2.304960e+00
4.807692e-02	-8.096489e-02	-8.096902e-02	-5.010724e-02	9.295650e-01	9.295650e-01	8.778290e-01	2.295742e+00
4.796163e-02	-8.094768e-02	-8.095179e-02	-5.010194e-02	9.296811e-01	9.296811e-01	8.780403e-01	2.286588e+00
4.784689e-02	-8.093056e-02	-8.093467e-02	-5.009669e-02	9.297964e-01	9.297964e-01	8.782500e-01	2.277494e+00
4.773270e-02	-8.091353e-02	-8.091764e-02	-5.009148e-02	9.299107e-01	9.299107e-01	8.784581e-01	2.268462e+00
4.761905e-02	-8.089660e-02	-8.090070e-02	-5.008631e-02	9.300243e-01	9.300243e-01	8.786648e-01	2.259488e+00
4.750594e-02	-8.087977e-02	-8.088386e-02	-5.008118e-02	9.301370e-01	9.301370e-01	8.788699e-01	2.250573e+00
4.739336e-02	-8.086303e-02	-8.086712e-02	-5.007609e-02	9.302489e-01	9.302489e-01	8.790735e-01	2.241715e+00
4.728132e-02	-8.084639e-02	-8.085047e-02	-5.007104e-02	9.303599e-01	9.303599e-01	8.792757e-01	2.232913e+00
4.716981e-02	-8.082984e-02	-8.083391e-02	-5.006603e-02	9.304701e-01	9.304701e-01	8.794764e-01	2.224166e+00
4.705882e-02	-8.081338e-02	-8.081745e-02	-5.006105e-02	9.305796e-01	9.305796e-01	8.796756e-01	2.215473e+00
4.694836e-02	-8.079702e-02	-8.080108e-02	-5.005612e-02	9.306882e-01	9.306882e-01	8.798734e-01	2.206834e+00
4.683841e-02	-8.078075e-02	-8.078481e-02	-5.005122e-02	9.307960e-01	9.307960e-01	8.800697e-01	2.198246e+00
4.672897e-02	-8.076457e-02	-8.076863e-02	-5.004636e-02	9.309030e-01	9.309030e-01	8.802646e-01	2.189710e+00
4.662005e-02	-8.074848e-02	-8.075254e-02	-5.004153e-02	9.310092e-01	9.310092e-01	8.804581e-01	2.181225e+00
4.651163e-02	-8.073249e-02	-8.073654e-02	-5.003675e-02	9.311147e-01	9.311147e-01	8.806502e-01	2.172789e+00
4.640371e-02	-8.071659e-02	-8.072063e-02	-5.003200e-02	9.312194e-01	9.312194e-01	8.808410e-01	2.164402e+00
4.629630e-02	-8.070078e-02	-8.070481e-02	-5.002728e-02	9.313233e-01	9.313233e-01	8.810303e-01	2.156062e+00
4.618938e-02	-8.068506e-02	-8.068909e-02	-5.002260e-02	9.314265e-01	9.314265e-01	8.812183e-01	2.147770e+00
4.608295e-02	-8.066943e-02	-8.067345e-02	-5.001796e-02	9.315289e-01	9.315289e-01	8.814049e-01	2.139524e+00
4.597701e-02	-8.065389e-02	-8.065791e-02	-5.001335e-02	9.316306e-01	9.316306e-01	8.815902e-01	2.131323e+00
4.587156e-02	-8.063844e-02	-8.064245e-02	-5.000877e-02	9.317315e-01	9.317315e-01	8.817741e-01	2.123166e+00
4.576659e-02	-8.062307e-02	-8.062708e-02	-5.000423e-02	9.318317e-01	9.318317e-01	8.819567e-01	2.115054e+00
4.566210e-02	-8.060780e-02	-8.061180e-02	-4.999973e-02	9.319312e-01	9.319312e-01	8.821380e-01	2.106984e+00
4.555809e-02	-8.059262e-02	-8.059661e-02	-4.999525e-02	9.320300e-01	9.320300e-01	8.823181e-01	2.098957e+00
4.545455e-02	-8.057752e-02	-8.058151e-02	-4.999081e-02	9.321280e-01	9.321280e-01	8.824968e-01	2.090971e+00
4.535147e-02	-8.056251e-02	-8.056650e-02	-4.998641e-02	9.322253e-01	9.322253e-01	8.826742e-01	2.083027e+00
4.524887e-02	-8.054759e-02	-8.055157e-02	-4.998204e-02	9.323220e-01	9.323220e-01	8.828504e-01	2.075122e+00
4.514673e-02	-8.053275e-02	-8.053673e-02	-4.997769e-02	9.324179e-01	9.324179e-01	8.830253e-01	2.067257e+00
4.504505e-02	-8.051801e-02	-8.052198e-02	-4.997339e-02	9.325131e-01	9.325131e-01	8.831989e-01	2.059431e+00
4.494382e-02	-8.050334e-02	-8.050731e-02	-4.996911e-02	9.326077e-01	9.326077e-01	8.833714e-01	2.051643e+00
4.484305e-02	-8.048877e-02	-8.049273e-02	-4.996487e-02	9.327016e-01	9.327016e-01	8.835425e-01	2.043893e+00
4.474273e-02	-8.047428e-02	-8.047824e-02	-4.996065e-02	9.327948e-01	9.327948e-01	8.837125e-01	2.036180e+00
4.464286e-02	-8.045987e-02	-8.046383e-02	-4.995647e-02	9.328873e-01	9.328873e-01	8.838812e-01	2.028503e+00
4.454343e-02	-8.044555e-02	-8.044950e-02	-4.995232e-02	9.329792e-01	9.329792e-01	8.840488e-01	2.020862e+00
4.444444e-02	-8.043131e-02	-8.043526e-02	-4.994820e-02	9.330704e-01	9.330704e-01	8.842151e-01	2.013256e+00
4.434590e-02	-8.041716e-02	-8.042110e-02	-4.994411e-02	9.331609e-01	9.331609e-01	8.843803e-01	2.005685e+00
4.424779e-02	-8.040309e-02	-8.040703e-02	-4.994005e-02	9.332508e-01	9.332508e-01	8.845443e-01	1.998148e+00
4.415011e-02	-8.038910e-02	-8.039304e-02	-4.993602e-02	9.333401e-01	9.333401e-01	8.847071e-01	1.990644e+00
4.405286e-02	-8.037520e-02	-8.037913e-02	-4.993202e-02	9.334287e-01	9.334287e-01	8.848687e-01	1.983173e+00
4.395604e-02	-8.036138e-02	-8.036530e-02	-4.992805e-02	9.335167e-01	9.335167e-01	8.850293e-01	1.975735e+00
4.385965e-02	-8.034764e-02	-8.035156e-02	-4.992410e-02	9.336040e-01	9.336040e-01	8.851886e-01	1.968330e+00
4.376368e-02	-8.033398e-02	-8.033790e-02	-4.992019e-02	9.336907e-01	9.336907e-01	8.853468e-01	1.960955e+00
4.366812e-02	-8.032041e-02	-8.032432e-02	-4.991631e-02	9.337769e-01	9.337769e-01	8.855040e-01	1.953612e+00
4.357298e-02	-8.030691e-02	-8.031082e-02	-4.991245e-02	9.338624e-01	9.338624e-01	8.856599e-01	1.946299e+00
4.347826e-02	-8.029350e-02	-8.029740e-02	-4.990862e-02	9.339472e-01	9.339472e-01	8.858148e-01	1.939016e+00
4.338395e-02	-8.028017e-02	-8.028406e-02	-4.990482e-02	9.340315e-01	9.340315e-01	8.859686e-01	1.931763e+00
4.329004e-02	-8.026691e-02	-8.027081e-02	-4.990105e-02	9.341152e-01	9.341152e-01	8.861213e-01	1.924539e+00
4.319654e-02	-8.025374e-02	-8.025763e-02	-4.989730e-02	9.341983e-01	9.341983e-01	8.862729e-01	1.917345e+00
4.310345e-02	-8.024065e-02	-8.024453e-02	-4.989359e-02	9.342808e-01	9.342808e-01	8.864234e-01	1.910178e+00
4.301075e-02	-8.022763e-02	-8.023151e-02	-4.988990e-02	9.343627e-01	9.343627e-01	8.865729e-01	1.903039e+00
4.291845e-02	-8.021469e-02	-8.021857e-02	-4.988623e-02	9.344440e-01	9.344440e-01	8.867213e-01	1.895929e+00
4.282655e-02	-8.020184e-02	-8.020571e-02	-4.988260e-02	9.345247e-01	9.345247e-01	8.868687e-01	1.888845e+00
4.273504e-02	-8.018905e-02	-8.019292e-02	-4.987898e-02	9.346049e-01	9.346049e-01	8.870150e-01	1.881788e+00
4.264392e-02	-8.017635e-02	-8.018021e-02	-4.987540e-02	9.346845e-01	9.346845e-01	8.871602e-01	1.874758e+00
4.255319e-02	-8.016373e-02	-8.016758e-02	-4.987184e-02	9.347635e-01	9.347635e-01	8.873045e-01	1.867753e+00
4.246285e-02	-8.015118e-02	-8.015503e-02	-4.986831e-02	9.348419e-01	9.348419e-01	8.874477e-01	1.860775e+00
4.237288e-02	-8.013870e-02	-8.014255e-02	-4.986480e-02	9.349198e-01	9.349198e-01	8.875899e-01	1.853822e+00
4.228330e-02	-8.012631e-02	-8.013015e-02	-4.986132e-02	9.349972e-01	9.349972e-01	8.877311e-01	1.846894e+00
4.219409e-02	-8.011399e-02	-8.011783e-02	-4.985786e-02	9.350740e-01	9.350740e-01	8.878713e-01	1.839991e+00
4.210526e-02	-8.010174e-02	-8.010558e-02	-4.985443e-02	9.351503e-01	9.351503e-01	8.880105e-01	1.833112e+00
4.201681e-02	-8.008957e-02	-8.009340e-02	-4.985103e-02	9.352260e-01	9.352260e-01	8.881487e-01	1.826257e+00
4.192872e-02	-8.007747e-02	-8.008130e-02	-4.984764e-02	9.353011e-01	9.353011e-01	8.882859e-01	1.819426e+00
4.184100e-02	-8.006545e-02	-8.006928e-02	-4.984429e-02	9.353758e-01	9.353758e-01	8.884222e-01	1.812619e+00
4.175365e-02	-8.005350e-02	-8.005733e-02	-4.984095e-02	9.354499e-01	9.354499e-01	8.885575e-01	1.805835e+00
4.166667e-02	-8.004163e-02	-8.004545e-02	-4.983764e-02	9.355235e-01	9.355235e-01	8.886918e-01	1.799074e+00
4.158004e-02	-8.002983e-02	-8.003364e-02	-4.983436e-02	9.355965e-01	9.355965e-01	8.888252e-01	1.792336e+00
4.149378e-02	-8.001810e-02	-8.002191e-02	-4.983110e-02	9.356691e-01	9.356691e-01	8.889577e-01	1.785621e+00
4.140787e-02	-8.000645e-02	-8.001025e-02	-4.982786e-02	9.357411e-01	9.357411e-01	8.890892e-01	1.778927e+00
4.132231e-02	-7.999486e-02	-7.999867e-02	-4.982464e-02	9.358126e-01	9.358126e-01	8.892197e-01	1.772255e+00
4.123711e-02	-7.998335e-02	-7.998715e-02	-4.982145e-02	9.358836e-01	9.358836e-01	8.893494e-01	1.765606e+00
4.115226e-02	-7.997191e-02	-7.997571e-02	-4.981828e-02	9.359541e-01	9.359541e-01	8.894781e-01	1.758977e+00
4.106776e-02	-7.996054e-02	-7.996434e-02	-4.981514e-02	9.360241e-01	9.360241e-01	8.896059e-01	1.752370e+00
4.098361e-02	-7.994925e-02	-7.995303e-02	-4.981201e-02	9.360937e-01	9.360937e-01	8.897328e-01	1.745784e+00
4.089980e-02	-7.993802e-02	-7.994180e-02	-4.980891e-02	9.361627e-01	9.361627e-01	8.898589e-01	1.739219e+00
4.081633e-02	-7.992686e-02	-7.993064e-02	-4.980583e-02	9.362312e-01	9.362312e-01	8.899840e-01	1.732674e+00
4.073320e-02	-7.991577e-02	-7.991955e-02	-4.980278e-02	9.362992e-01	9.362992e-01	8.901082e-01	1.726150e+00
4.065041e-02	-7.990476e-02	-7.990853e-02	-4.979974e-02	9.363668e-01	9.363668e-01	8.902316e-01	1.719646e+00
4.056795e-02	-7.989381e-02	-7.989758e-02	-4.979673e-02	9.364339e-01	9.364339e-01	8.903540e-01	1.713162e+00
4.048583e-02	-7.988293e-02	-7.988670e-02	-4.979374e-02	9.365005e-01	9.365005e-01	8.904756e-01	1.706698e+00
4.040404e-02	-7.987212e-02	-7.987588e-02	-4.979077e-02	9.365666e-01	9.365666e-01	8.905964e-01	1.700254e+00
4.032258e-02	-7.986137e-02	-7.986513e-02	-4.978782e-02	9.366322e-01	9.366322e-01	8.907163e-01	1.693829e+00
4.024145e-02	-7.985070e-02	-7.985446e-02	-4.978489e-02	9.366974e-01	9.366974e-01	8.908353e-01	1.687423e+00
4.016064e-02	-7.984009e-02	-7.984384e-02	-4.978199e-02	9.367622e-01	9.367622e-01	8.909535e-01	1.681036e+00
4.008016e-02	-7.982955e-02	-7.983330e-02	-4.977910e-02	9.368264e-01	9.368264e-01	8.910709e-01	1.674669e+00
4.000000e-02	-7.981908e-02	-7.982282e-02	-4.977624e-02	9.368902e-01	9.368902e-01	8.911874e-01	1.668320e+00
3.992016e-02	-7.980867e-02	-7.981241e-02	-4.977339e-02	9.369536e-01	9.369536e-01	8.913031e-01	1.661989e+00
3.984064e-02	-7.979833e-02	-7.980207e-02	-4.977057e-02	9.370165e-01	9.370165e-01	8.914180e-01	1.655678e+00
3.976143e-02	-7.978805e-02	-7.979179e-02	-4.976777e-02	9.370790e-01	9.370790e-01	8.915320e-01	1.649384e+00
3.968254e-02	-7.977784e-02	-7.978157e-02	-4.976498e-02	9.371410e-01	9.371410e-01	8.916453e-01	1.643109e+00
3.960396e-02	-7.976769e-02	-7.977143e-02	-4.976222e-02	9.372026e-01	9.372026e-01	8.917577e-01	1.636852e+00
3.952569e-02	-7.975761e-02	-7.976134e-02	-4.975948e-02	9.372637e-01	9.372637e-01	8.918694e-01	1.630613e+00
3.944773e-02	-7.974760e-02	-7.975132e-02	-4.975675e-02	9.373244e-01	9.373244e-01	8.919802e-01	1.624392e+00
3.937008e-02	-7.973765e-02	-7.974137e-02	-4.975405e-02	9.373847e-01	9.373847e-01	8.920903e-01	1.618188e+00
3.929273e-02	-7.972776e-02	-7.973148e-02	-4.975136e-02	9.374445e-01	9.374445e-01	8.921996e-01	1.612002e+00
3.921569e-02	-7.971793e-02	-7.972165e-02	-4.974870e-02	9.375039e-01	9.375039e-01	8.923081e-01	1.605834e+00
3.913894e-02	-7.970817e-02	-7.971188e-02	-4.974605e-02	9.375629e-01	9.375629e-01	8.924158e-01	1.599683e+00
3.906250e-02	-7.969847e-02	-7.970218e-02	-4.974342e-02	9.376215e-01	9.376215e-01	8.925228e-01	1.593549e+00
3.898635e-02	-7.968883e-02	-7.969254e-02	-4.974082e-02	9.376797e-01	9.376797e-01	8.926290e-01	1.587432e+00
3.891051e-02	-7.967926e-02	-7.968296e-02	-4.973823e-02	9.377374e-01	9.377374e-01	8.927344e-01	1.581332e+00
3.883495e-02	-7.966975e-02	-7.967345e-02	-4.973565e-02	9.377948e-01	9.377948e-01	8.928391e-01	1.575249e+00
3.875969e-02	-7.966030e-02	-7.966399e-02	-4.973310e-02	9.378517e-01	9.378517e-01	8.929431e-01	1.569183e+00
3.868472e-02	-7.965091e-02	-7.965460e-02	-4.973057e-02	9.379082e-01	9.379082e-01	8.930463e-01	1.563134e+00
3.861004e-02	-7.964158e-02	-7.964527e-02	-4.972805e-02	9.379643e-01	9.379643e-01	8.931488e-01	1.557102e+00
3.853565e-02	-7.963231e-02	-7.963600e-02	-4.972555e-02	9.380201e-01	9.380201e-01	8.932505e-01	1.551086e+00
3.846154e-02	-7.962310e-02	-7.962678e-02	-4.972307e-02	9.380754e-01	9.380754e-01	8.933516e-01	1.545086e+00
3.838772e-02	-7.961395e-02	-7.961763e-02	-4.972061e-02	9.381303e-01	9.381303e-01	8.934519e-01	1.539103e+00
3.831418e-02	-7.960486e-02	-7.960854e-02	-4.971816e-02	9.381849e-01	9.381849e-01	8.935515e-01	1.533136e+00
3.824092e-02	-7.959583e-02	-7.959951e-02	-4.971573e-02	9.382390e-01	9.382390e-01	8.936503e-01	1.527186e+00
3.816794e-02	-7.958686e-02	-7.959053e-02	-4.971332e-02	9.382928e-01	9.382928e-01	8.937485e-01	1.521252e+00
3.809524e-02	-7.957795e-02	-7.958162e-02	-4.971093e-02	9.383462e-01	9.383462e-01	8.938460e-01	1.515334e+00
3.802281e-02	-7.956909e-02	-7.957276e-02	-4.970856e-02	9.383992e-01	9.383992e-01	8.939428e-01	1.509432e+00
3.795066e-02	-7.956029e-02	-7.956396e-02	-4.970620e-02	9.384518e-01	9.384518e-01	8.940389e-01	1.503546e+00
3.787879e-02	-7.955156e-02	-7.955522e-02	-4.970385e-02	9.385040e-01	9.385040e-01	8.941343e-01	1.497675e+00
3.780718e-02	-7.954287e-02	-7.954653e-02	-4.970153e-02	9.385559e-01	9.385559e-01	8.942290e-01	1.491821e+00
3.773585e-02	-7.953425e-02	-7.953791e-02	-4.969922e-02	9.386074e-01	9.386074e-01	8.943230e-01	1.485983e+00
3.766478e-02	-7.952568e-02	-7.952933e-02	-4.969693e-02	9.386585e-01	9.386585e-01	8.944164e-01	1.480160e+00
3.759398e-02	-7.951717e-02	-7.952082e-02	-4.969465e-02	9.387093e-01	9.387093e-01	8.945091e-01	1.474353e+00
3.752345e-02	-7.950871e-02	-7.951236e-02	-4.969239e-02	9.387597e-01	9.387597e-01	8.946011e-01	1.468562e+00
3.745318e-02	-7.950031e-02	-7.950396e-02	-4.969015e-02	9.388098e-01	9.388098e-01	8.946925e-01	1.462786e+00
3.738318e-02	-7.949197e-02	-7.949561e-02	-4.968792e-02	9.388595e-01	9.388595e-01	8.947832e-01	1.457026e+00
3.731343e-02	-7.948368e-02	-7.948732e-02	-4.968571e-02	9.389088e-01	9.389088e-01	8.948733e-01	1.451281e+00
3.724395e-02	-7.947544e-02	-7.947908e-02	-4.968352e-02	9.389578e-01	9.389578e-01	8.949628e-01	1.445552e+00
3.717472e-02	-7.946726e-02	-7.947090e-02	-4.968134e-02	9.390064e-01	9.390064e-01	8.950516e-01	1.439838e+00
3.710575e-02	-7.945914e-02	-7.946277e-02	-4.967917e-02	9.390547e-01	9.390547e-01	8.951397e-01	1.434139e+00
3.703704e-02	-7.945107e-02	-7.945470e-02	-4.967703e-02	9.391026e-01	9.391026e-01	8.952272e-01	1.428456e+00
3.696858e-02	-7.944305e-02	-7.944668e-02	-4.967489e-02	9.391502e-01	9.391502e-01	8.953141e-01	1.422788e+00
3.690037e-02	-7.943508e-02	-7.943871e-02	-4.967278e-02	9.391975e-01	9.391975e-01	8.954004e-01	1.417136e+00
3.683241e-02	-7.942717e-02	-7.943079e-02	-4.967067e-02	9.392444e-01	9.392444e-01	8.954861e-01	1.411499e+00
3.676471e-02	-7.941931e-02	-7.942293e-02	-4.966859e-02	9.392910e-01	9.392910e-01	8.955711e-01	1.405877e+00
3.669725e-02	-7.941150e-02	-7.941512e-02	-4.966651e-02	9.393372e-01	9.393372e-01	8.956555e-01	1.400270e+00
3.663004e-02	-7.940375e-02	-7.940736e-02	-4.966446e-02	9.393831e-01	9.393831e-01	8.957394e-01	1.394678e+00
3.656307e-02	-7.939605e-02	-7.939966e-02	-4.966241e-02	9.394287e-01	9.394287e-01	8.958226e-01	1.389101e+00
3.649635e-02	-7.938839e-02	-7.939200e-02	-4.966039e-02	9.394740e-01	9.394740e-01	8.959052e-01	1.383539e+00
3.642987e-02	-7.938079e-02	-7.938440e-02	-4.965837e-02	9.395189e-01	9.395189e-01	8.959872e-01	1.377993e+00
3.636364e-02	-7.937324e-02	-7.937685e-02	-4.965637e-02	9.395635e-01	9.395635e-01	8.960687e-01	1.372461e+00
3.629764e-02	-7.936574e-02	-7.936935e-02	-4.965439e-02	9.396078e-01	9.396078e-01	8.961495e-01	1.366945e+00
3.623188e-02	-7.935830e-02	-7.936190e-02	-4.965242e-02	9.396518e-01	9.396518e-01	8.962298e-01	1.361443e+00
3.616637e-02	-7.935090e-02	-7.935449e-02	-4.965046e-02	9.396954e-01	9.396954e-01	8.963095e-01	1.355957e+00
3.610108e-02	-7.934355e-02	-7.934714e-02	-4.964852e-02	9.397388e-01	9.397388e-01	8.963886e-01	1.350485e+00
3.603604e-02	-7.933625e-02	-7.933984e-02	-4.964659e-02	9.397818e-01	9.397818e-01	8.964672e-01	1.345028e+00
3.597122e-02	-7.932900e-02	-7.933259e-02	-4.964468e-02	9.398245e-01	9.398245e-01	8.965452e-01	1.339586e+00
3.590664e-02	-7.932180e-02	-7.932538e-02	-4.964278e-02	9.398670e-01	9.398670e-01	8.966226e-01	1.334159e+00
3.584229e-02	-7.931464e-02	-7.931823e-02	-4.964089e-02	9.399091e-01	9.399091e-01	8.966995e-01	1.328747e+00
3.577818e-02	-7.930754e-02	-7.931112e-02	-4.963902e-02	9.399509e-01	9.399509e-01	8.967758e-01	1.323350e+00
3.571429e-02	-7.930048e-02	-7.930406e-02	-4.963716e-02	9.399924e-01	9.399924e-01	8.968515e-01	1.317968e+00
3.565062e-02	-7.929347e-02	-7.929705e-02	-4.963531e-02	9.400336e-01	9.400336e-01	8.969268e-01	1.312600e+00
3.558719e-02	-7.928651e-02	-7.929009e-02	-4.963348e-02	9.400745e-01	9.400745e-01	8.970014e-01	1.307247e+00
3.552398e-02	-7.927960e-02	-7.928317e-02	-4.963166e-02	9.401151e-01	9.401151e-01	8.970756e-01	1.301909e+00
3.546099e-02	-7.927273e-02	-7.927630e-02	-4.962986e-02	9.401555e-01	9.401555e-01	8.971492e-01	1.296586e+00
3.539823e-02	-7.926591e-02	-7.926948e-02	-4.962806e-02	9.401955e-01	9.401955e-01	8.972222e-01	1.291278e+00
3.533569e-02	-7.925913e-02	-7.926270e-02	-4.962628e-02	9.402352e-01	9.402352e-01	8.972948e-01	1.285984e+00
3.527337e-02	-7.925240e-02	-7.925597e-02	-4.962451e-02	9.402747e-01	9.402747e-01	8.973668e-01	1.280705e+00
3.521127e-02	-7.924572e-02	-7.924929e-02	-4.962276e-02	9.403139e-01	9.403139e-01	8.974383e-01	1.275441e+00
3.514938e-02	-7.923908e-02	-7.924265e-02	-4.962102e-02	9.403528e-01	9.403528e-01	8.975093e-01	1.270191e+00
3.508772e-02	-7.923249e-02	-7.923605e-02	-4.961929e-02	9.403914e-01	9.403914e-01	8.975797e-01	1.264956e+00
3.502627e-02	-7.922594e-02	-7.922950e-02	-4.961757e-02	9.404297e-01	9.404297e-01	8.976497e-01	1.259736e+00
3.496503e-02	-7.921944e-02	-7.922300e-02	-4.961586e-02	9.404678e-01	9.404678e-01	8.977191e-01	1.254531e+00
3.490401e-02	-7.921298e-02	-7.921654e-02	-4.961417e-02	9.405055e-01	9.405055e-01	8.977881e-01	1.249340e+00
3.484321e-02	-7.920657e-02	-7.921012e-02	-4.961249e-02	9.405430e-01	9.405430e-01	8.978565e-01	1.244164e+00
3.478261e-02	-7.920020e-02	-7.920375e-02	-4.961082e-02	9.405803e-01	9.405803e-01	8.979245e-01	1.239002e+00
3.472222e-02	-7.919387e-02	-7.919742e-02	-4.960917e-02	9.406172e-01	9.406172e-01	8.979919e-01	1.233856e+00
3.466205e-02	-7.918759e-02	-7.919114e-02	-4.960752e-02	9.406539e-01	9.406539e-01	8.980589e-01	1.228724e+00
3.460208e-02	-7.918135e-02	-7.918489e-02	-4.960589e-02	9.406904e-01	9.406904e-01	8.981254e-01	1.223606e+00
3.454231e-02	-7.917515e-02	-7.917869e-02	-4.960427e-02	9.407266e-01	9.407266e-01	8.981914e-01	1.218503e+00
3.448276e-02	-7.916900e-02	-7.917254e-02	-4.960266e-02	9.407625e-01	9.407625e-01	8.982569e-01	1.213415e+00
3.442341e-02	-7.916289e-02	-7.916642e-02	-4.960106e-02	9.407981e-01	9.407981e-01	8.983220e-01	1.208342e+00
3.436426e-02	-7.915682e-02	-7.916035e-02	-4.959948e-02	9.408335e-01	9.408335e-01	8.983865e-01	1.203283e+00
3.430532e-02	-7.915079e-02	-7.915432e-02	-4.959790e-02	9.408686e-01	9.408686e-01	8.984507e-01	1.198239e+00
3.424658e-02	-7.914480e-02	-7.914833e-02	-4.959634e-02	9.409035e-01	9.409035e-01	8.985143e-01	1.193209e+00
3.418803e-02	-7.913886e-02	-7.914238e-02	-4.959479e-02	9.409381e-01	9.409381e-01	8.985775e-01	1.188194e+00
3.412969e-02	-7.913295e-02	-7.913648e-02	-4.959325e-02	9.409725e-01	9.409725e-01	8.986402e-01	1.183194e+00
3.407155e-02	-7.912709e-02	-7.913061e-02	-4.959172e-02	9.410067e-01	9.410067e-01	8.987025e-01	1.178208e+00
3.401361e-02	-7.912126e-02	-7.912479e-02	-4.959020e-02	9.410405e-01	9.410405e-01	8.987643e-01	1.173237e+00
3.395586e-02	-7.911548e-02	-7.911900e-02	-4.958869e-02	9.410742e-01	9.410742e-01	8.988256e-01	1.168280e+00
3.389831e-02	-7.910974e-02	-7.911326e-02	-4.958720e-02	9.411076e-01	9.411076e-01	8.988865e-01	1.163338e+00
3.384095e-02	-7.910403e-02	-7.910755e-02	-4.958571e-02	9.411407e-01	9.411407e-01	8.989470e-01	1.158411e+00
3.378378e-02	-7.909837e-02	-7.910189e-02	-4.958424e-02	9.411736e-01	9.411736e-01	8.990070e-01	1.153498e+00
3.372681e-02	-7.909275e-02	-7.909626e-02	-4.958277e-02	9.412063e-01	9.412063e-01	8.990666e-01	1.148600e+00
3.367003e-02	-7.908716e-02	-7.909067e-02	-4.958132e-02	9.412387e-01	9.412387e-01	8.991258e-01	1.143716e+00
3.361345e-02	-7.908161e-02	-7.908512e-02	-4.957988e-02	9.412709e-01	9.412709e-01	8.991845e-01	1.138847e+00
3.355705e-02	-7.907610e-02	-7.907961e-02	-4.957844e-02	9.413029e-01	9.413029e-01	8.992428e-01	1.133993e+00
3.350084e-02	-7.907063e-02	-7.907414e-02	-4.957702e-02	9.413346e-01	9.413346e-01	8.993007e-01	1.129153e+00
3.344482e-02	-7.906520e-02	-7.906871e-02	-4.957561e-02	9.413661e-01	9.413661e-01	8.993582e-01	1.124327e+00
3.338898e-02	-7.905981e-02	-7.906331e-02	-4.957421e-02	9.413974e-01	9.413974e-01	8.994152e-01	1.119517e+00
3.333333e-02	-7.905445e-02	-7.905795e-02	-4.957282e-02	9.414284e-01	9.414284e-01	8.994718e-01	1.114720e+00
3.327787e-02	-7.904913e-02	-7.905263e-02	-4.957144e-02	9.414592e-01	9.414592e-01	8.995280e-01	1.109939e+00
3.322259e-02	-7.904385e-02	-7.904735e-02	-4.957006e-02	9.414898e-01	9.414898e-01	8.995838e-01	1.105172e+00
3.316750e-02	-7.903860e-02	-7.904210e-02	-4.956870e-02	9.415202e-01	9.415202e-01	8.996392e-01	1.100419e+00
3.311258e-02	-7.903340e-02	-7.903689e-02	-4.956735e-02	9.415503e-01	9.415503e-01	8.996942e-01	1.095681e+00
3.305785e-02	-7.902822e-02	-7.903172e-02	-4.956601e-02	9.415802e-01	9.415802e-01	8.997488e-01	1.090958e+00
3.300330e-02	-7.902309e-02	-7.902658e-02	-4.956468e-02	9.416100e-01	9.416100e-01	8.998029e-01	1.086249e+00
3.294893e-02	-7.901799e-02	-7.902148e-02	-4.956336e-02	9.416394e-01	9.416394e-01	8.998567e-01	1.081555e+00
3.289474e-02	-7.901292e-02	-7.901641e-02	-4.956204e-02	9.416687e-01	9.416687e-01	8.999101e-01	1.076875e+00
3.284072e-02	-7.900789e-02	-7.901138e-02	-4.956074e-02	9.416978e-01	9.416978e-01	8.999631e-01	1.072209e+00
3.278689e-02	-7.900290e-02	-7.900638e-02	-4.955945e-02	9.417266e-01	9.417266e-01	9.000157e-01	1.067559e+00
3.273322e-02	-7.899794e-02	-7.900142e-02	-4.955816e-02	9.417553e-01	9.417553e-01	9.000680e-01	1.062922e+00
3.267974e-02	-7.899302e-02	-7.899650e-02	-4.955689e-02	9.417837e-01	9.417837e-01	9.001198e-01	1.058301e+00
3.262643e-02	-7.898813e-02	-7.899161e-02	-4.955562e-02	9.418119e-01	9.418119e-01	9.001713e-01	1.053694e+00
3.257329e-02	-7.898327e-02	-7.898675e-02	-4.955437e-02	9.418400e-01	9.418400e-01	9.002224e-01	1.049101e+00
3.252033e-02	-7.897845e-02	-7.898193e-02	-4.955312e-02	9.418678e-01	9.418678e-01	9.002731e-01	1.044523e+00
3.246753e-02	-7.897366e-02	-7.897714e-02	-4.955188e-02	9.418954e-01	9.418954e-01	9.003234e-01	1.039959e+00
3.241491e-02	-7.896891e-02	-7.897238e-02	-4.955065e-02	9.419228e-01	9.419228e-01	9.003734e-01	1.035410e+00
3.236246e-02	-7.896419e-02	-7.896766e-02	-4.954943e-02	9.419500e-01	9.419500e-01	9.004230e-01	1.030875e+00
3.231018e-02	-7.895950e-02	-7.896297e-02	-4.954822e-02	9.419770e-01	9.419770e-01	9.004722e-01	1.026355e+00
3.225806e-02	-7.895485e-02	-7.895832e-02	-4.954702e-02	9.420038e-01	9.420038e-01	9.005211e-01	1.021849e+00
3.220612e-02	-7.895023e-02	-7.895370e-02	-4.954583e-02	9.420304e-01	9.420304e-01	9.005697e-01	1.017358e+00
3.215434e-02	-7.894564e-02	-7.894911e-02	-4.954464e-02	9.420569e-01	9.420569e-01	9.006178e-01	1.012881e+00
3.210273e-02	-7.894108e-02	-7.894455e-02	-4.954347e-02	9.420831e-01	9.420831e-01	9.006656e-01	1.008419e+00
3.205128e-02	-7.893656e-02	-7.894002e-02	-4.954230e-02	9.421091e-01	9.421091e-01	9.007131e-01	1.003971e+00
3.200000e-02	-7.893207e-02	-7.893553e-02	-4.954114e-02	9.421350e-01	9.421350e-01	9.007602e-01	9.995373e-01
3.194888e-02	-7.892761e-02	-7.893107e-02	-4.953999e-02	9.421606e-01	9.421606e-01	9.008070e-01	9.951183e-01
3.189793e-02	-7.892318e-02	-7.892664e-02	-4.953885e-02	9.421861e-01	9.421861e-01	9.008534e-01	9.907138e-01
3.184713e-02	-7.891878e-02	-7.892224e-02	-4.953771e-02	9.422114e-01	9.422114e-01	9.008995e-01	9.863236e-01
3.179650e-02	-7.891442e-02	-7.891787e-02	-4.953659e-02	9.422365e-01	9.422365e-01	9.009452e-01	9.819479e-01
3.174603e-02	-7.891008e-02	-7.891354e-02	-4.953547e-02	9.422614e-01	9.422614e-01	9.009906e-01	9.775865e-01
3.169572e-02	-7.890578e-02	-7.890923e-02	-4.953436e-02	9.422861e-01	9.422861e-01	9.010357e-01	9.732396e-01
3.164557e-02	-7.890150e-02	-7.890495e-02	-4.953326e-02	9.423106e-01	9.423106e-01	9.010805e-01	9.689071e-01
3.159558e-02	-7.889726e-02	-7.890071e-02	-4.953217e-02	9.423350e-01	9.423350e-01	9.011249e-01	9.645889e-01
3.154574e-02	-7.889305e-02	-7.889649e-02	-4.953108e-02	9.423592e-01	9.423592e-01	9.011690e-01	9.602851e-01
3.149606e-02	-7.888886e-02	-7.889231e-02	-4.953000e-02	9.423832e-01	9.423832e-01	9.012127e-01	9.559957e-01
3.144654e-02	-7.888471e-02	-7.888815e-02	-4.952893e-02	9.424070e-01	9.424070e-01	9.012562e-01	9.517206e-01
3.139717e-02	-7.888059e-02	-7.888403e-02	-4.952787e-02	9.424307e-01	9.424307e-01	9.012993e-01	9.474599e-01
3.134796e-02	-7.887649e-02	-7.887993e-02	-4.952682e-02	9.424542e-01	9.424542e-01	9.013421e-01	9.432136e-01
3.129890e-02	-7.887242e-02	-7.887587e-02	-4.952577e-02	9.424775e-01	9.424775e-01	9.013846e-01	9.389815e-01
3.125000e-02	-7.886839e-02	-7.887183e-02	-4.952473e-02	9.425006e-01	9.425006e-01	9.014267e-01	9.347638e-01
3.120125e-02	-7.886438e-02	-7.886782e-02	-4.952370e-02	9.425236e-01	9.425236e-01	9.014686e-01	9.305604e-01
3.115265e-02	-7.886040e-02	-7.886384e-02	-4.952268e-02	9.425464e-01	9.425464e-01	9.015101e-01	9.263712e-01
3.110420e-02	-7.885645e-02	-7.885988e-02	-4.952167e-02	9.425691e-01	9.425691e-01	9.015514e-01	9.221964e-01
3.105590e-02	-7.885253e-02	-7.885596e-02	-4.952066e-02	9.425915e-01	9.425915e-01	9.015923e-01	9.180358e-01
3.100775e-02	-7.884863e-02	-7.885206e-02	-4.951966e-02	9.426138e-01	9.426138e-01	9.016330e-01	9.138895e-01
3.095975e-02	-7.884476e-02	-7.884820e-02	-4.951866e-02	9.426360e-01	9.426360e-01	9.016733e-01	9.097574e-01
3.091190e-02	-7.884092e-02	-7.884435e-02	-4.951768e-02	9.426579e-01	9.426579e-01	9.017134e-01	9.056396e-01
3.086420e-02	-7.883711e-02	-7.884054e-02	-4.951670e-02	9.426798e-01	9.426798e-01	9.017531e-01	9.015360e-01
3.081664e-02	-7.883333e-02	-7.883675e-02	-4.951572e-02	9.427014e-01	9.427014e-01	9.017926e-01	8.974467e-01
3.076923e-02	-7.882957e-02	-7.883300e-02	-4.951476e-02	9.427229e-01	9.427229e-01	9.018317e-01	8.933715e-01
3.072197e-02	-7.882584e-02	-7.882926e-02	-4.951380e-02	9.427442e-01	9.427442e-01	9.018706e-01	8.893105e-01
3.067485e-02	-7.882213e-02	-7.882556e-02	-4.951285e-02	9.427654e-01	9.427654e-01	9.019092e-01	8.852637e-01
3.062787e-02	-7.881846e-02	-7.882188e-02	-4.951191e-02	9.427864e-01	9.427864e-01	9.019475e-01	8.812310e-01
3.058104e-02	-7.881480e-02	-7.881823e-02	-4.951097e-02	9.428073e-01	9.428073e-01	9.019855e-01	8.772125e-01
3.053435e-02	-7.881118e-02	-7.881460e-02	-4.951004e-02	9.428280e-01	9.428280e-01	9.020232e-01	8.732081e-01
3.048780e-02	-7.880758e-02	-7.881100e-02	-4.950912e-02	9.428486e-01	9.428486e-01	9.020607e-01	8.692179e-01
3.044140e-02	-7.880401e-02	-7.880742e-02	-4.950820e-02	9.428690e-01	9.428690e-01	9.020979e-01	8.652417e-01
3.039514e-02	-7.880046e-02	-7.880388e-02	-4.950729e-02	9.428893e-01	9.428893e-01	9.021348e-01	8.612797e-01
3.034901e-02	-7.879694e-02	-7.880035e-02	-4.950639e-02	9.429094e-01	9.429094e-01	9.021714e-01	8.573317e-01
3.030303e-02	-7.879344e-02	-7.879685e-02	-4.950549e-02	9.429293e-01	9.429293e-01	9.022078e-01	8.533977e-01
3.025719e-02	-7.878997e-02	-7.879338e-02	-4.950460e-02	9.429492e-01	9.429492e-01	9.022438e-01	8.494778e-01
3.021148e-02	-7.878652e-02	-7.878993e-02	-4.950372e-02	9.429688e-01	9.429688e-01	9.022797e-01	8.455720e-01
3.016591e-02	-7.878310e-02	-7.878651e-02	-4.950284e-02	9.429883e-01	9.429883e-01	9.023152e-01	8.416801e-01
3.012048e-02	-7.877970e-02	-7.878311e-02	-4.950197e-02	9.430077e-01	9.430077e-01	9.023505e-01	8.378023e-01
3.007519e-02	-7.877633e-02	-7.877974e-02	-4.950111e-02	9.430270e-01	9.430270e-01	9.023856e-01	8.339384e-01
3.003003e-02	-7.877298e-02	-7.877639e-02	-4.950025e-02	9.430461e-01	9.430461e-01	9.024203e-01	8.300884e-01
2.998501e-02	-7.876965e-02	-7.877306e-02	-4.949940e-02	9.430650e-01	9.430650e-01	9.024548e-01	8.262525e-01
2.994012e-02	-7.876635e-02	-7.876976e-02	-4.949855e-02	9.430838e-01	9.430838e-01	9.024891e-01	8.224304e-01
2.989537e-02	-7.876308e-02	-7.876648e-02	-4.949772e-02	9.431025e-01	9.431025e-01	9.025231e-01	8.186222e-01
2.985075e-02	-7.875982e-02	-7.876323e-02	-4.949688e-02	9.431210e-01	9.431210e-01	9.025569e-01	8.148280e-01
2.980626e-02	-7.875659e-02	-7.875999e-02	-4.949606e-02	9.431394e-01	9.431394e-01	9.025904e-01	8.110476e-01
2.976190e-02	-7.875339e-02	-7.875679e-02	-4.949524e-02	9.431577e-01	9.431577e-01	9.026236e-01	8.072811e-01
2.971768e-02	-7.875020e-02	-7.875360e-02	-4.949442e-02	9.431758e-01	9.431758e-01	9.026566e-01	8.035284e-01
2.967359e-02	-7.874704e-02	-7.875044e-02	-4.949361e-02	9.431938e-01	9.431938e-01	9.026894e-01	7.997895e-01
2.962963e-02	-7.874390e-02	-7.874730e-02	-4.949281e-02	9.432117e-01	9.432117e-01	9.027219e-01	7.960644e-01
2.958580e-02	-7.874079e-02	-7.874418e-02	-4.949201e-02	9.432294e-01	9.432294e-01	9.027542e-01	7.923531e-01
2.954210e-02	-7.873770e-02	-7.874109e-02	-4.949122e-02	9.432470e-01	9.432470e-01	9.027862e-01	7.886555e-01
2.949853e-02	-7.873463e-02	-7.873802e-02	-4.949044e-02	9.432645e-01	9.432645e-01	9.028180e-01	7.849717e-01
2.945508e-02	-7.873158e-02	-7.873497e-02	-4.948966e-02	9.432818e-01	9.432818e-01	9.028496e-01	7.813015e-01
2.941176e-02	-7.872855e-02	-7.873194e-02	-4.948888e-02	9.432990e-01	9.432990e-01	9.028809e-01	7.776451e-01
2.936858e-02	-7.872555e-02	-7.872894e-02	-4.948812e-02	9.433161e-01	9.433161e-01	9.029120e-01	7.740024e-01
2.932551e-02	-7.872256e-02	-7.872595e-02	-4.948736e-02	9.433330e-01	9.433330e-01	9.029429e-01	7.703733e-01
2.928258e-02	-7.871960e-02	-7.872299e-02	-4.948660e-02	9.433499e-01	9.433499e-01	9.029735e-01	7.667578e-01
2.923977e-02	-7.871666e-02	-7.872005e-02	-4.948585e-02	9.433666e-01	9.433666e-01	9.030039e-01	7.631560e-01
2.919708e-02	-7.871375e-02	-7.871713e-02	-4.948510e-02	9.433832e-01	9.433832e-01	9.030341e-01	7.595677e-01
2.915452e-02	-7.871085e-02	-7.871424e-02	-4.948436e-02	9.433996e-01	9.433996e-01	9.030641e-01	7.559930e-01
2.911208e-02	-7.870797e-02	-7.871136e-02	-4.948363e-02	9.434160e-01	9.434160e-01	9.030938e-01	7.524319e-01
2.906977e-02	-7.870512e-02	-7.870850e-02	-4.948290e-02	9.434322e-01	9.434322e-01	9.031233e-01	7.488843e-01
2.902758e-02	-7.870228e-02	-7.870567e-02	-4.948218e-02	9.434483e-01	9.434483e-01	9.031526e-01	7.453501e-01
2.898551e-02	-7.869947e-02	-7.870285e-02	-4.948146e-02	9.434642e-01	9.434642e-01	9.031817e-01	7.418295e-01
2.894356e-02	-7.869668e-02	-7.870006e-02	-4.948074e-02	9.434801e-01	9.434801e-01	9.032106e-01	7.383223e-01
2.890173e-02	-7.869390e-02	-7.869728e-02	-4.948004e-02	9.434958e-01	9.434958e-01	9.032392e-01	7.348285e-01
2.886003e-02	-7.869115e-02	-7.869453e-02	-4.947933e-02	9.435115e-01	9.435115e-01	9.032677e-01	7.313482e-01
2.881844e-02	-7.868842e-02	-7.869180e-02	-4.947864e-02	9.435270e-01	9.435270e-01	9.032959e-01	7.278812e-01
2.877698e-02	-7.868570e-02	-7.868908e-02	-4.947794e-02	9.435424e-01	9.435424e-01	9.033239e-01	7.244276e-01
2.873563e-02	-7.868301e-02	-7.868639e-02	-4.947726e-02	9.435576e-01	9.435576e-01	9.033517e-01	7.209873e-01
2.869440e-02	-7.868034e-02	-7.868371e-02	-4.947657e-02	9.435728e-01	9.435728e-01	9.033793e-01	7.175604e-01
2.865330e-02	-7.867768e-02	-7.868106e-02	-4.947590e-02	9.435879e-01	9.435879e-01	9.034067e-01	7.141467e-01
2.861230e-02	-7.867505e-02	-7.867842e-02	-4.947523e-02	9.436028e-01	9.436028e-01	9.034339e-01	7.107463e-01
2.857143e-02	-7.867243e-02	-7.867580e-02	-4.947456e-02	9.436176e-01	9.436176e-01	9.034608e-01	7.073591e-01
2.853067e-02	-7.866983e-02	-7.867321e-02	-4.947390e-02	9.436323e-01	9.436323e-01	9.034876e-01	7.039851e-01
2.849003e-02	-7.866726e-02	-7.867063e-02	-4.947324e-02	9.436470e-01	9.436470e-01	9.035142e-01	7.006243e-01
2.844950e-02	-7.866470e-02	-7.866807e-02	-4.947259e-02	9.436615e-01	9.436615e-01	9.035406e-01	6.972767e-01
2.840909e-02	-7.866216e-02	-7.866553e-02	-4.947194e-02	9.436758e-01	9.436758e-01	9.035668e-01	6.939422e-01
2.836879e-02	-7.865963e-02	-7.866300e-02	-4.947130e-02	9.436901e-01	9.436901e-01	9.035928e-01	6.906208e-01
2.832861e-02	-7.865713e-02	-7.866050e-02	-4.947066e-02	9.437043e-01	9.437043e-01	9.036186e-01	6.873125e-01
2.828854e-02	-7.865465e-02	-7.865801e-02	-4.947003e-02	9.437184e-01	9.437184e-01	9.036442e-01	6.840172e-01
2.824859e-02	-7.865218e-02	-7.865554e-02	-4.946940e-02	9.437324e-01	9.437324e-01	9.036696e-01	6.807350e-01
2.820874e-02	-7.864973e-02	-7.865309e-02	-4.946877e-02	9.437462e-01	9.437462e-01	9.036948e-01	6.774658e-01
2.816901e-02	-7.864730e-02	-7.865066e-02	-4.946815e-02	9.437600e-01	9.437600e-01	9.037199e-01	6.742096e-01
2.812940e-02	-7.864488e-02	-7.864825e-02	-4.946754e-02	9.437736e-01	9.437736e-01	9.037447e-01	6.709663e-01
2.808989e-02	-7.864249e-02	-7.864585e-02	-4.946693e-02	9.437872e-01	9.437872e-01	9.037694e-01	6.677359e-01
2.805049e-02	-7.864011e-02	-7.864347e-02	-4.946632e-02	9.438007e-01	9.438007e-01	9.037939e-01	6.645184e-01
2.801120e-02	-7.863775e-02	-7.864111e-02	-4.946572e-02	9.438140e-01	9.438140e-01	9.038182e-01	6.613138e-01
2.797203e-02	-7.863540e-02	-7.863876e-02	-4.946512e-02	9.438273e-01	9.438273e-01	9.038423e-01	6.581220e-01
2.793296e-02	-7.863308e-02	-7.863643e-02	-4.946453e-02	9.438404e-01	9.438404e-01	9.038662e-01	6.549431e-01
2.789400e-02	-7.863077e-02	-7.863412e-02	-4.946394e-02	9.438535e-01	9.438535e-01	9.038900e-01	6.517769e-01
2.785515e-02	-7.862847e-02	-7.863183e-02	-4.946336e-02	9.438665e-01	9.438665e-01	9.039136e-01	6.486235e-01
2.781641e-02	-7.862620e-02	-7.862955e-02	-4.946278e-02	9.438793e-01	9.438793e-01	9.039370e-01	6.454828e-01
2.777778e-02	-7.862394e-02	-7.862729e-02	-4.946220e-02	9.438921e-01	9.438921e-01	9.039602e-01	6.423548e-01
2.773925e-02	-7.862169e-02	-7.862505e-02	-4.946163e-02	9.439048e-01	9.439048e-01	9.039832e-01	6.392394e-01
2.770083e-02	-7.861947e-02	-7.862282e-02	-4.946107e-02	9.439174e-01	9.439174e-01	9.040061e-01	6.361367e-01
2.766252e-02	-7.861726e-02	-7.862061e-02	-4.946050e-02	9.439299e-01	9.439299e-01	9.040288e-01	6.330466e-01
2.762431e-02	-7.861506e-02	-7.861841e-02	-4.945995e-02	9.439423e-01	9.439423e-01	9.040514e-01	6.299691e-01
2.758621e-02	-7.861288e-02	-7.861624e-02	-4.945939e-02	9.439546e-01	9.439546e-01	9.040738e-01	6.269042e-01
2.754821e-02	-7.861072e-02	-7.861407e-02	-4.945884e-02	9.439668e-01	9.439668e-01	9.040960e-01	6.238517e-01
2.751032e-02	-7.860858e-02	-7.861193e-02	-4.945830e-02	9.439789e-01	9.439789e-01	9.041180e-01	6.208118e-01
2.747253e-02	-7.860644e-02	-7.860979e-02	-4.945775e-02	9.439909e-01	9.439909e-01	9.041399e-01	6.177843e-01
2.743484e-02	-7.860433e-02	-7.860768e-02	-4.945722e-02	9.440029e-01	9.440029e-01	9.041616e-01	6.147693e-01
2.739726e-02	-7.860223e-02	-7.860558e-02	-4.945668e-02	9.440147e-01	9.440147e-01	9.041832e-01	6.117666e-01
2.735978e-02	-7.860015e-02	-7.860349e-02	-4.945615e-02	9.440265e-01	9.440265e-01	9.042045e-01	6.087763e-01
2.732240e-02	-7.859808e-02	-7.860142e-02	-4.945563e-02	9.440382e-01	9.440382e-01	9.042258e-01	6.057984e-01
2.728513e-02	-7.859602e-02	-7.859937e-02	-4.945510e-02	9.440498e-01	9.440498e-01	9.042469e-01	6.028328e-01
2.724796e-02	-7.859398e-02	-7.859733e-02	-4.945459e-02	9.440613e-01	9.440613e-01	9.042678e-01	5.998794e-01
2.721088e-02	-7.859196e-02	-7.859531e-02	-4.945407e-02	9.440727e-01	9.440727e-01	9.042885e-01	5.969383e-01
2.717391e-02	-7.858995e-02	-7.859330e-02	-4.945356e-02	9.440840e-01	9.440840e-01	9.043091e-01	5.940095e-01
2.713704e-02	-7.858796e-02	-7.859130e-02	-4.945305e-02	9.440953e-01	9.440953e-01	9.043296e-01	5.910928e-01
2.710027e-02	-7.858598e-02	-7.858932e-02	-4.945255e-02	9.441064e-01	9.441064e-01	9.043499e-01	5.881883e-01
2.706360e-02	-7.858401e-02	-7.858735e-02	-4.945205e-02	9.441175e-01	9.441175e-01	9.043700e-01	5.852959e-01
2.702703e-02	-7.858206e-02	-7.858540e-02	-4.945156e-02	9.441285e-01	9.441285e-01	9.043900e-01	5.824155e-01
2.699055e-02	-7.858013e-02	-7.858347e-02	-4.945106e-02	9.441394e-01	9.441394e-01	9.044098e-01	5.795473e-01
2.695418e-02	-7.857820e-02	-7.858154e-02	-4.945057e-02	9.441503e-01	9.441503e-01	9.044295e-01	5.766911e-01
2.691790e-02	-7.857630e-02	-7.857964e-02	-4.945009e-02	9.441610e-01	9.441610e-01	9.044491e-01	5.738469e-01
2.688172e-02	-7.857440e-02	-7.857774e-02	-4.944961e-02	9.441717e-01	9.441717e-01	9.044685e-01	5.710146e-01
2.684564e-02	-7.857252e-02	-7.857586e-02	-4.944913e-02	9.441823e-01	9.441823e-01	9.044877e-01	5.681943e-01
2.680965e-02	-7.857066e-02	-7.857399e-02	-4.944866e-02	9.441928e-01	9.441928e-01	9.045069e-01	5.653859e-01
2.677376e-02	-7.856880e-02	-7.857214e-02	-4.944819e-02	9.442032e-01	9.442032e-01	9.045258e-01	5.625894e-01
2.673797e-02	-7.856697e-02	-7.857030e-02	-4.944772e-02	9.442136e-01	9.442136e-01	9.045446e-01	5.598047e-01
2.670227e-02	-7.856514e-02	-7.856847e-02	-4.944726e-02	9.442239e-01	9.442239e-01	9.045633e-01	5.570318e-01
2.666667e-02	-7.856333e-02	-7.856666e-02	-4.944680e-02	9.442341e-01	9.442341e-01	9.045819e-01	5.542707e-01
2.663116e-02	-7.856153e-02	-7.856486e-02	-4.944634e-02	9.442442e-01	9.442442e-01	9.046003e-01	5.515213e-01
2.659574e-02	-7.855974e-02	-7.856308e-02	-4.944588e-02	9.442543e-01	9.442543e-01	9.046186e-01	5.487837e-01
2.656042e-02	-7.855797e-02	-7.856130e-02	-4.944543e-02	9.442642e-01	9.442642e-01	9.046367e-01	5.460577e-01
2.652520e-02	-7.855621e-02	-7.855954e-02	-4.944499e-02	9.442741e-01	9.442741e-01	9.046547e-01	5.433433e-01
2.649007e-02	-7.855447e-02	-7.855780e-02	-4.944454e-02	9.442840e-01	9.442840e-01	9.046725e-01	5.406406e-01
2.645503e-02	-7.855273e-02	-7.855606e-02	-4.944410e-02	9.442937e-01	9.442937e-01	9.046903e-01	5.379495e-01
2.642008e-02	-7.855101e-02	-7.855434e-02	-4.944367e-02	9.443034e-01	9.443034e-01	9.047079e-01	5.352699e-01
2.638522e-02	-7.854931e-02	-7.855263e-02	-4.944323e-02	9.443130e-01	9.443130e-01	9.047253e-01	5.326018e-01
2.635046e-02	-7.854761e-02	-7.855094e-02	-4.944280e-02	9.443226e-01	9.443226e-01	9.047427e-01	5.299452e-01
2.631579e-02	-7.854593e-02	-7.854926e-02	-4.944238e-02	9.443320e-01	9.443320e-01	9.047599e-01	5.273001e-01
2.628121e-02	-7.854426e-02	-7.854758e-02	-4.944195e-02	9.443414e-01	9.443414e-01	9.047769e-01	5.246664e-01
2.624672e-02	-7.854260e-02	-7.854593e-02	-4.944153e-02	9.443508e-01	9.443508e-01	9.047939e-01	5.220440e-01
2.621232e-02	-7.854095e-02	-7.854428e-02	-4.944111e-02	9.443600e-01	9.443600e-01	9.048107e-01	5.194330e-01
2.617801e-02	-7.853932e-02	-7.854264e-02	-4.944070e-02	9.443692e-01	9.443692e-01	9.048274e-01	5.168334e-01
2.614379e-02	-7.853770e-02	-7.854102e-02	-4.944029e-02	9.443783e-01	9.443783e-01	9.048439e-01	5.142450e-01
2.610966e-02	-7.853609e-02	-7.853941e-02	-4.943988e-02	9.443874e-01	9.443874e-01	9.048604e-01	5.116678e-01
2.607562e-02	-7.853449e-02	-7.853781e-02	-4.943947e-02	9.443964e-01	9.443964e-01	9.048767e-01	5.091019e-01
2.604167e-02	-7.853290e-02	-7.853623e-02	-4.943907e-02	9.444053e-01	9.444053e-01	9.048929e-01	5.065472e-01
2.600780e-02	-7.853133e-02	-7.853465e-02	-4.943867e-02	9.444141e-01	9.444141e-01	9.049090e-01	5.040036e-01
2.597403e-02	-7.852977e-02	-7.853309e-02	-4.943827e-02	9.444229e-01	9.444229e-01	9.049249e-01	5.014711e-01
2.594034e-02	-7.852822e-02	-7.853154e-02	-4.943788e-02	9.444316e-01	9.444316e-01	9.049408e-01	4.989497e-01
2.590674e-02	-7.852668e-02	-7.853000e-02	-4.943749e-02	9.444403e-01	9.444403e-01	9.049565e-01	4.964394e-01
2.587322e-02	-7.852515e-02	-7.852847e-02	-4.943710e-02	9.444489e-01	9.444489e-01	9.049721e-01	4.939401e-01
2.583979e-02	-7.852363e-02	-7.852695e-02	-4.943672e-02	9.444574e-01	9.444574e-01	9.049876e-01	4.914517e-01
2.580645e-02	-7.852212e-02	-7.852544e-02	-4.943634e-02	9.444659e-01	9.444659e-01	9.050029e-01	4.889743e-01
2.577320e-02	-7.852063e-02	-7.852395e-02	-4.943596e-02	9.444743e-01	9.444743e-01	9.050182e-01	4.865079e-01
2.574003e-02	-7.851915e-02	-7.852246e-02	-4.943558e-02	9.444826e-01	9.444826e-01	9.050333e-01	4.840523e-01
2.570694e-02	-7.851767e-02	-7.852099e-02	-4.943521e-02	9.444909e-01	9.444909e-01	9.050483e-01	4.816075e-01
2.567394e-02	-7.851621e-02	-7.851953e-02	-4.943484e-02	9.444991e-01	9.444991e-01	9.050632e-01	4.791736e-01
2.564103e-02	-7.851476e-02	-7.851808e-02	-4.943447e-02	9.445072e-01	9.445072e-01	9.050780e-01	4.767504e-01
2.560819e-02	-7.851332e-02	-7.851664e-02	-4.943410e-02	9.445153e-01	9.445153e-01	9.050927e-01	4.743380e-01
2.557545e-02	-7.851189e-02	-7.851521e-02	-4.943374e-02	9.445233e-01	9.445233e-01	9.051073e-01	4.719363e-01
2.554278e-02	-7.851047e-02	-7.851379e-02	-4.943338e-02	9.445313e-01	9.445313e-01	9.051218e-01	4.695453e-01
2.551020e-02	-7.850906e-02	-7.851238e-02	-4.943302e-02	9.445392e-01	9.445392e-01	9.051361e-01	4.671649e-01
2.547771e-02	-7.850766e-02	-7.851098e-02	-4.943267e-02	9.445471e-01	9.445471e-01	9.051504e-01	4.647952e-01
2.544529e-02	-7.850628e-02	-7.850959e-02	-4.943232e-02	9.445548e-01	9.445548e-01	9.051645e-01	4.624360e-01
2.541296e-02	-7.850490e-02	-7.850821e-02	-4.943197e-02	9.445626e-01	9.445626e-01	9.051786e-01	4.600873e-01
2.538071e-02	-7.850353e-02	-7.850684e-02	-4.943162e-02	9.445703e-01	9.445703e-01	9.051925e-01	4.577492e-01
2.534854e-02	-7.850217e-02	-7.850548e-02	-4.943128e-02	9.445779e-01	9.445779e-01	9.052063e-01	4.554215e-01
2.531646e-02	-7.850083e-02	-7.850414e-02	-4.943093e-02	9.445854e-01	9.445854e-01	9.052200e-01	4.531043e-01
2.528445e-02	-7.849949e-02	-7.850280e-02	-4.943059e-02	9.445929e-01	9.445929e-01	9.052337e-01	4.507975e-01
2.525253e-02	-7.849816e-02	-7.850147e-02	-4.943026e-02	9.446004e-01	9.446004e-01	9.052472e-01	4.485010e-01
2.522068e-02	-7.849684e-02	-7.850015e-02	-4.942992e-02	9.446078e-01	9.446078e-01	9.052606e-01	4.462149e-01
2.518892e-02	-7.849554e-02	-7.849884e-02	-4.942959e-02	9.446151e-01	9.446151e-01	9.052739e-01	4.439391e-01
2.515723e-02	-7.849424e-02	-7.849755e-02	-4.942926e-02	9.446224e-01	9.446224e-01	9.052871e-01	4.416736e-01
2.512563e-02	-7.849295e-02	-7.849626e-02	-4.942894e-02	9.446296e-01	9.446296e-01	9.053002e-01	4.394182e-01
2.509410e-02	-7.849167e-02	-7.849498e-02	-4.942861e-02	9.446368e-01	9.446368e-01	9.053133e-01	4.371731e-01
2.506266e-02	-7.849040e-02	-7.849371e-02	-4.942829e-02	9.446439e-01	9.446439e-01	9.053262e-01	4.349382e-01
2.503129e-02	-7.848914e-02	-7.849245e-02	-4.942797e-02	9.446510e-01	9.446510e-01	9.053390e-01	4.327134e-01
2.500000e-02	-7.848789e-02	-7.849120e-02	-4.942765e-02	9.446580e-01	9.446580e-01	9.053517e-01	4.304986e-01
2.496879e-02	-7.848665e-02	-7.848995e-02	-4.942734e-02	9.446649e-01	9.446649e-01	9.053643e-01	4.282940e-01
2.493766e-02	-7.848541e-02	-7.848872e-02	-4.942703e-02	9.446718e-01	9.446718e-01	9.053769e-01	4.260994e-01
2.490660e-02	-7.848419e-02	-7.848750e-02	-4.942672e-02	9.446787e-01	9.446787e-01	9.053893e-01	4.239147e-01
2.487562e-02	-7.848298e-02	-7.848628e-02	-4.942641e-02	9.446855e-01	9.446855e-01	9.054017e-01	4.217401e-01
2.484472e-02	-7.848177e-02	-7.848508e-02	-4.942610e-02	9.446923e-01	9.446923e-01	9.054139e-01	4.195753e-01
2.481390e-02	-7.848058e-02	-7.848388e-02	-4.942580e-02	9.446990e-01	9.446990e-01	9.054261e-01	4.174204e-01
2.478315e-02	-7.847939e-02	-7.848269e-02	-4.942550e-02	9.447056e-01	9.447056e-01	9.054382e-01	4.152755e-01
2.475248e-02	-7.847821e-02	-7.848151e-02	-4.942520e-02	9.447122e-01	9.447122e-01	9.054501e-01	4.131403e-01
2.472188e-02	-7.847704e-02	-7.848034e-02	-4.942490e-02	9.447188e-01	9.447188e-01	9.054620e-01	4.110149e-01
2.469136e-02	-7.847588e-02	-7.847918e-02	-4.942461e-02	9.447253e-01	9.447253e-01	9.054738e-01	4.088992e-01
2.466091e-02	-7.847473e-02	-7.847803e-02	-4.942432e-02	9.447317e-01	9.447317e-01	9.054856e-01	4.067933e-01
2.463054e-02	-7.847358e-02	-7.847688e-02	-4.942403e-02	9.447381e-01	9.447381e-01	9.054972e-01	4.046971e-01
2.460025e-02	-7.847245e-02	-7.847575e-02	-4.942374e-02	9.447445e-01	9.447445e-01	9.055087e-01	4.026106e-01
2.457002e-02	-7.847132e-02	-7.847462e-02	-4.942345e-02	9.447508e-01	9.447508e-01	9.055202e-01	4.005336e-01
2.453988e-02	-7.847020e-02	-7.847350e-02	-4.942317e-02	9.447571e-01	9.447571e-01	9.055315e-01	3.984662e-01
2.450980e-02	-7.846909e-02	-7.847239e-02	-4.942289e-02	9.447633e-01	9.447633e-01	9.055428e-01	3.964084e-01
2.447980e-02	-7.846799e-02	-7.847129e-02	-4.942261e-02	9.447695e-01	9.447695e-01	9.055540e-01	3.943601e-01
2.444988e-02	-7.846689e-02	-7.847019e-02	-4.942233e-02	9.447756e-01	9.447756e-01	9.055651e-01	3.923213e-01
