# Finite Temperature Data for Kitaev Ladder
# chi_max = 300, h = 0.4000
# Columns: T | Sigmax | Sigmay | Sigmaz | S1 | S2 | Wp | Cv
# 
2.000000e+01	-3.593531e-02	-3.593534e-02	-3.576733e-02	3.090177e-05	3.090177e-05	-4.280234e-08	2.049537e-01
1.000000e+01	-5.074362e-02	-5.074384e-02	-5.037768e-02	1.518260e-04	1.518260e-04	3.241631e-07	7.547697e-01
6.666667e+00	-6.349825e-02	-6.349885e-02	-6.287167e-02	4.495863e-04	4.495863e-04	3.438310e-06	1.532805e+00
5.000000e+00	-7.435033e-02	-7.435153e-02	-7.341145e-02	1.011002e-03	1.011002e-03	1.489982e-05	2.418657e+00
4.000000e+00	-8.350082e-02	-8.350281e-02	-8.220873e-02	1.909456e-03	1.909456e-03	4.399689e-05	3.309129e+00
3.333333e+00	-9.117086e-02	-9.117379e-02	-8.949454e-02	3.196325e-03	3.196325e-03	1.030725e-04	4.129043e+00
2.857143e+00	-9.757967e-02	-9.758365e-02	-9.549679e-02	4.898579e-03	4.898579e-03	2.061392e-04	4.832798e+00
2.500000e+00	-1.029306e-01	-1.029357e-01	-1.004261e-01	7.020772e-03	7.020772e-03	3.673140e-04	5.400049e+00
2.222222e+00	-1.074039e-01	-1.074102e-01	-1.044687e-01	9.549430e-03	9.549430e-03	5.994583e-04	5.828972e+00
2.000000e+00	-1.111544e-01	-1.111618e-01	-1.077841e-01	1.245816e-02	1.245816e-02	9.132370e-04	6.129542e+00
1.818182e+00	-1.143122e-01	-1.143208e-01	-1.105061e-01	1.571248e-02	1.571248e-02	1.316633e-03	6.318054e+00
1.666667e+00	-1.169850e-01	-1.169947e-01	-1.127450e-01	1.927380e-02	1.927380e-02	1.814844e-03	6.413189e+00
1.538462e+00	-1.192609e-01	-1.192716e-01	-1.145912e-01	2.310248e-02	2.310248e-02	2.410458e-03	6.433502e+00
1.428571e+00	-1.212115e-01	-1.212233e-01	-1.161177e-01	2.715991e-02	2.715991e-02	3.103794e-03	6.396006e+00
1.333333e+00	-1.228950e-01	-1.229077e-01	-1.173837e-01	3.140989e-02	3.140989e-02	3.893313e-03	6.315501e+00
1.250000e+00	-1.243583e-01	-1.243719e-01	-1.184369e-01	3.581939e-02	3.581939e-02	4.776052e-03	6.204392e+00
1.176471e+00	-1.256393e-01	-1.256538e-01	-1.193157e-01	4.035889e-02	4.035889e-02	5.748020e-03	6.072775e+00
1.111111e+00	-1.267688e-01	-1.267841e-01	-1.200510e-01	4.500246e-02	4.500246e-02	6.804550e-03	5.928676e+00
1.052632e+00	-1.277717e-01	-1.277878e-01	-1.206678e-01	4.972759e-02	4.972759e-02	7.940586e-03	5.778334e+00
1.000000e+00	-1.286681e-01	-1.286850e-01	-1.211863e-01	5.451499e-02	5.451499e-02	9.150918e-03	5.626498e+00
9.523810e-01	-1.294747e-01	-1.294922e-01	-1.216228e-01	5.934827e-02	5.934827e-02	1.043036e-02	5.476702e+00
9.090909e-01	-1.302048e-01	-1.302230e-01	-1.219907e-01	6.421360e-02	6.421360e-02	1.177388e-02	5.331503e+00
8.695652e-01	-1.308696e-01	-1.308884e-01	-1.223006e-01	6.909945e-02	6.909945e-02	1.317668e-02	5.192692e+00
8.333333e-01	-1.314782e-01	-1.314975e-01	-1.225615e-01	7.399624e-02	7.399624e-02	1.463427e-02	5.061462e+00
8.000000e-01	-1.320380e-01	-1.320579e-01	-1.227806e-01	7.889610e-02	7.889610e-02	1.614250e-02	4.938546e+00
7.692308e-01	-1.325555e-01	-1.325759e-01	-1.229638e-01	8.379259e-02	8.379259e-02	1.769757e-02	4.824332e+00
7.407407e-01	-1.330359e-01	-1.330567e-01	-1.231160e-01	8.868050e-02	8.868050e-02	1.929602e-02	4.718950e+00
7.142857e-01	-1.334835e-01	-1.335048e-01	-1.232413e-01	9.355566e-02	9.355566e-02	2.093473e-02	4.622341e+00
6.896552e-01	-1.339020e-01	-1.339237e-01	-1.233430e-01	9.841476e-02	9.841476e-02	2.261094e-02	4.534314e+00
6.666667e-01	-1.342947e-01	-1.343168e-01	-1.234239e-01	1.032552e-01	1.032552e-01	2.432214e-02	4.454583e+00
6.451613e-01	-1.346641e-01	-1.346866e-01	-1.234863e-01	1.080751e-01	1.080751e-01	2.606615e-02	4.382803e+00
6.250000e-01	-1.350126e-01	-1.350355e-01	-1.235323e-01	1.128728e-01	1.128728e-01	2.784102e-02	4.318592e+00
6.060606e-01	-1.353421e-01	-1.353653e-01	-1.235635e-01	1.176474e-01	1.176474e-01	2.964506e-02	4.261549e+00
5.882353e-01	-1.356543e-01	-1.356778e-01	-1.235812e-01	1.223980e-01	1.223980e-01	3.147675e-02	4.211268e+00
5.714286e-01	-1.359506e-01	-1.359744e-01	-1.235868e-01	1.271243e-01	1.271243e-01	3.333481e-02	4.167346e+00
5.555556e-01	-1.362323e-01	-1.362564e-01	-1.235810e-01	1.318260e-01	1.318260e-01	3.521809e-02	4.129393e+00
5.405405e-01	-1.365005e-01	-1.365250e-01	-1.235650e-01	1.365029e-01	1.365029e-01	3.712560e-02	4.097031e+00
5.263158e-01	-1.367563e-01	-1.367810e-01	-1.235393e-01	1.411553e-01	1.411553e-01	3.905648e-02	4.069902e+00
5.128205e-01	-1.370004e-01	-1.370253e-01	-1.235047e-01	1.457832e-01	1.457832e-01	4.100998e-02	4.047669e+00
5.000000e-01	-1.372336e-01	-1.372588e-01	-1.234617e-01	1.503869e-01	1.503869e-01	4.298546e-02	4.030012e+00
4.878049e-01	-1.374565e-01	-1.374820e-01	-1.234109e-01	1.549668e-01	1.549668e-01	4.498237e-02	4.016635e+00
4.761905e-01	-1.376699e-01	-1.376955e-01	-1.233526e-01	1.595232e-01	1.595232e-01	4.700021e-02	4.007260e+00
4.651163e-01	-1.378741e-01	-1.379000e-01	-1.232873e-01	1.640565e-01	1.640565e-01	4.903856e-02	4.001631e+00
4.545455e-01	-1.380697e-01	-1.380958e-01	-1.232153e-01	1.685673e-01	1.685673e-01	5.109706e-02	3.999510e+00
4.444444e-01	-1.382572e-01	-1.382835e-01	-1.231369e-01	1.730558e-01	1.730558e-01	5.317539e-02	4.000676e+00
4.347826e-01	-1.384368e-01	-1.384633e-01	-1.230524e-01	1.775227e-01	1.775227e-01	5.527327e-02	4.004926e+00
4.255319e-01	-1.386091e-01	-1.386357e-01	-1.229621e-01	1.819682e-01	1.819682e-01	5.739046e-02	4.012072e+00
4.166667e-01	-1.387742e-01	-1.388010e-01	-1.228662e-01	1.863929e-01	1.863929e-01	5.952674e-02	4.021940e+00
4.081633e-01	-1.389325e-01	-1.389594e-01	-1.227649e-01	1.907971e-01	1.907971e-01	6.168190e-02	4.034370e+00
4.000000e-01	-1.390842e-01	-1.391113e-01	-1.226585e-01	1.951814e-01	1.951814e-01	6.385578e-02	4.049216e+00
3.921569e-01	-1.392297e-01	-1.392569e-01	-1.225471e-01	1.995460e-01	1.995460e-01	6.604821e-02	4.066340e+00
3.846154e-01	-1.393691e-01	-1.393965e-01	-1.224309e-01	2.038915e-01	2.038915e-01	6.825903e-02	4.085618e+00
3.773585e-01	-1.395026e-01	-1.395301e-01	-1.223101e-01	2.082180e-01	2.082180e-01	7.048812e-02	4.106932e+00
3.703704e-01	-1.396305e-01	-1.396581e-01	-1.221848e-01	2.125261e-01	2.125261e-01	7.273532e-02	4.130176e+00
3.636364e-01	-1.397529e-01	-1.397807e-01	-1.220553e-01	2.168160e-01	2.168160e-01	7.500051e-02	4.155250e+00
3.571429e-01	-1.398701e-01	-1.398979e-01	-1.219215e-01	2.210880e-01	2.210880e-01	7.728356e-02	4.182062e+00
3.508772e-01	-1.399820e-01	-1.400100e-01	-1.217838e-01	2.253424e-01	2.253424e-01	7.958434e-02	4.210525e+00
3.448276e-01	-1.400890e-01	-1.401171e-01	-1.216421e-01	2.295795e-01	2.295795e-01	8.190271e-02	4.240560e+00
3.389831e-01	-1.401912e-01	-1.402193e-01	-1.214967e-01	2.337995e-01	2.337995e-01	8.423856e-02	4.272092e+00
3.333333e-01	-1.402886e-01	-1.403168e-01	-1.213477e-01	2.380027e-01	2.380027e-01	8.659173e-02	4.305051e+00
3.278689e-01	-1.403814e-01	-1.404097e-01	-1.211951e-01	2.421892e-01	2.421892e-01	8.896210e-02	4.339373e+00
3.225806e-01	-1.404698e-01	-1.404981e-01	-1.210391e-01	2.463593e-01	2.463593e-01	9.134952e-02	4.374996e+00
3.174603e-01	-1.405538e-01	-1.405822e-01	-1.208799e-01	2.505132e-01	2.505132e-01	9.375384e-02	4.411862e+00
3.125000e-01	-1.406336e-01	-1.406620e-01	-1.207174e-01	2.546509e-01	2.546509e-01	9.617492e-02	4.449916e+00
3.076923e-01	-1.407092e-01	-1.407377e-01	-1.205519e-01	2.587727e-01	2.587727e-01	9.861258e-02	4.489107e+00
3.030303e-01	-1.407807e-01	-1.408093e-01	-1.203835e-01	2.628787e-01	2.628787e-01	1.010667e-01	4.529385e+00
2.985075e-01	-1.408484e-01	-1.408770e-01	-1.202121e-01	2.669689e-01	2.669689e-01	1.035370e-01	4.570705e+00
2.941176e-01	-1.409121e-01	-1.409408e-01	-1.200380e-01	2.710435e-01	2.710435e-01	1.060235e-01	4.613021e+00
2.898551e-01	-1.409721e-01	-1.410008e-01	-1.198612e-01	2.751026e-01	2.751026e-01	1.085258e-01	4.656291e+00
2.857143e-01	-1.410284e-01	-1.410571e-01	-1.196819e-01	2.791462e-01	2.791462e-01	1.110438e-01	4.700473e+00
2.816901e-01	-1.410810e-01	-1.411098e-01	-1.195000e-01	2.831744e-01	2.831744e-01	1.135774e-01	4.745528e+00
2.777778e-01	-1.411301e-01	-1.411589e-01	-1.193158e-01	2.871872e-01	2.871872e-01	1.161262e-01	4.791419e+00
2.739726e-01	-1.411758e-01	-1.412046e-01	-1.191292e-01	2.911847e-01	2.911847e-01	1.186901e-01	4.838107e+00
2.702703e-01	-1.412181e-01	-1.412469e-01	-1.189404e-01	2.951669e-01	2.951669e-01	1.212689e-01	4.885558e+00
2.666667e-01	-1.412570e-01	-1.412859e-01	-1.187495e-01	2.991339e-01	2.991339e-01	1.238624e-01	4.933736e+00
2.631579e-01	-1.412927e-01	-1.413216e-01	-1.185566e-01	3.030855e-01	3.030855e-01	1.264703e-01	4.982607e+00
2.597403e-01	-1.413252e-01	-1.413541e-01	-1.183617e-01	3.070219e-01	3.070219e-01	1.290923e-01	5.032139e+00
2.564103e-01	-1.413546e-01	-1.413835e-01	-1.181648e-01	3.109430e-01	3.109430e-01	1.317283e-01	5.082298e+00
2.531646e-01	-1.413809e-01	-1.414098e-01	-1.179662e-01	3.148488e-01	3.148488e-01	1.343780e-01	5.133053e+00
2.500000e-01	-1.414042e-01	-1.414331e-01	-1.177658e-01	3.187393e-01	3.187393e-01	1.370411e-01	5.184372e+00
2.469136e-01	-1.414246e-01	-1.414534e-01	-1.175638e-01	3.226143e-01	3.226143e-01	1.397174e-01	5.236224e+00
2.439024e-01	-1.414420e-01	-1.414709e-01	-1.173602e-01	3.264740e-01	3.264740e-01	1.424066e-01	5.288580e+00
2.409639e-01	-1.414567e-01	-1.414855e-01	-1.171551e-01	3.303183e-01	3.303183e-01	1.451084e-01	5.341409e+00
2.380952e-01	-1.414685e-01	-1.414974e-01	-1.169485e-01	3.341470e-01	3.341470e-01	1.478226e-01	5.394681e+00
2.352941e-01	-1.414777e-01	-1.415065e-01	-1.167405e-01	3.379602e-01	3.379602e-01	1.505488e-01	5.448368e+00
2.325581e-01	-1.414841e-01	-1.415129e-01	-1.165313e-01	3.417578e-01	3.417578e-01	1.532868e-01	5.502441e+00
2.298851e-01	-1.414880e-01	-1.415168e-01	-1.163208e-01	3.455396e-01	3.455396e-01	1.560363e-01	5.556870e+00
2.272727e-01	-1.414893e-01	-1.415180e-01	-1.161092e-01	3.493058e-01	3.493058e-01	1.587970e-01	5.611627e+00
2.247191e-01	-1.414880e-01	-1.415168e-01	-1.158964e-01	3.530561e-01	3.530561e-01	1.615686e-01	5.666685e+00
2.222222e-01	-1.414843e-01	-1.415130e-01	-1.156826e-01	3.567905e-01	3.567905e-01	1.643507e-01	5.722016e+00
2.197802e-01	-1.414782e-01	-1.415069e-01	-1.154679e-01	3.605089e-01	3.605089e-01	1.671432e-01	5.777591e+00
2.173913e-01	-1.414696e-01	-1.414983e-01	-1.152522e-01	3.642112e-01	3.642112e-01	1.699455e-01	5.833384e+00
2.150538e-01	-1.414588e-01	-1.414874e-01	-1.150356e-01	3.678974e-01	3.678974e-01	1.727575e-01	5.889367e+00
2.127660e-01	-1.414457e-01	-1.414742e-01	-1.148183e-01	3.715674e-01	3.715674e-01	1.755789e-01	5.945514e+00
2.105263e-01	-1.414303e-01	-1.414588e-01	-1.146002e-01	3.752210e-01	3.752210e-01	1.784092e-01	6.001797e+00
2.083333e-01	-1.414127e-01	-1.414412e-01	-1.143815e-01	3.788582e-01	3.788582e-01	1.812481e-01	6.058191e+00
2.061856e-01	-1.413930e-01	-1.414214e-01	-1.141621e-01	3.824789e-01	3.824789e-01	1.840955e-01	6.114668e+00
2.040816e-01	-1.413711e-01	-1.413995e-01	-1.139422e-01	3.860830e-01	3.860830e-01	1.869508e-01	6.171204e+00
2.020202e-01	-1.413472e-01	-1.413756e-01	-1.137217e-01	3.896704e-01	3.896704e-01	1.898138e-01	6.227772e+00
2.000000e-01	-1.413212e-01	-1.413495e-01	-1.135008e-01	3.932410e-01	3.932410e-01	1.926841e-01	6.284346e+00
1.980198e-01	-1.412933e-01	-1.413216e-01	-1.132795e-01	3.967947e-01	3.967947e-01	1.955614e-01	6.340902e+00
1.960784e-01	-1.412634e-01	-1.412916e-01	-1.130578e-01	4.003315e-01	4.003315e-01	1.984454e-01	6.397414e+00
1.941748e-01	-1.412316e-01	-1.412597e-01	-1.128358e-01	4.038511e-01	4.038511e-01	2.013357e-01	6.453858e+00
1.923077e-01	-1.411979e-01	-1.412260e-01	-1.126136e-01	4.073536e-01	4.073536e-01	2.042319e-01	6.510209e+00
1.904762e-01	-1.411624e-01	-1.411904e-01	-1.123912e-01	4.108388e-01	4.108388e-01	2.071338e-01	6.566443e+00
1.886792e-01	-1.411250e-01	-1.411531e-01	-1.121686e-01	4.143067e-01	4.143067e-01	2.100410e-01	6.622536e+00
1.869159e-01	-1.410860e-01	-1.411139e-01	-1.119458e-01	4.177571e-01	4.177571e-01	2.129532e-01	6.678465e+00
1.851852e-01	-1.410452e-01	-1.410731e-01	-1.117230e-01	4.211899e-01	4.211899e-01	2.158699e-01	6.734206e+00
1.834862e-01	-1.410027e-01	-1.410305e-01	-1.115002e-01	4.246052e-01	4.246052e-01	2.187909e-01	6.789736e+00
1.818182e-01	-1.409585e-01	-1.409863e-01	-1.112774e-01	4.280027e-01	4.280027e-01	2.217158e-01	6.845034e+00
1.801802e-01	-1.409128e-01	-1.409405e-01	-1.110547e-01	4.313823e-01	4.313823e-01	2.246443e-01	6.900076e+00
1.785714e-01	-1.408655e-01	-1.408931e-01	-1.108321e-01	4.347441e-01	4.347441e-01	2.275760e-01	6.954841e+00
1.769912e-01	-1.408166e-01	-1.408442e-01	-1.106096e-01	4.380879e-01	4.380879e-01	2.305106e-01	7.009307e+00
1.754386e-01	-1.407662e-01	-1.407938e-01	-1.103873e-01	4.414136e-01	4.414136e-01	2.334478e-01	7.063454e+00
1.739130e-01	-1.407144e-01	-1.407418e-01	-1.101653e-01	4.447212e-01	4.447212e-01	2.363871e-01	7.117261e+00
1.724138e-01	-1.406611e-01	-1.406885e-01	-1.099434e-01	4.480106e-01	4.480106e-01	2.393284e-01	7.170707e+00
1.709402e-01	-1.406063e-01	-1.406337e-01	-1.097219e-01	4.512816e-01	4.512816e-01	2.422711e-01	7.223772e+00
1.694915e-01	-1.405502e-01	-1.405775e-01	-1.095008e-01	4.545343e-01	4.545343e-01	2.452151e-01	7.276438e+00
1.680672e-01	-1.404928e-01	-1.405200e-01	-1.092800e-01	4.577685e-01	4.577685e-01	2.481599e-01	7.328685e+00
1.666667e-01	-1.404341e-01	-1.404612e-01	-1.090596e-01	4.609842e-01	4.609842e-01	2.511052e-01	7.380495e+00
1.652893e-01	-1.403740e-01	-1.404011e-01	-1.088397e-01	4.641813e-01	4.641813e-01	2.540507e-01	7.431850e+00
1.639344e-01	-1.403128e-01	-1.403398e-01	-1.086202e-01	4.673597e-01	4.673597e-01	2.569961e-01	7.482731e+00
1.626016e-01	-1.402503e-01	-1.402772e-01	-1.084013e-01	4.705195e-01	4.705195e-01	2.599411e-01	7.533123e+00
1.612903e-01	-1.401866e-01	-1.402134e-01	-1.081828e-01	4.736604e-01	4.736604e-01	2.628852e-01	7.583008e+00
1.600000e-01	-1.401217e-01	-1.401485e-01	-1.079650e-01	4.767826e-01	4.767826e-01	2.658283e-01	7.632370e+00
1.587302e-01	-1.400558e-01	-1.400825e-01	-1.077478e-01	4.798858e-01	4.798858e-01	2.687700e-01	7.681193e+00
1.574803e-01	-1.399887e-01	-1.400153e-01	-1.075312e-01	4.829702e-01	4.829702e-01	2.717099e-01	7.729462e+00
1.562500e-01	-1.399205e-01	-1.399471e-01	-1.073152e-01	4.860355e-01	4.860355e-01	2.746478e-01	7.777163e+00
1.550388e-01	-1.398514e-01	-1.398779e-01	-1.071000e-01	4.890818e-01	4.890818e-01	2.775833e-01	7.824282e+00
1.538462e-01	-1.397812e-01	-1.398076e-01	-1.068854e-01	4.921091e-01	4.921091e-01	2.805161e-01	7.870803e+00
1.526718e-01	-1.397100e-01	-1.397363e-01	-1.066716e-01	4.951172e-01	4.951172e-01	2.834461e-01	7.916715e+00
1.515152e-01	-1.396378e-01	-1.396641e-01	-1.064586e-01	4.981062e-01	4.981062e-01	2.863727e-01	7.962005e+00
1.503759e-01	-1.395648e-01	-1.395910e-01	-1.062463e-01	5.010760e-01	5.010760e-01	2.892958e-01	8.006660e+00
1.492537e-01	-1.394908e-01	-1.395169e-01	-1.060349e-01	5.040267e-01	5.040267e-01	2.922151e-01	8.050669e+00
1.481481e-01	-1.394159e-01	-1.394420e-01	-1.058243e-01	5.069581e-01	5.069581e-01	2.951302e-01	8.094020e+00
1.470588e-01	-1.393402e-01	-1.393662e-01	-1.056146e-01	5.098702e-01	5.098702e-01	2.980409e-01	8.136704e+00
1.459854e-01	-1.392637e-01	-1.392896e-01	-1.054057e-01	5.127631e-01	5.127631e-01	3.009470e-01	8.178709e+00
1.449275e-01	-1.391864e-01	-1.392122e-01	-1.051977e-01	5.156367e-01	5.156367e-01	3.038480e-01	8.220025e+00
1.438849e-01	-1.391083e-01	-1.391341e-01	-1.049907e-01	5.184910e-01	5.184910e-01	3.067439e-01	8.260645e+00
1.428571e-01	-1.390295e-01	-1.390551e-01	-1.047846e-01	5.213260e-01	5.213260e-01	3.096342e-01	8.300559e+00
1.418440e-01	-1.389499e-01	-1.389755e-01	-1.045795e-01	5.241416e-01	5.241416e-01	3.125187e-01	8.339758e+00
1.408451e-01	-1.388696e-01	-1.388952e-01	-1.043754e-01	5.269380e-01	5.269380e-01	3.153973e-01	8.378236e+00
1.398601e-01	-1.387887e-01	-1.388141e-01	-1.041722e-01	5.297150e-01	5.297150e-01	3.182695e-01	8.415984e+00
1.388889e-01	-1.387071e-01	-1.387325e-01	-1.039701e-01	5.324727e-01	5.324727e-01	3.211352e-01	8.452997e+00
1.379310e-01	-1.386249e-01	-1.386502e-01	-1.037690e-01	5.352111e-01	5.352111e-01	3.239942e-01	8.489268e+00
1.369863e-01	-1.385421e-01	-1.385673e-01	-1.035689e-01	5.379302e-01	5.379302e-01	3.268461e-01	8.524791e+00
1.360544e-01	-1.384587e-01	-1.384838e-01	-1.033700e-01	5.406301e-01	5.406301e-01	3.296908e-01	8.559560e+00
1.351351e-01	-1.383747e-01	-1.383998e-01	-1.031720e-01	5.433106e-01	5.433106e-01	3.325280e-01	8.593571e+00
1.342282e-01	-1.382903e-01	-1.383152e-01	-1.029752e-01	5.459718e-01	5.459718e-01	3.353574e-01	8.626820e+00
1.333333e-01	-1.382052e-01	-1.382301e-01	-1.027795e-01	5.486139e-01	5.486139e-01	3.381789e-01	8.659302e+00
1.324503e-01	-1.381197e-01	-1.381446e-01	-1.025849e-01	5.512367e-01	5.512367e-01	3.409923e-01	8.691013e+00
1.315789e-01	-1.380338e-01	-1.380585e-01	-1.023914e-01	5.538403e-01	5.538403e-01	3.437973e-01	8.721952e+00
1.307190e-01	-1.379474e-01	-1.379720e-01	-1.021991e-01	5.564247e-01	5.564247e-01	3.465937e-01	8.752114e+00
1.298701e-01	-1.378605e-01	-1.378851e-01	-1.020079e-01	5.589900e-01	5.589900e-01	3.493814e-01	8.781497e+00
1.290323e-01	-1.377732e-01	-1.377977e-01	-1.018178e-01	5.615363e-01	5.615363e-01	3.521600e-01	8.810100e+00
1.282051e-01	-1.376856e-01	-1.377100e-01	-1.016290e-01	5.640634e-01	5.640634e-01	3.549295e-01	8.837921e+00
1.273885e-01	-1.375976e-01	-1.376219e-01	-1.014413e-01	5.665715e-01	5.665715e-01	3.576896e-01	8.864958e+00
1.265823e-01	-1.375092e-01	-1.375335e-01	-1.012548e-01	5.690607e-01	5.690607e-01	3.604401e-01	8.891211e+00
1.257862e-01	-1.374205e-01	-1.374447e-01	-1.010695e-01	5.715309e-01	5.715309e-01	3.631809e-01	8.916680e+00
1.250000e-01	-1.373315e-01	-1.373556e-01	-1.008854e-01	5.739822e-01	5.739822e-01	3.659117e-01	8.941364e+00
1.242236e-01	-1.372422e-01	-1.372662e-01	-1.007025e-01	5.764147e-01	5.764147e-01	3.686325e-01	8.965263e+00
1.234568e-01	-1.371526e-01	-1.371766e-01	-1.005209e-01	5.788284e-01	5.788284e-01	3.713430e-01	8.988378e+00
1.226994e-01	-1.370628e-01	-1.370867e-01	-1.003404e-01	5.812233e-01	5.812233e-01	3.740430e-01	9.010710e+00
1.219512e-01	-1.369727e-01	-1.369965e-01	-1.001612e-01	5.835995e-01	5.835995e-01	3.767325e-01	9.032260e+00
1.212121e-01	-1.368824e-01	-1.369061e-01	-9.998320e-02	5.859572e-01	5.859572e-01	3.794112e-01	9.053029e+00
1.204819e-01	-1.367919e-01	-1.368155e-01	-9.980646e-02	5.882962e-01	5.882962e-01	3.820790e-01	9.073019e+00
1.197605e-01	-1.367012e-01	-1.367248e-01	-9.963096e-02	5.906168e-01	5.906168e-01	3.847358e-01	9.092232e+00
1.190476e-01	-1.366103e-01	-1.366338e-01	-9.945670e-02	5.929189e-01	5.929189e-01	3.873813e-01	9.110670e+00
1.183432e-01	-1.365193e-01	-1.365427e-01	-9.928369e-02	5.952026e-01	5.952026e-01	3.900156e-01	9.128336e+00
1.176471e-01	-1.364282e-01	-1.364515e-01	-9.911194e-02	5.974680e-01	5.974680e-01	3.926384e-01	9.145233e+00
1.169591e-01	-1.363369e-01	-1.363601e-01	-9.894145e-02	5.997152e-01	5.997152e-01	3.952495e-01	9.161363e+00
1.162791e-01	-1.362455e-01	-1.362687e-01	-9.877221e-02	6.019442e-01	6.019442e-01	3.978490e-01	9.176729e+00
1.156069e-01	-1.361540e-01	-1.361771e-01	-9.860423e-02	6.041551e-01	6.041551e-01	4.004366e-01	9.191336e+00
1.149425e-01	-1.360624e-01	-1.360855e-01	-9.843752e-02	6.063480e-01	6.063480e-01	4.030122e-01	9.205186e+00
1.142857e-01	-1.359708e-01	-1.359938e-01	-9.827206e-02	6.085229e-01	6.085229e-01	4.055757e-01	9.218284e+00
1.136364e-01	-1.358791e-01	-1.359020e-01	-9.810788e-02	6.106800e-01	6.106800e-01	4.081271e-01	9.230633e+00
1.129944e-01	-1.357874e-01	-1.358103e-01	-9.794496e-02	6.128192e-01	6.128192e-01	4.106661e-01	9.242238e+00
1.123596e-01	-1.356957e-01	-1.357184e-01	-9.778330e-02	6.149408e-01	6.149408e-01	4.131928e-01	9.253103e+00
1.117318e-01	-1.356040e-01	-1.356266e-01	-9.762291e-02	6.170447e-01	6.170447e-01	4.157069e-01	9.263232e+00
1.111111e-01	-1.355122e-01	-1.355348e-01	-9.746378e-02	6.191310e-01	6.191310e-01	4.182084e-01	9.272629e+00
1.104972e-01	-1.354205e-01	-1.354431e-01	-9.730591e-02	6.211999e-01	6.211999e-01	4.206972e-01	9.281301e+00
1.098901e-01	-1.353288e-01	-1.353513e-01	-9.714931e-02	6.232513e-01	6.232513e-01	4.231733e-01	9.289251e+00
1.092896e-01	-1.352372e-01	-1.352596e-01	-9.699397e-02	6.252855e-01	6.252855e-01	4.256364e-01	9.296485e+00
1.086957e-01	-1.351456e-01	-1.351680e-01	-9.683989e-02	6.273025e-01	6.273025e-01	4.280866e-01	9.303007e+00
1.081081e-01	-1.350541e-01	-1.350764e-01	-9.668707e-02	6.293023e-01	6.293023e-01	4.305238e-01	9.308823e+00
1.075269e-01	-1.349627e-01	-1.349849e-01	-9.653551e-02	6.312850e-01	6.312850e-01	4.329479e-01	9.313939e+00
1.069519e-01	-1.348714e-01	-1.348935e-01	-9.638520e-02	6.332509e-01	6.332509e-01	4.353587e-01	9.318359e+00
1.063830e-01	-1.347802e-01	-1.348022e-01	-9.623614e-02	6.351998e-01	6.351998e-01	4.377563e-01	9.322089e+00
1.058201e-01	-1.346891e-01	-1.347110e-01	-9.608833e-02	6.371320e-01	6.371320e-01	4.401406e-01	9.325135e+00
1.052632e-01	-1.345981e-01	-1.346200e-01	-9.594176e-02	6.390475e-01	6.390475e-01	4.425115e-01	9.327502e+00
1.047120e-01	-1.345073e-01	-1.345291e-01	-9.579644e-02	6.409464e-01	6.409464e-01	4.448690e-01	9.329196e+00
1.041667e-01	-1.344166e-01	-1.344383e-01	-9.565235e-02	6.428287e-01	6.428287e-01	4.472130e-01	9.330223e+00
1.036269e-01	-1.343260e-01	-1.343477e-01	-9.550951e-02	6.446947e-01	6.446947e-01	4.495434e-01	9.330589e+00
1.030928e-01	-1.342357e-01	-1.342573e-01	-9.536789e-02	6.465444e-01	6.465444e-01	4.518601e-01	9.330299e+00
1.025641e-01	-1.341455e-01	-1.341671e-01	-9.522750e-02	6.483778e-01	6.483778e-01	4.541633e-01	9.329359e+00
1.020408e-01	-1.340555e-01	-1.340770e-01	-9.508834e-02	6.501951e-01	6.501951e-01	4.564527e-01	9.327776e+00
1.015228e-01	-1.339657e-01	-1.339872e-01	-9.495039e-02	6.519964e-01	6.519964e-01	4.587284e-01	9.325555e+00
1.010101e-01	-1.338761e-01	-1.338975e-01	-9.481366e-02	6.537817e-01	6.537817e-01	4.609903e-01	9.322702e+00
1.005025e-01	-1.337868e-01	-1.338081e-01	-9.467814e-02	6.555512e-01	6.555512e-01	4.632383e-01	9.319223e+00
1.000000e-01	-1.336977e-01	-1.337189e-01	-9.454382e-02	6.573049e-01	6.573049e-01	4.654725e-01	9.315125e+00
9.950249e-02	-1.336088e-01	-1.336299e-01	-9.441071e-02	6.590429e-01	6.590429e-01	4.676928e-01	9.310413e+00
9.900990e-02	-1.335201e-01	-1.335412e-01	-9.427879e-02	6.607654e-01	6.607654e-01	4.698992e-01	9.305094e+00
9.852217e-02	-1.334317e-01	-1.334527e-01	-9.414806e-02	6.624725e-01	6.624725e-01	4.720916e-01	9.299173e+00
9.803922e-02	-1.333436e-01	-1.333645e-01	-9.401852e-02	6.641641e-01	6.641641e-01	4.742701e-01	9.292657e+00
9.756098e-02	-1.332557e-01	-1.332766e-01	-9.389015e-02	6.658405e-01	6.658405e-01	4.764345e-01	9.285552e+00
9.708738e-02	-1.331681e-01	-1.331890e-01	-9.376296e-02	6.675018e-01	6.675018e-01	4.785849e-01	9.277864e+00
9.661836e-02	-1.330808e-01	-1.331016e-01	-9.363694e-02	6.691479e-01	6.691479e-01	4.807213e-01	9.269599e+00
9.615385e-02	-1.329938e-01	-1.330145e-01	-9.351208e-02	6.707790e-01	6.707790e-01	4.828436e-01	9.260763e+00
9.569378e-02	-1.329071e-01	-1.329278e-01	-9.338838e-02	6.723953e-01	6.723953e-01	4.849518e-01	9.251362e+00
9.523810e-02	-1.328207e-01	-1.328413e-01	-9.326583e-02	6.739968e-01	6.739968e-01	4.870459e-01	9.241403e+00
9.478673e-02	-1.327346e-01	-1.327552e-01	-9.314442e-02	6.755835e-01	6.755835e-01	4.891260e-01	9.230891e+00
9.433962e-02	-1.326488e-01	-1.326693e-01	-9.302415e-02	6.771557e-01	6.771557e-01	4.911919e-01	9.219833e+00
9.389671e-02	-1.325634e-01	-1.325838e-01	-9.290502e-02	6.787134e-01	6.787134e-01	4.932437e-01	9.208234e+00
9.345794e-02	-1.324783e-01	-1.324987e-01	-9.278701e-02	6.802566e-01	6.802566e-01	4.952814e-01	9.196101e+00
9.302326e-02	-1.323935e-01	-1.324138e-01	-9.267012e-02	6.817855e-01	6.817855e-01	4.973050e-01	9.183440e+00
9.259259e-02	-1.323091e-01	-1.323294e-01	-9.255434e-02	6.833003e-01	6.833003e-01	4.993145e-01	9.170257e+00
9.216590e-02	-1.322251e-01	-1.322453e-01	-9.243967e-02	6.848009e-01	6.848009e-01	5.013098e-01	9.156558e+00
9.174312e-02	-1.321414e-01	-1.321615e-01	-9.232611e-02	6.862874e-01	6.862874e-01	5.032910e-01	9.142348e+00
9.132420e-02	-1.320580e-01	-1.320781e-01	-9.221363e-02	6.877601e-01	6.877601e-01	5.052581e-01	9.127635e+00
9.090909e-02	-1.319751e-01	-1.319951e-01	-9.210225e-02	6.892189e-01	6.892189e-01	5.072111e-01	9.112424e+00
9.049774e-02	-1.318925e-01	-1.319124e-01	-9.199194e-02	6.906640e-01	6.906640e-01	5.091500e-01	9.096720e+00
9.009009e-02	-1.318103e-01	-1.318302e-01	-9.188271e-02	6.920954e-01	6.920954e-01	5.110748e-01	9.080530e+00
8.968610e-02	-1.317284e-01	-1.317483e-01	-9.177455e-02	6.935132e-01	6.935132e-01	5.129856e-01	9.063861e+00
8.928571e-02	-1.316470e-01	-1.316668e-01	-9.166744e-02	6.949176e-01	6.949176e-01	5.148822e-01	9.046717e+00
8.888889e-02	-1.315660e-01	-1.315857e-01	-9.156139e-02	6.963087e-01	6.963087e-01	5.167649e-01	9.029105e+00
8.849558e-02	-1.314853e-01	-1.315050e-01	-9.145639e-02	6.976864e-01	6.976864e-01	5.186335e-01	9.011030e+00
8.810573e-02	-1.314051e-01	-1.314247e-01	-9.135243e-02	6.990510e-01	6.990510e-01	5.204880e-01	8.992500e+00
8.771930e-02	-1.313253e-01	-1.313449e-01	-9.124950e-02	7.004025e-01	7.004025e-01	5.223286e-01	8.973518e+00
8.733624e-02	-1.312459e-01	-1.312654e-01	-9.114760e-02	7.017410e-01	7.017410e-01	5.241552e-01	8.954092e+00
8.695652e-02	-1.311669e-01	-1.311864e-01	-9.104671e-02	7.030667e-01	7.030667e-01	5.259679e-01	8.934228e+00
8.658009e-02	-1.310883e-01	-1.311078e-01	-9.094684e-02	7.043795e-01	7.043795e-01	5.277666e-01	8.913930e+00
8.620690e-02	-1.310102e-01	-1.310296e-01	-9.084798e-02	7.056796e-01	7.056796e-01	5.295514e-01	8.893205e+00
8.583691e-02	-1.309325e-01	-1.309518e-01	-9.075011e-02	7.069670e-01	7.069670e-01	5.313223e-01	8.872060e+00
8.547009e-02	-1.308552e-01	-1.308745e-01	-9.065323e-02	7.082419e-01	7.082419e-01	5.330794e-01	8.850498e+00
8.510638e-02	-1.307784e-01	-1.307976e-01	-9.055734e-02	7.095044e-01	7.095044e-01	5.348227e-01	8.828528e+00
8.474576e-02	-1.307020e-01	-1.307211e-01	-9.046243e-02	7.107546e-01	7.107546e-01	5.365522e-01	8.806153e+00
8.438819e-02	-1.306260e-01	-1.306451e-01	-9.036848e-02	7.119924e-01	7.119924e-01	5.382679e-01	8.783381e+00
8.403361e-02	-1.305505e-01	-1.305696e-01	-9.027550e-02	7.132181e-01	7.132181e-01	5.399699e-01	8.760216e+00
8.368201e-02	-1.304754e-01	-1.304945e-01	-9.018348e-02	7.144318e-01	7.144318e-01	5.416582e-01	8.736665e+00
8.333333e-02	-1.304008e-01	-1.304198e-01	-9.009241e-02	7.156334e-01	7.156334e-01	5.433328e-01	8.712734e+00
8.298755e-02	-1.303267e-01	-1.303456e-01	-9.000227e-02	7.168231e-01	7.168231e-01	5.449938e-01	8.688428e+00
8.264463e-02	-1.302530e-01	-1.302719e-01	-8.991308e-02	7.180010e-01	7.180010e-01	5.466413e-01	8.663752e+00
8.230453e-02	-1.301797e-01	-1.301986e-01	-8.982481e-02	7.191672e-01	7.191672e-01	5.482752e-01	8.638714e+00
8.196721e-02	-1.301070e-01	-1.301257e-01	-8.973746e-02	7.203217e-01	7.203217e-01	5.498956e-01	8.613318e+00
8.163265e-02	-1.300347e-01	-1.300534e-01	-8.965103e-02	7.214647e-01	7.214647e-01	5.515025e-01	8.587570e+00
8.130081e-02	-1.299628e-01	-1.299815e-01	-8.956550e-02	7.225963e-01	7.225963e-01	5.530960e-01	8.561476e+00
8.097166e-02	-1.298914e-01	-1.299101e-01	-8.948088e-02	7.237164e-01	7.237164e-01	5.546762e-01	8.535041e+00
8.064516e-02	-1.298205e-01	-1.298391e-01	-8.939714e-02	7.248253e-01	7.248253e-01	5.562430e-01	8.508273e+00
8.032129e-02	-1.297501e-01	-1.297686e-01	-8.931430e-02	7.259229e-01	7.259229e-01	5.577965e-01	8.481175e+00
8.000000e-02	-1.296801e-01	-1.296986e-01	-8.923233e-02	7.270095e-01	7.270095e-01	5.593368e-01	8.453754e+00
7.968127e-02	-1.296106e-01	-1.296291e-01	-8.915124e-02	7.280850e-01	7.280850e-01	5.608639e-01	8.426016e+00
7.936508e-02	-1.295416e-01	-1.295600e-01	-8.907101e-02	7.291495e-01	7.291495e-01	5.623779e-01	8.397966e+00
7.905138e-02	-1.294731e-01	-1.294915e-01	-8.899164e-02	7.302032e-01	7.302032e-01	5.638787e-01	8.369610e+00
7.874016e-02	-1.294050e-01	-1.294234e-01	-8.891312e-02	7.312461e-01	7.312461e-01	5.653665e-01	8.340953e+00
7.843137e-02	-1.293375e-01	-1.293557e-01	-8.883544e-02	7.322783e-01	7.322783e-01	5.668414e-01	8.312002e+00
7.812500e-02	-1.292704e-01	-1.292886e-01	-8.875861e-02	7.332999e-01	7.332999e-01	5.683032e-01	8.282763e+00
7.782101e-02	-1.292038e-01	-1.292220e-01	-8.868260e-02	7.343110e-01	7.343110e-01	5.697522e-01	8.253239e+00
7.751938e-02	-1.291376e-01	-1.291558e-01	-8.860742e-02	7.353116e-01	7.353116e-01	5.711884e-01	8.223439e+00
7.722008e-02	-1.290720e-01	-1.290901e-01	-8.853306e-02	7.363019e-01	7.363019e-01	5.726118e-01	8.193366e+00
7.692308e-02	-1.290068e-01	-1.290249e-01	-8.845951e-02	7.372819e-01	7.372819e-01	5.740224e-01	8.163027e+00
7.662835e-02	-1.289421e-01	-1.289602e-01	-8.838676e-02	7.382517e-01	7.382517e-01	5.754204e-01	8.132428e+00
7.633588e-02	-1.288779e-01	-1.288960e-01	-8.831481e-02	7.392114e-01	7.392114e-01	5.768058e-01	8.101573e+00
7.604563e-02	-1.288142e-01	-1.288322e-01	-8.824365e-02	7.401610e-01	7.401610e-01	5.781787e-01	8.070470e+00
7.575758e-02	-1.287510e-01	-1.287689e-01	-8.817328e-02	7.411007e-01	7.411007e-01	5.795390e-01	8.039122e+00
7.547170e-02	-1.286883e-01	-1.287062e-01	-8.810368e-02	7.420305e-01	7.420305e-01	5.808869e-01	8.007537e+00
7.518797e-02	-1.286260e-01	-1.286439e-01	-8.803485e-02	7.429506e-01	7.429506e-01	5.822224e-01	7.975719e+00
7.490637e-02	-1.285643e-01	-1.285821e-01	-8.796679e-02	7.438609e-01	7.438609e-01	5.835457e-01	7.943675e+00
7.462687e-02	-1.285030e-01	-1.285208e-01	-8.789948e-02	7.447616e-01	7.447616e-01	5.848566e-01	7.911409e+00
7.434944e-02	-1.284422e-01	-1.284599e-01	-8.783292e-02	7.456527e-01	7.456527e-01	5.861554e-01	7.878928e+00
7.407407e-02	-1.283819e-01	-1.283996e-01	-8.776711e-02	7.465344e-01	7.465344e-01	5.874421e-01	7.846236e+00
7.380074e-02	-1.283221e-01	-1.283397e-01	-8.770204e-02	7.474066e-01	7.474066e-01	5.887167e-01	7.813340e+00
7.352941e-02	-1.282627e-01	-1.282803e-01	-8.763770e-02	7.482696e-01	7.482696e-01	5.899793e-01	7.780246e+00
7.326007e-02	-1.282039e-01	-1.282215e-01	-8.757408e-02	7.491233e-01	7.491233e-01	5.912299e-01	7.746957e+00
7.299270e-02	-1.281455e-01	-1.281631e-01	-8.751118e-02	7.499679e-01	7.499679e-01	5.924687e-01	7.713481e+00
7.272727e-02	-1.280876e-01	-1.281051e-01	-8.744899e-02	7.508033e-01	7.508033e-01	5.936957e-01	7.679823e+00
7.246377e-02	-1.280302e-01	-1.280477e-01	-8.738751e-02	7.516298e-01	7.516298e-01	5.949110e-01	7.645987e+00
7.220217e-02	-1.279733e-01	-1.279907e-01	-8.732673e-02	7.524473e-01	7.524473e-01	5.961145e-01	7.611980e+00
7.194245e-02	-1.279168e-01	-1.279342e-01	-8.726664e-02	7.532560e-01	7.532560e-01	5.973065e-01	7.577807e+00
7.168459e-02	-1.278608e-01	-1.278782e-01	-8.720724e-02	7.540559e-01	7.540559e-01	5.984870e-01	7.543474e+00
7.142857e-02	-1.278054e-01	-1.278227e-01	-8.714852e-02	7.548471e-01	7.548471e-01	5.996560e-01	7.508985e+00
7.117438e-02	-1.277503e-01	-1.277677e-01	-8.709048e-02	7.556297e-01	7.556297e-01	6.008136e-01	7.474347e+00
7.092199e-02	-1.276958e-01	-1.277131e-01	-8.703310e-02	7.564037e-01	7.564037e-01	6.019598e-01	7.439564e+00
7.067138e-02	-1.276417e-01	-1.276590e-01	-8.697638e-02	7.571692e-01	7.571692e-01	6.030948e-01	7.404642e+00
7.042254e-02	-1.275881e-01	-1.276054e-01	-8.692032e-02	7.579264e-01	7.579264e-01	6.042187e-01	7.369587e+00
7.017544e-02	-1.275350e-01	-1.275522e-01	-8.686491e-02	7.586752e-01	7.586752e-01	6.053314e-01	7.334402e+00
6.993007e-02	-1.274824e-01	-1.274996e-01	-8.681015e-02	7.594158e-01	7.594158e-01	6.064330e-01	7.299095e+00
6.968641e-02	-1.274302e-01	-1.274474e-01	-8.675602e-02	7.601481e-01	7.601481e-01	6.075237e-01	7.263670e+00
6.944444e-02	-1.273785e-01	-1.273956e-01	-8.670252e-02	7.608724e-01	7.608724e-01	6.086035e-01	7.228132e+00
6.920415e-02	-1.273272e-01	-1.273443e-01	-8.664965e-02	7.615886e-01	7.615886e-01	6.096724e-01	7.192486e+00
6.896552e-02	-1.272765e-01	-1.272935e-01	-8.659740e-02	7.622969e-01	7.622969e-01	6.107306e-01	7.156738e+00
6.872852e-02	-1.272262e-01	-1.272432e-01	-8.654576e-02	7.629973e-01	7.629973e-01	6.117781e-01	7.120893e+00
6.849315e-02	-1.271763e-01	-1.271933e-01	-8.649474e-02	7.636898e-01	7.636898e-01	6.128150e-01	7.084955e+00
6.825939e-02	-1.271269e-01	-1.271439e-01	-8.644431e-02	7.643747e-01	7.643747e-01	6.138413e-01	7.048930e+00
6.802721e-02	-1.270780e-01	-1.270949e-01	-8.639448e-02	7.650518e-01	7.650518e-01	6.148572e-01	7.012823e+00
6.779661e-02	-1.270295e-01	-1.270464e-01	-8.634524e-02	7.657213e-01	7.657213e-01	6.158627e-01	6.976639e+00
6.756757e-02	-1.269814e-01	-1.269983e-01	-8.629659e-02	7.663833e-01	7.663833e-01	6.168579e-01	6.940383e+00
6.734007e-02	-1.269339e-01	-1.269507e-01	-8.624851e-02	7.670378e-01	7.670378e-01	6.178428e-01	6.904059e+00
6.711409e-02	-1.268867e-01	-1.269036e-01	-8.620101e-02	7.676849e-01	7.676849e-01	6.188175e-01	6.867673e+00
6.688963e-02	-1.268400e-01	-1.268568e-01	-8.615408e-02	7.683247e-01	7.683247e-01	6.197822e-01	6.831229e+00
6.666667e-02	-1.267938e-01	-1.268106e-01	-8.610771e-02	7.689572e-01	7.689572e-01	6.207368e-01	6.794733e+00
6.644518e-02	-1.267480e-01	-1.267648e-01	-8.606190e-02	7.695825e-01	7.695825e-01	6.216814e-01	6.758188e+00
6.622517e-02	-1.267026e-01	-1.267194e-01	-8.601664e-02	7.702007e-01	7.702007e-01	6.226162e-01	6.721600e+00
6.600660e-02	-1.266577e-01	-1.266744e-01	-8.597192e-02	7.708119e-01	7.708119e-01	6.235412e-01	6.684973e+00
6.578947e-02	-1.266132e-01	-1.266299e-01	-8.592775e-02	7.714160e-01	7.714160e-01	6.244565e-01	6.648312e+00
6.557377e-02	-1.265692e-01	-1.265859e-01	-8.588411e-02	7.720133e-01	7.720133e-01	6.253621e-01	6.611622e+00
6.535948e-02	-1.265256e-01	-1.265422e-01	-8.584100e-02	7.726036e-01	7.726036e-01	6.262581e-01	6.574906e+00
6.514658e-02	-1.264824e-01	-1.264990e-01	-8.579841e-02	7.731872e-01	7.731872e-01	6.271447e-01	6.538170e+00
6.493506e-02	-1.264396e-01	-1.264562e-01	-8.575635e-02	7.737641e-01	7.737641e-01	6.280218e-01	6.501418e+00
6.472492e-02	-1.263973e-01	-1.264139e-01	-8.571480e-02	7.743343e-01	7.743343e-01	6.288895e-01	6.464655e+00
6.451613e-02	-1.263554e-01	-1.263719e-01	-8.567375e-02	7.748978e-01	7.748978e-01	6.297480e-01	6.427884e+00
6.430868e-02	-1.263139e-01	-1.263304e-01	-8.563321e-02	7.754549e-01	7.754549e-01	6.305973e-01	6.391110e+00
6.410256e-02	-1.262728e-01	-1.262893e-01	-8.559317e-02	7.760055e-01	7.760055e-01	6.314374e-01	6.354337e+00
6.389776e-02	-1.262322e-01	-1.262486e-01	-8.555362e-02	7.765497e-01	7.765497e-01	6.322685e-01	6.317570e+00
6.369427e-02	-1.261919e-01	-1.262084e-01	-8.551456e-02	7.770875e-01	7.770875e-01	6.330907e-01	6.280812e+00
6.349206e-02	-1.261521e-01	-1.261685e-01	-8.547598e-02	7.776191e-01	7.776191e-01	6.339039e-01	6.244068e+00
6.329114e-02	-1.261126e-01	-1.261290e-01	-8.543788e-02	7.781445e-01	7.781445e-01	6.347083e-01	6.207341e+00
6.309148e-02	-1.260736e-01	-1.260900e-01	-8.540026e-02	7.786637e-01	7.786637e-01	6.355039e-01	6.170637e+00
6.289308e-02	-1.260350e-01	-1.260513e-01	-8.536310e-02	7.791768e-01	7.791768e-01	6.362909e-01	6.133958e+00
6.269592e-02	-1.259967e-01	-1.260131e-01	-8.532640e-02	7.796838e-01	7.796838e-01	6.370692e-01	6.097308e+00
6.250000e-02	-1.259589e-01	-1.259752e-01	-8.529016e-02	7.801850e-01	7.801850e-01	6.378390e-01	6.060692e+00
6.230530e-02	-1.259215e-01	-1.259378e-01	-8.525438e-02	7.806802e-01	7.806802e-01	6.386004e-01	6.024113e+00
6.211180e-02	-1.258844e-01	-1.259007e-01	-8.521904e-02	7.811695e-01	7.811695e-01	6.393534e-01	5.987575e+00
6.191950e-02	-1.258477e-01	-1.258640e-01	-8.518415e-02	7.816531e-01	7.816531e-01	6.400980e-01	5.951081e+00
6.172840e-02	-1.258115e-01	-1.258277e-01	-8.514970e-02	7.821309e-01	7.821309e-01	6.408345e-01	5.914636e+00
6.153846e-02	-1.257756e-01	-1.257918e-01	-8.511568e-02	7.826031e-01	7.826031e-01	6.415627e-01	5.878242e+00
6.134969e-02	-1.257400e-01	-1.257563e-01	-8.508209e-02	7.830696e-01	7.830696e-01	6.422829e-01	5.841904e+00
6.116208e-02	-1.257049e-01	-1.257211e-01	-8.504893e-02	7.835306e-01	7.835306e-01	6.429951e-01	5.805624e+00
6.097561e-02	-1.256701e-01	-1.256863e-01	-8.501619e-02	7.839861e-01	7.839861e-01	6.436993e-01	5.769406e+00
6.079027e-02	-1.256357e-01	-1.256519e-01	-8.498386e-02	7.844362e-01	7.844362e-01	6.443957e-01	5.733254e+00
6.060606e-02	-1.256017e-01	-1.256179e-01	-8.495195e-02	7.848809e-01	7.848809e-01	6.450842e-01	5.697170e+00
6.042296e-02	-1.255681e-01	-1.255842e-01	-8.492044e-02	7.853202e-01	7.853202e-01	6.457650e-01	5.661158e+00
6.024096e-02	-1.255348e-01	-1.255509e-01	-8.488933e-02	7.857543e-01	7.857543e-01	6.464382e-01	5.625221e+00
6.006006e-02	-1.255018e-01	-1.255179e-01	-8.485862e-02	7.861832e-01	7.861832e-01	6.471038e-01	5.589363e+00
5.988024e-02	-1.254692e-01	-1.254853e-01	-8.482831e-02	7.866069e-01	7.866069e-01	6.477618e-01	5.553586e+00
5.970149e-02	-1.254370e-01	-1.254530e-01	-8.479838e-02	7.870255e-01	7.870255e-01	6.484125e-01	5.517893e+00
5.952381e-02	-1.254051e-01	-1.254212e-01	-8.476885e-02	7.874390e-01	7.874390e-01	6.490557e-01	5.482287e+00
5.934718e-02	-1.253736e-01	-1.253896e-01	-8.473969e-02	7.878476e-01	7.878476e-01	6.496917e-01	5.446771e+00
5.917160e-02	-1.253424e-01	-1.253584e-01	-8.471090e-02	7.882512e-01	7.882512e-01	6.503204e-01	5.411348e+00
5.899705e-02	-1.253116e-01	-1.253275e-01	-8.468250e-02	7.886500e-01	7.886500e-01	6.509419e-01	5.376021e+00
5.882353e-02	-1.252811e-01	-1.252970e-01	-8.465445e-02	7.890439e-01	7.890439e-01	6.515564e-01	5.340792e+00
5.865103e-02	-1.252509e-01	-1.252668e-01	-8.462678e-02	7.894330e-01	7.894330e-01	6.521639e-01	5.305664e+00
5.847953e-02	-1.252211e-01	-1.252370e-01	-8.459946e-02	7.898174e-01	7.898174e-01	6.527644e-01	5.270640e+00
5.830904e-02	-1.251916e-01	-1.252075e-01	-8.457250e-02	7.901971e-01	7.901971e-01	6.533580e-01	5.235722e+00
5.813953e-02	-1.251624e-01	-1.251783e-01	-8.454589e-02	7.905722e-01	7.905722e-01	6.539447e-01	5.200913e+00
5.797101e-02	-1.251335e-01	-1.251494e-01	-8.451963e-02	7.909427e-01	7.909427e-01	6.545248e-01	5.166215e+00
5.780347e-02	-1.251050e-01	-1.251209e-01	-8.449371e-02	7.913086e-01	7.913086e-01	6.550981e-01	5.131630e+00
5.763689e-02	-1.250768e-01	-1.250927e-01	-8.446813e-02	7.916701e-01	7.916701e-01	6.556649e-01	5.097161e+00
5.747126e-02	-1.250489e-01	-1.250648e-01	-8.444289e-02	7.920272e-01	7.920272e-01	6.562251e-01	5.062811e+00
5.730659e-02	-1.250213e-01	-1.250372e-01	-8.441799e-02	7.923799e-01	7.923799e-01	6.567788e-01	5.028580e+00
5.714286e-02	-1.249941e-01	-1.250099e-01	-8.439341e-02	7.927283e-01	7.927283e-01	6.573260e-01	4.994473e+00
5.698006e-02	-1.249671e-01	-1.249829e-01	-8.436915e-02	7.930724e-01	7.930724e-01	6.578670e-01	4.960489e+00
5.681818e-02	-1.249405e-01	-1.249563e-01	-8.434522e-02	7.934122e-01	7.934122e-01	6.584016e-01	4.926633e+00
5.665722e-02	-1.249141e-01	-1.249299e-01	-8.432160e-02	7.937479e-01	7.937479e-01	6.589300e-01	4.892905e+00
5.649718e-02	-1.248881e-01	-1.249038e-01	-8.429830e-02	7.940794e-01	7.940794e-01	6.594523e-01	4.859308e+00
5.633803e-02	-1.248623e-01	-1.248781e-01	-8.427531e-02	7.944068e-01	7.944068e-01	6.599685e-01	4.825843e+00
5.617978e-02	-1.248369e-01	-1.248526e-01	-8.425262e-02	7.947302e-01	7.947302e-01	6.604786e-01	4.792512e+00
5.602241e-02	-1.248117e-01	-1.248274e-01	-8.423024e-02	7.950496e-01	7.950496e-01	6.609828e-01	4.759318e+00
5.586592e-02	-1.247868e-01	-1.248025e-01	-8.420816e-02	7.953650e-01	7.953650e-01	6.614811e-01	4.726262e+00
5.571031e-02	-1.247622e-01	-1.247779e-01	-8.418637e-02	7.956765e-01	7.956765e-01	6.619735e-01	4.693345e+00
5.555556e-02	-1.247379e-01	-1.247536e-01	-8.416488e-02	7.959842e-01	7.959842e-01	6.624601e-01	4.660569e+00
5.540166e-02	-1.247139e-01	-1.247296e-01	-8.414367e-02	7.962880e-01	7.962880e-01	6.629410e-01	4.627936e+00
5.524862e-02	-1.246901e-01	-1.247058e-01	-8.412275e-02	7.965881e-01	7.965881e-01	6.634163e-01	4.595448e+00
5.509642e-02	-1.246667e-01	-1.246823e-01	-8.410212e-02	7.968844e-01	7.968844e-01	6.638860e-01	4.563105e+00
5.494505e-02	-1.246434e-01	-1.246591e-01	-8.408176e-02	7.971770e-01	7.971770e-01	6.643501e-01	4.530910e+00
5.479452e-02	-1.246205e-01	-1.246362e-01	-8.406167e-02	7.974660e-01	7.974660e-01	6.648087e-01	4.498863e+00
5.464481e-02	-1.245978e-01	-1.246135e-01	-8.404186e-02	7.977514e-01	7.977514e-01	6.652619e-01	4.466966e+00
5.449591e-02	-1.245754e-01	-1.245911e-01	-8.402232e-02	7.980332e-01	7.980332e-01	6.657098e-01	4.435221e+00
5.434783e-02	-1.245533e-01	-1.245689e-01	-8.400305e-02	7.983115e-01	7.983115e-01	6.661524e-01	4.403629e+00
5.420054e-02	-1.245314e-01	-1.245470e-01	-8.398404e-02	7.985863e-01	7.985863e-01	6.665897e-01	4.372190e+00
5.405405e-02	-1.245098e-01	-1.245254e-01	-8.396528e-02	7.988577e-01	7.988577e-01	6.670218e-01	4.340906e+00
5.390836e-02	-1.244884e-01	-1.245040e-01	-8.394679e-02	7.991257e-01	7.991257e-01	6.674488e-01	4.309778e+00
5.376344e-02	-1.244673e-01	-1.244829e-01	-8.392854e-02	7.993903e-01	7.993903e-01	6.678707e-01	4.278807e+00
5.361930e-02	-1.244464e-01	-1.244620e-01	-8.391055e-02	7.996516e-01	7.996516e-01	6.682876e-01	4.247995e+00
5.347594e-02	-1.244258e-01	-1.244413e-01	-8.389281e-02	7.999096e-01	7.999096e-01	6.686995e-01	4.217341e+00
5.333333e-02	-1.244054e-01	-1.244210e-01	-8.387531e-02	8.001644e-01	8.001644e-01	6.691066e-01	4.186848e+00
5.319149e-02	-1.243853e-01	-1.244008e-01	-8.385805e-02	8.004159e-01	8.004159e-01	6.695087e-01	4.156516e+00
5.305040e-02	-1.243654e-01	-1.243809e-01	-8.384103e-02	8.006643e-01	8.006643e-01	6.699061e-01	4.126346e+00
5.291005e-02	-1.243457e-01	-1.243612e-01	-8.382424e-02	8.009096e-01	8.009096e-01	6.702987e-01	4.096338e+00
5.277045e-02	-1.243262e-01	-1.243418e-01	-8.380769e-02	8.011518e-01	8.011518e-01	6.706867e-01	4.066494e+00
5.263158e-02	-1.243070e-01	-1.243225e-01	-8.379137e-02	8.013909e-01	8.013909e-01	6.710700e-01	4.036814e+00
5.249344e-02	-1.242881e-01	-1.243036e-01	-8.377527e-02	8.016270e-01	8.016270e-01	6.714487e-01	4.007299e+00
5.235602e-02	-1.242693e-01	-1.242848e-01	-8.375940e-02	8.018601e-01	8.018601e-01	6.718229e-01	3.977950e+00
5.221932e-02	-1.242508e-01	-1.242663e-01	-8.374375e-02	8.020903e-01	8.020903e-01	6.721926e-01	3.948767e+00
5.208333e-02	-1.242325e-01	-1.242479e-01	-8.372833e-02	8.023176e-01	8.023176e-01	6.725578e-01	3.919751e+00
5.194805e-02	-1.242144e-01	-1.242298e-01	-8.371311e-02	8.025419e-01	8.025419e-01	6.729187e-01	3.890902e+00
5.181347e-02	-1.241965e-01	-1.242120e-01	-8.369811e-02	8.027635e-01	8.027635e-01	6.732753e-01	3.862221e+00
5.167959e-02	-1.241789e-01	-1.241943e-01	-8.368332e-02	8.029822e-01	8.029822e-01	6.736275e-01	3.833708e+00
5.154639e-02	-1.241614e-01	-1.241768e-01	-8.366874e-02	8.031982e-01	8.031982e-01	6.739756e-01	3.805364e+00
5.141388e-02	-1.241442e-01	-1.241596e-01	-8.365437e-02	8.034114e-01	8.034114e-01	6.743194e-01	3.777190e+00
5.128205e-02	-1.241271e-01	-1.241426e-01	-8.364020e-02	8.036219e-01	8.036219e-01	6.746591e-01	3.749185e+00
5.115090e-02	-1.241103e-01	-1.241257e-01	-8.362623e-02	8.038298e-01	8.038298e-01	6.749948e-01	3.721349e+00
5.102041e-02	-1.240937e-01	-1.241091e-01	-8.361245e-02	8.040350e-01	8.040350e-01	6.753263e-01	3.693684e+00
5.089059e-02	-1.240773e-01	-1.240927e-01	-8.359888e-02	8.042376e-01	8.042376e-01	6.756539e-01	3.666190e+00
5.076142e-02	-1.240610e-01	-1.240764e-01	-8.358550e-02	8.044376e-01	8.044376e-01	6.759776e-01	3.638866e+00
5.063291e-02	-1.240450e-01	-1.240604e-01	-8.357230e-02	8.046351e-01	8.046351e-01	6.762973e-01	3.611714e+00
5.050505e-02	-1.240292e-01	-1.240445e-01	-8.355930e-02	8.048301e-01	8.048301e-01	6.766132e-01	3.584732e+00
5.037783e-02	-1.240135e-01	-1.240289e-01	-8.354648e-02	8.050225e-01	8.050225e-01	6.769253e-01	3.557922e+00
5.025126e-02	-1.239981e-01	-1.240134e-01	-8.353385e-02	8.052126e-01	8.052126e-01	6.772336e-01	3.531283e+00
5.012531e-02	-1.239828e-01	-1.239982e-01	-8.352140e-02	8.054002e-01	8.054002e-01	6.775382e-01	3.504816e+00
5.000000e-02	-1.239677e-01	-1.239831e-01	-8.350913e-02	8.055854e-01	8.055854e-01	6.778392e-01	3.478521e+00
4.987531e-02	-1.239528e-01	-1.239682e-01	-8.349703e-02	8.057682e-01	8.057682e-01	6.781364e-01	3.452397e+00
4.975124e-02	-1.239381e-01	-1.239534e-01	-8.348511e-02	8.059488e-01	8.059488e-01	6.784301e-01	3.426444e+00
4.962779e-02	-1.239235e-01	-1.239389e-01	-8.347336e-02	8.061270e-01	8.061270e-01	6.787203e-01	3.400664e+00
4.950495e-02	-1.239092e-01	-1.239245e-01	-8.346179e-02	8.063029e-01	8.063029e-01	6.790069e-01	3.375055e+00
4.938272e-02	-1.238950e-01	-1.239103e-01	-8.345038e-02	8.064766e-01	8.064766e-01	6.792901e-01	3.349617e+00
4.926108e-02	-1.238810e-01	-1.238963e-01	-8.343913e-02	8.066481e-01	8.066481e-01	6.795699e-01	3.324351e+00
4.914005e-02	-1.238671e-01	-1.238824e-01	-8.342806e-02	8.068173e-01	8.068173e-01	6.798463e-01	3.299256e+00
4.901961e-02	-1.238534e-01	-1.238687e-01	-8.341714e-02	8.069844e-01	8.069844e-01	6.801193e-01	3.274333e+00
4.889976e-02	-1.238399e-01	-1.238552e-01	-8.340638e-02	8.071494e-01	8.071494e-01	6.803891e-01	3.249580e+00
4.878049e-02	-1.238266e-01	-1.238419e-01	-8.339579e-02	8.073123e-01	8.073123e-01	6.806556e-01	3.224999e+00
4.866180e-02	-1.238134e-01	-1.238287e-01	-8.338534e-02	8.074731e-01	8.074731e-01	6.809188e-01	3.200588e+00
4.854369e-02	-1.238003e-01	-1.238156e-01	-8.337506e-02	8.076318e-01	8.076318e-01	6.811789e-01	3.176347e+00
4.842615e-02	-1.237875e-01	-1.238028e-01	-8.336492e-02	8.077885e-01	8.077885e-01	6.814358e-01	3.152277e+00
4.830918e-02	-1.237748e-01	-1.237901e-01	-8.335493e-02	8.079431e-01	8.079431e-01	6.816897e-01	3.128376e+00
4.819277e-02	-1.237622e-01	-1.237775e-01	-8.334510e-02	8.080958e-01	8.080958e-01	6.819404e-01	3.104646e+00
4.807692e-02	-1.237498e-01	-1.237651e-01	-8.333540e-02	8.082466e-01	8.082466e-01	6.821882e-01	3.081084e+00
4.796163e-02	-1.237376e-01	-1.237528e-01	-8.332586e-02	8.083954e-01	8.083954e-01	6.824329e-01	3.057692e+00
4.784689e-02	-1.237255e-01	-1.237407e-01	-8.331645e-02	8.085423e-01	8.085423e-01	6.826747e-01	3.034468e+00
4.773270e-02	-1.237135e-01	-1.237288e-01	-8.330719e-02	8.086873e-01	8.086873e-01	6.829135e-01	3.011412e+00
4.761905e-02	-1.237017e-01	-1.237170e-01	-8.329807e-02	8.088304e-01	8.088304e-01	6.831495e-01	2.988524e+00
4.750594e-02	-1.236900e-01	-1.237053e-01	-8.328908e-02	8.089717e-01	8.089717e-01	6.833826e-01	2.965804e+00
4.739336e-02	-1.236785e-01	-1.236938e-01	-8.328023e-02	8.091112e-01	8.091112e-01	6.836130e-01	2.943251e+00
4.728132e-02	-1.236671e-01	-1.236824e-01	-8.327151e-02	8.092489e-01	8.092489e-01	6.838405e-01	2.920864e+00
4.716981e-02	-1.236559e-01	-1.236711e-01	-8.326292e-02	8.093849e-01	8.093849e-01	6.840653e-01	2.898644e+00
4.705882e-02	-1.236448e-01	-1.236600e-01	-8.325446e-02	8.095191e-01	8.095191e-01	6.842873e-01	2.876589e+00
4.694836e-02	-1.236338e-01	-1.236491e-01	-8.324614e-02	8.096516e-01	8.096516e-01	6.845067e-01	2.854700e+00
4.683841e-02	-1.236230e-01	-1.236382e-01	-8.323794e-02	8.097823e-01	8.097823e-01	6.847235e-01	2.832975e+00
4.672897e-02	-1.236123e-01	-1.236275e-01	-8.322986e-02	8.099114e-01	8.099114e-01	6.849376e-01	2.811415e+00
4.662005e-02	-1.236017e-01	-1.236169e-01	-8.322191e-02	8.100389e-01	8.100389e-01	6.851492e-01	2.790018e+00
4.651163e-02	-1.235913e-01	-1.236065e-01	-8.321408e-02	8.101647e-01	8.101647e-01	6.853582e-01	2.768785e+00
4.640371e-02	-1.235810e-01	-1.235962e-01	-8.320637e-02	8.102888e-01	8.102888e-01	6.855646e-01	2.747714e+00
4.629630e-02	-1.235708e-01	-1.235860e-01	-8.319878e-02	8.104114e-01	8.104114e-01	6.857686e-01	2.726805e+00
4.618938e-02	-1.235607e-01	-1.235759e-01	-8.319131e-02	8.105324e-01	8.105324e-01	6.859702e-01	2.706058e+00
4.608295e-02	-1.235508e-01	-1.235660e-01	-8.318395e-02	8.106519e-01	8.106519e-01	6.861693e-01	2.685471e+00
4.597701e-02	-1.235409e-01	-1.235562e-01	-8.317671e-02	8.107698e-01	8.107698e-01	6.863660e-01	2.665045e+00
4.587156e-02	-1.235313e-01	-1.235465e-01	-8.316958e-02	8.108862e-01	8.108862e-01	6.865604e-01	2.644779e+00
4.576659e-02	-1.235217e-01	-1.235369e-01	-8.316256e-02	8.110011e-01	8.110011e-01	6.867524e-01	2.624671e+00
4.566210e-02	-1.235122e-01	-1.235274e-01	-8.315566e-02	8.111146e-01	8.111146e-01	6.869421e-01	2.604722e+00
4.555809e-02	-1.235029e-01	-1.235181e-01	-8.314886e-02	8.112265e-01	8.112265e-01	6.871296e-01	2.584931e+00
4.545455e-02	-1.234936e-01	-1.235088e-01	-8.314216e-02	8.113371e-01	8.113371e-01	6.873148e-01	2.565297e+00
4.535147e-02	-1.234845e-01	-1.234997e-01	-8.313558e-02	8.114462e-01	8.114462e-01	6.874977e-01	2.545820e+00
4.524887e-02	-1.234755e-01	-1.234907e-01	-8.312909e-02	8.115539e-01	8.115539e-01	6.876785e-01	2.526498e+00
4.514673e-02	-1.234666e-01	-1.234818e-01	-8.312272e-02	8.116602e-01	8.116602e-01	6.878571e-01	2.507331e+00
4.504505e-02	-1.234578e-01	-1.234730e-01	-8.311644e-02	8.117652e-01	8.117652e-01	6.880336e-01	2.488319e+00
