# Finite Temperature Data for Kitaev Ladder
# chi_max = 300, h = 0.7500
# Columns: T | Sigmax | Sigmay | Sigmaz | S1 | S2 | Wp | Cv
# 
2.000000e+01	-6.718670e-02	-6.718693e-02	-6.687404e-02	4.744435e-05	4.744435e-05	-1.746176e-06	3.105087e-01
1.000000e+01	-9.465118e-02	-9.465215e-02	-9.397536e-02	2.093785e-04	2.093785e-04	-9.474904e-06	1.087201e+00
6.666667e+00	-1.181959e-01	-1.181982e-01	-1.170496e-01	5.639667e-04	5.639667e-04	-2.811471e-05	2.098595e+00
5.000000e+00	-1.381987e-01	-1.382029e-01	-1.364989e-01	1.161778e-03	1.161778e-03	-6.005965e-05	3.153237e+00
4.000000e+00	-1.551176e-01	-1.551241e-01	-1.528041e-01	2.022651e-03	2.022651e-03	-1.047709e-04	4.121801e+00
3.333333e+00	-1.694200e-01	-1.694292e-01	-1.664527e-01	3.139690e-03	3.139690e-03	-1.600316e-04	4.934808e+00
2.857143e+00	-1.815404e-01	-1.815524e-01	-1.778956e-01	4.487209e-03	4.487209e-03	-2.235525e-04	5.568401e+00
2.500000e+00	-1.918599e-01	-1.918748e-01	-1.875277e-01	6.028776e-03	6.028776e-03	-2.940337e-04	6.027939e+00
2.222222e+00	-2.007015e-01	-2.007193e-01	-1.956825e-01	7.723698e-03	7.723698e-03	-3.715507e-04	6.334378e+00
2.000000e+00	-2.083325e-01	-2.083530e-01	-2.026354e-01	9.531544e-03	9.531544e-03	-4.574368e-04	6.514812e+00
1.818182e+00	-2.149707e-01	-2.149940e-01	-2.086104e-01	1.141492e-02	1.141492e-02	-5.539189e-04	6.596752e+00
1.666667e+00	-2.207925e-01	-2.208184e-01	-2.137881e-01	1.334093e-02	1.334093e-02	-6.636967e-04	6.605123e+00
1.538462e+00	-2.259400e-01	-2.259683e-01	-2.183135e-01	1.528169e-02	1.528169e-02	-7.895678e-04	6.561017e+00
1.428571e+00	-2.305272e-01	-2.305578e-01	-2.223026e-01	1.721432e-02	1.721432e-02	-9.341475e-04	6.481464e+00
1.333333e+00	-2.346461e-01	-2.346788e-01	-2.258484e-01	1.912057e-02	1.912057e-02	-1.099686e-03	6.379719e+00
1.250000e+00	-2.383708e-01	-2.384055e-01	-2.290255e-01	2.098626e-02	2.098626e-02	-1.287970e-03	6.265783e+00
1.176471e+00	-2.417613e-01	-2.417979e-01	-2.318939e-01	2.280073e-02	2.280073e-02	-1.500286e-03	6.146979e+00
1.111111e+00	-2.448665e-01	-2.449049e-01	-2.345019e-01	2.455627e-02	2.455627e-02	-1.737428e-03	6.028492e+00
1.052632e+00	-2.477262e-01	-2.477663e-01	-2.368888e-01	2.624757e-02	2.624757e-02	-1.999739e-03	5.913848e+00
1.000000e+00	-2.503732e-01	-2.504148e-01	-2.390866e-01	2.787125e-02	2.787125e-02	-2.287160e-03	5.805315e+00
9.523810e-01	-2.528347e-01	-2.528777e-01	-2.411214e-01	2.942550e-02	2.942550e-02	-2.599290e-03	5.704223e+00
9.090909e-01	-2.551331e-01	-2.551775e-01	-2.430146e-01	3.090970e-02	3.090970e-02	-2.935447e-03	5.611217e+00
8.695652e-01	-2.572872e-01	-2.573329e-01	-2.447842e-01	3.232419e-02	3.232419e-02	-3.294726e-03	5.526459e+00
8.333333e-01	-2.593130e-01	-2.593599e-01	-2.464449e-01	3.366999e-02	3.366999e-02	-3.676049e-03	5.449774e+00
8.000000e-01	-2.612239e-01	-2.612719e-01	-2.480090e-01	3.494864e-02	3.494864e-02	-4.078216e-03	5.380766e+00
7.692308e-01	-2.630313e-01	-2.630804e-01	-2.494872e-01	3.616208e-02	3.616208e-02	-4.499941e-03	5.318905e+00
7.407407e-01	-2.647450e-01	-2.647951e-01	-2.508881e-01	3.731250e-02	3.731250e-02	-4.939886e-03	5.263580e+00
7.142857e-01	-2.663735e-01	-2.664246e-01	-2.522194e-01	3.840226e-02	3.840226e-02	-5.396691e-03	5.214153e+00
6.896552e-01	-2.679243e-01	-2.679763e-01	-2.534875e-01	3.943381e-02	3.943381e-02	-5.868996e-03	5.169983e+00
6.666667e-01	-2.694036e-01	-2.694564e-01	-2.546981e-01	4.040965e-02	4.040965e-02	-6.355457e-03	5.130451e+00
6.451613e-01	-2.708171e-01	-2.708708e-01	-2.558558e-01	4.133230e-02	4.133230e-02	-6.854765e-03	5.094971e+00
6.250000e-01	-2.721698e-01	-2.722243e-01	-2.569650e-01	4.220424e-02	4.220424e-02	-7.365653e-03	5.063001e+00
6.060606e-01	-2.734662e-01	-2.735213e-01	-2.580294e-01	4.302788e-02	4.302788e-02	-7.886902e-03	5.034044e+00
5.882353e-01	-2.747100e-01	-2.747659e-01	-2.590523e-01	4.380560e-02	4.380560e-02	-8.417354e-03	5.007653e+00
5.714286e-01	-2.759049e-01	-2.759615e-01	-2.600366e-01	4.453968e-02	4.453968e-02	-8.955908e-03	4.983429e+00
5.555556e-01	-2.770541e-01	-2.771113e-01	-2.609848e-01	4.523231e-02	4.523231e-02	-9.501526e-03	4.961019e+00
5.405405e-01	-2.781603e-01	-2.782181e-01	-2.618993e-01	4.588560e-02	4.588560e-02	-1.005323e-02	4.940112e+00
5.263158e-01	-2.792262e-01	-2.792846e-01	-2.627822e-01	4.650157e-02	4.650157e-02	-1.061011e-02	4.920442e+00
5.128205e-01	-2.802541e-01	-2.803131e-01	-2.636354e-01	4.708213e-02	4.708213e-02	-1.117132e-02	4.901774e+00
5.000000e-01	-2.812462e-01	-2.813057e-01	-2.644606e-01	4.762910e-02	4.762910e-02	-1.173606e-02	4.883913e+00
4.878049e-01	-2.822045e-01	-2.822645e-01	-2.652594e-01	4.814424e-02	4.814424e-02	-1.230360e-02	4.866689e+00
4.761905e-01	-2.831307e-01	-2.831912e-01	-2.660332e-01	4.862918e-02	4.862918e-02	-1.287326e-02	4.849963e+00
4.651163e-01	-2.840266e-01	-2.840875e-01	-2.667833e-01	4.908548e-02	4.908548e-02	-1.344442e-02	4.833617e+00
4.545455e-01	-2.848937e-01	-2.849550e-01	-2.675110e-01	4.951464e-02	4.951464e-02	-1.401651e-02	4.817555e+00
4.444444e-01	-2.857334e-01	-2.857952e-01	-2.682173e-01	4.991804e-02	4.991804e-02	-1.458899e-02	4.801699e+00
4.347826e-01	-2.865470e-01	-2.866092e-01	-2.689033e-01	5.029702e-02	5.029702e-02	-1.516138e-02	4.785987e+00
4.255319e-01	-2.873358e-01	-2.873984e-01	-2.695700e-01	5.065282e-02	5.065282e-02	-1.573324e-02	4.770371e+00
4.166667e-01	-2.881010e-01	-2.881639e-01	-2.702182e-01	5.098665e-02	5.098665e-02	-1.630418e-02	4.754812e+00
4.081633e-01	-2.888435e-01	-2.889068e-01	-2.708488e-01	5.129962e-02	5.129962e-02	-1.687382e-02	4.739285e+00
4.000000e-01	-2.895645e-01	-2.896282e-01	-2.714626e-01	5.159278e-02	5.159278e-02	-1.744184e-02	4.723769e+00
3.921569e-01	-2.902648e-01	-2.903289e-01	-2.720603e-01	5.186716e-02	5.186716e-02	-1.800793e-02	4.708252e+00
3.846154e-01	-2.909454e-01	-2.910098e-01	-2.726425e-01	5.212368e-02	5.212368e-02	-1.857183e-02	4.692728e+00
3.773585e-01	-2.916071e-01	-2.916718e-01	-2.732100e-01	5.236326e-02	5.236326e-02	-1.913330e-02	4.677194e+00
3.703704e-01	-2.922507e-01	-2.923156e-01	-2.737633e-01	5.258675e-02	5.258675e-02	-1.969211e-02	4.661653e+00
3.636364e-01	-2.928768e-01	-2.929421e-01	-2.743031e-01	5.279493e-02	5.279493e-02	-2.024807e-02	4.646107e+00
3.571429e-01	-2.934863e-01	-2.935518e-01	-2.748297e-01	5.298858e-02	5.298858e-02	-2.080100e-02	4.630566e+00
3.508772e-01	-2.940797e-01	-2.941455e-01	-2.753438e-01	5.316842e-02	5.316842e-02	-2.135076e-02	4.615035e+00
3.448276e-01	-2.946577e-01	-2.947238e-01	-2.758458e-01	5.333512e-02	5.333512e-02	-2.189720e-02	4.599526e+00
3.389831e-01	-2.952209e-01	-2.952873e-01	-2.763362e-01	5.348933e-02	5.348933e-02	-2.244021e-02	4.584047e+00
3.333333e-01	-2.957699e-01	-2.958364e-01	-2.768154e-01	5.363166e-02	5.363166e-02	-2.297969e-02	4.568612e+00
3.278689e-01	-2.963051e-01	-2.963719e-01	-2.772838e-01	5.376269e-02	5.376269e-02	-2.351553e-02	4.553229e+00
3.225806e-01	-2.968271e-01	-2.968941e-01	-2.777417e-01	5.388297e-02	5.388297e-02	-2.404767e-02	4.537910e+00
3.174603e-01	-2.973364e-01	-2.974036e-01	-2.781897e-01	5.399301e-02	5.399301e-02	-2.457604e-02	4.522666e+00
3.125000e-01	-2.978334e-01	-2.979008e-01	-2.786279e-01	5.409331e-02	5.409331e-02	-2.510057e-02	4.507508e+00
3.076923e-01	-2.983185e-01	-2.983862e-01	-2.790567e-01	5.418434e-02	5.418434e-02	-2.562123e-02	4.492445e+00
3.030303e-01	-2.987922e-01	-2.988601e-01	-2.794765e-01	5.426653e-02	5.426653e-02	-2.613798e-02	4.477486e+00
2.985075e-01	-2.992548e-01	-2.993229e-01	-2.798876e-01	5.434031e-02	5.434031e-02	-2.665079e-02	4.462642e+00
2.941176e-01	-2.997068e-01	-2.997751e-01	-2.802901e-01	5.440608e-02	5.440608e-02	-2.715963e-02	4.447919e+00
2.898551e-01	-3.001485e-01	-3.002169e-01	-2.806845e-01	5.446422e-02	5.446422e-02	-2.766450e-02	4.433326e+00
2.857143e-01	-3.005802e-01	-3.006488e-01	-2.810709e-01	5.451508e-02	5.451508e-02	-2.816537e-02	4.418869e+00
2.816901e-01	-3.010023e-01	-3.010711e-01	-2.814496e-01	5.455901e-02	5.455901e-02	-2.866225e-02	4.404556e+00
2.777778e-01	-3.014150e-01	-3.014840e-01	-2.818209e-01	5.459634e-02	5.459634e-02	-2.915513e-02	4.390390e+00
2.739726e-01	-3.018187e-01	-3.018879e-01	-2.821849e-01	5.462737e-02	5.462737e-02	-2.964402e-02	4.376379e+00
2.702703e-01	-3.022137e-01	-3.022830e-01	-2.825419e-01	5.465239e-02	5.465239e-02	-3.012893e-02	4.362526e+00
2.666667e-01	-3.026002e-01	-3.026697e-01	-2.828921e-01	5.467169e-02	5.467169e-02	-3.060988e-02	4.348834e+00
2.631579e-01	-3.029786e-01	-3.030482e-01	-2.832357e-01	5.468554e-02	5.468554e-02	-3.108687e-02	4.335309e+00
2.597403e-01	-3.033489e-01	-3.034187e-01	-2.835728e-01	5.469418e-02	5.469418e-02	-3.155992e-02	4.321951e+00
2.564103e-01	-3.037116e-01	-3.037816e-01	-2.839038e-01	5.469786e-02	5.469786e-02	-3.202906e-02	4.308764e+00
2.531646e-01	-3.040668e-01	-3.041369e-01	-2.842286e-01	5.469681e-02	5.469681e-02	-3.249431e-02	4.295750e+00
2.500000e-01	-3.044147e-01	-3.044850e-01	-2.845475e-01	5.469125e-02	5.469125e-02	-3.295570e-02	4.282910e+00
2.469136e-01	-3.047557e-01	-3.048260e-01	-2.848607e-01	5.468138e-02	5.468138e-02	-3.341324e-02	4.270245e+00
2.439024e-01	-3.050897e-01	-3.051603e-01	-2.851683e-01	5.466741e-02	5.466741e-02	-3.386697e-02	4.257756e+00
2.409639e-01	-3.054172e-01	-3.054878e-01	-2.854705e-01	5.464952e-02	5.464952e-02	-3.431692e-02	4.245444e+00
2.380952e-01	-3.057382e-01	-3.058090e-01	-2.857674e-01	5.462790e-02	5.462790e-02	-3.476312e-02	4.233308e+00
2.352941e-01	-3.060530e-01	-3.061239e-01	-2.860591e-01	5.460272e-02	5.460272e-02	-3.520560e-02	4.221348e+00
2.325581e-01	-3.063616e-01	-3.064327e-01	-2.863458e-01	5.457415e-02	5.457415e-02	-3.564439e-02	4.209564e+00
2.298851e-01	-3.066644e-01	-3.067355e-01	-2.866276e-01	5.454234e-02	5.454234e-02	-3.607953e-02	4.197956e+00
2.272727e-01	-3.069614e-01	-3.070327e-01	-2.869046e-01	5.450745e-02	5.450745e-02	-3.651106e-02	4.186522e+00
2.247191e-01	-3.072528e-01	-3.073242e-01	-2.871769e-01	5.446961e-02	5.446961e-02	-3.693899e-02	4.175261e+00
2.222222e-01	-3.075388e-01	-3.076103e-01	-2.874447e-01	5.442897e-02	5.442897e-02	-3.736338e-02	4.164173e+00
2.197802e-01	-3.078195e-01	-3.078911e-01	-2.877081e-01	5.438566e-02	5.438566e-02	-3.778426e-02	4.153256e+00
2.173913e-01	-3.080950e-01	-3.081668e-01	-2.879671e-01	5.433981e-02	5.433981e-02	-3.820166e-02	4.142508e+00
2.150538e-01	-3.083655e-01	-3.084374e-01	-2.882219e-01	5.429153e-02	5.429153e-02	-3.861561e-02	4.131929e+00
2.127660e-01	-3.086312e-01	-3.087031e-01	-2.884726e-01	5.424093e-02	5.424093e-02	-3.902616e-02	4.121515e+00
2.105263e-01	-3.088921e-01	-3.089641e-01	-2.887193e-01	5.418814e-02	5.418814e-02	-3.943334e-02	4.111266e+00
2.083333e-01	-3.091483e-01	-3.092205e-01	-2.889620e-01	5.413326e-02	5.413326e-02	-3.983718e-02	4.101180e+00
2.061856e-01	-3.094000e-01	-3.094723e-01	-2.892008e-01	5.407638e-02	5.407638e-02	-4.023772e-02	4.091254e+00
2.040816e-01	-3.096474e-01	-3.097197e-01	-2.894359e-01	5.401761e-02	5.401761e-02	-4.063500e-02	4.081487e+00
2.020202e-01	-3.098904e-01	-3.099629e-01	-2.896673e-01	5.395703e-02	5.395703e-02	-4.102906e-02	4.071877e+00
2.000000e-01	-3.101293e-01	-3.102018e-01	-2.898951e-01	5.389475e-02	5.389475e-02	-4.141992e-02	4.062422e+00
1.980198e-01	-3.103640e-01	-3.104367e-01	-2.901194e-01	5.383083e-02	5.383083e-02	-4.180762e-02	4.053120e+00
1.960784e-01	-3.105948e-01	-3.106676e-01	-2.903402e-01	5.376537e-02	5.376537e-02	-4.219221e-02	4.043968e+00
1.941748e-01	-3.108217e-01	-3.108946e-01	-2.905577e-01	5.369844e-02	5.369844e-02	-4.257370e-02	4.034965e+00
1.923077e-01	-3.110448e-01	-3.111178e-01	-2.907719e-01	5.363012e-02	5.363012e-02	-4.295214e-02	4.026108e+00
1.904762e-01	-3.112643e-01	-3.113373e-01	-2.909828e-01	5.356048e-02	5.356048e-02	-4.332757e-02	4.017396e+00
1.886792e-01	-3.114801e-01	-3.115532e-01	-2.911906e-01	5.348959e-02	5.348959e-02	-4.370001e-02	4.008826e+00
1.869159e-01	-3.116924e-01	-3.117656e-01	-2.913953e-01	5.341751e-02	5.341751e-02	-4.406949e-02	4.000396e+00
1.851852e-01	-3.119012e-01	-3.119745e-01	-2.915969e-01	5.334432e-02	5.334432e-02	-4.443606e-02	3.992104e+00
1.834862e-01	-3.121067e-01	-3.121800e-01	-2.917956e-01	5.327007e-02	5.327007e-02	-4.479975e-02	3.983948e+00
1.818182e-01	-3.123089e-01	-3.123823e-01	-2.919914e-01	5.319481e-02	5.319481e-02	-4.516058e-02	3.975926e+00
1.801802e-01	-3.125079e-01	-3.125814e-01	-2.921843e-01	5.311862e-02	5.311862e-02	-4.551859e-02	3.968035e+00
1.785714e-01	-3.127037e-01	-3.127773e-01	-2.923744e-01	5.304154e-02	5.304154e-02	-4.587381e-02	3.960275e+00
1.769912e-01	-3.128965e-01	-3.129702e-01	-2.925618e-01	5.296362e-02	5.296362e-02	-4.622627e-02	3.952641e+00
1.754386e-01	-3.130862e-01	-3.131600e-01	-2.927464e-01	5.288492e-02	5.288492e-02	-4.657601e-02	3.945134e+00
1.739130e-01	-3.132731e-01	-3.133469e-01	-2.929285e-01	5.280547e-02	5.280547e-02	-4.692305e-02	3.937750e+00
1.724138e-01	-3.134571e-01	-3.135310e-01	-2.931079e-01	5.272534e-02	5.272534e-02	-4.726743e-02	3.930488e+00
1.709402e-01	-3.136382e-01	-3.137122e-01	-2.932849e-01	5.264457e-02	5.264457e-02	-4.760917e-02	3.923345e+00
1.694915e-01	-3.138167e-01	-3.138907e-01	-2.934593e-01	5.256319e-02	5.256319e-02	-4.794830e-02	3.916320e+00
1.680672e-01	-3.139924e-01	-3.140666e-01	-2.936313e-01	5.248124e-02	5.248124e-02	-4.828485e-02	3.909411e+00
1.666667e-01	-3.141655e-01	-3.142398e-01	-2.938009e-01	5.239878e-02	5.239878e-02	-4.861886e-02	3.902615e+00
1.652893e-01	-3.143361e-01	-3.144104e-01	-2.939681e-01	5.231583e-02	5.231583e-02	-4.895035e-02	3.895932e+00
1.639344e-01	-3.145041e-01	-3.145785e-01	-2.941331e-01	5.223244e-02	5.223244e-02	-4.927934e-02	3.889358e+00
1.626016e-01	-3.146697e-01	-3.147441e-01	-2.942957e-01	5.214863e-02	5.214863e-02	-4.960587e-02	3.882893e+00
1.612903e-01	-3.148328e-01	-3.149073e-01	-2.944562e-01	5.206445e-02	5.206445e-02	-4.992996e-02	3.876534e+00
1.600000e-01	-3.149936e-01	-3.150682e-01	-2.946145e-01	5.197993e-02	5.197993e-02	-5.025163e-02	3.870280e+00
1.587302e-01	-3.151521e-01	-3.152267e-01	-2.947706e-01	5.189509e-02	5.189509e-02	-5.057093e-02	3.864129e+00
1.574803e-01	-3.153083e-01	-3.153830e-01	-2.949246e-01	5.180997e-02	5.180997e-02	-5.088786e-02	3.858079e+00
1.562500e-01	-3.154623e-01	-3.155371e-01	-2.950766e-01	5.172459e-02	5.172459e-02	-5.120246e-02	3.852129e+00
1.550388e-01	-3.156141e-01	-3.156890e-01	-2.952265e-01	5.163900e-02	5.163900e-02	-5.151476e-02	3.846276e+00
1.538462e-01	-3.157638e-01	-3.158387e-01	-2.953744e-01	5.155320e-02	5.155320e-02	-5.182477e-02	3.840519e+00
1.526718e-01	-3.159114e-01	-3.159864e-01	-2.955204e-01	5.146724e-02	5.146724e-02	-5.213252e-02	3.834856e+00
1.515152e-01	-3.160570e-01	-3.161320e-01	-2.956644e-01	5.138112e-02	5.138112e-02	-5.243804e-02	3.829286e+00
1.503759e-01	-3.162005e-01	-3.162756e-01	-2.958065e-01	5.129489e-02	5.129489e-02	-5.274135e-02	3.823808e+00
1.492537e-01	-3.163421e-01	-3.164172e-01	-2.959468e-01	5.120856e-02	5.120856e-02	-5.304247e-02	3.818419e+00
1.481481e-01	-3.164817e-01	-3.165569e-01	-2.960853e-01	5.112215e-02	5.112215e-02	-5.334143e-02	3.813118e+00
1.470588e-01	-3.166194e-01	-3.166947e-01	-2.962219e-01	5.103569e-02	5.103569e-02	-5.363825e-02	3.807903e+00
1.459854e-01	-3.167553e-01	-3.168306e-01	-2.963568e-01	5.094920e-02	5.094920e-02	-5.393295e-02	3.802773e+00
1.449275e-01	-3.168894e-01	-3.169648e-01	-2.964899e-01	5.086269e-02	5.086269e-02	-5.422555e-02	3.797727e+00
1.438849e-01	-3.170217e-01	-3.170971e-01	-2.966214e-01	5.077619e-02	5.077619e-02	-5.451609e-02	3.792763e+00
1.428571e-01	-3.171522e-01	-3.172277e-01	-2.967511e-01	5.068972e-02	5.068972e-02	-5.480457e-02	3.787879e+00
1.418440e-01	-3.172810e-01	-3.173565e-01	-2.968792e-01	5.060329e-02	5.060329e-02	-5.509102e-02	3.783074e+00
1.408451e-01	-3.174081e-01	-3.174837e-01	-2.970057e-01	5.051692e-02	5.051692e-02	-5.537546e-02	3.778347e+00
1.398601e-01	-3.175335e-01	-3.176092e-01	-2.971306e-01	5.043063e-02	5.043063e-02	-5.565791e-02	3.773696e+00
1.388889e-01	-3.176574e-01	-3.177331e-01	-2.972538e-01	5.034443e-02	5.034443e-02	-5.593839e-02	3.769120e+00
1.379310e-01	-3.177796e-01	-3.178553e-01	-2.973756e-01	5.025834e-02	5.025834e-02	-5.621693e-02	3.764617e+00
1.369863e-01	-3.179002e-01	-3.179760e-01	-2.974958e-01	5.017237e-02	5.017237e-02	-5.649353e-02	3.760187e+00
1.360544e-01	-3.180193e-01	-3.180952e-01	-2.976145e-01	5.008655e-02	5.008655e-02	-5.676823e-02	3.755827e+00
1.351351e-01	-3.181369e-01	-3.182129e-01	-2.977318e-01	5.000087e-02	5.000087e-02	-5.704104e-02	3.751537e+00
1.342282e-01	-3.182531e-01	-3.183290e-01	-2.978476e-01	4.991536e-02	4.991536e-02	-5.731198e-02	3.747316e+00
1.333333e-01	-3.183677e-01	-3.184437e-01	-2.979620e-01	4.983003e-02	4.983003e-02	-5.758107e-02	3.743161e+00
1.324503e-01	-3.184809e-01	-3.185570e-01	-2.980749e-01	4.974490e-02	4.974490e-02	-5.784833e-02	3.739072e+00
1.315789e-01	-3.185927e-01	-3.186688e-01	-2.981865e-01	4.965996e-02	4.965996e-02	-5.811377e-02	3.735048e+00
1.307190e-01	-3.187032e-01	-3.187793e-01	-2.982967e-01	4.957524e-02	4.957524e-02	-5.837741e-02	3.731087e+00
1.298701e-01	-3.188122e-01	-3.188884e-01	-2.984056e-01	4.949075e-02	4.949075e-02	-5.863928e-02	3.727188e+00
1.290323e-01	-3.189199e-01	-3.189962e-01	-2.985131e-01	4.940649e-02	4.940649e-02	-5.889939e-02	3.723350e+00
1.282051e-01	-3.190263e-01	-3.191026e-01	-2.986194e-01	4.932248e-02	4.932248e-02	-5.915775e-02	3.719572e+00
1.273885e-01	-3.191315e-01	-3.192078e-01	-2.987244e-01	4.923872e-02	4.923872e-02	-5.941438e-02	3.715853e+00
1.265823e-01	-3.192353e-01	-3.193117e-01	-2.988281e-01	4.915523e-02	4.915523e-02	-5.966931e-02	3.712191e+00
1.257862e-01	-3.193379e-01	-3.194143e-01	-2.989305e-01	4.907202e-02	4.907202e-02	-5.992254e-02	3.708586e+00
1.250000e-01	-3.194393e-01	-3.195157e-01	-2.990318e-01	4.898909e-02	4.898909e-02	-6.017410e-02	3.705036e+00
1.242236e-01	-3.195394e-01	-3.196160e-01	-2.991318e-01	4.890645e-02	4.890645e-02	-6.042399e-02	3.701541e+00
1.234568e-01	-3.196384e-01	-3.197150e-01	-2.992307e-01	4.882411e-02	4.882411e-02	-6.067224e-02	3.698098e+00
1.226994e-01	-3.197362e-01	-3.198128e-01	-2.993283e-01	4.874208e-02	4.874208e-02	-6.091887e-02	3.694708e+00
1.219512e-01	-3.198328e-01	-3.199095e-01	-2.994249e-01	4.866037e-02	4.866037e-02	-6.116387e-02	3.691370e+00
1.212121e-01	-3.199284e-01	-3.200051e-01	-2.995202e-01	4.857898e-02	4.857898e-02	-6.140729e-02	3.688081e+00
1.204819e-01	-3.200228e-01	-3.200995e-01	-2.996145e-01	4.849792e-02	4.849792e-02	-6.164911e-02	3.684842e+00
1.197605e-01	-3.201161e-01	-3.201929e-01	-2.997077e-01	4.841720e-02	4.841720e-02	-6.188937e-02	3.681651e+00
1.190476e-01	-3.202083e-01	-3.202851e-01	-2.997998e-01	4.833682e-02	4.833682e-02	-6.212808e-02	3.678508e+00
1.183432e-01	-3.202995e-01	-3.203764e-01	-2.998908e-01	4.825679e-02	4.825679e-02	-6.236525e-02	3.675411e+00
1.176471e-01	-3.203896e-01	-3.204665e-01	-2.999807e-01	4.817711e-02	4.817711e-02	-6.260089e-02	3.672359e+00
1.169591e-01	-3.204787e-01	-3.205557e-01	-3.000697e-01	4.809779e-02	4.809779e-02	-6.283503e-02	3.669352e+00
1.162791e-01	-3.205668e-01	-3.206438e-01	-3.001576e-01	4.801884e-02	4.801884e-02	-6.306767e-02	3.666389e+00
1.156069e-01	-3.206539e-01	-3.207310e-01	-3.002444e-01	4.794026e-02	4.794026e-02	-6.329882e-02	3.663468e+00
1.149425e-01	-3.207400e-01	-3.208171e-01	-3.003303e-01	4.786206e-02	4.786206e-02	-6.352851e-02	3.660590e+00
1.142857e-01	-3.208252e-01	-3.209023e-01	-3.004152e-01	4.778424e-02	4.778424e-02	-6.375674e-02	3.657752e+00
1.136364e-01	-3.209094e-01	-3.209866e-01	-3.004992e-01	4.770680e-02	4.770680e-02	-6.398353e-02	3.654955e+00
1.129944e-01	-3.209927e-01	-3.210699e-01	-3.005821e-01	4.762975e-02	4.762975e-02	-6.420890e-02	3.652197e+00
1.123596e-01	-3.210750e-01	-3.211523e-01	-3.006642e-01	4.755309e-02	4.755309e-02	-6.443284e-02	3.649478e+00
1.117318e-01	-3.211565e-01	-3.212337e-01	-3.007453e-01	4.747684e-02	4.747684e-02	-6.465539e-02	3.646797e+00
1.111111e-01	-3.212370e-01	-3.213143e-01	-3.008255e-01	4.740098e-02	4.740098e-02	-6.487654e-02	3.644153e+00
1.104972e-01	-3.213167e-01	-3.213940e-01	-3.009048e-01	4.732553e-02	4.732553e-02	-6.509631e-02	3.641546e+00
1.098901e-01	-3.213955e-01	-3.214729e-01	-3.009832e-01	4.725049e-02	4.725049e-02	-6.531472e-02	3.638974e+00
1.092896e-01	-3.214734e-01	-3.215509e-01	-3.010607e-01	4.717585e-02	4.717585e-02	-6.553178e-02	3.636437e+00
1.086957e-01	-3.215506e-01	-3.216280e-01	-3.011374e-01	4.710164e-02	4.710164e-02	-6.574750e-02	3.633934e+00
1.081081e-01	-3.216268e-01	-3.217043e-01	-3.012132e-01	4.702783e-02	4.702783e-02	-6.596188e-02	3.631464e+00
1.075269e-01	-3.217023e-01	-3.217798e-01	-3.012882e-01	4.695445e-02	4.695445e-02	-6.617495e-02	3.629027e+00
1.069519e-01	-3.217770e-01	-3.218545e-01	-3.013623e-01	4.688150e-02	4.688150e-02	-6.638671e-02	3.626622e+00
1.063830e-01	-3.218508e-01	-3.219284e-01	-3.014357e-01	4.680896e-02	4.680896e-02	-6.659718e-02	3.624249e+00
1.058201e-01	-3.219239e-01	-3.220016e-01	-3.015082e-01	4.673686e-02	4.673686e-02	-6.680636e-02	3.621906e+00
1.052632e-01	-3.219962e-01	-3.220739e-01	-3.015799e-01	4.666518e-02	4.666518e-02	-6.701427e-02	3.619594e+00
1.047120e-01	-3.220678e-01	-3.221455e-01	-3.016508e-01	4.659394e-02	4.659394e-02	-6.722092e-02	3.617311e+00
1.041667e-01	-3.221386e-01	-3.222163e-01	-3.017210e-01	4.652313e-02	4.652313e-02	-6.742632e-02	3.615057e+00
1.036269e-01	-3.222087e-01	-3.222864e-01	-3.017904e-01	4.645275e-02	4.645275e-02	-6.763049e-02	3.612831e+00
1.030928e-01	-3.222780e-01	-3.223558e-01	-3.018590e-01	4.638281e-02	4.638281e-02	-6.783342e-02	3.610632e+00
1.025641e-01	-3.223466e-01	-3.224245e-01	-3.019269e-01	4.631331e-02	4.631331e-02	-6.803513e-02	3.608461e+00
1.020408e-01	-3.224145e-01	-3.224924e-01	-3.019940e-01	4.624425e-02	4.624425e-02	-6.823564e-02	3.606316e+00
1.015228e-01	-3.224818e-01	-3.225597e-01	-3.020605e-01	4.617563e-02	4.617563e-02	-6.843495e-02	3.604198e+00
1.010101e-01	-3.225483e-01	-3.226262e-01	-3.021262e-01	4.610745e-02	4.610745e-02	-6.863307e-02	3.602104e+00
1.005025e-01	-3.226142e-01	-3.226921e-01	-3.021912e-01	4.603972e-02	4.603972e-02	-6.883001e-02	3.600035e+00
1.000000e-01	-3.226794e-01	-3.227574e-01	-3.022555e-01	4.597243e-02	4.597243e-02	-6.902579e-02	3.597991e+00
9.950249e-02	-3.227439e-01	-3.228219e-01	-3.023191e-01	4.590559e-02	4.590559e-02	-6.922040e-02	3.595971e+00
9.900990e-02	-3.228078e-01	-3.228858e-01	-3.023820e-01	4.583919e-02	4.583919e-02	-6.941387e-02	3.593973e+00
9.852217e-02	-3.228710e-01	-3.229491e-01	-3.024443e-01	4.577324e-02	4.577324e-02	-6.960620e-02	3.591999e+00
9.803922e-02	-3.229336e-01	-3.230117e-01	-3.025059e-01	4.570774e-02	4.570774e-02	-6.979741e-02	3.590047e+00
9.756098e-02	-3.229956e-01	-3.230737e-01	-3.025668e-01	4.564269e-02	4.564269e-02	-6.998749e-02	3.588116e+00
9.708738e-02	-3.230569e-01	-3.231351e-01	-3.026271e-01	4.557808e-02	4.557808e-02	-7.017646e-02	3.586207e+00
9.661836e-02	-3.231177e-01	-3.231959e-01	-3.026868e-01	4.551393e-02	4.551393e-02	-7.036433e-02	3.584319e+00
9.615385e-02	-3.231779e-01	-3.232561e-01	-3.027458e-01	4.545022e-02	4.545022e-02	-7.055111e-02	3.582451e+00
9.569378e-02	-3.232374e-01	-3.233157e-01	-3.028043e-01	4.538697e-02	4.538697e-02	-7.073681e-02	3.580604e+00
9.523810e-02	-3.232964e-01	-3.233747e-01	-3.028621e-01	4.532416e-02	4.532416e-02	-7.092143e-02	3.578775e+00
9.478673e-02	-3.233548e-01	-3.234331e-01	-3.029193e-01	4.526180e-02	4.526180e-02	-7.110499e-02	3.576966e+00
9.433962e-02	-3.234126e-01	-3.234910e-01	-3.029759e-01	4.519990e-02	4.519990e-02	-7.128749e-02	3.575176e+00
9.389671e-02	-3.234699e-01	-3.235483e-01	-3.030319e-01	4.513844e-02	4.513844e-02	-7.146894e-02	3.573404e+00
9.345794e-02	-3.235266e-01	-3.236051e-01	-3.030873e-01	4.507744e-02	4.507744e-02	-7.164935e-02	3.571650e+00
9.302326e-02	-3.235828e-01	-3.236613e-01	-3.031421e-01	4.501688e-02	4.501688e-02	-7.182873e-02	3.569914e+00
9.259259e-02	-3.236384e-01	-3.237169e-01	-3.031964e-01	4.495677e-02	4.495677e-02	-7.200708e-02	3.568194e+00
9.216590e-02	-3.236935e-01	-3.237721e-01	-3.032501e-01	4.489711e-02	4.489711e-02	-7.218442e-02	3.566492e+00
9.174312e-02	-3.237481e-01	-3.238267e-01	-3.033033e-01	4.483791e-02	4.483791e-02	-7.236076e-02	3.564805e+00
9.132420e-02	-3.238022e-01	-3.238807e-01	-3.033559e-01	4.477914e-02	4.477914e-02	-7.253609e-02	3.563135e+00
9.090909e-02	-3.238557e-01	-3.239343e-01	-3.034080e-01	4.472083e-02	4.472083e-02	-7.271043e-02	3.561481e+00
9.049774e-02	-3.239088e-01	-3.239874e-01	-3.034595e-01	4.466297e-02	4.466297e-02	-7.288379e-02	3.559842e+00
9.009009e-02	-3.239613e-01	-3.240399e-01	-3.035106e-01	4.460555e-02	4.460555e-02	-7.305618e-02	3.558218e+00
8.968610e-02	-3.240134e-01	-3.240920e-01	-3.035611e-01	4.454858e-02	4.454858e-02	-7.322759e-02	3.556609e+00
8.928571e-02	-3.240649e-01	-3.241436e-01	-3.036110e-01	4.449205e-02	4.449205e-02	-7.339805e-02	3.555014e+00
8.888889e-02	-3.241160e-01	-3.241947e-01	-3.036605e-01	4.443597e-02	4.443597e-02	-7.356755e-02	3.553433e+00
8.849558e-02	-3.241666e-01	-3.242453e-01	-3.037095e-01	4.438033e-02	4.438033e-02	-7.373611e-02	3.551866e+00
8.810573e-02	-3.242167e-01	-3.242955e-01	-3.037579e-01	4.432513e-02	4.432513e-02	-7.390373e-02	3.550312e+00
8.771930e-02	-3.242664e-01	-3.243452e-01	-3.038059e-01	4.427038e-02	4.427038e-02	-7.407042e-02	3.548772e+00
8.733624e-02	-3.243156e-01	-3.243944e-01	-3.038534e-01	4.421607e-02	4.421607e-02	-7.423619e-02	3.547244e+00
8.695652e-02	-3.243644e-01	-3.244432e-01	-3.039004e-01	4.416220e-02	4.416220e-02	-7.440104e-02	3.545729e+00
8.658009e-02	-3.244127e-01	-3.244915e-01	-3.039470e-01	4.410877e-02	4.410877e-02	-7.456497e-02	3.544227e+00
8.620690e-02	-3.244606e-01	-3.245394e-01	-3.039931e-01	4.405578e-02	4.405578e-02	-7.472801e-02	3.542736e+00
8.583691e-02	-3.245080e-01	-3.245869e-01	-3.040387e-01	4.400322e-02	4.400322e-02	-7.489015e-02	3.541257e+00
8.547009e-02	-3.245550e-01	-3.246339e-01	-3.040838e-01	4.395111e-02	4.395111e-02	-7.505141e-02	3.539790e+00
8.510638e-02	-3.246016e-01	-3.246805e-01	-3.041285e-01	4.389942e-02	4.389942e-02	-7.521178e-02	3.538334e+00
8.474576e-02	-3.246477e-01	-3.247267e-01	-3.041728e-01	4.384817e-02	4.384817e-02	-7.537127e-02	3.536889e+00
8.438819e-02	-3.246935e-01	-3.247725e-01	-3.042166e-01	4.379736e-02	4.379736e-02	-7.552990e-02	3.535455e+00
8.403361e-02	-3.247388e-01	-3.248179e-01	-3.042600e-01	4.374697e-02	4.374697e-02	-7.568766e-02	3.534032e+00
8.368201e-02	-3.247838e-01	-3.248628e-01	-3.043030e-01	4.369702e-02	4.369702e-02	-7.584457e-02	3.532619e+00
8.333333e-02	-3.248283e-01	-3.249074e-01	-3.043455e-01	4.364749e-02	4.364749e-02	-7.600063e-02	3.531216e+00
8.298755e-02	-3.248724e-01	-3.249515e-01	-3.043876e-01	4.359840e-02	4.359840e-02	-7.615585e-02	3.529822e+00
8.264463e-02	-3.249162e-01	-3.249953e-01	-3.044293e-01	4.354973e-02	4.354973e-02	-7.631023e-02	3.528439e+00
8.230453e-02	-3.249595e-01	-3.250387e-01	-3.044706e-01	4.350148e-02	4.350148e-02	-7.646378e-02	3.527065e+00
8.196721e-02	-3.250025e-01	-3.250817e-01	-3.045115e-01	4.345366e-02	4.345366e-02	-7.661651e-02	3.525700e+00
8.163265e-02	-3.250451e-01	-3.251243e-01	-3.045520e-01	4.340626e-02	4.340626e-02	-7.676841e-02	3.524345e+00
8.130081e-02	-3.250873e-01	-3.251665e-01	-3.045921e-01	4.335928e-02	4.335928e-02	-7.691951e-02	3.522998e+00
8.097166e-02	-3.251292e-01	-3.252084e-01	-3.046318e-01	4.331272e-02	4.331272e-02	-7.706980e-02	3.521660e+00
8.064516e-02	-3.251707e-01	-3.252499e-01	-3.046711e-01	4.326658e-02	4.326658e-02	-7.721929e-02	3.520330e+00
8.032129e-02	-3.252118e-01	-3.252911e-01	-3.047100e-01	4.322086e-02	4.322086e-02	-7.736798e-02	3.519009e+00
8.000000e-02	-3.252526e-01	-3.253319e-01	-3.047486e-01	4.317555e-02	4.317555e-02	-7.751589e-02	3.517696e+00
7.968127e-02	-3.252930e-01	-3.253723e-01	-3.047867e-01	4.313065e-02	4.313065e-02	-7.766301e-02	3.516391e+00
7.936508e-02	-3.253331e-01	-3.254124e-01	-3.048245e-01	4.308617e-02	4.308617e-02	-7.780936e-02	3.515093e+00
7.905138e-02	-3.253728e-01	-3.254522e-01	-3.048620e-01	4.304209e-02	4.304209e-02	-7.795493e-02	3.513803e+00
7.874016e-02	-3.254122e-01	-3.254916e-01	-3.048991e-01	4.299843e-02	4.299843e-02	-7.809974e-02	3.512521e+00
7.843137e-02	-3.254513e-01	-3.255307e-01	-3.049358e-01	4.295517e-02	4.295517e-02	-7.824379e-02	3.511246e+00
7.812500e-02	-3.254900e-01	-3.255694e-01	-3.049722e-01	4.291231e-02	4.291231e-02	-7.838708e-02	3.509978e+00
7.782101e-02	-3.255284e-01	-3.256078e-01	-3.050082e-01	4.286986e-02	4.286986e-02	-7.852962e-02	3.508717e+00
7.751938e-02	-3.255664e-01	-3.256459e-01	-3.050439e-01	4.282781e-02	4.282781e-02	-7.867142e-02	3.507463e+00
7.722008e-02	-3.256042e-01	-3.256837e-01	-3.050792e-01	4.278617e-02	4.278617e-02	-7.881248e-02	3.506215e+00
7.692308e-02	-3.256416e-01	-3.257211e-01	-3.051142e-01	4.274492e-02	4.274492e-02	-7.895281e-02	3.504974e+00
7.662835e-02	-3.256787e-01	-3.257582e-01	-3.051489e-01	4.270406e-02	4.270406e-02	-7.909241e-02	3.503740e+00
7.633588e-02	-3.257155e-01	-3.257951e-01	-3.051832e-01	4.266361e-02	4.266361e-02	-7.923128e-02	3.502511e+00
7.604563e-02	-3.257520e-01	-3.258316e-01	-3.052172e-01	4.262354e-02	4.262354e-02	-7.936944e-02	3.501289e+00
7.575758e-02	-3.257882e-01	-3.258678e-01	-3.052509e-01	4.258387e-02	4.258387e-02	-7.950688e-02	3.500073e+00
7.547170e-02	-3.258241e-01	-3.259037e-01	-3.052843e-01	4.254459e-02	4.254459e-02	-7.964362e-02	3.498862e+00
7.518797e-02	-3.258597e-01	-3.259393e-01	-3.053173e-01	4.250569e-02	4.250569e-02	-7.977965e-02	3.497658e+00
7.490637e-02	-3.258950e-01	-3.259746e-01	-3.053501e-01	4.246718e-02	4.246718e-02	-7.991499e-02	3.496459e+00
7.462687e-02	-3.259300e-01	-3.260097e-01	-3.053825e-01	4.242906e-02	4.242906e-02	-8.004963e-02	3.495265e+00
7.434944e-02	-3.259647e-01	-3.260444e-01	-3.054147e-01	4.239132e-02	4.239132e-02	-8.018358e-02	3.494077e+00
7.407407e-02	-3.259992e-01	-3.260789e-01	-3.054465e-01	4.235396e-02	4.235396e-02	-8.031685e-02	3.492894e+00
7.380074e-02	-3.260333e-01	-3.261130e-01	-3.054780e-01	4.231698e-02	4.231698e-02	-8.044944e-02	3.491716e+00
7.352941e-02	-3.260672e-01	-3.261469e-01	-3.055093e-01	4.228037e-02	4.228037e-02	-8.058135e-02	3.490543e+00
7.326007e-02	-3.261008e-01	-3.261805e-01	-3.055402e-01	4.224414e-02	4.224414e-02	-8.071260e-02	3.489375e+00
7.299270e-02	-3.261341e-01	-3.262139e-01	-3.055709e-01	4.220829e-02	4.220829e-02	-8.084318e-02	3.488212e+00
7.272727e-02	-3.261672e-01	-3.262470e-01	-3.056013e-01	4.217280e-02	4.217280e-02	-8.097310e-02	3.487054e+00
7.246377e-02	-3.262000e-01	-3.262798e-01	-3.056314e-01	4.213769e-02	4.213769e-02	-8.110236e-02	3.485900e+00
7.220217e-02	-3.262325e-01	-3.263123e-01	-3.056612e-01	4.210294e-02	4.210294e-02	-8.123098e-02	3.484750e+00
7.194245e-02	-3.262648e-01	-3.263446e-01	-3.056907e-01	4.206856e-02	4.206856e-02	-8.135894e-02	3.483605e+00
7.168459e-02	-3.262968e-01	-3.263766e-01	-3.057200e-01	4.203454e-02	4.203454e-02	-8.148626e-02	3.482465e+00
7.142857e-02	-3.263285e-01	-3.264084e-01	-3.057490e-01	4.200089e-02	4.200089e-02	-8.161295e-02	3.481328e+00
7.117438e-02	-3.263600e-01	-3.264399e-01	-3.057777e-01	4.196759e-02	4.196759e-02	-8.173900e-02	3.480196e+00
7.092199e-02	-3.263913e-01	-3.264712e-01	-3.058062e-01	4.193466e-02	4.193466e-02	-8.186442e-02	3.479067e+00
7.067138e-02	-3.264223e-01	-3.265022e-01	-3.058344e-01	4.190208e-02	4.190208e-02	-8.198921e-02	3.477943e+00
7.042254e-02	-3.264530e-01	-3.265330e-01	-3.058623e-01	4.186986e-02	4.186986e-02	-8.211339e-02	3.476822e+00
7.017544e-02	-3.264835e-01	-3.265635e-01	-3.058900e-01	4.183798e-02	4.183798e-02	-8.223694e-02	3.475706e+00
6.993007e-02	-3.265138e-01	-3.265938e-01	-3.059175e-01	4.180646e-02	4.180646e-02	-8.235989e-02	3.474592e+00
6.968641e-02	-3.265439e-01	-3.266238e-01	-3.059447e-01	4.177529e-02	4.177529e-02	-8.248222e-02	3.473483e+00
6.944444e-02	-3.265737e-01	-3.266536e-01	-3.059716e-01	4.174447e-02	4.174447e-02	-8.260395e-02	3.472377e+00
6.920415e-02	-3.266032e-01	-3.266832e-01	-3.059983e-01	4.171398e-02	4.171398e-02	-8.272508e-02	3.471274e+00
6.896552e-02	-3.266326e-01	-3.267126e-01	-3.060248e-01	4.168385e-02	4.168385e-02	-8.284561e-02	3.470175e+00
6.872852e-02	-3.266617e-01	-3.267417e-01	-3.060510e-01	4.165405e-02	4.165405e-02	-8.296555e-02	3.469079e+00
6.849315e-02	-3.266906e-01	-3.267706e-01	-3.060770e-01	4.162460e-02	4.162460e-02	-8.308490e-02	3.467986e+00
6.825939e-02	-3.267192e-01	-3.267993e-01	-3.061027e-01	4.159548e-02	4.159548e-02	-8.320366e-02	3.466896e+00
6.802721e-02	-3.267477e-01	-3.268277e-01	-3.061283e-01	4.156669e-02	4.156669e-02	-8.332184e-02	3.465809e+00
6.779661e-02	-3.267759e-01	-3.268560e-01	-3.061536e-01	4.153824e-02	4.153824e-02	-8.343945e-02	3.464725e+00
6.756757e-02	-3.268039e-01	-3.268840e-01	-3.061786e-01	4.151012e-02	4.151012e-02	-8.355648e-02	3.463645e+00
6.734007e-02	-3.268317e-01	-3.269118e-01	-3.062035e-01	4.148234e-02	4.148234e-02	-8.367294e-02	3.462567e+00
6.711409e-02	-3.268592e-01	-3.269394e-01	-3.062281e-01	4.145487e-02	4.145487e-02	-8.378883e-02	3.461491e+00
6.688963e-02	-3.268866e-01	-3.269668e-01	-3.062525e-01	4.142774e-02	4.142774e-02	-8.390416e-02	3.460419e+00
6.666667e-02	-3.269138e-01	-3.269939e-01	-3.062767e-01	4.140093e-02	4.140093e-02	-8.401894e-02	3.459349e+00
6.644518e-02	-3.269407e-01	-3.270209e-01	-3.063006e-01	4.137444e-02	4.137444e-02	-8.413315e-02	3.458281e+00
6.622517e-02	-3.269675e-01	-3.270477e-01	-3.063244e-01	4.134827e-02	4.134827e-02	-8.424682e-02	3.457217e+00
6.600660e-02	-3.269940e-01	-3.270742e-01	-3.063479e-01	4.132242e-02	4.132242e-02	-8.435994e-02	3.456154e+00
6.578947e-02	-3.270204e-01	-3.271006e-01	-3.063713e-01	4.129688e-02	4.129688e-02	-8.447251e-02	3.455094e+00
6.557377e-02	-3.270465e-01	-3.271267e-01	-3.063944e-01	4.127166e-02	4.127166e-02	-8.458454e-02	3.454036e+00
6.535948e-02	-3.270725e-01	-3.271527e-01	-3.064173e-01	4.124675e-02	4.124675e-02	-8.469603e-02	3.452981e+00
6.514658e-02	-3.270982e-01	-3.271785e-01	-3.064400e-01	4.122215e-02	4.122215e-02	-8.480699e-02	3.451928e+00
6.493506e-02	-3.271238e-01	-3.272041e-01	-3.064626e-01	4.119786e-02	4.119786e-02	-8.491742e-02	3.450876e+00
6.472492e-02	-3.271492e-01	-3.272295e-01	-3.064849e-01	4.117388e-02	4.117388e-02	-8.502731e-02	3.449827e+00
6.451613e-02	-3.271744e-01	-3.272547e-01	-3.065070e-01	4.115020e-02	4.115020e-02	-8.513669e-02	3.448780e+00
6.430868e-02	-3.271994e-01	-3.272797e-01	-3.065290e-01	4.112683e-02	4.112683e-02	-8.524554e-02	3.447735e+00
6.410256e-02	-3.272242e-01	-3.273045e-01	-3.065507e-01	4.110375e-02	4.110375e-02	-8.535388e-02	3.446692e+00
6.389776e-02	-3.272488e-01	-3.273292e-01	-3.065723e-01	4.108098e-02	4.108098e-02	-8.546170e-02	3.445651e+00
6.369427e-02	-3.272733e-01	-3.273536e-01	-3.065936e-01	4.105850e-02	4.105850e-02	-8.556901e-02	3.444612e+00
6.349206e-02	-3.272975e-01	-3.273779e-01	-3.066148e-01	4.103632e-02	4.103632e-02	-8.567581e-02	3.443574e+00
6.329114e-02	-3.273216e-01	-3.274020e-01	-3.066358e-01	4.101443e-02	4.101443e-02	-8.578211e-02	3.442538e+00
6.309148e-02	-3.273456e-01	-3.274259e-01	-3.066567e-01	4.099283e-02	4.099283e-02	-8.588790e-02	3.441504e+00
6.289308e-02	-3.273693e-01	-3.274497e-01	-3.066773e-01	4.097152e-02	4.097152e-02	-8.599320e-02	3.440471e+00
6.269592e-02	-3.273929e-01	-3.274733e-01	-3.066978e-01	4.095050e-02	4.095050e-02	-8.609800e-02	3.439440e+00
6.250000e-02	-3.274163e-01	-3.274967e-01	-3.067181e-01	4.092976e-02	4.092976e-02	-8.620231e-02	3.438410e+00
6.230530e-02	-3.274395e-01	-3.275200e-01	-3.067382e-01	4.090931e-02	4.090931e-02	-8.630612e-02	3.437382e+00
6.211180e-02	-3.274626e-01	-3.275430e-01	-3.067581e-01	4.088914e-02	4.088914e-02	-8.640945e-02	3.436355e+00
6.191950e-02	-3.274855e-01	-3.275659e-01	-3.067779e-01	4.086926e-02	4.086926e-02	-8.651230e-02	3.435330e+00
6.172840e-02	-3.275082e-01	-3.275887e-01	-3.067975e-01	4.084965e-02	4.084965e-02	-8.661467e-02	3.434306e+00
6.153846e-02	-3.275308e-01	-3.276113e-01	-3.068169e-01	4.083031e-02	4.083031e-02	-8.671656e-02	3.433283e+00
6.134969e-02	-3.275532e-01	-3.276337e-01	-3.068362e-01	4.081125e-02	4.081125e-02	-8.681798e-02	3.432262e+00
6.116208e-02	-3.275754e-01	-3.276560e-01	-3.068553e-01	4.079247e-02	4.079247e-02	-8.691892e-02	3.431241e+00
6.097561e-02	-3.275975e-01	-3.276781e-01	-3.068742e-01	4.077395e-02	4.077395e-02	-8.701939e-02	3.430222e+00
6.079027e-02	-3.276195e-01	-3.277000e-01	-3.068930e-01	4.075571e-02	4.075571e-02	-8.711940e-02	3.429204e+00
6.060606e-02	-3.276413e-01	-3.277218e-01	-3.069117e-01	4.073773e-02	4.073773e-02	-8.721895e-02	3.428187e+00
6.042296e-02	-3.276629e-01	-3.277434e-01	-3.069301e-01	4.072001e-02	4.072001e-02	-8.731803e-02	3.427171e+00
6.024096e-02	-3.276844e-01	-3.277649e-01	-3.069484e-01	4.070256e-02	4.070256e-02	-8.741666e-02	3.426156e+00
6.006006e-02	-3.277057e-01	-3.277863e-01	-3.069666e-01	4.068538e-02	4.068538e-02	-8.751483e-02	3.425142e+00
5.988024e-02	-3.277268e-01	-3.278074e-01	-3.069846e-01	4.066845e-02	4.066845e-02	-8.761255e-02	3.424129e+00
5.970149e-02	-3.277479e-01	-3.278285e-01	-3.070025e-01	4.065178e-02	4.065178e-02	-8.770982e-02	3.423116e+00
5.952381e-02	-3.277687e-01	-3.278494e-01	-3.070202e-01	4.063537e-02	4.063537e-02	-8.780664e-02	3.422105e+00
5.934718e-02	-3.277895e-01	-3.278701e-01	-3.070377e-01	4.061921e-02	4.061921e-02	-8.790302e-02	3.421094e+00
5.917160e-02	-3.278101e-01	-3.278907e-01	-3.070552e-01	4.060331e-02	4.060331e-02	-8.799896e-02	3.420084e+00
5.899705e-02	-3.278305e-01	-3.279112e-01	-3.070724e-01	4.058765e-02	4.058765e-02	-8.809446e-02	3.419075e+00
5.882353e-02	-3.278508e-01	-3.279315e-01	-3.070896e-01	4.057225e-02	4.057225e-02	-8.818952e-02	3.418066e+00
5.865103e-02	-3.278710e-01	-3.279516e-01	-3.071065e-01	4.055709e-02	4.055709e-02	-8.828415e-02	3.417059e+00
5.847953e-02	-3.278910e-01	-3.279717e-01	-3.071234e-01	4.054218e-02	4.054218e-02	-8.837835e-02	3.416051e+00
5.830904e-02	-3.279109e-01	-3.279916e-01	-3.071401e-01	4.052752e-02	4.052752e-02	-8.847212e-02	3.415044e+00
5.813953e-02	-3.279306e-01	-3.280113e-01	-3.071567e-01	4.051309e-02	4.051309e-02	-8.856546e-02	3.414038e+00
5.797101e-02	-3.279502e-01	-3.280309e-01	-3.071731e-01	4.049891e-02	4.049891e-02	-8.865838e-02	3.413032e+00
5.780347e-02	-3.279697e-01	-3.280504e-01	-3.071894e-01	4.048497e-02	4.048497e-02	-8.875088e-02	3.412027e+00
5.763689e-02	-3.279891e-01	-3.280698e-01	-3.072056e-01	4.047126e-02	4.047126e-02	-8.884296e-02	3.411022e+00
5.747126e-02	-3.280083e-01	-3.280890e-01	-3.072216e-01	4.045779e-02	4.045779e-02	-8.893463e-02	3.410018e+00
5.730659e-02	-3.280274e-01	-3.281081e-01	-3.072375e-01	4.044455e-02	4.044455e-02	-8.902588e-02	3.409013e+00
5.714286e-02	-3.280463e-01	-3.281271e-01	-3.072533e-01	4.043154e-02	4.043154e-02	-8.911672e-02	3.408009e+00
5.698006e-02	-3.280651e-01	-3.281459e-01	-3.072689e-01	4.041877e-02	4.041877e-02	-8.920715e-02	3.407006e+00
5.681818e-02	-3.280838e-01	-3.281646e-01	-3.072844e-01	4.040622e-02	4.040622e-02	-8.929717e-02	3.406003e+00
5.665722e-02	-3.281024e-01	-3.281832e-01	-3.072998e-01	4.039390e-02	4.039390e-02	-8.938679e-02	3.404999e+00
5.649718e-02	-3.281209e-01	-3.282017e-01	-3.073151e-01	4.038181e-02	4.038181e-02	-8.947601e-02	3.403997e+00
5.633803e-02	-3.281392e-01	-3.282200e-01	-3.073302e-01	4.036994e-02	4.036994e-02	-8.956483e-02	3.402994e+00
5.617978e-02	-3.281574e-01	-3.282382e-01	-3.073453e-01	4.035829e-02	4.035829e-02	-8.965325e-02	3.401991e+00
5.602241e-02	-3.281755e-01	-3.282563e-01	-3.073602e-01	4.034686e-02	4.034686e-02	-8.974128e-02	3.400988e+00
5.586592e-02	-3.281934e-01	-3.282743e-01	-3.073750e-01	4.033566e-02	4.033566e-02	-8.982891e-02	3.399986e+00
5.571031e-02	-3.282113e-01	-3.282921e-01	-3.073896e-01	4.032466e-02	4.032466e-02	-8.991615e-02	3.398984e+00
5.555556e-02	-3.282290e-01	-3.283099e-01	-3.074042e-01	4.031389e-02	4.031389e-02	-9.000301e-02	3.397981e+00
5.540166e-02	-3.282466e-01	-3.283275e-01	-3.074186e-01	4.030332e-02	4.030332e-02	-9.008948e-02	3.396978e+00
5.524862e-02	-3.282641e-01	-3.283450e-01	-3.074329e-01	4.029297e-02	4.029297e-02	-9.017556e-02	3.395976e+00
5.509642e-02	-3.282815e-01	-3.283623e-01	-3.074471e-01	4.028283e-02	4.028283e-02	-9.026127e-02	3.394973e+00
5.494505e-02	-3.282987e-01	-3.283796e-01	-3.074612e-01	4.027290e-02	4.027290e-02	-9.034659e-02	3.393970e+00
5.479452e-02	-3.283159e-01	-3.283968e-01	-3.074752e-01	4.026318e-02	4.026318e-02	-9.043154e-02	3.392967e+00
5.464481e-02	-3.283329e-01	-3.284138e-01	-3.074891e-01	4.025366e-02	4.025366e-02	-9.051611e-02	3.391964e+00
5.449591e-02	-3.283498e-01	-3.284307e-01	-3.075028e-01	4.024435e-02	4.024435e-02	-9.060031e-02	3.390961e+00
5.434783e-02	-3.283666e-01	-3.284476e-01	-3.075165e-01	4.023524e-02	4.023524e-02	-9.068414e-02	3.389957e+00
5.420054e-02	-3.283833e-01	-3.284643e-01	-3.075300e-01	4.022633e-02	4.022633e-02	-9.076760e-02	3.388954e+00
5.405405e-02	-3.283999e-01	-3.284809e-01	-3.075435e-01	4.021762e-02	4.021762e-02	-9.085069e-02	3.387950e+00
5.390836e-02	-3.284164e-01	-3.284974e-01	-3.075568e-01	4.020911e-02	4.020911e-02	-9.093342e-02	3.386945e+00
5.376344e-02	-3.284328e-01	-3.285138e-01	-3.075700e-01	4.020079e-02	4.020079e-02	-9.101578e-02	3.385940e+00
5.361930e-02	-3.284491e-01	-3.285300e-01	-3.075831e-01	4.019267e-02	4.019267e-02	-9.109779e-02	3.384935e+00
5.347594e-02	-3.284653e-01	-3.285462e-01	-3.075962e-01	4.018474e-02	4.018474e-02	-9.117943e-02	3.383930e+00
5.333333e-02	-3.284813e-01	-3.285623e-01	-3.076091e-01	4.017701e-02	4.017701e-02	-9.126072e-02	3.382924e+00
5.319149e-02	-3.284973e-01	-3.285783e-01	-3.076219e-01	4.016946e-02	4.016946e-02	-9.134166e-02	3.381917e+00
5.305040e-02	-3.285131e-01	-3.285941e-01	-3.076346e-01	4.016210e-02	4.016210e-02	-9.142224e-02	3.380910e+00
5.291005e-02	-3.285289e-01	-3.286099e-01	-3.076473e-01	4.015494e-02	4.015494e-02	-9.150247e-02	3.379903e+00
5.277045e-02	-3.285446e-01	-3.286256e-01	-3.076598e-01	4.014795e-02	4.014795e-02	-9.158235e-02	3.378895e+00
5.263158e-02	-3.285601e-01	-3.286411e-01	-3.076722e-01	4.014115e-02	4.014115e-02	-9.166189e-02	3.377886e+00
5.249344e-02	-3.285756e-01	-3.286566e-01	-3.076846e-01	4.013454e-02	4.013454e-02	-9.174108e-02	3.376877e+00
5.235602e-02	-3.285909e-01	-3.286720e-01	-3.076968e-01	4.012810e-02	4.012810e-02	-9.181993e-02	3.375868e+00
5.221932e-02	-3.286062e-01	-3.286873e-01	-3.077090e-01	4.012184e-02	4.012184e-02	-9.189843e-02	3.374857e+00
5.208333e-02	-3.286214e-01	-3.287024e-01	-3.077210e-01	4.011577e-02	4.011577e-02	-9.197660e-02	3.373846e+00
5.194805e-02	-3.286365e-01	-3.287175e-01	-3.077330e-01	4.010987e-02	4.010987e-02	-9.205443e-02	3.372835e+00
5.181347e-02	-3.286514e-01	-3.287325e-01	-3.077449e-01	4.010414e-02	4.010414e-02	-9.213192e-02	3.371822e+00
5.167959e-02	-3.286663e-01	-3.287474e-01	-3.077567e-01	4.009859e-02	4.009859e-02	-9.220908e-02	3.370809e+00
5.154639e-02	-3.286811e-01	-3.287622e-01	-3.077684e-01	4.009322e-02	4.009322e-02	-9.228591e-02	3.369796e+00
5.141388e-02	-3.286958e-01	-3.287769e-01	-3.077800e-01	4.008801e-02	4.008801e-02	-9.236241e-02	3.368781e+00
5.128205e-02	-3.287104e-01	-3.287915e-01	-3.077915e-01	4.008297e-02	4.008297e-02	-9.243858e-02	3.367766e+00
5.115090e-02	-3.287249e-01	-3.288061e-01	-3.078029e-01	4.007810e-02	4.007810e-02	-9.251442e-02	3.366749e+00
5.102041e-02	-3.287394e-01	-3.288205e-01	-3.078143e-01	4.007340e-02	4.007340e-02	-9.258994e-02	3.365732e+00
5.089059e-02	-3.287537e-01	-3.288348e-01	-3.078255e-01	4.006887e-02	4.006887e-02	-9.266514e-02	3.364715e+00
5.076142e-02	-3.287680e-01	-3.288491e-01	-3.078367e-01	4.006450e-02	4.006450e-02	-9.274001e-02	3.363696e+00
5.063291e-02	-3.287821e-01	-3.288633e-01	-3.078478e-01	4.006029e-02	4.006029e-02	-9.281456e-02	3.362676e+00
5.050505e-02	-3.287962e-01	-3.288774e-01	-3.078588e-01	4.005624e-02	4.005624e-02	-9.288880e-02	3.361656e+00
5.037783e-02	-3.288102e-01	-3.288913e-01	-3.078698e-01	4.005236e-02	4.005236e-02	-9.296272e-02	3.360634e+00
5.025126e-02	-3.288241e-01	-3.289053e-01	-3.078806e-01	4.004863e-02	4.004863e-02	-9.303633e-02	3.359611e+00
5.012531e-02	-3.288379e-01	-3.289191e-01	-3.078914e-01	4.004506e-02	4.004506e-02	-9.310962e-02	3.358588e+00
5.000000e-02	-3.288517e-01	-3.289328e-01	-3.079021e-01	4.004164e-02	4.004164e-02	-9.318260e-02	3.357564e+00
4.987531e-02	-3.288653e-01	-3.289465e-01	-3.079127e-01	4.003838e-02	4.003838e-02	-9.325527e-02	3.356538e+00
4.975124e-02	-3.288789e-01	-3.289601e-01	-3.079233e-01	4.003528e-02	4.003528e-02	-9.332764e-02	3.355511e+00
4.962779e-02	-3.288924e-01	-3.289736e-01	-3.079337e-01	4.003232e-02	4.003232e-02	-9.339969e-02	3.354484e+00
4.950495e-02	-3.289058e-01	-3.289870e-01	-3.079441e-01	4.002952e-02	4.002952e-02	-9.347145e-02	3.353455e+00
4.938272e-02	-3.289191e-01	-3.290003e-01	-3.079544e-01	4.002687e-02	4.002687e-02	-9.354290e-02	3.352425e+00
4.926108e-02	-3.289323e-01	-3.290135e-01	-3.079647e-01	4.002436e-02	4.002436e-02	-9.361405e-02	3.351394e+00
4.914005e-02	-3.289455e-01	-3.290267e-01	-3.079748e-01	4.002200e-02	4.002200e-02	-9.368490e-02	3.350362e+00
4.901961e-02	-3.289586e-01	-3.290398e-01	-3.079849e-01	4.001979e-02	4.001979e-02	-9.375545e-02	3.349329e+00
4.889976e-02	-3.289716e-01	-3.290528e-01	-3.079949e-01	4.001772e-02	4.001772e-02	-9.382570e-02	3.348295e+00
4.878049e-02	-3.289845e-01	-3.290658e-01	-3.080049e-01	4.001580e-02	4.001580e-02	-9.389566e-02	3.347259e+00
4.866180e-02	-3.289974e-01	-3.290786e-01	-3.080147e-01	4.001401e-02	4.001401e-02	-9.396533e-02	3.346222e+00
4.854369e-02	-3.290101e-01	-3.290914e-01	-3.080245e-01	4.001237e-02	4.001237e-02	-9.403470e-02	3.345184e+00
4.842615e-02	-3.290228e-01	-3.291041e-01	-3.080343e-01	4.001087e-02	4.001087e-02	-9.410379e-02	3.344145e+00
4.830918e-02	-3.290355e-01	-3.291167e-01	-3.080439e-01	4.000950e-02	4.000950e-02	-9.417258e-02	3.343104e+00
4.819277e-02	-3.290480e-01	-3.291293e-01	-3.080535e-01	4.000828e-02	4.000828e-02	-9.424109e-02	3.342062e+00
4.807692e-02	-3.290605e-01	-3.291418e-01	-3.080630e-01	4.000718e-02	4.000718e-02	-9.430931e-02	3.341019e+00
4.796163e-02	-3.290729e-01	-3.291542e-01	-3.080725e-01	4.000623e-02	4.000623e-02	-9.437724e-02	3.339975e+00
4.784689e-02	-3.290852e-01	-3.291665e-01	-3.080819e-01	4.000540e-02	4.000540e-02	-9.444490e-02	3.338929e+00
4.773270e-02	-3.290975e-01	-3.291788e-01	-3.080912e-01	4.000471e-02	4.000471e-02	-9.451227e-02	3.337881e+00
4.761905e-02	-3.291097e-01	-3.291910e-01	-3.081005e-01	4.000415e-02	4.000415e-02	-9.457936e-02	3.336833e+00
4.750594e-02	-3.291218e-01	-3.292031e-01	-3.081097e-01	4.000372e-02	4.000372e-02	-9.464618e-02	3.335783e+00
4.739336e-02	-3.291338e-01	-3.292151e-01	-3.081188e-01	4.000341e-02	4.000341e-02	-9.471271e-02	3.334732e+00
4.728132e-02	-3.291458e-01	-3.292271e-01	-3.081279e-01	4.000324e-02	4.000324e-02	-9.477897e-02	3.333679e+00
4.716981e-02	-3.291577e-01	-3.292390e-01	-3.081369e-01	4.000319e-02	4.000319e-02	-9.484496e-02	3.332625e+00
4.705882e-02	-3.291695e-01	-3.292509e-01	-3.081458e-01	4.000327e-02	4.000327e-02	-9.491067e-02	3.331569e+00
4.694836e-02	-3.291813e-01	-3.292626e-01	-3.081547e-01	4.000346e-02	4.000346e-02	-9.497612e-02	3.330512e+00
4.683841e-02	-3.291930e-01	-3.292744e-01	-3.081635e-01	4.000379e-02	4.000379e-02	-9.504129e-02	3.329453e+00
4.672897e-02	-3.292046e-01	-3.292860e-01	-3.081723e-01	4.000423e-02	4.000423e-02	-9.510619e-02	3.328393e+00
4.662005e-02	-3.292162e-01	-3.292976e-01	-3.081810e-01	4.000480e-02	4.000480e-02	-9.517083e-02	3.327332e+00
4.651163e-02	-3.292277e-01	-3.293091e-01	-3.081896e-01	4.000548e-02	4.000548e-02	-9.523520e-02	3.326268e+00
4.640371e-02	-3.292391e-01	-3.293205e-01	-3.081982e-01	4.000628e-02	4.000628e-02	-9.529930e-02	3.325204e+00
4.629630e-02	-3.292505e-01	-3.293319e-01	-3.082067e-01	4.000720e-02	4.000720e-02	-9.536314e-02	3.324138e+00
4.618938e-02	-3.292618e-01	-3.293432e-01	-3.082152e-01	4.000824e-02	4.000824e-02	-9.542672e-02	3.323070e+00
4.608295e-02	-3.292730e-01	-3.293544e-01	-3.082236e-01	4.000939e-02	4.000939e-02	-9.549004e-02	3.322001e+00
4.597701e-02	-3.292842e-01	-3.293656e-01	-3.082319e-01	4.001065e-02	4.001065e-02	-9.555310e-02	3.320930e+00
4.587156e-02	-3.292953e-01	-3.293767e-01	-3.082402e-01	4.001203e-02	4.001203e-02	-9.561590e-02	3.319857e+00
4.576659e-02	-3.293064e-01	-3.293878e-01	-3.082485e-01	4.001352e-02	4.001352e-02	-9.567845e-02	3.318783e+00
4.566210e-02	-3.293174e-01	-3.293988e-01	-3.082566e-01	4.001512e-02	4.001512e-02	-9.574074e-02	3.317707e+00
4.555809e-02	-3.293283e-01	-3.294097e-01	-3.082648e-01	4.001683e-02	4.001683e-02	-9.580277e-02	3.316630e+00
4.545455e-02	-3.293391e-01	-3.294206e-01	-3.082728e-01	4.001865e-02	4.001865e-02	-9.586456e-02	3.315551e+00
4.535147e-02	-3.293499e-01	-3.294314e-01	-3.082808e-01	4.002057e-02	4.002057e-02	-9.592609e-02	3.314470e+00
4.524887e-02	-3.293607e-01	-3.294421e-01	-3.082888e-01	4.002260e-02	4.002260e-02	-9.598737e-02	3.313387e+00
4.514673e-02	-3.293714e-01	-3.294528e-01	-3.082967e-01	4.002474e-02	4.002474e-02	-9.604840e-02	3.312303e+00
4.504505e-02	-3.293820e-01	-3.294634e-01	-3.083046e-01	4.002698e-02	4.002698e-02	-9.610919e-02	3.311217e+00
4.494382e-02	-3.293926e-01	-3.294740e-01	-3.083124e-01	4.002933e-02	4.002933e-02	-9.616972e-02	3.310130e+00
4.484305e-02	-3.294031e-01	-3.294845e-01	-3.083201e-01	4.003178e-02	4.003178e-02	-9.623002e-02	3.309041e+00
4.474273e-02	-3.294135e-01	-3.294949e-01	-3.083278e-01	4.003433e-02	4.003433e-02	-9.629006e-02	3.307950e+00
4.464286e-02	-3.294239e-01	-3.295053e-01	-3.083355e-01	4.003698e-02	4.003698e-02	-9.634987e-02	3.306857e+00
4.454343e-02	-3.294342e-01	-3.295157e-01	-3.083431e-01	4.003973e-02	4.003973e-02	-9.640943e-02	3.305762e+00
4.444444e-02	-3.294445e-01	-3.295260e-01	-3.083507e-01	4.004258e-02	4.004258e-02	-9.646876e-02	3.304666e+00
4.434590e-02	-3.294547e-01	-3.295362e-01	-3.083582e-01	4.004552e-02	4.004552e-02	-9.652784e-02	3.303568e+00
4.424779e-02	-3.294649e-01	-3.295463e-01	-3.083656e-01	4.004856e-02	4.004856e-02	-9.658669e-02	3.302468e+00
4.415011e-02	-3.294750e-01	-3.295564e-01	-3.083730e-01	4.005170e-02	4.005170e-02	-9.664530e-02	3.301366e+00
4.405286e-02	-3.294850e-01	-3.295665e-01	-3.083804e-01	4.005493e-02	4.005493e-02	-9.670367e-02	3.300263e+00
4.395604e-02	-3.294950e-01	-3.295765e-01	-3.083877e-01	4.005826e-02	4.005826e-02	-9.676181e-02	3.299158e+00
4.385965e-02	-3.295050e-01	-3.295864e-01	-3.083950e-01	4.006168e-02	4.006168e-02	-9.681972e-02	3.298050e+00
4.376368e-02	-3.295148e-01	-3.295963e-01	-3.084022e-01	4.006519e-02	4.006519e-02	-9.687739e-02	3.296941e+00
4.366812e-02	-3.295247e-01	-3.296062e-01	-3.084094e-01	4.006879e-02	4.006879e-02	-9.693483e-02	3.295831e+00
4.357298e-02	-3.295345e-01	-3.296160e-01	-3.084165e-01	4.007248e-02	4.007248e-02	-9.699204e-02	3.294718e+00
4.347826e-02	-3.295442e-01	-3.296257e-01	-3.084236e-01	4.007626e-02	4.007626e-02	-9.704903e-02	3.293603e+00
4.338395e-02	-3.295539e-01	-3.296354e-01	-3.084306e-01	4.008013e-02	4.008013e-02	-9.710578e-02	3.292487e+00
4.329004e-02	-3.295635e-01	-3.296450e-01	-3.084376e-01	4.008408e-02	4.008408e-02	-9.716231e-02	3.291368e+00
4.319654e-02	-3.295730e-01	-3.296546e-01	-3.084446e-01	4.008812e-02	4.008812e-02	-9.721862e-02	3.290248e+00
4.310345e-02	-3.295826e-01	-3.296641e-01	-3.084515e-01	4.009225e-02	4.009225e-02	-9.727470e-02	3.289126e+00
4.301075e-02	-3.295920e-01	-3.296736e-01	-3.084583e-01	4.009646e-02	4.009646e-02	-9.733055e-02	3.288002e+00
4.291845e-02	-3.296014e-01	-3.296830e-01	-3.084651e-01	4.010076e-02	4.010076e-02	-9.738619e-02	3.286876e+00
4.282655e-02	-3.296108e-01	-3.296924e-01	-3.084719e-01	4.010513e-02	4.010513e-02	-9.744160e-02	3.285748e+00
4.273504e-02	-3.296201e-01	-3.297017e-01	-3.084787e-01	4.010959e-02	4.010959e-02	-9.749679e-02	3.284618e+00
4.264392e-02	-3.296294e-01	-3.297109e-01	-3.084854e-01	4.011413e-02	4.011413e-02	-9.755176e-02	3.283486e+00
4.255319e-02	-3.296386e-01	-3.297202e-01	-3.084920e-01	4.011875e-02	4.011875e-02	-9.760652e-02	3.282352e+00
4.246285e-02	-3.296478e-01	-3.297293e-01	-3.084986e-01	4.012345e-02	4.012345e-02	-9.766106e-02	3.281216e+00
4.237288e-02	-3.296569e-01	-3.297385e-01	-3.085052e-01	4.012823e-02	4.012823e-02	-9.771538e-02	3.280079e+00
4.228330e-02	-3.296660e-01	-3.297475e-01	-3.085117e-01	4.013309e-02	4.013309e-02	-9.776949e-02	3.278939e+00
4.219409e-02	-3.296750e-01	-3.297566e-01	-3.085182e-01	4.013802e-02	4.013802e-02	-9.782339e-02	3.277797e+00
4.210526e-02	-3.296840e-01	-3.297656e-01	-3.085247e-01	4.014303e-02	4.014303e-02	-9.787707e-02	3.276653e+00
4.201681e-02	-3.296929e-01	-3.297745e-01	-3.085311e-01	4.014811e-02	4.014811e-02	-9.793054e-02	3.275507e+00
4.192872e-02	-3.297018e-01	-3.297834e-01	-3.085375e-01	4.015327e-02	4.015327e-02	-9.798380e-02	3.274360e+00
4.184100e-02	-3.297106e-01	-3.297922e-01	-3.085438e-01	4.015850e-02	4.015850e-02	-9.803685e-02	3.273210e+00
4.175365e-02	-3.297194e-01	-3.298010e-01	-3.085501e-01	4.016381e-02	4.016381e-02	-9.808969e-02	3.272058e+00
4.166667e-02	-3.297282e-01	-3.298098e-01	-3.085563e-01	4.016918e-02	4.016918e-02	-9.814232e-02	3.270904e+00
4.158004e-02	-3.297369e-01	-3.298185e-01	-3.085626e-01	4.017463e-02	4.017463e-02	-9.819475e-02	3.269748e+00
4.149378e-02	-3.297455e-01	-3.298271e-01	-3.085688e-01	4.018015e-02	4.018015e-02	-9.824697e-02	3.268591e+00
4.140787e-02	-3.297541e-01	-3.298358e-01	-3.085749e-01	4.018573e-02	4.018573e-02	-9.829899e-02	3.267431e+00
4.132231e-02	-3.297627e-01	-3.298443e-01	-3.085810e-01	4.019139e-02	4.019139e-02	-9.835080e-02	3.266269e+00
4.123711e-02	-3.297712e-01	-3.298529e-01	-3.085871e-01	4.019711e-02	4.019711e-02	-9.840241e-02	3.265104e+00
4.115226e-02	-3.297797e-01	-3.298613e-01	-3.085931e-01	4.020290e-02	4.020290e-02	-9.845382e-02	3.263938e+00
4.106776e-02	-3.297881e-01	-3.298698e-01	-3.085991e-01	4.020876e-02	4.020876e-02	-9.850503e-02	3.262770e+00
4.098361e-02	-3.297965e-01	-3.298782e-01	-3.086051e-01	4.021469e-02	4.021469e-02	-9.855604e-02	3.261600e+00
4.089980e-02	-3.298049e-01	-3.298865e-01	-3.086110e-01	4.022067e-02	4.022067e-02	-9.860685e-02	3.260427e+00
4.081633e-02	-3.298132e-01	-3.298948e-01	-3.086169e-01	4.022673e-02	4.022673e-02	-9.865746e-02	3.259253e+00
4.073320e-02	-3.298215e-01	-3.299031e-01	-3.086228e-01	4.023284e-02	4.023284e-02	-9.870787e-02	3.258077e+00
4.065041e-02	-3.298297e-01	-3.299113e-01	-3.086286e-01	4.023902e-02	4.023902e-02	-9.875809e-02	3.256898e+00
4.056795e-02	-3.298379e-01	-3.299195e-01	-3.086344e-01	4.024526e-02	4.024526e-02	-9.880812e-02	3.255717e+00
4.048583e-02	-3.298460e-01	-3.299277e-01	-3.086402e-01	4.025156e-02	4.025156e-02	-9.885795e-02	3.254534e+00
4.040404e-02	-3.298541e-01	-3.299358e-01	-3.086459e-01	4.025792e-02	4.025792e-02	-9.890758e-02	3.253349e+00
4.032258e-02	-3.298622e-01	-3.299438e-01	-3.086516e-01	4.026435e-02	4.026435e-02	-9.895703e-02	3.252162e+00
4.024145e-02	-3.298702e-01	-3.299518e-01	-3.086573e-01	4.027083e-02	4.027083e-02	-9.900628e-02	3.250973e+00
4.016064e-02	-3.298782e-01	-3.299598e-01	-3.086629e-01	4.027737e-02	4.027737e-02	-9.905534e-02	3.249782e+00
4.008016e-02	-3.298861e-01	-3.299678e-01	-3.086685e-01	4.028397e-02	4.028397e-02	-9.910421e-02	3.248589e+00
4.000000e-02	-3.298940e-01	-3.299757e-01	-3.086741e-01	4.029062e-02	4.029062e-02	-9.915289e-02	3.247393e+00
3.992016e-02	-3.299018e-01	-3.299835e-01	-3.086796e-01	4.029733e-02	4.029733e-02	-9.920139e-02	3.246196e+00
3.984064e-02	-3.299097e-01	-3.299913e-01	-3.086851e-01	4.030410e-02	4.030410e-02	-9.924970e-02	3.244996e+00
3.976143e-02	-3.299174e-01	-3.299991e-01	-3.086906e-01	4.031092e-02	4.031092e-02	-9.929782e-02	3.243794e+00
3.968254e-02	-3.299252e-01	-3.300069e-01	-3.086961e-01	4.031780e-02	4.031780e-02	-9.934576e-02	3.242590e+00
3.960396e-02	-3.299329e-01	-3.300146e-01	-3.087015e-01	4.032473e-02	4.032473e-02	-9.939351e-02	3.241384e+00
3.952569e-02	-3.299406e-01	-3.300222e-01	-3.087069e-01	4.033171e-02	4.033171e-02	-9.944108e-02	3.240176e+00
3.944773e-02	-3.299482e-01	-3.300299e-01	-3.087122e-01	4.033875e-02	4.033875e-02	-9.948847e-02	3.238965e+00
3.937008e-02	-3.299558e-01	-3.300375e-01	-3.087175e-01	4.034583e-02	4.034583e-02	-9.953567e-02	3.237753e+00
3.929273e-02	-3.299633e-01	-3.300450e-01	-3.087228e-01	4.035297e-02	4.035297e-02	-9.958269e-02	3.236538e+00
3.921569e-02	-3.299708e-01	-3.300525e-01	-3.087281e-01	4.036016e-02	4.036016e-02	-9.962954e-02	3.235321e+00
3.913894e-02	-3.299783e-01	-3.300600e-01	-3.087334e-01	4.036740e-02	4.036740e-02	-9.967620e-02	3.234102e+00
3.906250e-02	-3.299858e-01	-3.300675e-01	-3.087386e-01	4.037469e-02	4.037469e-02	-9.972269e-02	3.232881e+00
3.898635e-02	-3.299932e-01	-3.300749e-01	-3.087437e-01	4.038202e-02	4.038202e-02	-9.976899e-02	3.231658e+00
3.891051e-02	-3.300005e-01	-3.300822e-01	-3.087489e-01	4.038941e-02	4.038941e-02	-9.981513e-02	3.230432e+00
3.883495e-02	-3.300079e-01	-3.300896e-01	-3.087540e-01	4.039684e-02	4.039684e-02	-9.986108e-02	3.229205e+00
3.875969e-02	-3.300152e-01	-3.300969e-01	-3.087591e-01	4.040432e-02	4.040432e-02	-9.990686e-02	3.227975e+00
3.868472e-02	-3.300224e-01	-3.301041e-01	-3.087642e-01	4.041184e-02	4.041184e-02	-9.995247e-02	3.226743e+00
3.861004e-02	-3.300296e-01	-3.301114e-01	-3.087692e-01	4.041941e-02	4.041941e-02	-9.999790e-02	3.225509e+00
3.853565e-02	-3.300368e-01	-3.301186e-01	-3.087743e-01	4.042703e-02	4.042703e-02	-1.000432e-01	3.224273e+00
3.846154e-02	-3.300440e-01	-3.301257e-01	-3.087792e-01	4.043469e-02	4.043469e-02	-1.000882e-01	3.223034e+00
3.838772e-02	-3.300511e-01	-3.301329e-01	-3.087842e-01	4.044239e-02	4.044239e-02	-1.001332e-01	3.221794e+00
3.831418e-02	-3.300582e-01	-3.301400e-01	-3.087892e-01	4.045014e-02	4.045014e-02	-1.001779e-01	3.220551e+00
3.824092e-02	-3.300653e-01	-3.301470e-01	-3.087941e-01	4.045793e-02	4.045793e-02	-1.002225e-01	3.219306e+00
3.816794e-02	-3.300723e-01	-3.301540e-01	-3.087990e-01	4.046576e-02	4.046576e-02	-1.002669e-01	3.218059e+00
3.809524e-02	-3.300793e-01	-3.301610e-01	-3.088038e-01	4.047363e-02	4.047363e-02	-1.003111e-01	3.216810e+00
3.802281e-02	-3.300862e-01	-3.301680e-01	-3.088086e-01	4.048154e-02	4.048154e-02	-1.003552e-01	3.215558e+00
3.795066e-02	-3.300932e-01	-3.301749e-01	-3.088135e-01	4.048950e-02	4.048950e-02	-1.003991e-01	3.214305e+00
3.787879e-02	-3.301000e-01	-3.301818e-01	-3.088182e-01	4.049749e-02	4.049749e-02	-1.004429e-01	3.213049e+00
3.780718e-02	-3.301069e-01	-3.301887e-01	-3.088230e-01	4.050552e-02	4.050552e-02	-1.004864e-01	3.211791e+00
3.773585e-02	-3.301137e-01	-3.301955e-01	-3.088277e-01	4.051360e-02	4.051360e-02	-1.005298e-01	3.210531e+00
3.766478e-02	-3.301205e-01	-3.302023e-01	-3.088325e-01	4.052171e-02	4.052171e-02	-1.005731e-01	3.209269e+00
3.759398e-02	-3.301273e-01	-3.302090e-01	-3.088371e-01	4.052985e-02	4.052985e-02	-1.006162e-01	3.208005e+00
3.752345e-02	-3.301340e-01	-3.302158e-01	-3.088418e-01	4.053804e-02	4.053804e-02	-1.006591e-01	3.206738e+00
3.745318e-02	-3.301407e-01	-3.302225e-01	-3.088464e-01	4.054626e-02	4.054626e-02	-1.007019e-01	3.205469e+00
3.738318e-02	-3.301474e-01	-3.302291e-01	-3.088511e-01	4.055452e-02	4.055452e-02	-1.007445e-01	3.204198e+00
3.731343e-02	-3.301540e-01	-3.302358e-01	-3.088557e-01	4.056281e-02	4.056281e-02	-1.007869e-01	3.202925e+00
3.724395e-02	-3.301606e-01	-3.302424e-01	-3.088602e-01	4.057114e-02	4.057114e-02	-1.008292e-01	3.201650e+00
3.717472e-02	-3.301672e-01	-3.302490e-01	-3.088648e-01	4.057950e-02	4.057950e-02	-1.008713e-01	3.200373e+00
3.710575e-02	-3.301737e-01	-3.302555e-01	-3.088693e-01	4.058789e-02	4.058789e-02	-1.009133e-01	3.199093e+00
3.703704e-02	-3.301802e-01	-3.302620e-01	-3.088738e-01	4.059632e-02	4.059632e-02	-1.009551e-01	3.197811e+00
3.696858e-02	-3.301867e-01	-3.302685e-01	-3.088783e-01	4.060479e-02	4.060479e-02	-1.009967e-01	3.196527e+00
3.690037e-02	-3.301932e-01	-3.302750e-01	-3.088827e-01	4.061328e-02	4.061328e-02	-1.010382e-01	3.195241e+00
3.683241e-02	-3.301996e-01	-3.302814e-01	-3.088872e-01	4.062181e-02	4.062181e-02	-1.010796e-01	3.193953e+00
3.676471e-02	-3.302060e-01	-3.302878e-01	-3.088916e-01	4.063037e-02	4.063037e-02	-1.011208e-01	3.192662e+00
3.669725e-02	-3.302123e-01	-3.302941e-01	-3.088960e-01	4.063896e-02	4.063896e-02	-1.011618e-01	3.191370e+00
3.663004e-02	-3.302187e-01	-3.303005e-01	-3.089004e-01	4.064758e-02	4.064758e-02	-1.012027e-01	3.190075e+00
3.656307e-02	-3.302250e-01	-3.303068e-01	-3.089047e-01	4.065623e-02	4.065623e-02	-1.012434e-01	3.188778e+00
3.649635e-02	-3.302313e-01	-3.303131e-01	-3.089090e-01	4.066491e-02	4.066491e-02	-1.012840e-01	3.187479e+00
3.642987e-02	-3.302375e-01	-3.303193e-01	-3.089133e-01	4.067362e-02	4.067362e-02	-1.013244e-01	3.186178e+00
3.636364e-02	-3.302437e-01	-3.303255e-01	-3.089176e-01	4.068235e-02	4.068235e-02	-1.013647e-01	3.184874e+00
3.629764e-02	-3.302499e-01	-3.303317e-01	-3.089219e-01	4.069112e-02	4.069112e-02	-1.014048e-01	3.183569e+00
3.623188e-02	-3.302561e-01	-3.303379e-01	-3.089261e-01	4.069991e-02	4.069991e-02	-1.014448e-01	3.182261e+00
3.616637e-02	-3.302622e-01	-3.303440e-01	-3.089304e-01	4.070874e-02	4.070874e-02	-1.014846e-01	3.180951e+00
3.610108e-02	-3.302683e-01	-3.303501e-01	-3.089346e-01	4.071758e-02	4.071758e-02	-1.015243e-01	3.179639e+00
3.603604e-02	-3.302744e-01	-3.303562e-01	-3.089388e-01	4.072646e-02	4.072646e-02	-1.015639e-01	3.178325e+00
3.597122e-02	-3.302804e-01	-3.303623e-01	-3.089429e-01	4.073536e-02	4.073536e-02	-1.016033e-01	3.177009e+00
3.590664e-02	-3.302865e-01	-3.303683e-01	-3.089471e-01	4.074429e-02	4.074429e-02	-1.016425e-01	3.175690e+00
3.584229e-02	-3.302925e-01	-3.303743e-01	-3.089512e-01	4.075324e-02	4.075324e-02	-1.016816e-01	3.174370e+00
3.577818e-02	-3.302984e-01	-3.303803e-01	-3.089553e-01	4.076221e-02	4.076221e-02	-1.017206e-01	3.173047e+00
3.571429e-02	-3.303044e-01	-3.303862e-01	-3.089594e-01	4.077121e-02	4.077121e-02	-1.017594e-01	3.171722e+00
3.565062e-02	-3.303103e-01	-3.303921e-01	-3.089635e-01	4.078024e-02	4.078024e-02	-1.017981e-01	3.170395e+00
3.558719e-02	-3.303162e-01	-3.303980e-01	-3.089675e-01	4.078928e-02	4.078928e-02	-1.018366e-01	3.169066e+00
3.552398e-02	-3.303221e-01	-3.304039e-01	-3.089716e-01	4.079836e-02	4.079836e-02	-1.018750e-01	3.167734e+00
3.546099e-02	-3.303279e-01	-3.304097e-01	-3.089756e-01	4.080745e-02	4.080745e-02	-1.019132e-01	3.166401e+00
3.539823e-02	-3.303337e-01	-3.304156e-01	-3.089796e-01	4.081656e-02	4.081656e-02	-1.019513e-01	3.165065e+00
3.533569e-02	-3.303395e-01	-3.304213e-01	-3.089835e-01	4.082570e-02	4.082570e-02	-1.019893e-01	3.163728e+00
3.527337e-02	-3.303453e-01	-3.304271e-01	-3.089875e-01	4.083486e-02	4.083486e-02	-1.020271e-01	3.162388e+00
3.521127e-02	-3.303510e-01	-3.304329e-01	-3.089914e-01	4.084404e-02	4.084404e-02	-1.020648e-01	3.161046e+00
3.514938e-02	-3.303567e-01	-3.304386e-01	-3.089954e-01	4.085324e-02	4.085324e-02	-1.021024e-01	3.159702e+00
3.508772e-02	-3.303624e-01	-3.304443e-01	-3.089993e-01	4.086246e-02	4.086246e-02	-1.021398e-01	3.158355e+00
3.502627e-02	-3.303681e-01	-3.304499e-01	-3.090032e-01	4.087170e-02	4.087170e-02	-1.021771e-01	3.157007e+00
3.496503e-02	-3.303737e-01	-3.304556e-01	-3.090070e-01	4.088096e-02	4.088096e-02	-1.022142e-01	3.155657e+00
3.490401e-02	-3.303793e-01	-3.304612e-01	-3.090109e-01	4.089024e-02	4.089024e-02	-1.022512e-01	3.154304e+00
3.484321e-02	-3.303849e-01	-3.304668e-01	-3.090147e-01	4.089954e-02	4.089954e-02	-1.022881e-01	3.152949e+00
3.478261e-02	-3.303905e-01	-3.304723e-01	-3.090185e-01	4.090885e-02	4.090885e-02	-1.023248e-01	3.151593e+00
3.472222e-02	-3.303960e-01	-3.304779e-01	-3.090224e-01	4.091819e-02	4.091819e-02	-1.023615e-01	3.150234e+00
3.466205e-02	-3.304015e-01	-3.304834e-01	-3.090261e-01	4.092754e-02	4.092754e-02	-1.023979e-01	3.148873e+00
3.460208e-02	-3.304070e-01	-3.304889e-01	-3.090299e-01	4.093691e-02	4.093691e-02	-1.024343e-01	3.147510e+00
3.454231e-02	-3.304125e-01	-3.304944e-01	-3.090337e-01	4.094630e-02	4.094630e-02	-1.024705e-01	3.146145e+00
3.448276e-02	-3.304179e-01	-3.304998e-01	-3.090374e-01	4.095570e-02	4.095570e-02	-1.025066e-01	3.144777e+00
3.442341e-02	-3.304233e-01	-3.305052e-01	-3.090411e-01	4.096512e-02	4.096512e-02	-1.025425e-01	3.143408e+00
3.436426e-02	-3.304287e-01	-3.305106e-01	-3.090448e-01	4.097455e-02	4.097455e-02	-1.025783e-01	3.142037e+00
3.430532e-02	-3.304341e-01	-3.305160e-01	-3.090485e-01	4.098400e-02	4.098400e-02	-1.026140e-01	3.140663e+00
3.424658e-02	-3.304395e-01	-3.305214e-01	-3.090522e-01	4.099347e-02	4.099347e-02	-1.026496e-01	3.139288e+00
3.418803e-02	-3.304448e-01	-3.305267e-01	-3.090558e-01	4.100295e-02	4.100295e-02	-1.026850e-01	3.137910e+00
3.412969e-02	-3.304501e-01	-3.305320e-01	-3.090595e-01	4.101244e-02	4.101244e-02	-1.027203e-01	3.136530e+00
3.407155e-02	-3.304554e-01	-3.305373e-01	-3.090631e-01	4.102195e-02	4.102195e-02	-1.027555e-01	3.135148e+00
3.401361e-02	-3.304606e-01	-3.305425e-01	-3.090667e-01	4.103147e-02	4.103147e-02	-1.027905e-01	3.133765e+00
3.395586e-02	-3.304659e-01	-3.305478e-01	-3.090703e-01	4.104101e-02	4.104101e-02	-1.028255e-01	3.132379e+00
3.389831e-02	-3.304711e-01	-3.305530e-01	-3.090739e-01	4.105056e-02	4.105056e-02	-1.028603e-01	3.130991e+00
3.384095e-02	-3.304763e-01	-3.305582e-01	-3.090775e-01	4.106012e-02	4.106012e-02	-1.028949e-01	3.129601e+00
3.378378e-02	-3.304815e-01	-3.305634e-01	-3.090810e-01	4.106970e-02	4.106970e-02	-1.029295e-01	3.128209e+00
3.372681e-02	-3.304866e-01	-3.305685e-01	-3.090845e-01	4.107928e-02	4.107928e-02	-1.029639e-01	3.126815e+00
3.367003e-02	-3.304917e-01	-3.305737e-01	-3.090881e-01	4.108888e-02	4.108888e-02	-1.029982e-01	3.125418e+00
3.361345e-02	-3.304969e-01	-3.305788e-01	-3.090916e-01	4.109849e-02	4.109849e-02	-1.030324e-01	3.124020e+00
3.355705e-02	-3.305019e-01	-3.305839e-01	-3.090951e-01	4.110811e-02	4.110811e-02	-1.030664e-01	3.122620e+00
3.350084e-02	-3.305070e-01	-3.305889e-01	-3.090985e-01	4.111775e-02	4.111775e-02	-1.031004e-01	3.121218e+00
3.344482e-02	-3.305121e-01	-3.305940e-01	-3.091020e-01	4.112739e-02	4.112739e-02	-1.031342e-01	3.119814e+00
3.338898e-02	-3.305171e-01	-3.305990e-01	-3.091055e-01	4.113704e-02	4.113704e-02	-1.031679e-01	3.118407e+00
3.333333e-02	-3.305221e-01	-3.306040e-01	-3.091089e-01	4.114671e-02	4.114671e-02	-1.032015e-01	3.116999e+00
3.327787e-02	-3.305271e-01	-3.306090e-01	-3.091123e-01	4.115638e-02	4.115638e-02	-1.032349e-01	3.115589e+00
3.322259e-02	-3.305320e-01	-3.306139e-01	-3.091157e-01	4.116607e-02	4.116607e-02	-1.032683e-01	3.114176e+00
3.316750e-02	-3.305370e-01	-3.306189e-01	-3.091191e-01	4.117576e-02	4.117576e-02	-1.033015e-01	3.112762e+00
3.311258e-02	-3.305419e-01	-3.306238e-01	-3.091225e-01	4.118546e-02	4.118546e-02	-1.033346e-01	3.111346e+00
3.305785e-02	-3.305468e-01	-3.306287e-01	-3.091259e-01	4.119517e-02	4.119517e-02	-1.033675e-01	3.109928e+00
3.300330e-02	-3.305517e-01	-3.306336e-01	-3.091292e-01	4.120489e-02	4.120489e-02	-1.034004e-01	3.108507e+00
3.294893e-02	-3.305565e-01	-3.306385e-01	-3.091326e-01	4.121461e-02	4.121461e-02	-1.034332e-01	3.107085e+00
3.289474e-02	-3.305614e-01	-3.306433e-01	-3.091359e-01	4.122435e-02	4.122435e-02	-1.034658e-01	3.105661e+00
3.284072e-02	-3.305662e-01	-3.306481e-01	-3.091392e-01	4.123409e-02	4.123409e-02	-1.034983e-01	3.104234e+00
3.278689e-02	-3.305710e-01	-3.306529e-01	-3.091425e-01	4.124384e-02	4.124384e-02	-1.035307e-01	3.102806e+00
3.273322e-02	-3.305758e-01	-3.306577e-01	-3.091458e-01	4.125360e-02	4.125360e-02	-1.035630e-01	3.101376e+00
3.267974e-02	-3.305805e-01	-3.306625e-01	-3.091491e-01	4.126336e-02	4.126336e-02	-1.035952e-01	3.099944e+00
3.262643e-02	-3.305853e-01	-3.306672e-01	-3.091523e-01	4.127313e-02	4.127313e-02	-1.036272e-01	3.098510e+00
3.257329e-02	-3.305900e-01	-3.306719e-01	-3.091556e-01	4.128291e-02	4.128291e-02	-1.036592e-01	3.097074e+00
3.252033e-02	-3.305947e-01	-3.306766e-01	-3.091588e-01	4.129269e-02	4.129269e-02	-1.036910e-01	3.095636e+00
3.246753e-02	-3.305994e-01	-3.306813e-01	-3.091620e-01	4.130248e-02	4.130248e-02	-1.037227e-01	3.094196e+00
3.241491e-02	-3.306040e-01	-3.306860e-01	-3.091652e-01	4.131227e-02	4.131227e-02	-1.037543e-01	3.092754e+00
3.236246e-02	-3.306087e-01	-3.306906e-01	-3.091684e-01	4.132207e-02	4.132207e-02	-1.037858e-01	3.091310e+00
3.231018e-02	-3.306133e-01	-3.306953e-01	-3.091716e-01	4.133187e-02	4.133187e-02	-1.038172e-01	3.089864e+00
3.225806e-02	-3.306179e-01	-3.306999e-01	-3.091748e-01	4.134168e-02	4.134168e-02	-1.038485e-01	3.088416e+00
3.220612e-02	-3.306225e-01	-3.307045e-01	-3.091780e-01	4.135149e-02	4.135149e-02	-1.038796e-01	3.086967e+00
3.215434e-02	-3.306271e-01	-3.307091e-01	-3.091811e-01	4.136131e-02	4.136131e-02	-1.039107e-01	3.085515e+00
3.210273e-02	-3.306317e-01	-3.307136e-01	-3.091843e-01	4.137113e-02	4.137113e-02	-1.039416e-01	3.084062e+00
3.205128e-02	-3.306362e-01	-3.307181e-01	-3.091874e-01	4.138096e-02	4.138096e-02	-1.039725e-01	3.082606e+00
3.200000e-02	-3.306407e-01	-3.307227e-01	-3.091905e-01	4.139079e-02	4.139079e-02	-1.040032e-01	3.081149e+00
3.194888e-02	-3.306452e-01	-3.307272e-01	-3.091936e-01	4.140062e-02	4.140062e-02	-1.040338e-01	3.079690e+00
3.189793e-02	-3.306497e-01	-3.307317e-01	-3.091967e-01	4.141045e-02	4.141045e-02	-1.040644e-01	3.078228e+00
