# Finite Temperature Data for Kitaev Ladder
# chi_max = 300, h = 0.4500
# Columns: T | Sigmax | Sigmay | Sigmaz | S1 | S2 | Wp | Cv
# 
2.000000e+01	-4.041503e-02	-4.041508e-02	-4.022620e-02	3.165394e-05	3.165394e-05	-1.376812e-07	2.161474e-01
1.000000e+01	-5.705523e-02	-5.705553e-02	-5.664422e-02	1.539116e-04	1.539116e-04	-2.432238e-07	7.901735e-01
6.666667e+00	-7.138077e-02	-7.138157e-02	-7.067773e-02	4.516061e-04	4.516061e-04	1.519715e-06	1.593158e+00
5.000000e+00	-8.356797e-02	-8.356953e-02	-8.251569e-02	1.007032e-03	1.007032e-03	1.006584e-05	2.496646e+00
4.000000e+00	-9.384845e-02	-9.385100e-02	-9.240202e-02	1.887255e-03	1.887255e-03	3.373816e-05	3.394083e+00
3.333333e+00	-1.024746e-01	-1.024784e-01	-1.006004e-01	3.136691e-03	3.136691e-03	8.357979e-05	4.210563e+00
2.857143e+00	-1.096948e-01	-1.096998e-01	-1.073690e-01	4.775791e-03	4.775791e-03	1.719141e-04	4.902818e+00
2.500000e+00	-1.157377e-01	-1.157441e-01	-1.129446e-01	6.803783e-03	6.803783e-03	3.108390e-04	5.453517e+00
2.222222e+00	-1.208049e-01	-1.208128e-01	-1.175358e-01	9.203406e-03	9.203406e-03	5.109984e-04	5.863654e+00
2.000000e+00	-1.250691e-01	-1.250784e-01	-1.213203e-01	1.194606e-02	1.194606e-02	7.808022e-04	6.145417e+00
1.818182e+00	-1.286746e-01	-1.286853e-01	-1.244468e-01	1.499644e-02	1.499644e-02	1.126091e-03	6.316608e+00
1.666667e+00	-1.317408e-01	-1.317529e-01	-1.270378e-01	1.831629e-02	1.831629e-02	1.550148e-03	6.396789e+00
1.538462e+00	-1.343652e-01	-1.343786e-01	-1.291931e-01	2.186712e-02	2.186712e-02	2.053950e-03	6.404916e+00
1.428571e+00	-1.366270e-01	-1.366417e-01	-1.309937e-01	2.561207e-02	2.561207e-02	2.636539e-03	6.358058e+00
1.333333e+00	-1.385905e-01	-1.386064e-01	-1.325050e-01	2.951704e-02	2.951704e-02	3.295437e-03	6.270857e+00
1.250000e+00	-1.403076e-01	-1.403246e-01	-1.337798e-01	3.355127e-02	3.355127e-02	4.027056e-03	6.155437e+00
1.176471e+00	-1.418203e-01	-1.418383e-01	-1.348605e-01	3.768757e-02	3.768757e-02	4.827061e-03	6.021554e+00
1.111111e+00	-1.431626e-01	-1.431816e-01	-1.357814e-01	4.190228e-02	4.190228e-02	5.690679e-03	5.876880e+00
1.052632e+00	-1.443621e-01	-1.443821e-01	-1.365703e-01	4.617506e-02	4.617506e-02	6.612948e-03	5.727310e+00
1.000000e+00	-1.454413e-01	-1.454621e-01	-1.372494e-01	5.048865e-02	5.048865e-02	7.588905e-03	5.577277e+00
9.523810e-01	-1.464186e-01	-1.464402e-01	-1.378369e-01	5.482852e-02	5.482852e-02	8.613725e-03	5.430029e+00
9.090909e-01	-1.473089e-01	-1.473313e-01	-1.383476e-01	5.918255e-02	5.918255e-02	9.682823e-03	5.287877e+00
8.695652e-01	-1.481246e-01	-1.481478e-01	-1.387935e-01	6.354072e-02	6.354072e-02	1.079191e-02	5.152398e+00
8.333333e-01	-1.488761e-01	-1.489000e-01	-1.391844e-01	6.789484e-02	6.789484e-02	1.193705e-02	5.024603e+00
8.000000e-01	-1.495716e-01	-1.495961e-01	-1.395283e-01	7.223823e-02	7.223823e-02	1.311463e-02	4.905075e+00
7.692308e-01	-1.502183e-01	-1.502435e-01	-1.398319e-01	7.656554e-02	7.656554e-02	1.432141e-02	4.794075e+00
7.407407e-01	-1.508221e-01	-1.508479e-01	-1.401006e-01	8.087251e-02	8.087251e-02	1.555450e-02	4.691630e+00
7.142857e-01	-1.513879e-01	-1.514142e-01	-1.403390e-01	8.515580e-02	8.515580e-02	1.681131e-02	4.597597e+00
6.896552e-01	-1.519200e-01	-1.519468e-01	-1.405507e-01	8.941285e-02	8.941285e-02	1.808959e-02	4.511716e+00
6.666667e-01	-1.524218e-01	-1.524492e-01	-1.407389e-01	9.364171e-02	9.364171e-02	1.938733e-02	4.433648e+00
6.451613e-01	-1.528965e-01	-1.529243e-01	-1.409063e-01	9.784099e-02	9.784099e-02	2.070281e-02	4.363005e+00
6.250000e-01	-1.533465e-01	-1.533748e-01	-1.410550e-01	1.020097e-01	1.020097e-01	2.203452e-02	4.299372e+00
6.060606e-01	-1.537742e-01	-1.538029e-01	-1.411868e-01	1.061472e-01	1.061472e-01	2.338117e-02	4.242325e+00
5.882353e-01	-1.541815e-01	-1.542106e-01	-1.413034e-01	1.102532e-01	1.102532e-01	2.474164e-02	4.191439e+00
5.714286e-01	-1.545699e-01	-1.545995e-01	-1.414060e-01	1.143275e-01	1.143275e-01	2.611499e-02	4.146299e+00
5.555556e-01	-1.549411e-01	-1.549710e-01	-1.414958e-01	1.183703e-01	1.183703e-01	2.750041e-02	4.106507e+00
5.405405e-01	-1.552962e-01	-1.553265e-01	-1.415738e-01	1.223817e-01	1.223817e-01	2.889720e-02	4.071682e+00
5.263158e-01	-1.556364e-01	-1.556670e-01	-1.416408e-01	1.263620e-01	1.263620e-01	3.030481e-02	4.041464e+00
5.128205e-01	-1.559627e-01	-1.559936e-01	-1.416975e-01	1.303118e-01	1.303118e-01	3.172275e-02	4.015518e+00
5.000000e-01	-1.562759e-01	-1.563071e-01	-1.417446e-01	1.342314e-01	1.342314e-01	3.315061e-02	3.993529e+00
4.878049e-01	-1.565768e-01	-1.566084e-01	-1.417827e-01	1.381213e-01	1.381213e-01	3.458808e-02	3.975204e+00
4.761905e-01	-1.568662e-01	-1.568980e-01	-1.418122e-01	1.419823e-01	1.419823e-01	3.603489e-02	3.960275e+00
4.651163e-01	-1.571447e-01	-1.571768e-01	-1.418337e-01	1.458147e-01	1.458147e-01	3.749080e-02	3.948491e+00
4.545455e-01	-1.574128e-01	-1.574451e-01	-1.418474e-01	1.496193e-01	1.496193e-01	3.895566e-02	3.939623e+00
4.444444e-01	-1.576710e-01	-1.577036e-01	-1.418537e-01	1.533967e-01	1.533967e-01	4.042931e-02	3.933460e+00
4.347826e-01	-1.579199e-01	-1.579527e-01	-1.418531e-01	1.571473e-01	1.571473e-01	4.191165e-02	3.929809e+00
4.255319e-01	-1.581598e-01	-1.581928e-01	-1.418456e-01	1.608719e-01	1.608719e-01	4.340260e-02	3.928491e+00
4.166667e-01	-1.583912e-01	-1.584244e-01	-1.418318e-01	1.645710e-01	1.645710e-01	4.490208e-02	3.929345e+00
4.081633e-01	-1.586143e-01	-1.586477e-01	-1.418117e-01	1.682452e-01	1.682452e-01	4.641006e-02	3.932221e+00
4.000000e-01	-1.588296e-01	-1.588632e-01	-1.417857e-01	1.718950e-01	1.718950e-01	4.792649e-02	3.936983e+00
3.921569e-01	-1.590373e-01	-1.590711e-01	-1.417539e-01	1.755210e-01	1.755210e-01	4.945135e-02	3.943505e+00
3.846154e-01	-1.592377e-01	-1.592717e-01	-1.417166e-01	1.791236e-01	1.791236e-01	5.098462e-02	3.951674e+00
3.773585e-01	-1.594311e-01	-1.594652e-01	-1.416740e-01	1.827035e-01	1.827035e-01	5.252629e-02	3.961384e+00
3.703704e-01	-1.596177e-01	-1.596520e-01	-1.416262e-01	1.862610e-01	1.862610e-01	5.407634e-02	3.972540e+00
3.636364e-01	-1.597978e-01	-1.598323e-01	-1.415734e-01	1.897966e-01	1.897966e-01	5.563479e-02	3.985052e+00
3.571429e-01	-1.599715e-01	-1.600062e-01	-1.415157e-01	1.933108e-01	1.933108e-01	5.720160e-02	3.998841e+00
3.508772e-01	-1.601392e-01	-1.601739e-01	-1.414534e-01	1.968039e-01	1.968039e-01	5.877679e-02	4.013831e+00
3.448276e-01	-1.603009e-01	-1.603358e-01	-1.413867e-01	2.002765e-01	2.002765e-01	6.036034e-02	4.029954e+00
3.389831e-01	-1.604568e-01	-1.604918e-01	-1.413155e-01	2.037288e-01	2.037288e-01	6.195225e-02	4.047147e+00
3.333333e-01	-1.606072e-01	-1.606423e-01	-1.412401e-01	2.071613e-01	2.071613e-01	6.355249e-02	4.065351e+00
3.278689e-01	-1.607522e-01	-1.607874e-01	-1.411607e-01	2.105742e-01	2.105742e-01	6.516106e-02	4.084513e+00
3.225806e-01	-1.608919e-01	-1.609272e-01	-1.410773e-01	2.139680e-01	2.139680e-01	6.677793e-02	4.104583e+00
3.174603e-01	-1.610265e-01	-1.610619e-01	-1.409901e-01	2.173429e-01	2.173429e-01	6.840308e-02	4.125513e+00
3.125000e-01	-1.611561e-01	-1.611917e-01	-1.408992e-01	2.206992e-01	2.206992e-01	7.003648e-02	4.147261e+00
3.076923e-01	-1.612809e-01	-1.613165e-01	-1.408047e-01	2.240372e-01	2.240372e-01	7.167810e-02	4.169787e+00
3.030303e-01	-1.614010e-01	-1.614367e-01	-1.407067e-01	2.273572e-01	2.273572e-01	7.332791e-02	4.193053e+00
2.985075e-01	-1.615165e-01	-1.615523e-01	-1.406054e-01	2.306594e-01	2.306594e-01	7.498585e-02	4.217023e+00
2.941176e-01	-1.616275e-01	-1.616634e-01	-1.405009e-01	2.339440e-01	2.339440e-01	7.665188e-02	4.241664e+00
2.898551e-01	-1.617342e-01	-1.617701e-01	-1.403932e-01	2.372114e-01	2.372114e-01	7.832595e-02	4.266946e+00
2.857143e-01	-1.618366e-01	-1.618726e-01	-1.402825e-01	2.404617e-01	2.404617e-01	8.000801e-02	4.292838e+00
2.816901e-01	-1.619349e-01	-1.619710e-01	-1.401689e-01	2.436950e-01	2.436950e-01	8.169799e-02	4.319313e+00
2.777778e-01	-1.620292e-01	-1.620653e-01	-1.400524e-01	2.469117e-01	2.469117e-01	8.339582e-02	4.346343e+00
2.739726e-01	-1.621195e-01	-1.621557e-01	-1.399332e-01	2.501118e-01	2.501118e-01	8.510144e-02	4.373905e+00
2.702703e-01	-1.622060e-01	-1.622422e-01	-1.398114e-01	2.532956e-01	2.532956e-01	8.681476e-02	4.401972e+00
2.666667e-01	-1.622887e-01	-1.623249e-01	-1.396870e-01	2.564632e-01	2.564632e-01	8.853572e-02	4.430523e+00
2.631579e-01	-1.623677e-01	-1.624040e-01	-1.395602e-01	2.596148e-01	2.596148e-01	9.026421e-02	4.459535e+00
2.597403e-01	-1.624432e-01	-1.624795e-01	-1.394309e-01	2.627505e-01	2.627505e-01	9.200016e-02	4.488987e+00
2.564103e-01	-1.625151e-01	-1.625515e-01	-1.392994e-01	2.658704e-01	2.658704e-01	9.374346e-02	4.518858e+00
2.531646e-01	-1.625836e-01	-1.626200e-01	-1.391657e-01	2.689746e-01	2.689746e-01	9.549403e-02	4.549128e+00
2.500000e-01	-1.626488e-01	-1.626853e-01	-1.390299e-01	2.720634e-01	2.720634e-01	9.725176e-02	4.579777e+00
2.469136e-01	-1.627107e-01	-1.627472e-01	-1.388920e-01	2.751367e-01	2.751367e-01	9.901655e-02	4.610788e+00
2.439024e-01	-1.627694e-01	-1.628059e-01	-1.387521e-01	2.781947e-01	2.781947e-01	1.007883e-01	4.642141e+00
2.409639e-01	-1.628250e-01	-1.628615e-01	-1.386104e-01	2.812376e-01	2.812376e-01	1.025668e-01	4.673819e+00
2.380952e-01	-1.628776e-01	-1.629141e-01	-1.384668e-01	2.842653e-01	2.842653e-01	1.043521e-01	4.705804e+00
2.352941e-01	-1.629271e-01	-1.629636e-01	-1.383214e-01	2.872780e-01	2.872780e-01	1.061440e-01	4.738080e+00
2.325581e-01	-1.629737e-01	-1.630103e-01	-1.381744e-01	2.902757e-01	2.902757e-01	1.079424e-01	4.770630e+00
2.298851e-01	-1.630175e-01	-1.630540e-01	-1.380257e-01	2.932586e-01	2.932586e-01	1.097471e-01	4.803437e+00
2.272727e-01	-1.630584e-01	-1.630950e-01	-1.378755e-01	2.962267e-01	2.962267e-01	1.115580e-01	4.836486e+00
2.247191e-01	-1.630966e-01	-1.631332e-01	-1.377238e-01	2.991801e-01	2.991801e-01	1.133750e-01	4.869760e+00
2.222222e-01	-1.631322e-01	-1.631687e-01	-1.375707e-01	3.021188e-01	3.021188e-01	1.151980e-01	4.903245e+00
2.197802e-01	-1.631651e-01	-1.632016e-01	-1.374162e-01	3.050429e-01	3.050429e-01	1.170268e-01	4.936924e+00
2.173913e-01	-1.631954e-01	-1.632319e-01	-1.372605e-01	3.079525e-01	3.079525e-01	1.188613e-01	4.970784e+00
2.150538e-01	-1.632232e-01	-1.632598e-01	-1.371034e-01	3.108476e-01	3.108476e-01	1.207014e-01	5.004808e+00
2.127660e-01	-1.632486e-01	-1.632851e-01	-1.369452e-01	3.137282e-01	3.137282e-01	1.225468e-01	5.038984e+00
2.105263e-01	-1.632715e-01	-1.633080e-01	-1.367858e-01	3.165945e-01	3.165945e-01	1.243975e-01	5.073295e+00
2.083333e-01	-1.632921e-01	-1.633286e-01	-1.366254e-01	3.194463e-01	3.194463e-01	1.262533e-01	5.107729e+00
2.061856e-01	-1.633104e-01	-1.633469e-01	-1.364639e-01	3.222839e-01	3.222839e-01	1.281141e-01	5.142271e+00
2.040816e-01	-1.633264e-01	-1.633629e-01	-1.363015e-01	3.251072e-01	3.251072e-01	1.299797e-01	5.176907e+00
2.020202e-01	-1.633402e-01	-1.633766e-01	-1.361381e-01	3.279163e-01	3.279163e-01	1.318500e-01	5.211624e+00
2.000000e-01	-1.633518e-01	-1.633882e-01	-1.359739e-01	3.307111e-01	3.307111e-01	1.337247e-01	5.246407e+00
1.980198e-01	-1.633613e-01	-1.633977e-01	-1.358088e-01	3.334918e-01	3.334918e-01	1.356039e-01	5.281245e+00
1.960784e-01	-1.633687e-01	-1.634051e-01	-1.356430e-01	3.362583e-01	3.362583e-01	1.374872e-01	5.316124e+00
1.941748e-01	-1.633741e-01	-1.634105e-01	-1.354764e-01	3.390107e-01	3.390107e-01	1.393746e-01	5.351031e+00
1.923077e-01	-1.633775e-01	-1.634139e-01	-1.353091e-01	3.417491e-01	3.417491e-01	1.412659e-01	5.385952e+00
1.904762e-01	-1.633789e-01	-1.634153e-01	-1.351412e-01	3.444733e-01	3.444733e-01	1.431610e-01	5.420877e+00
1.886792e-01	-1.633785e-01	-1.634148e-01	-1.349727e-01	3.471836e-01	3.471836e-01	1.450596e-01	5.455791e+00
1.869159e-01	-1.633761e-01	-1.634124e-01	-1.348036e-01	3.498798e-01	3.498798e-01	1.469617e-01	5.490684e+00
1.851852e-01	-1.633720e-01	-1.634082e-01	-1.346341e-01	3.525620e-01	3.525620e-01	1.488670e-01	5.525542e+00
1.834862e-01	-1.633660e-01	-1.634022e-01	-1.344640e-01	3.552303e-01	3.552303e-01	1.507754e-01	5.560354e+00
1.818182e-01	-1.633583e-01	-1.633944e-01	-1.342935e-01	3.578846e-01	3.578846e-01	1.526868e-01	5.595109e+00
1.801802e-01	-1.633488e-01	-1.633850e-01	-1.341226e-01	3.605250e-01	3.605250e-01	1.546010e-01	5.629795e+00
1.785714e-01	-1.633377e-01	-1.633738e-01	-1.339513e-01	3.631514e-01	3.631514e-01	1.565178e-01	5.664400e+00
1.769912e-01	-1.633249e-01	-1.633610e-01	-1.337797e-01	3.657640e-01	3.657640e-01	1.584371e-01	5.698913e+00
1.754386e-01	-1.633105e-01	-1.633466e-01	-1.336078e-01	3.683627e-01	3.683627e-01	1.603588e-01	5.733324e+00
1.739130e-01	-1.632946e-01	-1.633306e-01	-1.334357e-01	3.709476e-01	3.709476e-01	1.622825e-01	5.767622e+00
1.724138e-01	-1.632770e-01	-1.633130e-01	-1.332633e-01	3.735186e-01	3.735186e-01	1.642083e-01	5.801795e+00
1.709402e-01	-1.632580e-01	-1.632939e-01	-1.330907e-01	3.760758e-01	3.760758e-01	1.661360e-01	5.835835e+00
1.694915e-01	-1.632375e-01	-1.632734e-01	-1.329180e-01	3.786192e-01	3.786192e-01	1.680653e-01	5.869729e+00
1.680672e-01	-1.632156e-01	-1.632514e-01	-1.327452e-01	3.811488e-01	3.811488e-01	1.699961e-01	5.903470e+00
1.666667e-01	-1.631922e-01	-1.632280e-01	-1.325722e-01	3.836647e-01	3.836647e-01	1.719284e-01	5.937046e+00
1.652893e-01	-1.631674e-01	-1.632032e-01	-1.323992e-01	3.861668e-01	3.861668e-01	1.738618e-01	5.970448e+00
1.639344e-01	-1.631413e-01	-1.631770e-01	-1.322262e-01	3.886551e-01	3.886551e-01	1.757964e-01	6.003668e+00
1.626016e-01	-1.631138e-01	-1.631495e-01	-1.320531e-01	3.911298e-01	3.911298e-01	1.777318e-01	6.036695e+00
1.612903e-01	-1.630851e-01	-1.631207e-01	-1.318801e-01	3.935908e-01	3.935908e-01	1.796680e-01	6.069520e+00
1.600000e-01	-1.630551e-01	-1.630906e-01	-1.317071e-01	3.960381e-01	3.960381e-01	1.816048e-01	6.102136e+00
1.587302e-01	-1.630238e-01	-1.630593e-01	-1.315342e-01	3.984718e-01	3.984718e-01	1.835421e-01	6.134532e+00
1.574803e-01	-1.629913e-01	-1.630268e-01	-1.313614e-01	4.008918e-01	4.008918e-01	1.854797e-01	6.166702e+00
1.562500e-01	-1.629577e-01	-1.629931e-01	-1.311887e-01	4.032982e-01	4.032982e-01	1.874174e-01	6.198637e+00
1.550388e-01	-1.629228e-01	-1.629582e-01	-1.310162e-01	4.056910e-01	4.056910e-01	1.893552e-01	6.230329e+00
1.538462e-01	-1.628869e-01	-1.629222e-01	-1.308438e-01	4.080702e-01	4.080702e-01	1.912928e-01	6.261770e+00
1.526718e-01	-1.628498e-01	-1.628850e-01	-1.306717e-01	4.104359e-01	4.104359e-01	1.932301e-01	6.292953e+00
1.515152e-01	-1.628116e-01	-1.628468e-01	-1.304997e-01	4.127881e-01	4.127881e-01	1.951670e-01	6.323871e+00
1.503759e-01	-1.627724e-01	-1.628075e-01	-1.303280e-01	4.151267e-01	4.151267e-01	1.971034e-01	6.354516e+00
1.492537e-01	-1.627321e-01	-1.627672e-01	-1.301566e-01	4.174519e-01	4.174519e-01	1.990390e-01	6.384882e+00
1.481481e-01	-1.626908e-01	-1.627259e-01	-1.299854e-01	4.197636e-01	4.197636e-01	2.009738e-01	6.414962e+00
1.470588e-01	-1.626486e-01	-1.626836e-01	-1.298146e-01	4.220619e-01	4.220619e-01	2.029076e-01	6.444750e+00
1.459854e-01	-1.626053e-01	-1.626403e-01	-1.296441e-01	4.243467e-01	4.243467e-01	2.048403e-01	6.474239e+00
1.449275e-01	-1.625612e-01	-1.625961e-01	-1.294739e-01	4.266182e-01	4.266182e-01	2.067718e-01	6.503424e+00
1.438849e-01	-1.625161e-01	-1.625509e-01	-1.293041e-01	4.288763e-01	4.288763e-01	2.087018e-01	6.532299e+00
1.428571e-01	-1.624701e-01	-1.625049e-01	-1.291347e-01	4.311211e-01	4.311211e-01	2.106303e-01	6.560858e+00
1.418440e-01	-1.624232e-01	-1.624580e-01	-1.289656e-01	4.333526e-01	4.333526e-01	2.125572e-01	6.589096e+00
1.408451e-01	-1.623755e-01	-1.624102e-01	-1.287970e-01	4.355708e-01	4.355708e-01	2.144823e-01	6.617007e+00
1.398601e-01	-1.623269e-01	-1.623615e-01	-1.286288e-01	4.377758e-01	4.377758e-01	2.164054e-01	6.644588e+00
1.388889e-01	-1.622775e-01	-1.623121e-01	-1.284611e-01	4.399676e-01	4.399676e-01	2.183266e-01	6.671833e+00
1.379310e-01	-1.622274e-01	-1.622619e-01	-1.282938e-01	4.421461e-01	4.421461e-01	2.202456e-01	6.698737e+00
1.369863e-01	-1.621764e-01	-1.622109e-01	-1.281270e-01	4.443116e-01	4.443116e-01	2.221623e-01	6.725297e+00
1.360544e-01	-1.621247e-01	-1.621591e-01	-1.279607e-01	4.464639e-01	4.464639e-01	2.240765e-01	6.751508e+00
1.351351e-01	-1.620723e-01	-1.621066e-01	-1.277950e-01	4.486031e-01	4.486031e-01	2.259883e-01	6.777367e+00
1.342282e-01	-1.620191e-01	-1.620534e-01	-1.276297e-01	4.507293e-01	4.507293e-01	2.278975e-01	6.802870e+00
1.333333e-01	-1.619653e-01	-1.619995e-01	-1.274650e-01	4.528425e-01	4.528425e-01	2.298038e-01	6.828013e+00
1.324503e-01	-1.619107e-01	-1.619449e-01	-1.273008e-01	4.549427e-01	4.549427e-01	2.317074e-01	6.852793e+00
1.315789e-01	-1.618555e-01	-1.618896e-01	-1.271372e-01	4.570299e-01	4.570299e-01	2.336079e-01	6.877207e+00
1.307190e-01	-1.617997e-01	-1.618337e-01	-1.269742e-01	4.591043e-01	4.591043e-01	2.355053e-01	6.901253e+00
1.298701e-01	-1.617432e-01	-1.617772e-01	-1.268117e-01	4.611658e-01	4.611658e-01	2.373996e-01	6.924927e+00
1.290323e-01	-1.616861e-01	-1.617201e-01	-1.266499e-01	4.632144e-01	4.632144e-01	2.392906e-01	6.948227e+00
1.282051e-01	-1.616285e-01	-1.616623e-01	-1.264886e-01	4.652503e-01	4.652503e-01	2.411781e-01	6.971151e+00
1.273885e-01	-1.615702e-01	-1.616040e-01	-1.263280e-01	4.672734e-01	4.672734e-01	2.430622e-01	6.993696e+00
1.265823e-01	-1.615114e-01	-1.615452e-01	-1.261681e-01	4.692839e-01	4.692839e-01	2.449426e-01	7.015861e+00
1.257862e-01	-1.614520e-01	-1.614857e-01	-1.260087e-01	4.712816e-01	4.712816e-01	2.468193e-01	7.037644e+00
1.250000e-01	-1.613921e-01	-1.614258e-01	-1.258500e-01	4.732668e-01	4.732668e-01	2.486923e-01	7.059043e+00
1.242236e-01	-1.613317e-01	-1.613653e-01	-1.256920e-01	4.752393e-01	4.752393e-01	2.505613e-01	7.080057e+00
1.234568e-01	-1.612708e-01	-1.613044e-01	-1.255346e-01	4.771994e-01	4.771994e-01	2.524264e-01	7.100685e+00
1.226994e-01	-1.612095e-01	-1.612429e-01	-1.253779e-01	4.791469e-01	4.791469e-01	2.542873e-01	7.120926e+00
1.219512e-01	-1.611476e-01	-1.611810e-01	-1.252220e-01	4.810820e-01	4.810820e-01	2.561442e-01	7.140778e+00
1.212121e-01	-1.610853e-01	-1.611187e-01	-1.250666e-01	4.830047e-01	4.830047e-01	2.579967e-01	7.160241e+00
1.204819e-01	-1.610225e-01	-1.610558e-01	-1.249120e-01	4.849151e-01	4.849151e-01	2.598449e-01	7.179315e+00
1.197605e-01	-1.609594e-01	-1.609926e-01	-1.247581e-01	4.868132e-01	4.868132e-01	2.616887e-01	7.197998e+00
1.190476e-01	-1.608958e-01	-1.609290e-01	-1.246050e-01	4.886990e-01	4.886990e-01	2.635280e-01	7.216292e+00
1.183432e-01	-1.608318e-01	-1.608649e-01	-1.244525e-01	4.905726e-01	4.905726e-01	2.653627e-01	7.234195e+00
1.176471e-01	-1.607674e-01	-1.608005e-01	-1.243008e-01	4.924341e-01	4.924341e-01	2.671928e-01	7.251708e+00
1.169591e-01	-1.607027e-01	-1.607357e-01	-1.241498e-01	4.942835e-01	4.942835e-01	2.690181e-01	7.268830e+00
1.162791e-01	-1.606376e-01	-1.606705e-01	-1.239995e-01	4.961208e-01	4.961208e-01	2.708386e-01	7.285563e+00
1.156069e-01	-1.605721e-01	-1.606050e-01	-1.238500e-01	4.979461e-01	4.979461e-01	2.726542e-01	7.301906e+00
1.149425e-01	-1.605063e-01	-1.605391e-01	-1.237012e-01	4.997595e-01	4.997595e-01	2.744648e-01	7.317861e+00
1.142857e-01	-1.604402e-01	-1.604730e-01	-1.235532e-01	5.015610e-01	5.015610e-01	2.762705e-01	7.333427e+00
1.136364e-01	-1.603737e-01	-1.604065e-01	-1.234060e-01	5.033506e-01	5.033506e-01	2.780710e-01	7.348606e+00
1.129944e-01	-1.603070e-01	-1.603397e-01	-1.232595e-01	5.051285e-01	5.051285e-01	2.798664e-01	7.363399e+00
1.123596e-01	-1.602400e-01	-1.602726e-01	-1.231138e-01	5.068946e-01	5.068946e-01	2.816566e-01	7.377807e+00
1.117318e-01	-1.601727e-01	-1.602052e-01	-1.229688e-01	5.086490e-01	5.086490e-01	2.834415e-01	7.391831e+00
1.111111e-01	-1.601051e-01	-1.601376e-01	-1.228246e-01	5.103919e-01	5.103919e-01	2.852211e-01	7.405472e+00
1.104972e-01	-1.600373e-01	-1.600697e-01	-1.226812e-01	5.121231e-01	5.121231e-01	2.869953e-01	7.418732e+00
1.098901e-01	-1.599692e-01	-1.600016e-01	-1.225386e-01	5.138429e-01	5.138429e-01	2.887640e-01	7.431612e+00
1.092896e-01	-1.599009e-01	-1.599332e-01	-1.223968e-01	5.155512e-01	5.155512e-01	2.905272e-01	7.444114e+00
1.086957e-01	-1.598324e-01	-1.598646e-01	-1.222558e-01	5.172481e-01	5.172481e-01	2.922849e-01	7.456240e+00
1.081081e-01	-1.597636e-01	-1.597958e-01	-1.221155e-01	5.189337e-01	5.189337e-01	2.940370e-01	7.467992e+00
1.075269e-01	-1.596947e-01	-1.597268e-01	-1.219760e-01	5.206079e-01	5.206079e-01	2.957834e-01	7.479371e+00
1.069519e-01	-1.596256e-01	-1.596576e-01	-1.218374e-01	5.222710e-01	5.222710e-01	2.975240e-01	7.490379e+00
1.063830e-01	-1.595562e-01	-1.595882e-01	-1.216995e-01	5.239229e-01	5.239229e-01	2.992590e-01	7.501019e+00
1.058201e-01	-1.594867e-01	-1.595187e-01	-1.215624e-01	5.255637e-01	5.255637e-01	3.009881e-01	7.511293e+00
1.052632e-01	-1.594170e-01	-1.594489e-01	-1.214261e-01	5.271935e-01	5.271935e-01	3.027114e-01	7.521203e+00
1.047120e-01	-1.593472e-01	-1.593791e-01	-1.212906e-01	5.288122e-01	5.288122e-01	3.044289e-01	7.530752e+00
1.041667e-01	-1.592772e-01	-1.593090e-01	-1.211559e-01	5.304201e-01	5.304201e-01	3.061404e-01	7.539941e+00
1.036269e-01	-1.592071e-01	-1.592388e-01	-1.210220e-01	5.320170e-01	5.320170e-01	3.078459e-01	7.548774e+00
1.030928e-01	-1.591368e-01	-1.591685e-01	-1.208890e-01	5.336032e-01	5.336032e-01	3.095455e-01	7.557253e+00
1.025641e-01	-1.590665e-01	-1.590981e-01	-1.207567e-01	5.351786e-01	5.351786e-01	3.112390e-01	7.565380e+00
1.020408e-01	-1.589960e-01	-1.590275e-01	-1.206252e-01	5.367434e-01	5.367434e-01	3.129264e-01	7.573159e+00
1.015228e-01	-1.589253e-01	-1.589569e-01	-1.204945e-01	5.382975e-01	5.382975e-01	3.146078e-01	7.580591e+00
1.010101e-01	-1.588546e-01	-1.588861e-01	-1.203646e-01	5.398410e-01	5.398410e-01	3.162830e-01	7.587681e+00
1.005025e-01	-1.587838e-01	-1.588152e-01	-1.202356e-01	5.413741e-01	5.413741e-01	3.179520e-01	7.594431e+00
1.000000e-01	-1.587129e-01	-1.587443e-01	-1.201073e-01	5.428967e-01	5.428967e-01	3.196149e-01	7.600843e+00
9.950249e-02	-1.586420e-01	-1.586733e-01	-1.199798e-01	5.444090e-01	5.444090e-01	3.212716e-01	7.606921e+00
9.900990e-02	-1.585709e-01	-1.586022e-01	-1.198531e-01	5.459109e-01	5.459109e-01	3.229220e-01	7.612667e+00
9.852217e-02	-1.584998e-01	-1.585310e-01	-1.197272e-01	5.474026e-01	5.474026e-01	3.245661e-01	7.618086e+00
9.803922e-02	-1.584287e-01	-1.584598e-01	-1.196022e-01	5.488841e-01	5.488841e-01	3.262040e-01	7.623179e+00
9.756098e-02	-1.583575e-01	-1.583886e-01	-1.194779e-01	5.503554e-01	5.503554e-01	3.278355e-01	7.627950e+00
9.708738e-02	-1.582862e-01	-1.583172e-01	-1.193544e-01	5.518167e-01	5.518167e-01	3.294607e-01	7.632403e+00
9.661836e-02	-1.582149e-01	-1.582459e-01	-1.192317e-01	5.532680e-01	5.532680e-01	3.310796e-01	7.636540e+00
9.615385e-02	-1.581436e-01	-1.581745e-01	-1.191098e-01	5.547094e-01	5.547094e-01	3.326921e-01	7.640364e+00
9.569378e-02	-1.580723e-01	-1.581031e-01	-1.189887e-01	5.561409e-01	5.561409e-01	3.342982e-01	7.643880e+00
9.523810e-02	-1.580009e-01	-1.580317e-01	-1.188684e-01	5.575625e-01	5.575625e-01	3.358979e-01	7.647090e+00
9.478673e-02	-1.579295e-01	-1.579603e-01	-1.187488e-01	5.589744e-01	5.589744e-01	3.374912e-01	7.649997e+00
9.433962e-02	-1.578581e-01	-1.578888e-01	-1.186301e-01	5.603766e-01	5.603766e-01	3.390780e-01	7.652605e+00
9.389671e-02	-1.577868e-01	-1.578174e-01	-1.185121e-01	5.617692e-01	5.617692e-01	3.406584e-01	7.654918e+00
9.345794e-02	-1.577154e-01	-1.577460e-01	-1.183949e-01	5.631523e-01	5.631523e-01	3.422324e-01	7.656938e+00
9.302326e-02	-1.576440e-01	-1.576746e-01	-1.182785e-01	5.645258e-01	5.645258e-01	3.437999e-01	7.658669e+00
9.259259e-02	-1.575726e-01	-1.576032e-01	-1.181629e-01	5.658899e-01	5.658899e-01	3.453609e-01	7.660114e+00
9.216590e-02	-1.575013e-01	-1.575318e-01	-1.180481e-01	5.672446e-01	5.672446e-01	3.469154e-01	7.661277e+00
9.174312e-02	-1.574300e-01	-1.574604e-01	-1.179340e-01	5.685900e-01	5.685900e-01	3.484634e-01	7.662162e+00
9.132420e-02	-1.573587e-01	-1.573891e-01	-1.178207e-01	5.699261e-01	5.699261e-01	3.500049e-01	7.662771e+00
9.090909e-02	-1.572875e-01	-1.573178e-01	-1.177081e-01	5.712531e-01	5.712531e-01	3.515400e-01	7.663108e+00
9.049774e-02	-1.572163e-01	-1.572465e-01	-1.175964e-01	5.725709e-01	5.725709e-01	3.530685e-01	7.663177e+00
9.009009e-02	-1.571451e-01	-1.571753e-01	-1.174854e-01	5.738796e-01	5.738796e-01	3.545905e-01	7.662981e+00
8.968610e-02	-1.570740e-01	-1.571042e-01	-1.173751e-01	5.751794e-01	5.751794e-01	3.561060e-01	7.662523e+00
8.928571e-02	-1.570030e-01	-1.570331e-01	-1.172656e-01	5.764702e-01	5.764702e-01	3.576149e-01	7.661807e+00
8.888889e-02	-1.569320e-01	-1.569620e-01	-1.171568e-01	5.777521e-01	5.777521e-01	3.591174e-01	7.660837e+00
8.849558e-02	-1.568610e-01	-1.568910e-01	-1.170489e-01	5.790252e-01	5.790252e-01	3.606133e-01	7.659615e+00
8.810573e-02	-1.567902e-01	-1.568201e-01	-1.169416e-01	5.802896e-01	5.802896e-01	3.621027e-01	7.658145e+00
8.771930e-02	-1.567194e-01	-1.567493e-01	-1.168351e-01	5.815452e-01	5.815452e-01	3.635856e-01	7.656431e+00
8.733624e-02	-1.566487e-01	-1.566785e-01	-1.167293e-01	5.827922e-01	5.827922e-01	3.650619e-01	7.654476e+00
8.695652e-02	-1.565780e-01	-1.566078e-01	-1.166243e-01	5.840307e-01	5.840307e-01	3.665318e-01	7.652283e+00
8.658009e-02	-1.565075e-01	-1.565372e-01	-1.165200e-01	5.852606e-01	5.852606e-01	3.679951e-01	7.649855e+00
8.620690e-02	-1.564370e-01	-1.564667e-01	-1.164164e-01	5.864820e-01	5.864820e-01	3.694520e-01	7.647197e+00
8.583691e-02	-1.563666e-01	-1.563963e-01	-1.163136e-01	5.876951e-01	5.876951e-01	3.709023e-01	7.644311e+00
8.547009e-02	-1.562963e-01	-1.563260e-01	-1.162115e-01	5.888998e-01	5.888998e-01	3.723461e-01	7.641201e+00
8.510638e-02	-1.562262e-01	-1.562557e-01	-1.161101e-01	5.900963e-01	5.900963e-01	3.737834e-01	7.637870e+00
8.474576e-02	-1.561561e-01	-1.561856e-01	-1.160094e-01	5.912845e-01	5.912845e-01	3.752143e-01	7.634322e+00
8.438819e-02	-1.560861e-01	-1.561156e-01	-1.159094e-01	5.924646e-01	5.924646e-01	3.766387e-01	7.630559e+00
8.403361e-02	-1.560162e-01	-1.560456e-01	-1.158101e-01	5.936365e-01	5.936365e-01	3.780566e-01	7.626585e+00
8.368201e-02	-1.559464e-01	-1.559758e-01	-1.157116e-01	5.948005e-01	5.948005e-01	3.794680e-01	7.622403e+00
8.333333e-02	-1.558768e-01	-1.559061e-01	-1.156137e-01	5.959564e-01	5.959564e-01	3.808730e-01	7.618016e+00
8.298755e-02	-1.558073e-01	-1.558366e-01	-1.155166e-01	5.971044e-01	5.971044e-01	3.822715e-01	7.613428e+00
8.264463e-02	-1.557378e-01	-1.557671e-01	-1.154201e-01	5.982446e-01	5.982446e-01	3.836636e-01	7.608642e+00
8.230453e-02	-1.556685e-01	-1.556978e-01	-1.153243e-01	5.993770e-01	5.993770e-01	3.850493e-01	7.603661e+00
8.196721e-02	-1.555994e-01	-1.556285e-01	-1.152292e-01	6.005015e-01	6.005015e-01	3.864285e-01	7.598487e+00
8.163265e-02	-1.555303e-01	-1.555595e-01	-1.151348e-01	6.016184e-01	6.016184e-01	3.878014e-01	7.593125e+00
8.130081e-02	-1.554614e-01	-1.554905e-01	-1.150411e-01	6.027277e-01	6.027277e-01	3.891679e-01	7.587576e+00
8.097166e-02	-1.553927e-01	-1.554217e-01	-1.149480e-01	6.038294e-01	6.038294e-01	3.905280e-01	7.581845e+00
8.064516e-02	-1.553240e-01	-1.553530e-01	-1.148557e-01	6.049235e-01	6.049235e-01	3.918817e-01	7.575934e+00
8.032129e-02	-1.552555e-01	-1.552845e-01	-1.147639e-01	6.060102e-01	6.060102e-01	3.932291e-01	7.569845e+00
8.000000e-02	-1.551872e-01	-1.552161e-01	-1.146729e-01	6.070895e-01	6.070895e-01	3.945701e-01	7.563583e+00
7.968127e-02	-1.551189e-01	-1.551478e-01	-1.145825e-01	6.081614e-01	6.081614e-01	3.959048e-01	7.557150e+00
7.936508e-02	-1.550509e-01	-1.550797e-01	-1.144927e-01	6.092260e-01	6.092260e-01	3.972332e-01	7.550549e+00
7.905138e-02	-1.549829e-01	-1.550117e-01	-1.144036e-01	6.102833e-01	6.102833e-01	3.985553e-01	7.543782e+00
7.874016e-02	-1.549152e-01	-1.549439e-01	-1.143152e-01	6.113335e-01	6.113335e-01	3.998711e-01	7.536853e+00
7.843137e-02	-1.548475e-01	-1.548762e-01	-1.142274e-01	6.123765e-01	6.123765e-01	4.011807e-01	7.529765e+00
7.812500e-02	-1.547801e-01	-1.548087e-01	-1.141402e-01	6.134124e-01	6.134124e-01	4.024840e-01	7.522519e+00
7.782101e-02	-1.547128e-01	-1.547414e-01	-1.140537e-01	6.144412e-01	6.144412e-01	4.037811e-01	7.515119e+00
7.751938e-02	-1.546456e-01	-1.546742e-01	-1.139678e-01	6.154631e-01	6.154631e-01	4.050719e-01	7.507567e+00
7.722008e-02	-1.545786e-01	-1.546071e-01	-1.138825e-01	6.164781e-01	6.164781e-01	4.063566e-01	7.499867e+00
7.692308e-02	-1.545118e-01	-1.545402e-01	-1.137979e-01	6.174861e-01	6.174861e-01	4.076351e-01	7.492020e+00
7.662835e-02	-1.544451e-01	-1.544735e-01	-1.137138e-01	6.184874e-01	6.184874e-01	4.089074e-01	7.484030e+00
7.633588e-02	-1.543786e-01	-1.544070e-01	-1.136304e-01	6.194818e-01	6.194818e-01	4.101735e-01	7.475899e+00
7.604563e-02	-1.543123e-01	-1.543406e-01	-1.135476e-01	6.204696e-01	6.204696e-01	4.114335e-01	7.467629e+00
7.575758e-02	-1.542461e-01	-1.542744e-01	-1.134654e-01	6.214506e-01	6.214506e-01	4.126874e-01	7.459223e+00
7.547170e-02	-1.541801e-01	-1.542084e-01	-1.133838e-01	6.224251e-01	6.224251e-01	4.139353e-01	7.450683e+00
7.518797e-02	-1.541143e-01	-1.541425e-01	-1.133028e-01	6.233929e-01	6.233929e-01	4.151770e-01	7.442012e+00
7.490637e-02	-1.540486e-01	-1.540768e-01	-1.132224e-01	6.243542e-01	6.243542e-01	4.164127e-01	7.433212e+00
7.462687e-02	-1.539831e-01	-1.540113e-01	-1.131426e-01	6.253091e-01	6.253091e-01	4.176423e-01	7.424286e+00
7.434944e-02	-1.539178e-01	-1.539459e-01	-1.130633e-01	6.262575e-01	6.262575e-01	4.188659e-01	7.415235e+00
7.407407e-02	-1.538527e-01	-1.538808e-01	-1.129847e-01	6.271995e-01	6.271995e-01	4.200835e-01	7.406063e+00
7.380074e-02	-1.537877e-01	-1.538158e-01	-1.129066e-01	6.281352e-01	6.281352e-01	4.212951e-01	7.396771e+00
7.352941e-02	-1.537230e-01	-1.537510e-01	-1.128291e-01	6.290646e-01	6.290646e-01	4.225008e-01	7.387361e+00
7.326007e-02	-1.536584e-01	-1.536863e-01	-1.127522e-01	6.299878e-01	6.299878e-01	4.237005e-01	7.377837e+00
7.299270e-02	-1.535940e-01	-1.536219e-01	-1.126758e-01	6.309048e-01	6.309048e-01	4.248943e-01	7.368199e+00
7.272727e-02	-1.535298e-01	-1.535577e-01	-1.126000e-01	6.318156e-01	6.318156e-01	4.260822e-01	7.358450e+00
7.246377e-02	-1.534657e-01	-1.534936e-01	-1.125248e-01	6.327204e-01	6.327204e-01	4.272642e-01	7.348592e+00
7.220217e-02	-1.534019e-01	-1.534297e-01	-1.124501e-01	6.336190e-01	6.336190e-01	4.284403e-01	7.338627e+00
7.194245e-02	-1.533382e-01	-1.533660e-01	-1.123760e-01	6.345117e-01	6.345117e-01	4.296106e-01	7.328557e+00
7.168459e-02	-1.532748e-01	-1.533025e-01	-1.123024e-01	6.353984e-01	6.353984e-01	4.307750e-01	7.318385e+00
7.142857e-02	-1.532115e-01	-1.532392e-01	-1.122293e-01	6.362792e-01	6.362792e-01	4.319337e-01	7.308111e+00
7.117438e-02	-1.531484e-01	-1.531761e-01	-1.121568e-01	6.371541e-01	6.371541e-01	4.330865e-01	7.297738e+00
7.092199e-02	-1.530855e-01	-1.531131e-01	-1.120849e-01	6.380232e-01	6.380232e-01	4.342336e-01	7.287268e+00
7.067138e-02	-1.530228e-01	-1.530504e-01	-1.120134e-01	6.388865e-01	6.388865e-01	4.353750e-01	7.276703e+00
7.042254e-02	-1.529603e-01	-1.529878e-01	-1.119425e-01	6.397440e-01	6.397440e-01	4.365106e-01	7.266044e+00
7.017544e-02	-1.528980e-01	-1.529255e-01	-1.118721e-01	6.405959e-01	6.405959e-01	4.376405e-01	7.255293e+00
6.993007e-02	-1.528358e-01	-1.528633e-01	-1.118023e-01	6.414421e-01	6.414421e-01	4.387647e-01	7.244452e+00
6.968641e-02	-1.527739e-01	-1.528014e-01	-1.117329e-01	6.422826e-01	6.422826e-01	4.398833e-01	7.233523e+00
6.944444e-02	-1.527122e-01	-1.527396e-01	-1.116641e-01	6.431176e-01	6.431176e-01	4.409962e-01	7.222507e+00
6.920415e-02	-1.526507e-01	-1.526780e-01	-1.115958e-01	6.439471e-01	6.439471e-01	4.421035e-01	7.211406e+00
6.896552e-02	-1.525893e-01	-1.526167e-01	-1.115279e-01	6.447710e-01	6.447710e-01	4.432052e-01	7.200222e+00
6.872852e-02	-1.525282e-01	-1.525555e-01	-1.114606e-01	6.455896e-01	6.455896e-01	4.443014e-01	7.188956e+00
6.849315e-02	-1.524673e-01	-1.524946e-01	-1.113938e-01	6.464027e-01	6.464027e-01	4.453919e-01	7.177610e+00
6.825939e-02	-1.524065e-01	-1.524338e-01	-1.113275e-01	6.472104e-01	6.472104e-01	4.464770e-01	7.166184e+00
6.802721e-02	-1.523460e-01	-1.523732e-01	-1.112616e-01	6.480128e-01	6.480128e-01	4.475565e-01	7.154682e+00
6.779661e-02	-1.522857e-01	-1.523129e-01	-1.111963e-01	6.488099e-01	6.488099e-01	4.486305e-01	7.143104e+00
6.756757e-02	-1.522256e-01	-1.522527e-01	-1.111314e-01	6.496017e-01	6.496017e-01	4.496990e-01	7.131451e+00
6.734007e-02	-1.521657e-01	-1.521928e-01	-1.110670e-01	6.503883e-01	6.503883e-01	4.507621e-01	7.119725e+00
6.711409e-02	-1.521059e-01	-1.521330e-01	-1.110031e-01	6.511698e-01	6.511698e-01	4.518197e-01	7.107928e+00
6.688963e-02	-1.520464e-01	-1.520735e-01	-1.109396e-01	6.519461e-01	6.519461e-01	4.528720e-01	7.096061e+00
6.666667e-02	-1.519871e-01	-1.520142e-01	-1.108767e-01	6.527173e-01	6.527173e-01	4.539188e-01	7.084125e+00
6.644518e-02	-1.519280e-01	-1.519550e-01	-1.108142e-01	6.534834e-01	6.534834e-01	4.549603e-01	7.072121e+00
6.622517e-02	-1.518691e-01	-1.518961e-01	-1.107521e-01	6.542445e-01	6.542445e-01	4.559964e-01	7.060050e+00
6.600660e-02	-1.518105e-01	-1.518374e-01	-1.106905e-01	6.550007e-01	6.550007e-01	4.570272e-01	7.047915e+00
6.578947e-02	-1.517520e-01	-1.517789e-01	-1.106294e-01	6.557518e-01	6.557518e-01	4.580527e-01	7.035716e+00
6.557377e-02	-1.516937e-01	-1.517206e-01	-1.105687e-01	6.564980e-01	6.564980e-01	4.590728e-01	7.023454e+00
6.535948e-02	-1.516357e-01	-1.516625e-01	-1.105085e-01	6.572394e-01	6.572394e-01	4.600878e-01	7.011131e+00
6.514658e-02	-1.515778e-01	-1.516046e-01	-1.104487e-01	6.579759e-01	6.579759e-01	4.610974e-01	6.998747e+00
6.493506e-02	-1.515202e-01	-1.515469e-01	-1.103894e-01	6.587076e-01	6.587076e-01	4.621019e-01	6.986304e+00
6.472492e-02	-1.514627e-01	-1.514895e-01	-1.103305e-01	6.594345e-01	6.594345e-01	4.631011e-01	6.973803e+00
6.451613e-02	-1.514055e-01	-1.514322e-01	-1.102720e-01	6.601566e-01	6.601566e-01	4.640951e-01	6.961244e+00
6.430868e-02	-1.513485e-01	-1.513752e-01	-1.102140e-01	6.608740e-01	6.608740e-01	4.650840e-01	6.948630e+00
6.410256e-02	-1.512917e-01	-1.513183e-01	-1.101564e-01	6.615868e-01	6.615868e-01	4.660677e-01	6.935961e+00
6.389776e-02	-1.512351e-01	-1.512617e-01	-1.100992e-01	6.622949e-01	6.622949e-01	4.670464e-01	6.923237e+00
6.369427e-02	-1.511787e-01	-1.512053e-01	-1.100424e-01	6.629984e-01	6.629984e-01	4.680199e-01	6.910461e+00
6.349206e-02	-1.511225e-01	-1.511491e-01	-1.099861e-01	6.636973e-01	6.636973e-01	4.689883e-01	6.897632e+00
6.329114e-02	-1.510666e-01	-1.510931e-01	-1.099302e-01	6.643917e-01	6.643917e-01	4.699516e-01	6.884753e+00
6.309148e-02	-1.510108e-01	-1.510374e-01	-1.098747e-01	6.650815e-01	6.650815e-01	4.709099e-01	6.871823e+00
6.289308e-02	-1.509553e-01	-1.509818e-01	-1.098196e-01	6.657669e-01	6.657669e-01	4.718632e-01	6.858844e+00
6.269592e-02	-1.509000e-01	-1.509264e-01	-1.097649e-01	6.664478e-01	6.664478e-01	4.728115e-01	6.845816e+00
6.250000e-02	-1.508449e-01	-1.508713e-01	-1.097106e-01	6.671243e-01	6.671243e-01	4.737548e-01	6.832741e+00
6.230530e-02	-1.507900e-01	-1.508164e-01	-1.096567e-01	6.677963e-01	6.677963e-01	4.746931e-01	6.819619e+00
6.211180e-02	-1.507353e-01	-1.507617e-01	-1.096033e-01	6.684641e-01	6.684641e-01	4.756265e-01	6.806451e+00
6.191950e-02	-1.506808e-01	-1.507072e-01	-1.095502e-01	6.691275e-01	6.691275e-01	4.765549e-01	6.793238e+00
6.172840e-02	-1.506266e-01	-1.506529e-01	-1.094975e-01	6.697865e-01	6.697865e-01	4.774785e-01	6.779981e+00
6.153846e-02	-1.505725e-01	-1.505988e-01	-1.094452e-01	6.704413e-01	6.704413e-01	4.783971e-01	6.766680e+00
6.134969e-02	-1.505187e-01	-1.505450e-01	-1.093932e-01	6.710919e-01	6.710919e-01	4.793109e-01	6.753336e+00
6.116208e-02	-1.504651e-01	-1.504913e-01	-1.093417e-01	6.717383e-01	6.717383e-01	4.802199e-01	6.739950e+00
6.097561e-02	-1.504117e-01	-1.504379e-01	-1.092905e-01	6.723804e-01	6.723804e-01	4.811240e-01	6.726523e+00
6.079027e-02	-1.503585e-01	-1.503847e-01	-1.092398e-01	6.730184e-01	6.730184e-01	4.820233e-01	6.713056e+00
6.060606e-02	-1.503056e-01	-1.503317e-01	-1.091894e-01	6.736523e-01	6.736523e-01	4.829179e-01	6.699548e+00
6.042296e-02	-1.502528e-01	-1.502789e-01	-1.091393e-01	6.742821e-01	6.742821e-01	4.838076e-01	6.686001e+00
6.024096e-02	-1.502003e-01	-1.502264e-01	-1.090897e-01	6.749078e-01	6.749078e-01	4.846926e-01	6.672416e+00
6.006006e-02	-1.501479e-01	-1.501740e-01	-1.090404e-01	6.755295e-01	6.755295e-01	4.855729e-01	6.658792e+00
5.988024e-02	-1.500958e-01	-1.501219e-01	-1.089914e-01	6.761471e-01	6.761471e-01	4.864485e-01	6.645131e+00
5.970149e-02	-1.500439e-01	-1.500699e-01	-1.089429e-01	6.767607e-01	6.767607e-01	4.873193e-01	6.631434e+00
5.952381e-02	-1.499922e-01	-1.500182e-01	-1.088947e-01	6.773704e-01	6.773704e-01	4.881855e-01	6.617700e+00
5.934718e-02	-1.499408e-01	-1.499667e-01	-1.088468e-01	6.779762e-01	6.779762e-01	4.890471e-01	6.603931e+00
5.917160e-02	-1.498895e-01	-1.499155e-01	-1.087993e-01	6.785780e-01	6.785780e-01	4.899040e-01	6.590127e+00
5.899705e-02	-1.498385e-01	-1.498644e-01	-1.087522e-01	6.791759e-01	6.791759e-01	4.907563e-01	6.576289e+00
5.882353e-02	-1.497877e-01	-1.498135e-01	-1.087054e-01	6.797700e-01	6.797700e-01	4.916039e-01	6.562417e+00
5.865103e-02	-1.497370e-01	-1.497629e-01	-1.086589e-01	6.803602e-01	6.803602e-01	4.924471e-01	6.548511e+00
5.847953e-02	-1.496866e-01	-1.497125e-01	-1.086128e-01	6.809467e-01	6.809467e-01	4.932856e-01	6.534573e+00
5.830904e-02	-1.496365e-01	-1.496623e-01	-1.085670e-01	6.815293e-01	6.815293e-01	4.941196e-01	6.520603e+00
5.813953e-02	-1.495865e-01	-1.496123e-01	-1.085216e-01	6.821082e-01	6.821082e-01	4.949491e-01	6.506601e+00
5.797101e-02	-1.495367e-01	-1.495625e-01	-1.084765e-01	6.826834e-01	6.826834e-01	4.957740e-01	6.492568e+00
5.780347e-02	-1.494872e-01	-1.495130e-01	-1.084317e-01	6.832548e-01	6.832548e-01	4.965945e-01	6.478505e+00
5.763689e-02	-1.494379e-01	-1.494636e-01	-1.083873e-01	6.838225e-01	6.838225e-01	4.974105e-01	6.464411e+00
5.747126e-02	-1.493888e-01	-1.494145e-01	-1.083432e-01	6.843866e-01	6.843866e-01	4.982221e-01	6.450288e+00
5.730659e-02	-1.493399e-01	-1.493656e-01	-1.082994e-01	6.849470e-01	6.849470e-01	4.990292e-01	6.436135e+00
5.714286e-02	-1.492912e-01	-1.493169e-01	-1.082560e-01	6.855039e-01	6.855039e-01	4.998319e-01	6.421954e+00
5.698006e-02	-1.492427e-01	-1.492684e-01	-1.082128e-01	6.860571e-01	6.860571e-01	5.006303e-01	6.407744e+00
5.681818e-02	-1.491945e-01	-1.492201e-01	-1.081700e-01	6.866068e-01	6.866068e-01	5.014242e-01	6.393507e+00
5.665722e-02	-1.491465e-01	-1.491720e-01	-1.081275e-01	6.871529e-01	6.871529e-01	5.022138e-01	6.379242e+00
5.649718e-02	-1.490986e-01	-1.491242e-01	-1.080854e-01	6.876954e-01	6.876954e-01	5.029990e-01	6.364950e+00
5.633803e-02	-1.490510e-01	-1.490766e-01	-1.080435e-01	6.882345e-01	6.882345e-01	5.037799e-01	6.350632e+00
5.617978e-02	-1.490036e-01	-1.490291e-01	-1.080019e-01	6.887701e-01	6.887701e-01	5.045565e-01	6.336288e+00
5.602241e-02	-1.489564e-01	-1.489819e-01	-1.079607e-01	6.893023e-01	6.893023e-01	5.053288e-01	6.321918e+00
5.586592e-02	-1.489095e-01	-1.489349e-01	-1.079197e-01	6.898310e-01	6.898310e-01	5.060968e-01	6.307523e+00
5.571031e-02	-1.488627e-01	-1.488882e-01	-1.078791e-01	6.903562e-01	6.903562e-01	5.068606e-01	6.293104e+00
5.555556e-02	-1.488162e-01	-1.488416e-01	-1.078387e-01	6.908781e-01	6.908781e-01	5.076201e-01	6.278659e+00
5.540166e-02	-1.487698e-01	-1.487952e-01	-1.077987e-01	6.913966e-01	6.913966e-01	5.083754e-01	6.264191e+00
5.524862e-02	-1.487237e-01	-1.487491e-01	-1.077590e-01	6.919118e-01	6.919118e-01	5.091265e-01	6.249699e+00
5.509642e-02	-1.486778e-01	-1.487032e-01	-1.077195e-01	6.924236e-01	6.924236e-01	5.098734e-01	6.235184e+00
5.494505e-02	-1.486321e-01	-1.486575e-01	-1.076803e-01	6.929322e-01	6.929322e-01	5.106162e-01	6.220646e+00
5.479452e-02	-1.485866e-01	-1.486120e-01	-1.076415e-01	6.934374e-01	6.934374e-01	5.113548e-01	6.206086e+00
5.464481e-02	-1.485413e-01	-1.485667e-01	-1.076029e-01	6.939394e-01	6.939394e-01	5.120892e-01	6.191503e+00
5.449591e-02	-1.484963e-01	-1.485216e-01	-1.075646e-01	6.944381e-01	6.944381e-01	5.128196e-01	6.176899e+00
5.434783e-02	-1.484514e-01	-1.484767e-01	-1.075266e-01	6.949336e-01	6.949336e-01	5.135458e-01	6.162274e+00
5.420054e-02	-1.484068e-01	-1.484320e-01	-1.074889e-01	6.954258e-01	6.954258e-01	5.142679e-01	6.147627e+00
5.405405e-02	-1.483624e-01	-1.483876e-01	-1.074514e-01	6.959149e-01	6.959149e-01	5.149860e-01	6.132960e+00
5.390836e-02	-1.483181e-01	-1.483434e-01	-1.074142e-01	6.964008e-01	6.964008e-01	5.157001e-01	6.118273e+00
5.376344e-02	-1.482741e-01	-1.482993e-01	-1.073774e-01	6.968836e-01	6.968836e-01	5.164101e-01	6.103566e+00
5.361930e-02	-1.482303e-01	-1.482555e-01	-1.073407e-01	6.973632e-01	6.973632e-01	5.171160e-01	6.088839e+00
5.347594e-02	-1.481867e-01	-1.482119e-01	-1.073044e-01	6.978397e-01	6.978397e-01	5.178180e-01	6.074093e+00
5.333333e-02	-1.481434e-01	-1.481685e-01	-1.072683e-01	6.983132e-01	6.983132e-01	5.185160e-01	6.059329e+00
5.319149e-02	-1.481002e-01	-1.481253e-01	-1.072325e-01	6.987835e-01	6.987835e-01	5.192100e-01	6.044546e+00
5.305040e-02	-1.480572e-01	-1.480823e-01	-1.071970e-01	6.992508e-01	6.992508e-01	5.199001e-01	6.029745e+00
5.291005e-02	-1.480145e-01	-1.480396e-01	-1.071617e-01	6.997151e-01	6.997151e-01	5.205863e-01	6.014926e+00
5.277045e-02	-1.479719e-01	-1.479970e-01	-1.071267e-01	7.001763e-01	7.001763e-01	5.212685e-01	6.000090e+00
5.263158e-02	-1.479296e-01	-1.479546e-01	-1.070919e-01	7.006346e-01	7.006346e-01	5.219468e-01	5.985236e+00
5.249344e-02	-1.478875e-01	-1.479125e-01	-1.070575e-01	7.010898e-01	7.010898e-01	5.226212e-01	5.970366e+00
5.235602e-02	-1.478455e-01	-1.478705e-01	-1.070232e-01	7.015421e-01	7.015421e-01	5.232918e-01	5.955480e+00
5.221932e-02	-1.478038e-01	-1.478288e-01	-1.069892e-01	7.019914e-01	7.019914e-01	5.239585e-01	5.940578e+00
5.208333e-02	-1.477623e-01	-1.477873e-01	-1.069555e-01	7.024378e-01	7.024378e-01	5.246214e-01	5.925660e+00
5.194805e-02	-1.477210e-01	-1.477460e-01	-1.069220e-01	7.028813e-01	7.028813e-01	5.252805e-01	5.910727e+00
5.181347e-02	-1.476799e-01	-1.477048e-01	-1.068888e-01	7.033219e-01	7.033219e-01	5.259357e-01	5.895778e+00
5.167959e-02	-1.476390e-01	-1.476639e-01	-1.068559e-01	7.037597e-01	7.037597e-01	5.265872e-01	5.880816e+00
5.154639e-02	-1.475983e-01	-1.476232e-01	-1.068231e-01	7.041945e-01	7.041945e-01	5.272349e-01	5.865838e+00
5.141388e-02	-1.475578e-01	-1.475827e-01	-1.067906e-01	7.046265e-01	7.046265e-01	5.278788e-01	5.850847e+00
5.128205e-02	-1.475176e-01	-1.475424e-01	-1.067584e-01	7.050557e-01	7.050557e-01	5.285190e-01	5.835843e+00
5.115090e-02	-1.474775e-01	-1.475023e-01	-1.067264e-01	7.054821e-01	7.054821e-01	5.291554e-01	5.820825e+00
5.102041e-02	-1.474376e-01	-1.474625e-01	-1.066947e-01	7.059057e-01	7.059057e-01	5.297882e-01	5.805794e+00
5.089059e-02	-1.473980e-01	-1.474228e-01	-1.066631e-01	7.063265e-01	7.063265e-01	5.304173e-01	5.790751e+00
5.076142e-02	-1.473585e-01	-1.473833e-01	-1.066319e-01	7.067446e-01	7.067446e-01	5.310427e-01	5.775695e+00
5.063291e-02	-1.473192e-01	-1.473440e-01	-1.066008e-01	7.071599e-01	7.071599e-01	5.316644e-01	5.760628e+00
5.050505e-02	-1.472802e-01	-1.473049e-01	-1.065700e-01	7.075725e-01	7.075725e-01	5.322825e-01	5.745549e+00
5.037783e-02	-1.472413e-01	-1.472661e-01	-1.065394e-01	7.079823e-01	7.079823e-01	5.328969e-01	5.730459e+00
5.025126e-02	-1.472026e-01	-1.472274e-01	-1.065091e-01	7.083895e-01	7.083895e-01	5.335078e-01	5.715358e+00
5.012531e-02	-1.471642e-01	-1.471889e-01	-1.064790e-01	7.087940e-01	7.087940e-01	5.341150e-01	5.700246e+00
5.000000e-02	-1.471259e-01	-1.471506e-01	-1.064491e-01	7.091958e-01	7.091958e-01	5.347187e-01	5.685125e+00
4.987531e-02	-1.470879e-01	-1.471126e-01	-1.064194e-01	7.095950e-01	7.095950e-01	5.353188e-01	5.669993e+00
4.975124e-02	-1.470500e-01	-1.470747e-01	-1.063900e-01	7.099915e-01	7.099915e-01	5.359153e-01	5.654852e+00
4.962779e-02	-1.470123e-01	-1.470370e-01	-1.063608e-01	7.103855e-01	7.103855e-01	5.365083e-01	5.639703e+00
4.950495e-02	-1.469749e-01	-1.469995e-01	-1.063318e-01	7.107768e-01	7.107768e-01	5.370978e-01	5.624544e+00
4.938272e-02	-1.469376e-01	-1.469622e-01	-1.063030e-01	7.111655e-01	7.111655e-01	5.376837e-01	5.609377e+00
4.926108e-02	-1.469006e-01	-1.469252e-01	-1.062744e-01	7.115517e-01	7.115517e-01	5.382662e-01	5.594202e+00
4.914005e-02	-1.468637e-01	-1.468883e-01	-1.062461e-01	7.119353e-01	7.119353e-01	5.388452e-01	5.579019e+00
4.901961e-02	-1.468270e-01	-1.468516e-01	-1.062179e-01	7.123164e-01	7.123164e-01	5.394208e-01	5.563829e+00
4.889976e-02	-1.467905e-01	-1.468151e-01	-1.061900e-01	7.126949e-01	7.126949e-01	5.399929e-01	5.548632e+00
4.878049e-02	-1.467543e-01	-1.467788e-01	-1.061623e-01	7.130709e-01	7.130709e-01	5.405616e-01	5.533429e+00
4.866180e-02	-1.467182e-01	-1.467427e-01	-1.061348e-01	7.134445e-01	7.134445e-01	5.411268e-01	5.518219e+00
4.854369e-02	-1.466823e-01	-1.467068e-01	-1.061076e-01	7.138155e-01	7.138155e-01	5.416887e-01	5.503003e+00
4.842615e-02	-1.466466e-01	-1.466711e-01	-1.060805e-01	7.141841e-01	7.141841e-01	5.422472e-01	5.487782e+00
4.830918e-02	-1.466111e-01	-1.466356e-01	-1.060536e-01	7.145502e-01	7.145502e-01	5.428023e-01	5.472556e+00
4.819277e-02	-1.465758e-01	-1.466003e-01	-1.060270e-01	7.149139e-01	7.149139e-01	5.433541e-01	5.457325e+00
4.807692e-02	-1.465407e-01	-1.465651e-01	-1.060005e-01	7.152751e-01	7.152751e-01	5.439025e-01	5.442089e+00
4.796163e-02	-1.465057e-01	-1.465302e-01	-1.059742e-01	7.156339e-01	7.156339e-01	5.444476e-01	5.426849e+00
4.784689e-02	-1.464710e-01	-1.464954e-01	-1.059482e-01	7.159904e-01	7.159904e-01	5.449894e-01	5.411606e+00
4.773270e-02	-1.464365e-01	-1.464609e-01	-1.059223e-01	7.163444e-01	7.163444e-01	5.455279e-01	5.396359e+00
4.761905e-02	-1.464021e-01	-1.464265e-01	-1.058967e-01	7.166961e-01	7.166961e-01	5.460631e-01	5.381109e+00
4.750594e-02	-1.463679e-01	-1.463923e-01	-1.058712e-01	7.170455e-01	7.170455e-01	5.465951e-01	5.365857e+00
4.739336e-02	-1.463340e-01	-1.463584e-01	-1.058459e-01	7.173924e-01	7.173924e-01	5.471238e-01	5.350602e+00
4.728132e-02	-1.463002e-01	-1.463246e-01	-1.058209e-01	7.177371e-01	7.177371e-01	5.476493e-01	5.335346e+00
4.716981e-02	-1.462666e-01	-1.462910e-01	-1.057960e-01	7.180794e-01	7.180794e-01	5.481715e-01	5.320088e+00
4.705882e-02	-1.462332e-01	-1.462575e-01	-1.057713e-01	7.184195e-01	7.184195e-01	5.486906e-01	5.304829e+00
4.694836e-02	-1.462000e-01	-1.462243e-01	-1.057468e-01	7.187572e-01	7.187572e-01	5.492065e-01	5.289569e+00
4.683841e-02	-1.461669e-01	-1.461913e-01	-1.057225e-01	7.190927e-01	7.190927e-01	5.497192e-01	5.274309e+00
4.672897e-02	-1.461341e-01	-1.461584e-01	-1.056984e-01	7.194259e-01	7.194259e-01	5.502287e-01	5.259049e+00
4.662005e-02	-1.461014e-01	-1.461257e-01	-1.056744e-01	7.197569e-01	7.197569e-01	5.507351e-01	5.243789e+00
4.651163e-02	-1.460689e-01	-1.460932e-01	-1.056507e-01	7.200856e-01	7.200856e-01	5.512384e-01	5.228530e+00
4.640371e-02	-1.460367e-01	-1.460609e-01	-1.056271e-01	7.204121e-01	7.204121e-01	5.517385e-01	5.213272e+00
4.629630e-02	-1.460046e-01	-1.460288e-01	-1.056038e-01	7.207364e-01	7.207364e-01	5.522356e-01	5.198015e+00
4.618938e-02	-1.459726e-01	-1.459969e-01	-1.055806e-01	7.210585e-01	7.210585e-01	5.527295e-01	5.182761e+00
4.608295e-02	-1.459409e-01	-1.459651e-01	-1.055575e-01	7.213784e-01	7.213784e-01	5.532204e-01	5.167509e+00
4.597701e-02	-1.459093e-01	-1.459336e-01	-1.055347e-01	7.216962e-01	7.216962e-01	5.537082e-01	5.152259e+00
4.587156e-02	-1.458780e-01	-1.459022e-01	-1.055120e-01	7.220117e-01	7.220117e-01	5.541930e-01	5.137012e+00
4.576659e-02	-1.458468e-01	-1.458710e-01	-1.054896e-01	7.223252e-01	7.223252e-01	5.546748e-01	5.121769e+00
4.566210e-02	-1.458157e-01	-1.458399e-01	-1.054672e-01	7.226365e-01	7.226365e-01	5.551536e-01	5.106529e+00
4.555809e-02	-1.457849e-01	-1.458091e-01	-1.054451e-01	7.229456e-01	7.229456e-01	5.556293e-01	5.091294e+00
4.545455e-02	-1.457542e-01	-1.457784e-01	-1.054231e-01	7.232527e-01	7.232527e-01	5.561021e-01	5.076063e+00
4.535147e-02	-1.457238e-01	-1.457479e-01	-1.054014e-01	7.235577e-01	7.235577e-01	5.565719e-01	5.060837e+00
4.524887e-02	-1.456935e-01	-1.457176e-01	-1.053797e-01	7.238606e-01	7.238606e-01	5.570387e-01	5.045617e+00
4.514673e-02	-1.456633e-01	-1.456875e-01	-1.053583e-01	7.241614e-01	7.241614e-01	5.575026e-01	5.030402e+00
4.504505e-02	-1.456334e-01	-1.456575e-01	-1.053370e-01	7.244602e-01	7.244602e-01	5.579636e-01	5.015193e+00
4.494382e-02	-1.456036e-01	-1.456278e-01	-1.053159e-01	7.247569e-01	7.247569e-01	5.584217e-01	4.999990e+00
4.484305e-02	-1.455740e-01	-1.455982e-01	-1.052949e-01	7.250515e-01	7.250515e-01	5.588769e-01	4.984795e+00
4.474273e-02	-1.455446e-01	-1.455687e-01	-1.052742e-01	7.253442e-01	7.253442e-01	5.593292e-01	4.969607e+00
4.464286e-02	-1.455154e-01	-1.455395e-01	-1.052535e-01	7.256348e-01	7.256348e-01	5.597786e-01	4.954426e+00
4.454343e-02	-1.454863e-01	-1.455104e-01	-1.052331e-01	7.259235e-01	7.259235e-01	5.602251e-01	4.939253e+00
4.444444e-02	-1.454574e-01	-1.454815e-01	-1.052128e-01	7.262101e-01	7.262101e-01	5.606689e-01	4.924088e+00
4.434590e-02	-1.454287e-01	-1.454527e-01	-1.051927e-01	7.264948e-01	7.264948e-01	5.611097e-01	4.908933e+00
4.424779e-02	-1.454001e-01	-1.454242e-01	-1.051727e-01	7.267775e-01	7.267775e-01	5.615478e-01	4.893786e+00
4.415011e-02	-1.453718e-01	-1.453958e-01	-1.051529e-01	7.270582e-01	7.270582e-01	5.619831e-01	4.878649e+00
4.405286e-02	-1.453435e-01	-1.453676e-01	-1.051332e-01	7.273370e-01	7.273370e-01	5.624156e-01	4.863522e+00
4.395604e-02	-1.453155e-01	-1.453395e-01	-1.051137e-01	7.276139e-01	7.276139e-01	5.628453e-01	4.848405e+00
4.385965e-02	-1.452876e-01	-1.453116e-01	-1.050944e-01	7.278889e-01	7.278889e-01	5.632723e-01	4.833298e+00
4.376368e-02	-1.452599e-01	-1.452839e-01	-1.050752e-01	7.281619e-01	7.281619e-01	5.636965e-01	4.818203e+00
4.366812e-02	-1.452324e-01	-1.452564e-01	-1.050561e-01	7.284331e-01	7.284331e-01	5.641180e-01	4.803119e+00
4.357298e-02	-1.452050e-01	-1.452290e-01	-1.050373e-01	7.287024e-01	7.287024e-01	5.645368e-01	4.788047e+00
4.347826e-02	-1.451778e-01	-1.452018e-01	-1.050185e-01	7.289698e-01	7.289698e-01	5.649529e-01	4.772987e+00
4.338395e-02	-1.451508e-01	-1.451748e-01	-1.049999e-01	7.292353e-01	7.292353e-01	5.653663e-01	4.757940e+00
4.329004e-02	-1.451239e-01	-1.451479e-01	-1.049815e-01	7.294990e-01	7.294990e-01	5.657770e-01	4.742905e+00
4.319654e-02	-1.450972e-01	-1.451212e-01	-1.049632e-01	7.297608e-01	7.297608e-01	5.661850e-01	4.727884e+00
4.310345e-02	-1.450707e-01	-1.450946e-01	-1.049451e-01	7.300209e-01	7.300209e-01	5.665905e-01	4.712876e+00
4.301075e-02	-1.450443e-01	-1.450682e-01	-1.049271e-01	7.302791e-01	7.302791e-01	5.669932e-01	4.697883e+00
4.291845e-02	-1.450181e-01	-1.450420e-01	-1.049092e-01	7.305354e-01	7.305354e-01	5.673934e-01	4.682903e+00
4.282655e-02	-1.449920e-01	-1.450159e-01	-1.048915e-01	7.307900e-01	7.307900e-01	5.677909e-01	4.667939e+00
4.273504e-02	-1.449661e-01	-1.449900e-01	-1.048740e-01	7.310428e-01	7.310428e-01	5.681859e-01	4.652990e+00
4.264392e-02	-1.449404e-01	-1.449643e-01	-1.048566e-01	7.312939e-01	7.312939e-01	5.685783e-01	4.638056e+00
4.255319e-02	-1.449148e-01	-1.449387e-01	-1.048393e-01	7.315431e-01	7.315431e-01	5.689681e-01	4.623138e+00
4.246285e-02	-1.448894e-01	-1.449133e-01	-1.048222e-01	7.317907e-01	7.317907e-01	5.693554e-01	4.608237e+00
4.237288e-02	-1.448642e-01	-1.448880e-01	-1.048052e-01	7.320364e-01	7.320364e-01	5.697401e-01	4.593352e+00
4.228330e-02	-1.448391e-01	-1.448629e-01	-1.047883e-01	7.322805e-01	7.322805e-01	5.701223e-01	4.578484e+00
4.219409e-02	-1.448141e-01	-1.448380e-01	-1.047716e-01	7.325228e-01	7.325228e-01	5.705020e-01	4.563633e+00
4.210526e-02	-1.447894e-01	-1.448132e-01	-1.047550e-01	7.327634e-01	7.327634e-01	5.708792e-01	4.548800e+00
4.201681e-02	-1.447647e-01	-1.447886e-01	-1.047385e-01	7.330023e-01	7.330023e-01	5.712539e-01	4.533985e+00
4.192872e-02	-1.447403e-01	-1.447641e-01	-1.047222e-01	7.332395e-01	7.332395e-01	5.716262e-01	4.519189e+00
4.184100e-02	-1.447160e-01	-1.447398e-01	-1.047060e-01	7.334750e-01	7.334750e-01	5.719960e-01	4.504411e+00
4.175365e-02	-1.446918e-01	-1.447156e-01	-1.046900e-01	7.337089e-01	7.337089e-01	5.723633e-01	4.489653e+00
4.166667e-02	-1.446678e-01	-1.446916e-01	-1.046741e-01	7.339411e-01	7.339411e-01	5.727282e-01	4.474913e+00
4.158004e-02	-1.446439e-01	-1.446677e-01	-1.046583e-01	7.341716e-01	7.341716e-01	5.730907e-01	4.460194e+00
4.149378e-02	-1.446202e-01	-1.446440e-01	-1.046426e-01	7.344006e-01	7.344006e-01	5.734508e-01	4.445495e+00
4.140787e-02	-1.445967e-01	-1.446205e-01	-1.046271e-01	7.346278e-01	7.346278e-01	5.738085e-01	4.430817e+00
4.132231e-02	-1.445733e-01	-1.445971e-01	-1.046117e-01	7.348535e-01	7.348535e-01	5.741639e-01	4.416159e+00
4.123711e-02	-1.445500e-01	-1.445738e-01	-1.045965e-01	7.350775e-01	7.350775e-01	5.745168e-01	4.401523e+00
4.115226e-02	-1.445269e-01	-1.445507e-01	-1.045813e-01	7.353000e-01	7.353000e-01	5.748674e-01	4.386908e+00
4.106776e-02	-1.445040e-01	-1.445278e-01	-1.045663e-01	7.355208e-01	7.355208e-01	5.752157e-01	4.372315e+00
4.098361e-02	-1.444812e-01	-1.445049e-01	-1.045514e-01	7.357401e-01	7.357401e-01	5.755616e-01	4.357745e+00
4.089980e-02	-1.444585e-01	-1.444823e-01	-1.045366e-01	7.359578e-01	7.359578e-01	5.759052e-01	4.343197e+00
4.081633e-02	-1.444360e-01	-1.444598e-01	-1.045220e-01	7.361740e-01	7.361740e-01	5.762466e-01	4.328672e+00
4.073320e-02	-1.444136e-01	-1.444374e-01	-1.045075e-01	7.363886e-01	7.363886e-01	5.765856e-01	4.314170e+00
4.065041e-02	-1.443914e-01	-1.444152e-01	-1.044931e-01	7.366016e-01	7.366016e-01	5.769224e-01	4.299692e+00
4.056795e-02	-1.443694e-01	-1.443931e-01	-1.044788e-01	7.368131e-01	7.368131e-01	5.772569e-01	4.285237e+00
4.048583e-02	-1.443474e-01	-1.443712e-01	-1.044646e-01	7.370231e-01	7.370231e-01	5.775891e-01	4.270807e+00
4.040404e-02	-1.443256e-01	-1.443494e-01	-1.044506e-01	7.372316e-01	7.372316e-01	5.779191e-01	4.256402e+00
4.032258e-02	-1.443040e-01	-1.443277e-01	-1.044367e-01	7.374386e-01	7.374386e-01	5.782469e-01	4.242021e+00
4.024145e-02	-1.442825e-01	-1.443062e-01	-1.044229e-01	7.376441e-01	7.376441e-01	5.785725e-01	4.227666e+00
4.016064e-02	-1.442611e-01	-1.442848e-01	-1.044092e-01	7.378481e-01	7.378481e-01	5.788959e-01	4.213336e+00
4.008016e-02	-1.442399e-01	-1.442636e-01	-1.043956e-01	7.380506e-01	7.380506e-01	5.792171e-01	4.199032e+00
4.000000e-02	-1.442188e-01	-1.442425e-01	-1.043822e-01	7.382517e-01	7.382517e-01	5.795361e-01	4.184754e+00
3.992016e-02	-1.441979e-01	-1.442216e-01	-1.043688e-01	7.384513e-01	7.384513e-01	5.798530e-01	4.170502e+00
3.984064e-02	-1.441771e-01	-1.442008e-01	-1.043556e-01	7.386494e-01	7.386494e-01	5.801677e-01	4.156278e+00
3.976143e-02	-1.441564e-01	-1.441801e-01	-1.043425e-01	7.388462e-01	7.388462e-01	5.804802e-01	4.142080e+00
3.968254e-02	-1.441359e-01	-1.441596e-01	-1.043295e-01	7.390414e-01	7.390414e-01	5.807907e-01	4.127910e+00
3.960396e-02	-1.441155e-01	-1.441392e-01	-1.043166e-01	7.392353e-01	7.392353e-01	5.810990e-01	4.113767e+00
3.952569e-02	-1.440952e-01	-1.441189e-01	-1.043038e-01	7.394278e-01	7.394278e-01	5.814053e-01	4.099653e+00
3.944773e-02	-1.440751e-01	-1.440988e-01	-1.042911e-01	7.396188e-01	7.396188e-01	5.817094e-01	4.085567e+00
3.937008e-02	-1.440551e-01	-1.440788e-01	-1.042785e-01	7.398085e-01	7.398085e-01	5.820115e-01	4.071509e+00
3.929273e-02	-1.440353e-01	-1.440589e-01	-1.042661e-01	7.399967e-01	7.399967e-01	5.823115e-01	4.057480e+00
3.921569e-02	-1.440155e-01	-1.440392e-01	-1.042537e-01	7.401836e-01	7.401836e-01	5.826094e-01	4.043480e+00
3.913894e-02	-1.439960e-01	-1.440196e-01	-1.042415e-01	7.403692e-01	7.403692e-01	5.829054e-01	4.029510e+00
3.906250e-02	-1.439765e-01	-1.440001e-01	-1.042293e-01	7.405533e-01	7.405533e-01	5.831992e-01	4.015569e+00
3.898635e-02	-1.439572e-01	-1.439808e-01	-1.042173e-01	7.407361e-01	7.407361e-01	5.834911e-01	4.001658e+00
3.891051e-02	-1.439380e-01	-1.439616e-01	-1.042054e-01	7.409176e-01	7.409176e-01	5.837810e-01	3.987778e+00
3.883495e-02	-1.439189e-01	-1.439425e-01	-1.041936e-01	7.410978e-01	7.410978e-01	5.840689e-01	3.973928e+00
3.875969e-02	-1.439000e-01	-1.439236e-01	-1.041818e-01	7.412766e-01	7.412766e-01	5.843548e-01	3.960109e+00
3.868472e-02	-1.438812e-01	-1.439048e-01	-1.041702e-01	7.414541e-01	7.414541e-01	5.846387e-01	3.946320e+00
3.861004e-02	-1.438625e-01	-1.438861e-01	-1.041587e-01	7.416303e-01	7.416303e-01	5.849207e-01	3.932563e+00
3.853565e-02	-1.438439e-01	-1.438675e-01	-1.041473e-01	7.418052e-01	7.418052e-01	5.852007e-01	3.918838e+00
3.846154e-02	-1.438255e-01	-1.438491e-01	-1.041360e-01	7.419788e-01	7.419788e-01	5.854788e-01	3.905145e+00
3.838772e-02	-1.438072e-01	-1.438308e-01	-1.041247e-01	7.421511e-01	7.421511e-01	5.857550e-01	3.891483e+00
3.831418e-02	-1.437890e-01	-1.438126e-01	-1.041136e-01	7.423222e-01	7.423222e-01	5.860293e-01	3.877854e+00
3.824092e-02	-1.437709e-01	-1.437945e-01	-1.041026e-01	7.424919e-01	7.424919e-01	5.863016e-01	3.864258e+00
3.816794e-02	-1.437530e-01	-1.437766e-01	-1.040917e-01	7.426605e-01	7.426605e-01	5.865721e-01	3.850694e+00
3.809524e-02	-1.437352e-01	-1.437588e-01	-1.040808e-01	7.428278e-01	7.428278e-01	5.868407e-01	3.837163e+00
3.802281e-02	-1.437175e-01	-1.437411e-01	-1.040701e-01	7.429938e-01	7.429938e-01	5.871075e-01	3.823666e+00
3.795066e-02	-1.436999e-01	-1.437235e-01	-1.040595e-01	7.431586e-01	7.431586e-01	5.873724e-01	3.810202e+00
3.787879e-02	-1.436825e-01	-1.437061e-01	-1.040489e-01	7.433222e-01	7.433222e-01	5.876354e-01	3.796772e+00
3.780718e-02	-1.436652e-01	-1.436887e-01	-1.040385e-01	7.434846e-01	7.434846e-01	5.878967e-01	3.783376e+00
3.773585e-02	-1.436480e-01	-1.436715e-01	-1.040281e-01	7.436457e-01	7.436457e-01	5.881561e-01	3.770014e+00
3.766478e-02	-1.436309e-01	-1.436544e-01	-1.040178e-01	7.438057e-01	7.438057e-01	5.884137e-01	3.756687e+00
3.759398e-02	-1.436139e-01	-1.436375e-01	-1.040077e-01	7.439644e-01	7.439644e-01	5.886695e-01	3.743394e+00
3.752345e-02	-1.435971e-01	-1.436206e-01	-1.039976e-01	7.441220e-01	7.441220e-01	5.889235e-01	3.730136e+00
3.745318e-02	-1.435803e-01	-1.436039e-01	-1.039876e-01	7.442784e-01	7.442784e-01	5.891757e-01	3.716913e+00
3.738318e-02	-1.435637e-01	-1.435872e-01	-1.039777e-01	7.444336e-01	7.444336e-01	5.894262e-01	3.703726e+00
3.731343e-02	-1.435472e-01	-1.435707e-01	-1.039679e-01	7.445877e-01	7.445877e-01	5.896749e-01	3.690574e+00
3.724395e-02	-1.435308e-01	-1.435543e-01	-1.039582e-01	7.447406e-01	7.447406e-01	5.899219e-01	3.677458e+00
3.717472e-02	-1.435145e-01	-1.435381e-01	-1.039485e-01	7.448924e-01	7.448924e-01	5.901672e-01	3.664377e+00
3.710575e-02	-1.434984e-01	-1.435219e-01	-1.039390e-01	7.450430e-01	7.450430e-01	5.904107e-01	3.651333e+00
3.703704e-02	-1.434823e-01	-1.435059e-01	-1.039295e-01	7.451925e-01	7.451925e-01	5.906525e-01	3.638325e+00
3.696858e-02	-1.434664e-01	-1.434899e-01	-1.039201e-01	7.453409e-01	7.453409e-01	5.908927e-01	3.625354e+00
3.690037e-02	-1.434506e-01	-1.434741e-01	-1.039108e-01	7.454882e-01	7.454882e-01	5.911311e-01	3.612419e+00
3.683241e-02	-1.434349e-01	-1.434584e-01	-1.039016e-01	7.456343e-01	7.456343e-01	5.913679e-01	3.599521e+00
3.676471e-02	-1.434193e-01	-1.434428e-01	-1.038925e-01	7.457794e-01	7.457794e-01	5.916030e-01	3.586660e+00
3.669725e-02	-1.434038e-01	-1.434273e-01	-1.038835e-01	7.459233e-01	7.459233e-01	5.918364e-01	3.573837e+00
3.663004e-02	-1.433884e-01	-1.434119e-01	-1.038745e-01	7.460662e-01	7.460662e-01	5.920682e-01	3.561051e+00
3.656307e-02	-1.433731e-01	-1.433966e-01	-1.038656e-01	7.462080e-01	7.462080e-01	5.922984e-01	3.548302e+00
3.649635e-02	-1.433579e-01	-1.433814e-01	-1.038568e-01	7.463487e-01	7.463487e-01	5.925269e-01	3.535592e+00
3.642987e-02	-1.433429e-01	-1.433664e-01	-1.038481e-01	7.464883e-01	7.464883e-01	5.927539e-01	3.522919e+00
3.636364e-02	-1.433279e-01	-1.433514e-01	-1.038395e-01	7.466269e-01	7.466269e-01	5.929792e-01	3.510284e+00
3.629764e-02	-1.433131e-01	-1.433366e-01	-1.038309e-01	7.467645e-01	7.467645e-01	5.932029e-01	3.497687e+00
3.623188e-02	-1.432983e-01	-1.433218e-01	-1.038225e-01	7.469010e-01	7.469010e-01	5.934251e-01	3.485129e+00
3.616637e-02	-1.432837e-01	-1.433072e-01	-1.038141e-01	7.470365e-01	7.470365e-01	5.936457e-01	3.472610e+00
3.610108e-02	-1.432692e-01	-1.432926e-01	-1.038058e-01	7.471709e-01	7.471709e-01	5.938647e-01	3.460129e+00
3.603604e-02	-1.432547e-01	-1.432782e-01	-1.037975e-01	7.473043e-01	7.473043e-01	5.940822e-01	3.447687e+00
3.597122e-02	-1.432404e-01	-1.432639e-01	-1.037894e-01	7.474367e-01	7.474367e-01	5.942981e-01	3.435284e+00
3.590664e-02	-1.432262e-01	-1.432497e-01	-1.037813e-01	7.475681e-01	7.475681e-01	5.945125e-01	3.422921e+00
3.584229e-02	-1.432121e-01	-1.432355e-01	-1.037733e-01	7.476985e-01	7.476985e-01	5.947253e-01	3.410596e+00
3.577818e-02	-1.431980e-01	-1.432215e-01	-1.037653e-01	7.478279e-01	7.478279e-01	5.949367e-01	3.398311e+00
3.571429e-02	-1.431841e-01	-1.432076e-01	-1.037575e-01	7.479563e-01	7.479563e-01	5.951465e-01	3.386066e+00
3.565062e-02	-1.431703e-01	-1.431938e-01	-1.037497e-01	7.480837e-01	7.480837e-01	5.953549e-01	3.373860e+00
3.558719e-02	-1.431566e-01	-1.431800e-01	-1.037420e-01	7.482102e-01	7.482102e-01	5.955618e-01	3.361694e+00
3.552398e-02	-1.431430e-01	-1.431664e-01	-1.037344e-01	7.483356e-01	7.483356e-01	5.957672e-01	3.349568e+00
3.546099e-02	-1.431294e-01	-1.431529e-01	-1.037268e-01	7.484602e-01	7.484602e-01	5.959711e-01	3.337482e+00
3.539823e-02	-1.431160e-01	-1.431395e-01	-1.037193e-01	7.485837e-01	7.485837e-01	5.961736e-01	3.325436e+00
3.533569e-02	-1.431027e-01	-1.431261e-01	-1.037119e-01	7.487063e-01	7.487063e-01	5.963746e-01	3.313431e+00
3.527337e-02	-1.430894e-01	-1.431129e-01	-1.037045e-01	7.488280e-01	7.488280e-01	5.965742e-01	3.301466e+00
3.521127e-02	-1.430763e-01	-1.430997e-01	-1.036973e-01	7.489488e-01	7.489488e-01	5.967724e-01	3.289541e+00
3.514938e-02	-1.430632e-01	-1.430867e-01	-1.036901e-01	7.490686e-01	7.490686e-01	5.969692e-01	3.277658e+00
3.508772e-02	-1.430503e-01	-1.430737e-01	-1.036829e-01	7.491875e-01	7.491875e-01	5.971646e-01	3.265814e+00
3.502627e-02	-1.430374e-01	-1.430609e-01	-1.036759e-01	7.493055e-01	7.493055e-01	5.973585e-01	3.254012e+00
3.496503e-02	-1.430247e-01	-1.430481e-01	-1.036689e-01	7.494225e-01	7.494225e-01	5.975511e-01	3.242251e+00
3.490401e-02	-1.430120e-01	-1.430354e-01	-1.036619e-01	7.495387e-01	7.495387e-01	5.977423e-01	3.230531e+00
3.484321e-02	-1.429994e-01	-1.430229e-01	-1.036551e-01	7.496540e-01	7.496540e-01	5.979321e-01	3.218851e+00
3.478261e-02	-1.429869e-01	-1.430104e-01	-1.036483e-01	7.497683e-01	7.497683e-01	5.981206e-01	3.207213e+00
3.472222e-02	-1.429745e-01	-1.429980e-01	-1.036415e-01	7.498818e-01	7.498818e-01	5.983077e-01	3.195617e+00
3.466205e-02	-1.429622e-01	-1.429857e-01	-1.036349e-01	7.499944e-01	7.499944e-01	5.984935e-01	3.184061e+00
3.460208e-02	-1.429500e-01	-1.429735e-01	-1.036283e-01	7.501062e-01	7.501062e-01	5.986779e-01	3.172548e+00
3.454231e-02	-1.429379e-01	-1.429613e-01	-1.036217e-01	7.502171e-01	7.502171e-01	5.988610e-01	3.161075e+00
3.448276e-02	-1.429259e-01	-1.429493e-01	-1.036153e-01	7.503271e-01	7.503271e-01	5.990428e-01	3.149645e+00
3.442341e-02	-1.429139e-01	-1.429373e-01	-1.036089e-01	7.504362e-01	7.504362e-01	5.992233e-01	3.138256e+00
3.436426e-02	-1.429020e-01	-1.429255e-01	-1.036025e-01	7.505446e-01	7.505446e-01	5.994025e-01	3.126909e+00
3.430532e-02	-1.428903e-01	-1.429137e-01	-1.035962e-01	7.506520e-01	7.506520e-01	5.995804e-01	3.115603e+00
3.424658e-02	-1.428786e-01	-1.429020e-01	-1.035900e-01	7.507587e-01	7.507587e-01	5.997570e-01	3.104340e+00
3.418803e-02	-1.428670e-01	-1.428904e-01	-1.035839e-01	7.508645e-01	7.508645e-01	5.999324e-01	3.093118e+00
3.412969e-02	-1.428555e-01	-1.428789e-01	-1.035778e-01	7.509695e-01	7.509695e-01	6.001065e-01	3.081939e+00
3.407155e-02	-1.428440e-01	-1.428674e-01	-1.035717e-01	7.510736e-01	7.510736e-01	6.002793e-01	3.070801e+00
3.401361e-02	-1.428327e-01	-1.428561e-01	-1.035658e-01	7.511770e-01	7.511770e-01	6.004509e-01	3.059706e+00
3.395586e-02	-1.428214e-01	-1.428448e-01	-1.035599e-01	7.512795e-01	7.512795e-01	6.006213e-01	3.048653e+00
3.389831e-02	-1.428102e-01	-1.428336e-01	-1.035540e-01	7.513813e-01	7.513813e-01	6.007904e-01	3.037642e+00
3.384095e-02	-1.427991e-01	-1.428225e-01	-1.035482e-01	7.514822e-01	7.514822e-01	6.009583e-01	3.026674e+00
3.378378e-02	-1.427881e-01	-1.428115e-01	-1.035425e-01	7.515824e-01	7.515824e-01	6.011250e-01	3.015747e+00
3.372681e-02	-1.427772e-01	-1.428006e-01	-1.035368e-01	7.516818e-01	7.516818e-01	6.012905e-01	3.004863e+00
3.367003e-02	-1.427663e-01	-1.427897e-01	-1.035312e-01	7.517804e-01	7.517804e-01	6.014548e-01	2.994022e+00
3.361345e-02	-1.427556e-01	-1.427790e-01	-1.035256e-01	7.518782e-01	7.518782e-01	6.016179e-01	2.983223e+00
3.355705e-02	-1.427449e-01	-1.427683e-01	-1.035201e-01	7.519752e-01	7.519752e-01	6.017798e-01	2.972466e+00
3.350084e-02	-1.427342e-01	-1.427577e-01	-1.035147e-01	7.520715e-01	7.520715e-01	6.019406e-01	2.961752e+00
3.344482e-02	-1.427237e-01	-1.427471e-01	-1.035093e-01	7.521671e-01	7.521671e-01	6.021002e-01	2.951081e+00
3.338898e-02	-1.427133e-01	-1.427367e-01	-1.035040e-01	7.522619e-01	7.522619e-01	6.022586e-01	2.940452e+00
3.333333e-02	-1.427029e-01	-1.427263e-01	-1.034987e-01	7.523559e-01	7.523559e-01	6.024159e-01	2.929865e+00
3.327787e-02	-1.426926e-01	-1.427160e-01	-1.034935e-01	7.524492e-01	7.524492e-01	6.025721e-01	2.919321e+00
3.322259e-02	-1.426823e-01	-1.427058e-01	-1.034883e-01	7.525418e-01	7.525418e-01	6.027271e-01	2.908820e+00
3.316750e-02	-1.426722e-01	-1.426956e-01	-1.034832e-01	7.526336e-01	7.526336e-01	6.028810e-01	2.898361e+00
3.311258e-02	-1.426621e-01	-1.426855e-01	-1.034781e-01	7.527247e-01	7.527247e-01	6.030338e-01	2.887945e+00
3.305785e-02	-1.426521e-01	-1.426755e-01	-1.034731e-01	7.528151e-01	7.528151e-01	6.031855e-01	2.877572e+00
3.300330e-02	-1.426422e-01	-1.426656e-01	-1.034682e-01	7.529048e-01	7.529048e-01	6.033361e-01	2.867242e+00
3.294893e-02	-1.426324e-01	-1.426558e-01	-1.034633e-01	7.529937e-01	7.529937e-01	6.034856e-01	2.856954e+00
3.289474e-02	-1.426226e-01	-1.426460e-01	-1.034584e-01	7.530820e-01	7.530820e-01	6.036340e-01	2.846709e+00
3.284072e-02	-1.426129e-01	-1.426363e-01	-1.034536e-01	7.531696e-01	7.531696e-01	6.037813e-01	2.836506e+00
3.278689e-02	-1.426033e-01	-1.426267e-01	-1.034489e-01	7.532564e-01	7.532564e-01	6.039276e-01	2.826346e+00
3.273322e-02	-1.425937e-01	-1.426171e-01	-1.034442e-01	7.533426e-01	7.533426e-01	6.040728e-01	2.816229e+00
3.267974e-02	-1.425842e-01	-1.426076e-01	-1.034395e-01	7.534281e-01	7.534281e-01	6.042169e-01	2.806155e+00
3.262643e-02	-1.425748e-01	-1.425982e-01	-1.034350e-01	7.535129e-01	7.535129e-01	6.043600e-01	2.796123e+00
3.257329e-02	-1.425655e-01	-1.425889e-01	-1.034304e-01	7.535971e-01	7.535971e-01	6.045021e-01	2.786134e+00
3.252033e-02	-1.425562e-01	-1.425796e-01	-1.034259e-01	7.536805e-01	7.536805e-01	6.046431e-01	2.776187e+00
3.246753e-02	-1.425470e-01	-1.425704e-01	-1.034215e-01	7.537634e-01	7.537634e-01	6.047831e-01	2.766284e+00
3.241491e-02	-1.425379e-01	-1.425613e-01	-1.034171e-01	7.538455e-01	7.538455e-01	6.049221e-01	2.756422e+00
3.236246e-02	-1.425288e-01	-1.425522e-01	-1.034127e-01	7.539270e-01	7.539270e-01	6.050601e-01	2.746604e+00
3.231018e-02	-1.425198e-01	-1.425432e-01	-1.034084e-01	7.540078e-01	7.540078e-01	6.051971e-01	2.736828e+00
3.225806e-02	-1.425109e-01	-1.425343e-01	-1.034042e-01	7.540880e-01	7.540880e-01	6.053330e-01	2.727095e+00
3.220612e-02	-1.425020e-01	-1.425254e-01	-1.034000e-01	7.541676e-01	7.541676e-01	6.054680e-01	2.717404e+00
3.215434e-02	-1.424932e-01	-1.425166e-01	-1.033958e-01	7.542465e-01	7.542465e-01	6.056021e-01	2.707756e+00
3.210273e-02	-1.424845e-01	-1.425079e-01	-1.033917e-01	7.543248e-01	7.543248e-01	6.057351e-01	2.698150e+00
3.205128e-02	-1.424758e-01	-1.424992e-01	-1.033876e-01	7.544025e-01	7.544025e-01	6.058672e-01	2.688587e+00
3.200000e-02	-1.424672e-01	-1.424906e-01	-1.033836e-01	7.544795e-01	7.544795e-01	6.059983e-01	2.679066e+00
3.194888e-02	-1.424587e-01	-1.424821e-01	-1.033796e-01	7.545560e-01	7.545560e-01	6.061284e-01	2.669588e+00
3.189793e-02	-1.424503e-01	-1.424737e-01	-1.033757e-01	7.546318e-01	7.546318e-01	6.062576e-01	2.660152e+00
3.184713e-02	-1.424419e-01	-1.424653e-01	-1.033718e-01	7.547070e-01	7.547070e-01	6.063859e-01	2.650759e+00
3.179650e-02	-1.424335e-01	-1.424569e-01	-1.033680e-01	7.547816e-01	7.547816e-01	6.065132e-01	2.641407e+00
3.174603e-02	-1.424253e-01	-1.424486e-01	-1.033642e-01	7.548556e-01	7.548556e-01	6.066396e-01	2.632099e+00
3.169572e-02	-1.424170e-01	-1.424404e-01	-1.033604e-01	7.549290e-01	7.549290e-01	6.067651e-01	2.622832e+00
3.164557e-02	-1.424089e-01	-1.424323e-01	-1.033567e-01	7.550018e-01	7.550018e-01	6.068897e-01	2.613608e+00
3.159558e-02	-1.424008e-01	-1.424242e-01	-1.033531e-01	7.550740e-01	7.550740e-01	6.070134e-01	2.604425e+00
3.154574e-02	-1.423928e-01	-1.424162e-01	-1.033494e-01	7.551457e-01	7.551457e-01	6.071361e-01	2.595285e+00
3.149606e-02	-1.423848e-01	-1.424082e-01	-1.033459e-01	7.552167e-01	7.552167e-01	6.072580e-01	2.586187e+00
3.144654e-02	-1.423769e-01	-1.424003e-01	-1.033423e-01	7.552872e-01	7.552872e-01	6.073790e-01	2.577131e+00
3.139717e-02	-1.423691e-01	-1.423925e-01	-1.033388e-01	7.553572e-01	7.553572e-01	6.074991e-01	2.568117e+00
3.134796e-02	-1.423613e-01	-1.423847e-01	-1.033354e-01	7.554265e-01	7.554265e-01	6.076183e-01	2.559145e+00
3.129890e-02	-1.423536e-01	-1.423770e-01	-1.033319e-01	7.554953e-01	7.554953e-01	6.077367e-01	2.550215e+00
3.125000e-02	-1.423460e-01	-1.423693e-01	-1.033286e-01	7.555636e-01	7.555636e-01	6.078542e-01	2.541326e+00
3.120125e-02	-1.423384e-01	-1.423617e-01	-1.033252e-01	7.556313e-01	7.556313e-01	6.079708e-01	2.532480e+00
3.115265e-02	-1.423308e-01	-1.423542e-01	-1.033219e-01	7.556984e-01	7.556984e-01	6.080866e-01	2.523675e+00
3.110420e-02	-1.423233e-01	-1.423467e-01	-1.033187e-01	7.557650e-01	7.557650e-01	6.082015e-01	2.514911e+00
3.105590e-02	-1.423159e-01	-1.423393e-01	-1.033155e-01	7.558311e-01	7.558311e-01	6.083157e-01	2.506190e+00
3.100775e-02	-1.423085e-01	-1.423319e-01	-1.033123e-01	7.558966e-01	7.558966e-01	6.084289e-01	2.497509e+00
3.095975e-02	-1.423012e-01	-1.423246e-01	-1.033092e-01	7.559616e-01	7.559616e-01	6.085414e-01	2.488871e+00
3.091190e-02	-1.422940e-01	-1.423174e-01	-1.033061e-01	7.560260e-01	7.560260e-01	6.086530e-01	2.480273e+00
3.086420e-02	-1.422868e-01	-1.423102e-01	-1.033030e-01	7.560900e-01	7.560900e-01	6.087639e-01	2.471717e+00
3.081664e-02	-1.422796e-01	-1.423030e-01	-1.033000e-01	7.561534e-01	7.561534e-01	6.088739e-01	2.463203e+00
3.076923e-02	-1.422725e-01	-1.422959e-01	-1.032970e-01	7.562163e-01	7.562163e-01	6.089831e-01	2.454729e+00
3.072197e-02	-1.422655e-01	-1.422889e-01	-1.032940e-01	7.562787e-01	7.562787e-01	6.090915e-01	2.446297e+00
3.067485e-02	-1.422585e-01	-1.422819e-01	-1.032911e-01	7.563405e-01	7.563405e-01	6.091991e-01	2.437905e+00
3.062787e-02	-1.422516e-01	-1.422750e-01	-1.032883e-01	7.564019e-01	7.564019e-01	6.093060e-01	2.429555e+00
3.058104e-02	-1.422447e-01	-1.422681e-01	-1.032854e-01	7.564628e-01	7.564628e-01	6.094121e-01	2.421246e+00
3.053435e-02	-1.422379e-01	-1.422613e-01	-1.032826e-01	7.565231e-01	7.565231e-01	6.095174e-01	2.412977e+00
3.048780e-02	-1.422311e-01	-1.422545e-01	-1.032798e-01	7.565830e-01	7.565830e-01	6.096219e-01	2.404749e+00
3.044140e-02	-1.422244e-01	-1.422478e-01	-1.032771e-01	7.566424e-01	7.566424e-01	6.097257e-01	2.396562e+00
3.039514e-02	-1.422178e-01	-1.422412e-01	-1.032744e-01	7.567013e-01	7.567013e-01	6.098287e-01	2.388415e+00
3.034901e-02	-1.422112e-01	-1.422346e-01	-1.032718e-01	7.567597e-01	7.567597e-01	6.099309e-01	2.380309e+00
3.030303e-02	-1.422046e-01	-1.422280e-01	-1.032691e-01	7.568177e-01	7.568177e-01	6.100325e-01	2.372244e+00
3.025719e-02	-1.421981e-01	-1.422215e-01	-1.032665e-01	7.568751e-01	7.568751e-01	6.101332e-01	2.364219e+00
3.021148e-02	-1.421916e-01	-1.422151e-01	-1.032640e-01	7.569321e-01	7.569321e-01	6.102333e-01	2.356234e+00
3.016591e-02	-1.421852e-01	-1.422086e-01	-1.032615e-01	7.569886e-01	7.569886e-01	6.103326e-01	2.348289e+00
3.012048e-02	-1.421789e-01	-1.422023e-01	-1.032590e-01	7.570447e-01	7.570447e-01	6.104312e-01	2.340384e+00
3.007519e-02	-1.421726e-01	-1.421960e-01	-1.032565e-01	7.571003e-01	7.571003e-01	6.105291e-01	2.332520e+00
3.003003e-02	-1.421663e-01	-1.421897e-01	-1.032541e-01	7.571554e-01	7.571554e-01	6.106262e-01	2.324695e+00
2.998501e-02	-1.421601e-01	-1.421835e-01	-1.032517e-01	7.572101e-01	7.572101e-01	6.107227e-01	2.316910e+00
2.994012e-02	-1.421540e-01	-1.421774e-01	-1.032493e-01	7.572643e-01	7.572643e-01	6.108185e-01	2.309165e+00
2.989537e-02	-1.421478e-01	-1.421713e-01	-1.032470e-01	7.573181e-01	7.573181e-01	6.109135e-01	2.301460e+00
2.985075e-02	-1.421418e-01	-1.421652e-01	-1.032447e-01	7.573714e-01	7.573714e-01	6.110079e-01	2.293794e+00
2.980626e-02	-1.421358e-01	-1.421592e-01	-1.032425e-01	7.574243e-01	7.574243e-01	6.111016e-01	2.286168e+00
2.976190e-02	-1.421298e-01	-1.421532e-01	-1.032402e-01	7.574768e-01	7.574768e-01	6.111946e-01	2.278581e+00
2.971768e-02	-1.421239e-01	-1.421473e-01	-1.032380e-01	7.575288e-01	7.575288e-01	6.112869e-01	2.271033e+00
2.967359e-02	-1.421180e-01	-1.421414e-01	-1.032359e-01	7.575804e-01	7.575804e-01	6.113786e-01	2.263525e+00
2.962963e-02	-1.421122e-01	-1.421356e-01	-1.032337e-01	7.576316e-01	7.576316e-01	6.114696e-01	2.256056e+00
2.958580e-02	-1.421064e-01	-1.421298e-01	-1.032316e-01	7.576823e-01	7.576823e-01	6.115599e-01	2.248626e+00
2.954210e-02	-1.421006e-01	-1.421241e-01	-1.032295e-01	7.577326e-01	7.577326e-01	6.116496e-01	2.241234e+00
2.949853e-02	-1.420950e-01	-1.421184e-01	-1.032275e-01	7.577825e-01	7.577825e-01	6.117386e-01	2.233882e+00
2.945508e-02	-1.420893e-01	-1.421127e-01	-1.032255e-01	7.578320e-01	7.578320e-01	6.118270e-01	2.226568e+00
2.941176e-02	-1.420837e-01	-1.421071e-01	-1.032235e-01	7.578811e-01	7.578811e-01	6.119147e-01	2.219293e+00
2.936858e-02	-1.420781e-01	-1.421016e-01	-1.032215e-01	7.579297e-01	7.579297e-01	6.120019e-01	2.212056e+00
2.932551e-02	-1.420726e-01	-1.420961e-01	-1.032196e-01	7.579780e-01	7.579780e-01	6.120883e-01	2.204858e+00
2.928258e-02	-1.420672e-01	-1.420906e-01	-1.032177e-01	7.580259e-01	7.580259e-01	6.121742e-01	2.197698e+00
2.923977e-02	-1.420617e-01	-1.420852e-01	-1.032158e-01	7.580733e-01	7.580733e-01	6.122594e-01	2.190577e+00
2.919708e-02	-1.420563e-01	-1.420798e-01	-1.032140e-01	7.581204e-01	7.581204e-01	6.123440e-01	2.183493e+00
2.915452e-02	-1.420510e-01	-1.420744e-01	-1.032122e-01	7.581670e-01	7.581670e-01	6.124280e-01	2.176448e+00
2.911208e-02	-1.420457e-01	-1.420691e-01	-1.032104e-01	7.582133e-01	7.582133e-01	6.125114e-01	2.169440e+00
2.906977e-02	-1.420404e-01	-1.420639e-01	-1.032086e-01	7.582592e-01	7.582592e-01	6.125942e-01	2.162470e+00
2.902758e-02	-1.420352e-01	-1.420587e-01	-1.032069e-01	7.583047e-01	7.583047e-01	6.126763e-01	2.155538e+00
2.898551e-02	-1.420300e-01	-1.420535e-01	-1.032052e-01	7.583498e-01	7.583498e-01	6.127579e-01	2.148644e+00
2.894356e-02	-1.420249e-01	-1.420483e-01	-1.032035e-01	7.583946e-01	7.583946e-01	6.128389e-01	2.141787e+00
2.890173e-02	-1.420198e-01	-1.420432e-01	-1.032019e-01	7.584389e-01	7.584389e-01	6.129193e-01	2.134967e+00
2.886003e-02	-1.420148e-01	-1.420382e-01	-1.032002e-01	7.584829e-01	7.584829e-01	6.129992e-01	2.128185e+00
2.881844e-02	-1.420097e-01	-1.420332e-01	-1.031986e-01	7.585265e-01	7.585265e-01	6.130784e-01	2.121440e+00
2.877698e-02	-1.420048e-01	-1.420282e-01	-1.031971e-01	7.585698e-01	7.585698e-01	6.131571e-01	2.114732e+00
2.873563e-02	-1.419998e-01	-1.420233e-01	-1.031955e-01	7.586127e-01	7.586127e-01	6.132352e-01	2.108061e+00
2.869440e-02	-1.419949e-01	-1.420184e-01	-1.031940e-01	7.586552e-01	7.586552e-01	6.133128e-01	2.101427e+00
2.865330e-02	-1.419901e-01	-1.420135e-01	-1.031925e-01	7.586974e-01	7.586974e-01	6.133898e-01	2.094829e+00
2.861230e-02	-1.419853e-01	-1.420087e-01	-1.031910e-01	7.587392e-01	7.587392e-01	6.134662e-01	2.088268e+00
2.857143e-02	-1.419805e-01	-1.420039e-01	-1.031896e-01	7.587807e-01	7.587807e-01	6.135421e-01	2.081744e+00
2.853067e-02	-1.419757e-01	-1.419992e-01	-1.031882e-01	7.588218e-01	7.588218e-01	6.136174e-01	2.075256e+00
2.849003e-02	-1.419710e-01	-1.419945e-01	-1.031868e-01	7.588625e-01	7.588625e-01	6.136922e-01	2.068804e+00
2.844950e-02	-1.419664e-01	-1.419898e-01	-1.031854e-01	7.589029e-01	7.589029e-01	6.137665e-01	2.062389e+00
2.840909e-02	-1.419617e-01	-1.419852e-01	-1.031841e-01	7.589430e-01	7.589430e-01	6.138402e-01	2.056009e+00
2.836879e-02	-1.419571e-01	-1.419806e-01	-1.031827e-01	7.589827e-01	7.589827e-01	6.139134e-01	2.049666e+00
2.832861e-02	-1.419526e-01	-1.419760e-01	-1.031814e-01	7.590221e-01	7.590221e-01	6.139860e-01	2.043358e+00
2.828854e-02	-1.419481e-01	-1.419715e-01	-1.031802e-01	7.590612e-01	7.590612e-01	6.140582e-01	2.037086e+00
2.824859e-02	-1.419436e-01	-1.419670e-01	-1.031789e-01	7.590999e-01	7.590999e-01	6.141298e-01	2.030849e+00
2.820874e-02	-1.419391e-01	-1.419626e-01	-1.031777e-01	7.591383e-01	7.591383e-01	6.142009e-01	2.024649e+00
2.816901e-02	-1.419347e-01	-1.419582e-01	-1.031765e-01	7.591764e-01	7.591764e-01	6.142715e-01	2.018483e+00
2.812940e-02	-1.419303e-01	-1.419538e-01	-1.031753e-01	7.592141e-01	7.592141e-01	6.143416e-01	2.012353e+00
2.808989e-02	-1.419260e-01	-1.419495e-01	-1.031741e-01	7.592516e-01	7.592516e-01	6.144112e-01	2.006258e+00
2.805049e-02	-1.419217e-01	-1.419452e-01	-1.031730e-01	7.592887e-01	7.592887e-01	6.144803e-01	2.000197e+00
2.801120e-02	-1.419174e-01	-1.419409e-01	-1.031719e-01	7.593254e-01	7.593254e-01	6.145489e-01	1.994172e+00
2.797203e-02	-1.419132e-01	-1.419367e-01	-1.031708e-01	7.593619e-01	7.593619e-01	6.146170e-01	1.988182e+00
2.793296e-02	-1.419090e-01	-1.419325e-01	-1.031697e-01	7.593981e-01	7.593981e-01	6.146846e-01	1.982226e+00
2.789400e-02	-1.419048e-01	-1.419283e-01	-1.031687e-01	7.594339e-01	7.594339e-01	6.147517e-01	1.976305e+00
2.785515e-02	-1.419007e-01	-1.419242e-01	-1.031676e-01	7.594695e-01	7.594695e-01	6.148184e-01	1.970418e+00
2.781641e-02	-1.418966e-01	-1.419201e-01	-1.031666e-01	7.595047e-01	7.595047e-01	6.148845e-01	1.964565e+00
2.777778e-02	-1.418925e-01	-1.419160e-01	-1.031656e-01	7.595396e-01	7.595396e-01	6.149502e-01	1.958747e+00
2.773925e-02	-1.418885e-01	-1.419119e-01	-1.031647e-01	7.595743e-01	7.595743e-01	6.150155e-01	1.952963e+00
2.770083e-02	-1.418845e-01	-1.419079e-01	-1.031637e-01	7.596086e-01	7.596086e-01	6.150802e-01	1.947213e+00
2.766252e-02	-1.418805e-01	-1.419040e-01	-1.031628e-01	7.596426e-01	7.596426e-01	6.151445e-01	1.941496e+00
2.762431e-02	-1.418765e-01	-1.419000e-01	-1.031619e-01	7.596764e-01	7.596764e-01	6.152084e-01	1.935814e+00
2.758621e-02	-1.418726e-01	-1.418961e-01	-1.031610e-01	7.597098e-01	7.597098e-01	6.152717e-01	1.930164e+00
2.754821e-02	-1.418688e-01	-1.418922e-01	-1.031602e-01	7.597430e-01	7.597430e-01	6.153347e-01	1.924549e+00
2.751032e-02	-1.418649e-01	-1.418884e-01	-1.031593e-01	7.597759e-01	7.597759e-01	6.153972e-01	1.918967e+00
2.747253e-02	-1.418611e-01	-1.418846e-01	-1.031585e-01	7.598085e-01	7.598085e-01	6.154592e-01	1.913418e+00
2.743484e-02	-1.418573e-01	-1.418808e-01	-1.031577e-01	7.598408e-01	7.598408e-01	6.155208e-01	1.907902e+00
2.739726e-02	-1.418536e-01	-1.418771e-01	-1.031569e-01	7.598728e-01	7.598728e-01	6.155820e-01	1.902419e+00
2.735978e-02	-1.418498e-01	-1.418733e-01	-1.031562e-01	7.599046e-01	7.599046e-01	6.156427e-01	1.896969e+00
2.732240e-02	-1.418461e-01	-1.418696e-01	-1.031554e-01	7.599360e-01	7.599360e-01	6.157030e-01	1.891551e+00
2.728513e-02	-1.418425e-01	-1.418660e-01	-1.031547e-01	7.599672e-01	7.599672e-01	6.157629e-01	1.886167e+00
2.724796e-02	-1.418388e-01	-1.418623e-01	-1.031540e-01	7.599982e-01	7.599982e-01	6.158223e-01	1.880815e+00
2.721088e-02	-1.418352e-01	-1.418587e-01	-1.031533e-01	7.600288e-01	7.600288e-01	6.158813e-01	1.875495e+00
2.717391e-02	-1.418317e-01	-1.418552e-01	-1.031526e-01	7.600592e-01	7.600592e-01	6.159399e-01	1.870207e+00
2.713704e-02	-1.418281e-01	-1.418516e-01	-1.031520e-01	7.600893e-01	7.600893e-01	6.159981e-01	1.864952e+00
2.710027e-02	-1.418246e-01	-1.418481e-01	-1.031513e-01	7.601192e-01	7.601192e-01	6.160559e-01	1.859729e+00
2.706360e-02	-1.418211e-01	-1.418446e-01	-1.031507e-01	7.601488e-01	7.601488e-01	6.161133e-01	1.854537e+00
2.702703e-02	-1.418176e-01	-1.418412e-01	-1.031501e-01	7.601781e-01	7.601781e-01	6.161702e-01	1.849378e+00
2.699055e-02	-1.418142e-01	-1.418377e-01	-1.031496e-01	7.602072e-01	7.602072e-01	6.162268e-01	1.844250e+00
2.695418e-02	-1.418108e-01	-1.418343e-01	-1.031490e-01	7.602361e-01	7.602361e-01	6.162829e-01	1.839153e+00
2.691790e-02	-1.418074e-01	-1.418310e-01	-1.031485e-01	7.602646e-01	7.602646e-01	6.163387e-01	1.834088e+00
2.688172e-02	-1.418041e-01	-1.418276e-01	-1.031479e-01	7.602930e-01	7.602930e-01	6.163941e-01	1.829054e+00
2.684564e-02	-1.418008e-01	-1.418243e-01	-1.031474e-01	7.603210e-01	7.603210e-01	6.164490e-01	1.824052e+00
2.680965e-02	-1.417975e-01	-1.418210e-01	-1.031469e-01	7.603489e-01	7.603489e-01	6.165036e-01	1.819080e+00
2.677376e-02	-1.417942e-01	-1.418177e-01	-1.031465e-01	7.603764e-01	7.603764e-01	6.165578e-01	1.814140e+00
2.673797e-02	-1.417910e-01	-1.418145e-01	-1.031460e-01	7.604038e-01	7.604038e-01	6.166117e-01	1.809230e+00
2.670227e-02	-1.417877e-01	-1.418113e-01	-1.031456e-01	7.604309e-01	7.604309e-01	6.166651e-01	1.804351e+00
2.666667e-02	-1.417845e-01	-1.418081e-01	-1.031451e-01	7.604577e-01	7.604577e-01	6.167182e-01	1.799502e+00
2.663116e-02	-1.417814e-01	-1.418049e-01	-1.031447e-01	7.604844e-01	7.604844e-01	6.167709e-01	1.794684e+00
2.659574e-02	-1.417782e-01	-1.418018e-01	-1.031443e-01	7.605107e-01	7.605107e-01	6.168232e-01	1.789896e+00
2.656042e-02	-1.417751e-01	-1.417987e-01	-1.031440e-01	7.605369e-01	7.605369e-01	6.168752e-01	1.785139e+00
2.652520e-02	-1.417720e-01	-1.417956e-01	-1.031436e-01	7.605628e-01	7.605628e-01	6.169268e-01	1.780411e+00
2.649007e-02	-1.417690e-01	-1.417925e-01	-1.031433e-01	7.605885e-01	7.605885e-01	6.169780e-01	1.775713e+00
2.645503e-02	-1.417660e-01	-1.417895e-01	-1.031429e-01	7.606139e-01	7.606139e-01	6.170289e-01	1.771046e+00
2.642008e-02	-1.417629e-01	-1.417865e-01	-1.031426e-01	7.606392e-01	7.606392e-01	6.170795e-01	1.766408e+00
2.638522e-02	-1.417600e-01	-1.417835e-01	-1.031423e-01	7.606642e-01	7.606642e-01	6.171296e-01	1.761799e+00
2.635046e-02	-1.417570e-01	-1.417805e-01	-1.031420e-01	7.606890e-01	7.606890e-01	6.171794e-01	1.757220e+00
2.631579e-02	-1.417541e-01	-1.417776e-01	-1.031418e-01	7.607135e-01	7.607135e-01	6.172289e-01	1.752670e+00
2.628121e-02	-1.417511e-01	-1.417747e-01	-1.031415e-01	7.607379e-01	7.607379e-01	6.172781e-01	1.748150e+00
2.624672e-02	-1.417483e-01	-1.417718e-01	-1.031413e-01	7.607620e-01	7.607620e-01	6.173268e-01	1.743658e+00
2.621232e-02	-1.417454e-01	-1.417689e-01	-1.031411e-01	7.607859e-01	7.607859e-01	6.173753e-01	1.739196e+00
2.617801e-02	-1.417425e-01	-1.417661e-01	-1.031408e-01	7.608096e-01	7.608096e-01	6.174234e-01	1.734762e+00
2.614379e-02	-1.417397e-01	-1.417633e-01	-1.031406e-01	7.608331e-01	7.608331e-01	6.174712e-01	1.730357e+00
2.610966e-02	-1.417369e-01	-1.417605e-01	-1.031405e-01	7.608563e-01	7.608563e-01	6.175186e-01	1.725981e+00
2.607562e-02	-1.417342e-01	-1.417577e-01	-1.031403e-01	7.608794e-01	7.608794e-01	6.175658e-01	1.721633e+00
2.604167e-02	-1.417314e-01	-1.417550e-01	-1.031402e-01	7.609022e-01	7.609022e-01	6.176126e-01	1.717314e+00
2.600780e-02	-1.417287e-01	-1.417523e-01	-1.031400e-01	7.609249e-01	7.609249e-01	6.176590e-01	1.713022e+00
2.597403e-02	-1.417260e-01	-1.417495e-01	-1.031399e-01	7.609473e-01	7.609473e-01	6.177052e-01	1.708759e+00
2.594034e-02	-1.417233e-01	-1.417469e-01	-1.031398e-01	7.609695e-01	7.609695e-01	6.177510e-01	1.704524e+00
2.590674e-02	-1.417206e-01	-1.417442e-01	-1.031397e-01	7.609916e-01	7.609916e-01	6.177965e-01	1.700317e+00
2.587322e-02	-1.417180e-01	-1.417416e-01	-1.031396e-01	7.610134e-01	7.610134e-01	6.178417e-01	1.696138e+00
2.583979e-02	-1.417154e-01	-1.417390e-01	-1.031395e-01	7.610350e-01	7.610350e-01	6.178866e-01	1.691986e+00
2.580645e-02	-1.417128e-01	-1.417364e-01	-1.031395e-01	7.610565e-01	7.610565e-01	6.179312e-01	1.687861e+00
2.577320e-02	-1.417102e-01	-1.417338e-01	-1.031394e-01	7.610777e-01	7.610777e-01	6.179755e-01	1.683765e+00
2.574003e-02	-1.417077e-01	-1.417312e-01	-1.031394e-01	7.610987e-01	7.610987e-01	6.180194e-01	1.679695e+00
2.570694e-02	-1.417051e-01	-1.417287e-01	-1.031394e-01	7.611196e-01	7.611196e-01	6.180631e-01	1.675652e+00
2.567394e-02	-1.417026e-01	-1.417262e-01	-1.031394e-01	7.611403e-01	7.611403e-01	6.181065e-01	1.671637e+00
2.564103e-02	-1.417001e-01	-1.417237e-01	-1.031394e-01	7.611607e-01	7.611607e-01	6.181495e-01	1.667648e+00
2.560819e-02	-1.416977e-01	-1.417213e-01	-1.031394e-01	7.611810e-01	7.611810e-01	6.181923e-01	1.663687e+00
2.557545e-02	-1.416952e-01	-1.417188e-01	-1.031395e-01	7.612011e-01	7.612011e-01	6.182348e-01	1.659752e+00
2.554278e-02	-1.416928e-01	-1.417164e-01	-1.031395e-01	7.612210e-01	7.612210e-01	6.182770e-01	1.655843e+00
2.551020e-02	-1.416904e-01	-1.417140e-01	-1.031396e-01	7.612407e-01	7.612407e-01	6.183189e-01	1.651961e+00
2.547771e-02	-1.416880e-01	-1.417116e-01	-1.031396e-01	7.612603e-01	7.612603e-01	6.183605e-01	1.648105e+00
2.544529e-02	-1.416856e-01	-1.417092e-01	-1.031397e-01	7.612797e-01	7.612797e-01	6.184019e-01	1.644276e+00
2.541296e-02	-1.416833e-01	-1.417069e-01	-1.031398e-01	7.612988e-01	7.612988e-01	6.184429e-01	1.640472e+00
2.538071e-02	-1.416809e-01	-1.417046e-01	-1.031399e-01	7.613178e-01	7.613178e-01	6.184837e-01	1.636695e+00
2.534854e-02	-1.416786e-01	-1.417022e-01	-1.031400e-01	7.613367e-01	7.613367e-01	6.185242e-01	1.632943e+00
2.531646e-02	-1.416763e-01	-1.417000e-01	-1.031402e-01	7.613553e-01	7.613553e-01	6.185644e-01	1.629217e+00
2.528445e-02	-1.416741e-01	-1.416977e-01	-1.031403e-01	7.613738e-01	7.613738e-01	6.186044e-01	1.625517e+00
2.525253e-02	-1.416718e-01	-1.416954e-01	-1.031405e-01	7.613921e-01	7.613921e-01	6.186440e-01	1.621842e+00
2.522068e-02	-1.416696e-01	-1.416932e-01	-1.031406e-01	7.614103e-01	7.614103e-01	6.186834e-01	1.618193e+00
2.518892e-02	-1.416674e-01	-1.416910e-01	-1.031408e-01	7.614282e-01	7.614282e-01	6.187226e-01	1.614568e+00
2.515723e-02	-1.416652e-01	-1.416888e-01	-1.031410e-01	7.614460e-01	7.614460e-01	6.187615e-01	1.610969e+00
2.512563e-02	-1.416630e-01	-1.416866e-01	-1.031412e-01	7.614637e-01	7.614637e-01	6.188001e-01	1.607395e+00
2.509410e-02	-1.416608e-01	-1.416845e-01	-1.031414e-01	7.614811e-01	7.614811e-01	6.188385e-01	1.603846e+00
2.506266e-02	-1.416587e-01	-1.416823e-01	-1.031416e-01	7.614984e-01	7.614984e-01	6.188766e-01	1.600322e+00
2.503129e-02	-1.416566e-01	-1.416802e-01	-1.031418e-01	7.615156e-01	7.615156e-01	6.189144e-01	1.596822e+00
2.500000e-02	-1.416545e-01	-1.416781e-01	-1.031421e-01	7.615326e-01	7.615326e-01	6.189520e-01	1.593347e+00
2.496879e-02	-1.416524e-01	-1.416760e-01	-1.031423e-01	7.615494e-01	7.615494e-01	6.189893e-01	1.589897e+00
2.493766e-02	-1.416503e-01	-1.416740e-01	-1.031426e-01	7.615660e-01	7.615660e-01	6.190264e-01	1.586470e+00
2.490660e-02	-1.416483e-01	-1.416719e-01	-1.031429e-01	7.615825e-01	7.615825e-01	6.190633e-01	1.583068e+00
2.487562e-02	-1.416462e-01	-1.416699e-01	-1.031431e-01	7.615989e-01	7.615989e-01	6.190999e-01	1.579691e+00
2.484472e-02	-1.416442e-01	-1.416679e-01	-1.031434e-01	7.616151e-01	7.616151e-01	6.191362e-01	1.576337e+00
2.481390e-02	-1.416422e-01	-1.416659e-01	-1.031437e-01	7.616311e-01	7.616311e-01	6.191723e-01	1.573007e+00
2.478315e-02	-1.416402e-01	-1.416639e-01	-1.031440e-01	7.616470e-01	7.616470e-01	6.192082e-01	1.569700e+00
2.475248e-02	-1.416382e-01	-1.416619e-01	-1.031444e-01	7.616627e-01	7.616627e-01	6.192438e-01	1.566418e+00
2.472188e-02	-1.416363e-01	-1.416600e-01	-1.031447e-01	7.616783e-01	7.616783e-01	6.192792e-01	1.563159e+00
2.469136e-02	-1.416344e-01	-1.416580e-01	-1.031450e-01	7.616937e-01	7.616937e-01	6.193144e-01	1.559923e+00
2.466091e-02	-1.416324e-01	-1.416561e-01	-1.031454e-01	7.617090e-01	7.617090e-01	6.193493e-01	1.556711e+00
2.463054e-02	-1.416305e-01	-1.416542e-01	-1.031458e-01	7.617242e-01	7.617242e-01	6.193840e-01	1.553521e+00
2.460025e-02	-1.416287e-01	-1.416523e-01	-1.031461e-01	7.617391e-01	7.617391e-01	6.194185e-01	1.550355e+00
2.457002e-02	-1.416268e-01	-1.416505e-01	-1.031465e-01	7.617540e-01	7.617540e-01	6.194527e-01	1.547212e+00
2.453988e-02	-1.416249e-01	-1.416486e-01	-1.031469e-01	7.617687e-01	7.617687e-01	6.194867e-01	1.544092e+00
2.450980e-02	-1.416231e-01	-1.416468e-01	-1.031473e-01	7.617832e-01	7.617832e-01	6.195205e-01	1.540995e+00
2.447980e-02	-1.416213e-01	-1.416449e-01	-1.031477e-01	7.617977e-01	7.617977e-01	6.195541e-01	1.537920e+00
2.444988e-02	-1.416195e-01	-1.416431e-01	-1.031481e-01	7.618119e-01	7.618119e-01	6.195874e-01	1.534868e+00
2.442002e-02	-1.416177e-01	-1.416413e-01	-1.031485e-01	7.618261e-01	7.618261e-01	6.196205e-01	1.531838e+00
2.439024e-02	-1.416159e-01	-1.416396e-01	-1.031490e-01	7.618401e-01	7.618401e-01	6.196534e-01	1.528830e+00
2.436054e-02	-1.416141e-01	-1.416378e-01	-1.031494e-01	7.618539e-01	7.618539e-01	6.196861e-01	1.525845e+00
2.433090e-02	-1.416124e-01	-1.416361e-01	-1.031499e-01	7.618677e-01	7.618677e-01	6.197186e-01	1.522882e+00
2.430134e-02	-1.416106e-01	-1.416343e-01	-1.031503e-01	7.618812e-01	7.618812e-01	6.197509e-01	1.519941e+00
2.427184e-02	-1.416089e-01	-1.416326e-01	-1.031508e-01	7.618947e-01	7.618947e-01	6.197829e-01	1.517022e+00
2.424242e-02	-1.416072e-01	-1.416309e-01	-1.031513e-01	7.619080e-01	7.619080e-01	6.198148e-01	1.514124e+00
2.421308e-02	-1.416055e-01	-1.416292e-01	-1.031518e-01	7.619212e-01	7.619212e-01	6.198464e-01	1.511248e+00
2.418380e-02	-1.416039e-01	-1.416276e-01	-1.031523e-01	7.619343e-01	7.619343e-01	6.198779e-01	1.508394e+00
2.415459e-02	-1.416022e-01	-1.416259e-01	-1.031528e-01	7.619472e-01	7.619472e-01	6.199091e-01	1.505561e+00
2.412545e-02	-1.416005e-01	-1.416243e-01	-1.031533e-01	7.619600e-01	7.619600e-01	6.199401e-01	1.502749e+00
2.409639e-02	-1.415989e-01	-1.416226e-01	-1.031538e-01	7.619727e-01	7.619727e-01	6.199710e-01	1.499959e+00
2.406739e-02	-1.415973e-01	-1.416210e-01	-1.031543e-01	7.619852e-01	7.619852e-01	6.200016e-01	1.497190e+00
2.403846e-02	-1.415957e-01	-1.416194e-01	-1.031549e-01	7.619977e-01	7.619977e-01	6.200320e-01	1.494442e+00
2.400960e-02	-1.415941e-01	-1.416178e-01	-1.031554e-01	7.620100e-01	7.620100e-01	6.200623e-01	1.491715e+00
2.398082e-02	-1.415925e-01	-1.416163e-01	-1.031559e-01	7.620221e-01	7.620221e-01	6.200923e-01	1.489008e+00
2.395210e-02	-1.415910e-01	-1.416147e-01	-1.031565e-01	7.620342e-01	7.620342e-01	6.201221e-01	1.486323e+00
2.392344e-02	-1.415894e-01	-1.416131e-01	-1.031571e-01	7.620461e-01	7.620461e-01	6.201518e-01	1.483658e+00
2.389486e-02	-1.415879e-01	-1.416116e-01	-1.031576e-01	7.620579e-01	7.620579e-01	6.201813e-01	1.481013e+00
2.386635e-02	-1.415864e-01	-1.416101e-01	-1.031582e-01	7.620696e-01	7.620696e-01	6.202106e-01	1.478389e+00
2.383790e-02	-1.415848e-01	-1.416086e-01	-1.031588e-01	7.620812e-01	7.620812e-01	6.202396e-01	1.475785e+00
2.380952e-02	-1.415833e-01	-1.416071e-01	-1.031594e-01	7.620926e-01	7.620926e-01	6.202686e-01	1.473201e+00
2.378121e-02	-1.415819e-01	-1.416056e-01	-1.031600e-01	7.621040e-01	7.621040e-01	6.202973e-01	1.470638e+00
2.375297e-02	-1.415804e-01	-1.416041e-01	-1.031606e-01	7.621152e-01	7.621152e-01	6.203258e-01	1.468094e+00
2.372479e-02	-1.415789e-01	-1.416027e-01	-1.031612e-01	7.621263e-01	7.621263e-01	6.203542e-01	1.465570e+00
2.369668e-02	-1.415775e-01	-1.416012e-01	-1.031619e-01	7.621373e-01	7.621373e-01	6.203824e-01	1.463066e+00
2.366864e-02	-1.415760e-01	-1.415998e-01	-1.031625e-01	7.621482e-01	7.621482e-01	6.204104e-01	1.460582e+00
2.364066e-02	-1.415746e-01	-1.415984e-01	-1.031631e-01	7.621589e-01	7.621589e-01	6.204382e-01	1.458117e+00
2.361275e-02	-1.415732e-01	-1.415970e-01	-1.031638e-01	7.621696e-01	7.621696e-01	6.204658e-01	1.455672e+00
2.358491e-02	-1.415718e-01	-1.415956e-01	-1.031644e-01	7.621801e-01	7.621801e-01	6.204933e-01	1.453246e+00
2.355713e-02	-1.415704e-01	-1.415942e-01	-1.031651e-01	7.621906e-01	7.621906e-01	6.205206e-01	1.450839e+00
2.352941e-02	-1.415691e-01	-1.415928e-01	-1.031658e-01	7.622009e-01	7.622009e-01	6.205477e-01	1.448452e+00
2.350176e-02	-1.415677e-01	-1.415915e-01	-1.031664e-01	7.622111e-01	7.622111e-01	6.205747e-01	1.446084e+00
2.347418e-02	-1.415663e-01	-1.415901e-01	-1.031671e-01	7.622212e-01	7.622212e-01	6.206015e-01	1.443734e+00
2.344666e-02	-1.415650e-01	-1.415888e-01	-1.031678e-01	7.622312e-01	7.622312e-01	6.206281e-01	1.441404e+00
2.341920e-02	-1.415637e-01	-1.415875e-01	-1.031685e-01	7.622411e-01	7.622411e-01	6.206546e-01	1.439092e+00
2.339181e-02	-1.415624e-01	-1.415861e-01	-1.031692e-01	7.622509e-01	7.622509e-01	6.206809e-01	1.436799e+00
2.336449e-02	-1.415611e-01	-1.415848e-01	-1.031699e-01	7.622606e-01	7.622606e-01	6.207070e-01	1.434524e+00
2.333722e-02	-1.415598e-01	-1.415836e-01	-1.031706e-01	7.622702e-01	7.622702e-01	6.207330e-01	1.432268e+00
2.331002e-02	-1.415585e-01	-1.415823e-01	-1.031713e-01	7.622797e-01	7.622797e-01	6.207588e-01	1.430031e+00
2.328289e-02	-1.415572e-01	-1.415810e-01	-1.031720e-01	7.622891e-01	7.622891e-01	6.207844e-01	1.427812e+00
2.325581e-02	-1.415560e-01	-1.415797e-01	-1.031728e-01	7.622984e-01	7.622984e-01	6.208099e-01	1.425610e+00
2.322880e-02	-1.415547e-01	-1.415785e-01	-1.031735e-01	7.623076e-01	7.623076e-01	6.208353e-01	1.423427e+00
2.320186e-02	-1.415535e-01	-1.415773e-01	-1.031742e-01	7.623167e-01	7.623167e-01	6.208604e-01	1.421262e+00
2.317497e-02	-1.415522e-01	-1.415760e-01	-1.031750e-01	7.623256e-01	7.623256e-01	6.208855e-01	1.419115e+00
2.314815e-02	-1.415510e-01	-1.415748e-01	-1.031757e-01	7.623345e-01	7.623345e-01	6.209103e-01	1.416986e+00
2.312139e-02	-1.415498e-01	-1.415736e-01	-1.031765e-01	7.623433e-01	7.623433e-01	6.209350e-01	1.414874e+00
2.309469e-02	-1.415486e-01	-1.415724e-01	-1.031773e-01	7.623520e-01	7.623520e-01	6.209596e-01	1.412780e+00
2.306805e-02	-1.415475e-01	-1.415713e-01	-1.031780e-01	7.623606e-01	7.623606e-01	6.209840e-01	1.410704e+00
2.304147e-02	-1.415463e-01	-1.415701e-01	-1.031788e-01	7.623691e-01	7.623691e-01	6.210083e-01	1.408645e+00
2.301496e-02	-1.415451e-01	-1.415689e-01	-1.031796e-01	7.623776e-01	7.623776e-01	6.210324e-01	1.406603e+00
2.298851e-02	-1.415440e-01	-1.415678e-01	-1.031804e-01	7.623859e-01	7.623859e-01	6.210564e-01	1.404578e+00
