# Finite Temperature Data for Kitaev Ladder
# chi_max = 300, h = 0.9500
# Columns: T | Sigmax | Sigmay | Sigmaz | S1 | S2 | Wp | Cv
# 
2.000000e+01	-8.489872e-02	-8.489911e-02	-8.450511e-02	7.748207e-05	7.748207e-05	-4.456560e-06	3.988827e-01
1.000000e+01	-1.193672e-01	-1.193687e-01	-1.185218e-01	3.211874e-04	3.211874e-04	-2.433079e-05	1.363035e+00
6.666667e+00	-1.487935e-01	-1.487969e-01	-1.473707e-01	8.164293e-04	8.164293e-04	-7.346871e-05	2.566185e+00
5.000000e+00	-1.737465e-01	-1.737525e-01	-1.716548e-01	1.590901e-03	1.590901e-03	-1.617515e-04	3.764975e+00
4.000000e+00	-1.948810e-01	-1.948900e-01	-1.920597e-01	2.626301e-03	2.626301e-03	-2.943741e-04	4.816533e+00
3.333333e+00	-2.128351e-01	-2.128472e-01	-2.092494e-01	3.875831e-03	3.875831e-03	-4.736644e-04	5.660644e+00
2.857143e+00	-2.281782e-01	-2.281936e-01	-2.238142e-01	5.280812e-03	5.280812e-03	-7.009147e-04	6.291272e+00
2.500000e+00	-2.413933e-01	-2.414119e-01	-2.362529e-01	6.782244e-03	6.782244e-03	-9.771943e-04	6.731433e+00
2.222222e+00	-2.528772e-01	-2.528988e-01	-2.469741e-01	8.327322e-03	8.327322e-03	-1.303364e-03	7.015778e+00
2.000000e+00	-2.629502e-01	-2.629746e-01	-2.563062e-01	9.872275e-03	9.872275e-03	-1.679759e-03	7.180378e+00
1.818182e+00	-2.718678e-01	-2.718947e-01	-2.645107e-01	1.138293e-02	1.138293e-02	-2.105877e-03	7.257644e+00
1.666667e+00	-2.798334e-01	-2.798627e-01	-2.717944e-01	1.283403e-02	1.283403e-02	-2.580229e-03	7.274391e+00
1.538462e+00	-2.870086e-01	-2.870400e-01	-2.783207e-01	1.420805e-02	1.420805e-02	-3.100329e-03	7.251615e+00
1.428571e+00	-2.935218e-01	-2.935551e-01	-2.842190e-01	1.549379e-02	1.549379e-02	-3.662827e-03	7.205080e+00
1.333333e+00	-2.994760e-01	-2.995109e-01	-2.895920e-01	1.668507e-02	1.668507e-02	-4.263686e-03	7.146193e+00
1.250000e+00	-3.049535e-01	-3.049899e-01	-2.945216e-01	1.777957e-02	1.777957e-02	-4.898394e-03	7.082903e+00
1.176471e+00	-3.100212e-01	-3.100588e-01	-2.990736e-01	1.877782e-02	1.877782e-02	-5.562162e-03	7.020519e+00
1.111111e+00	-3.147333e-01	-3.147721e-01	-3.033009e-01	1.968244e-02	1.968244e-02	-6.250102e-03	6.962383e+00
1.052632e+00	-3.191344e-01	-3.191742e-01	-3.072468e-01	2.049748e-02	2.049748e-02	-6.957362e-03	6.910411e+00
1.000000e+00	-3.232614e-01	-3.233020e-01	-3.109466e-01	2.122792e-02	2.122792e-02	-7.679249e-03	6.865511e+00
9.523810e-01	-3.271448e-01	-3.271862e-01	-3.144295e-01	2.187930e-02	2.187930e-02	-8.411298e-03	6.827901e+00
9.090909e-01	-3.308104e-01	-3.308524e-01	-3.177198e-01	2.245744e-02	2.245744e-02	-9.149338e-03	6.797341e+00
8.695652e-01	-3.342800e-01	-3.343226e-01	-3.208378e-01	2.296826e-02	2.296826e-02	-9.889519e-03	6.773303e+00
8.333333e-01	-3.375722e-01	-3.376152e-01	-3.238007e-01	2.341756e-02	2.341756e-02	-1.062834e-02	6.755099e+00
8.000000e-01	-3.407028e-01	-3.407462e-01	-3.266231e-01	2.381097e-02	2.381097e-02	-1.136263e-02	6.741959e+00
7.692308e-01	-3.436856e-01	-3.437294e-01	-3.293176e-01	2.415387e-02	2.415387e-02	-1.208958e-02	6.733097e+00
7.407407e-01	-3.465327e-01	-3.465767e-01	-3.318951e-01	2.445135e-02	2.445135e-02	-1.280671e-02	6.727747e+00
7.142857e-01	-3.492545e-01	-3.492987e-01	-3.343649e-01	2.470815e-02	2.470815e-02	-1.351184e-02	6.725188e+00
6.896552e-01	-3.518604e-01	-3.519047e-01	-3.367353e-01	2.492869e-02	2.492869e-02	-1.420311e-02	6.724760e+00
6.666667e-01	-3.543584e-01	-3.544029e-01	-3.390136e-01	2.511704e-02	2.511704e-02	-1.487889e-02	6.725869e+00
6.451613e-01	-3.567561e-01	-3.568006e-01	-3.412062e-01	2.527696e-02	2.527696e-02	-1.553786e-02	6.727994e+00
6.250000e-01	-3.590599e-01	-3.591045e-01	-3.433189e-01	2.541188e-02	2.541188e-02	-1.617889e-02	6.730680e+00
6.060606e-01	-3.612759e-01	-3.613204e-01	-3.453568e-01	2.552490e-02	2.552490e-02	-1.680108e-02	6.733539e+00
5.882353e-01	-3.634092e-01	-3.634537e-01	-3.473245e-01	2.561888e-02	2.561888e-02	-1.740371e-02	6.736246e+00
5.714286e-01	-3.654649e-01	-3.655093e-01	-3.492262e-01	2.569637e-02	2.569637e-02	-1.798622e-02	6.738529e+00
5.555556e-01	-3.674473e-01	-3.674916e-01	-3.510657e-01	2.575968e-02	2.575968e-02	-1.854822e-02	6.740169e+00
5.405405e-01	-3.693606e-01	-3.694048e-01	-3.528465e-01	2.581091e-02	2.581091e-02	-1.908945e-02	6.740991e+00
5.263158e-01	-3.712084e-01	-3.712525e-01	-3.545717e-01	2.585192e-02	2.585192e-02	-1.960977e-02	6.740860e+00
5.128205e-01	-3.729943e-01	-3.730382e-01	-3.562443e-01	2.588437e-02	2.588437e-02	-2.010912e-02	6.739674e+00
5.000000e-01	-3.747213e-01	-3.747650e-01	-3.578669e-01	2.590977e-02	2.590977e-02	-2.058756e-02	6.737363e+00
4.878049e-01	-3.763925e-01	-3.764360e-01	-3.594420e-01	2.592944e-02	2.592944e-02	-2.104521e-02	6.733879e+00
4.761905e-01	-3.780106e-01	-3.780539e-01	-3.609719e-01	2.594457e-02	2.594457e-02	-2.148228e-02	6.729198e+00
4.651163e-01	-3.795781e-01	-3.796212e-01	-3.624587e-01	2.595618e-02	2.595618e-02	-2.189900e-02	6.723314e+00
4.545455e-01	-3.810974e-01	-3.811403e-01	-3.639045e-01	2.596522e-02	2.596522e-02	-2.229569e-02	6.716233e+00
4.444444e-01	-3.825708e-01	-3.826134e-01	-3.653110e-01	2.597249e-02	2.597249e-02	-2.267269e-02	6.707975e+00
4.347826e-01	-3.840003e-01	-3.840427e-01	-3.666800e-01	2.597870e-02	2.597870e-02	-2.303037e-02	6.698571e+00
4.255319e-01	-3.853878e-01	-3.854299e-01	-3.680131e-01	2.598448e-02	2.598448e-02	-2.336915e-02	6.688056e+00
4.166667e-01	-3.867353e-01	-3.867771e-01	-3.693119e-01	2.599038e-02	2.599038e-02	-2.368944e-02	6.676475e+00
4.081633e-01	-3.880443e-01	-3.880859e-01	-3.705777e-01	2.599685e-02	2.599685e-02	-2.399169e-02	6.663876e+00
4.000000e-01	-3.893166e-01	-3.893579e-01	-3.718120e-01	2.600432e-02	2.600432e-02	-2.427637e-02	6.650308e+00
3.921569e-01	-3.905537e-01	-3.905947e-01	-3.730159e-01	2.601312e-02	2.601312e-02	-2.454393e-02	6.635825e+00
3.846154e-01	-3.917570e-01	-3.917977e-01	-3.741907e-01	2.602357e-02	2.602357e-02	-2.479487e-02	6.620482e+00
3.773585e-01	-3.929279e-01	-3.929683e-01	-3.753375e-01	2.603591e-02	2.603591e-02	-2.502964e-02	6.604333e+00
3.703704e-01	-3.940677e-01	-3.941078e-01	-3.764574e-01	2.605036e-02	2.605036e-02	-2.524875e-02	6.587434e+00
3.636364e-01	-3.951776e-01	-3.952174e-01	-3.775514e-01	2.606710e-02	2.606710e-02	-2.545265e-02	6.569838e+00
3.571429e-01	-3.962587e-01	-3.962982e-01	-3.786204e-01	2.608626e-02	2.608626e-02	-2.564183e-02	6.551601e+00
3.508772e-01	-3.973122e-01	-3.973515e-01	-3.796654e-01	2.610799e-02	2.610799e-02	-2.581675e-02	6.532774e+00
3.448276e-01	-3.983392e-01	-3.983781e-01	-3.806873e-01	2.613236e-02	2.613236e-02	-2.597789e-02	6.513407e+00
3.389831e-01	-3.993405e-01	-3.993791e-01	-3.816868e-01	2.615945e-02	2.615945e-02	-2.612570e-02	6.493552e+00
3.333333e-01	-4.003172e-01	-4.003555e-01	-3.826648e-01	2.618932e-02	2.618932e-02	-2.626063e-02	6.473256e+00
3.278689e-01	-4.012702e-01	-4.013082e-01	-3.836219e-01	2.622200e-02	2.622200e-02	-2.638312e-02	6.452564e+00
3.225806e-01	-4.022002e-01	-4.022379e-01	-3.845590e-01	2.625752e-02	2.625752e-02	-2.649360e-02	6.431521e+00
3.174603e-01	-4.031082e-01	-4.031456e-01	-3.854766e-01	2.629590e-02	2.629590e-02	-2.659249e-02	6.410168e+00
3.125000e-01	-4.039950e-01	-4.040321e-01	-3.863755e-01	2.633713e-02	2.633713e-02	-2.668021e-02	6.388548e+00
3.076923e-01	-4.048611e-01	-4.048979e-01	-3.872562e-01	2.638120e-02	2.638120e-02	-2.675715e-02	6.366697e+00
3.030303e-01	-4.057075e-01	-4.057440e-01	-3.881194e-01	2.642811e-02	2.642811e-02	-2.682371e-02	6.344653e+00
2.985075e-01	-4.065347e-01	-4.065709e-01	-3.889656e-01	2.647783e-02	2.647783e-02	-2.688027e-02	6.322449e+00
2.941176e-01	-4.073434e-01	-4.073793e-01	-3.897953e-01	2.653033e-02	2.653033e-02	-2.692719e-02	6.300120e+00
2.898551e-01	-4.081342e-01	-4.081698e-01	-3.906092e-01	2.658559e-02	2.658559e-02	-2.696483e-02	6.277696e+00
2.857143e-01	-4.089077e-01	-4.089430e-01	-3.914076e-01	2.664356e-02	2.664356e-02	-2.699354e-02	6.255207e+00
2.816901e-01	-4.096645e-01	-4.096995e-01	-3.921910e-01	2.670421e-02	2.670421e-02	-2.701366e-02	6.232680e+00
2.777778e-01	-4.104052e-01	-4.104398e-01	-3.929600e-01	2.676750e-02	2.676750e-02	-2.702552e-02	6.210142e+00
2.739726e-01	-4.111301e-01	-4.111645e-01	-3.937149e-01	2.683338e-02	2.683338e-02	-2.702942e-02	6.187618e+00
2.702703e-01	-4.118400e-01	-4.118740e-01	-3.944562e-01	2.690181e-02	2.690181e-02	-2.702567e-02	6.165129e+00
2.666667e-01	-4.125351e-01	-4.125689e-01	-3.951843e-01	2.697274e-02	2.697274e-02	-2.701457e-02	6.142699e+00
2.631579e-01	-4.132161e-01	-4.132496e-01	-3.958995e-01	2.704613e-02	2.704613e-02	-2.699640e-02	6.120348e+00
2.597403e-01	-4.138833e-01	-4.139165e-01	-3.966023e-01	2.712194e-02	2.712194e-02	-2.697145e-02	6.098094e+00
2.564103e-01	-4.145371e-01	-4.145700e-01	-3.972930e-01	2.720010e-02	2.720010e-02	-2.693996e-02	6.075955e+00
2.531646e-01	-4.151780e-01	-4.152106e-01	-3.979719e-01	2.728059e-02	2.728059e-02	-2.690221e-02	6.053948e+00
2.500000e-01	-4.158063e-01	-4.158387e-01	-3.986394e-01	2.736334e-02	2.736334e-02	-2.685844e-02	6.032088e+00
2.469136e-01	-4.164225e-01	-4.164546e-01	-3.992958e-01	2.744831e-02	2.744831e-02	-2.680889e-02	6.010390e+00
2.439024e-01	-4.170269e-01	-4.170586e-01	-3.999414e-01	2.753546e-02	2.753546e-02	-2.675379e-02	5.988866e+00
2.409639e-01	-4.176198e-01	-4.176513e-01	-4.005766e-01	2.762474e-02	2.762474e-02	-2.669337e-02	5.967530e+00
2.380952e-01	-4.182016e-01	-4.182328e-01	-4.012015e-01	2.771611e-02	2.771611e-02	-2.662783e-02	5.946392e+00
2.352941e-01	-4.187726e-01	-4.188035e-01	-4.018165e-01	2.780952e-02	2.780952e-02	-2.655739e-02	5.925462e+00
2.325581e-01	-4.193331e-01	-4.193637e-01	-4.024218e-01	2.790492e-02	2.790492e-02	-2.648225e-02	5.904750e+00
2.298851e-01	-4.198833e-01	-4.199137e-01	-4.030177e-01	2.800228e-02	2.800228e-02	-2.640260e-02	5.884265e+00
2.272727e-01	-4.204237e-01	-4.204538e-01	-4.036044e-01	2.810155e-02	2.810155e-02	-2.631862e-02	5.864015e+00
2.247191e-01	-4.209545e-01	-4.209843e-01	-4.041822e-01	2.820269e-02	2.820269e-02	-2.623050e-02	5.844006e+00
2.222222e-01	-4.214759e-01	-4.215054e-01	-4.047514e-01	2.830566e-02	2.830566e-02	-2.613841e-02	5.824246e+00
2.197802e-01	-4.219882e-01	-4.220175e-01	-4.053120e-01	2.841041e-02	2.841041e-02	-2.604252e-02	5.804739e+00
2.173913e-01	-4.224916e-01	-4.225206e-01	-4.058644e-01	2.851693e-02	2.851693e-02	-2.594298e-02	5.785492e+00
2.150538e-01	-4.229864e-01	-4.230152e-01	-4.064088e-01	2.862515e-02	2.862515e-02	-2.583995e-02	5.766507e+00
2.127660e-01	-4.234728e-01	-4.235013e-01	-4.069453e-01	2.873505e-02	2.873505e-02	-2.573358e-02	5.747790e+00
2.105263e-01	-4.239511e-01	-4.239793e-01	-4.074741e-01	2.884659e-02	2.884659e-02	-2.562402e-02	5.729344e+00
2.083333e-01	-4.244214e-01	-4.244494e-01	-4.079955e-01	2.895973e-02	2.895973e-02	-2.551140e-02	5.711171e+00
2.061856e-01	-4.248839e-01	-4.249117e-01	-4.085096e-01	2.907444e-02	2.907444e-02	-2.539586e-02	5.693274e+00
2.040816e-01	-4.253389e-01	-4.253665e-01	-4.090166e-01	2.919068e-02	2.919068e-02	-2.527752e-02	5.675654e+00
2.020202e-01	-4.257866e-01	-4.258139e-01	-4.095167e-01	2.930843e-02	2.930843e-02	-2.515652e-02	5.658314e+00
2.000000e-01	-4.262271e-01	-4.262541e-01	-4.100100e-01	2.942764e-02	2.942764e-02	-2.503296e-02	5.641254e+00
1.980198e-01	-4.266606e-01	-4.266874e-01	-4.104966e-01	2.954829e-02	2.954829e-02	-2.490698e-02	5.624474e+00
1.960784e-01	-4.270874e-01	-4.271139e-01	-4.109768e-01	2.967035e-02	2.967035e-02	-2.477867e-02	5.607975e+00
1.941748e-01	-4.275074e-01	-4.275337e-01	-4.114507e-01	2.979377e-02	2.979377e-02	-2.464815e-02	5.591758e+00
1.923077e-01	-4.279211e-01	-4.279471e-01	-4.119184e-01	2.991855e-02	2.991855e-02	-2.451552e-02	5.575820e+00
1.904762e-01	-4.283283e-01	-4.283541e-01	-4.123801e-01	3.004463e-02	3.004463e-02	-2.438088e-02	5.560162e+00
1.886792e-01	-4.287295e-01	-4.287550e-01	-4.128358e-01	3.017200e-02	3.017200e-02	-2.424433e-02	5.544783e+00
1.869159e-01	-4.291246e-01	-4.291499e-01	-4.132858e-01	3.030062e-02	3.030062e-02	-2.410596e-02	5.529681e+00
1.851852e-01	-4.295138e-01	-4.295389e-01	-4.137302e-01	3.043048e-02	3.043048e-02	-2.396586e-02	5.514854e+00
1.834862e-01	-4.298973e-01	-4.299222e-01	-4.141690e-01	3.056153e-02	3.056153e-02	-2.382411e-02	5.500302e+00
1.818182e-01	-4.302752e-01	-4.302999e-01	-4.146024e-01	3.069375e-02	3.069375e-02	-2.368081e-02	5.486021e+00
1.801802e-01	-4.306476e-01	-4.306721e-01	-4.150306e-01	3.082713e-02	3.082713e-02	-2.353603e-02	5.472010e+00
1.785714e-01	-4.310147e-01	-4.310389e-01	-4.154535e-01	3.096162e-02	3.096162e-02	-2.338985e-02	5.458265e+00
1.769912e-01	-4.313766e-01	-4.314006e-01	-4.158714e-01	3.109721e-02	3.109721e-02	-2.324234e-02	5.444785e+00
1.754386e-01	-4.317333e-01	-4.317571e-01	-4.162844e-01	3.123386e-02	3.123386e-02	-2.309358e-02	5.431567e+00
1.739130e-01	-4.320851e-01	-4.321086e-01	-4.166924e-01	3.137156e-02	3.137156e-02	-2.294364e-02	5.418607e+00
1.724138e-01	-4.324320e-01	-4.324553e-01	-4.170957e-01	3.151029e-02	3.151029e-02	-2.279259e-02	5.405902e+00
1.709402e-01	-4.327741e-01	-4.327972e-01	-4.174944e-01	3.165000e-02	3.165000e-02	-2.264049e-02	5.393449e+00
1.694915e-01	-4.331115e-01	-4.331344e-01	-4.178884e-01	3.179069e-02	3.179069e-02	-2.248740e-02	5.381245e+00
1.680672e-01	-4.334444e-01	-4.334671e-01	-4.182780e-01	3.193233e-02	3.193233e-02	-2.233339e-02	5.369286e+00
1.666667e-01	-4.337728e-01	-4.337952e-01	-4.186632e-01	3.207489e-02	3.207489e-02	-2.217851e-02	5.357569e+00
1.652893e-01	-4.340968e-01	-4.341190e-01	-4.190440e-01	3.221836e-02	3.221836e-02	-2.202283e-02	5.346088e+00
1.639344e-01	-4.344165e-01	-4.344386e-01	-4.194206e-01	3.236270e-02	3.236270e-02	-2.186639e-02	5.334842e+00
1.626016e-01	-4.347321e-01	-4.347539e-01	-4.197931e-01	3.250790e-02	3.250790e-02	-2.170925e-02	5.323825e+00
1.612903e-01	-4.350435e-01	-4.350651e-01	-4.201615e-01	3.265394e-02	3.265394e-02	-2.155147e-02	5.313034e+00
1.600000e-01	-4.353509e-01	-4.353723e-01	-4.205259e-01	3.280079e-02	3.280079e-02	-2.139308e-02	5.302465e+00
1.587302e-01	-4.356544e-01	-4.356756e-01	-4.208864e-01	3.294844e-02	3.294844e-02	-2.123415e-02	5.292113e+00
1.574803e-01	-4.359540e-01	-4.359750e-01	-4.212430e-01	3.309685e-02	3.309685e-02	-2.107471e-02	5.281974e+00
1.562500e-01	-4.362498e-01	-4.362706e-01	-4.215958e-01	3.324602e-02	3.324602e-02	-2.091481e-02	5.272044e+00
1.550388e-01	-4.365419e-01	-4.365625e-01	-4.219449e-01	3.339591e-02	3.339591e-02	-2.075450e-02	5.262318e+00
1.538462e-01	-4.368304e-01	-4.368508e-01	-4.222904e-01	3.354652e-02	3.354652e-02	-2.059381e-02	5.252793e+00
1.526718e-01	-4.371153e-01	-4.371355e-01	-4.226322e-01	3.369781e-02	3.369781e-02	-2.043279e-02	5.243463e+00
1.515152e-01	-4.373967e-01	-4.374167e-01	-4.229705e-01	3.384978e-02	3.384978e-02	-2.027148e-02	5.234325e+00
1.503759e-01	-4.376746e-01	-4.376945e-01	-4.233054e-01	3.400239e-02	3.400239e-02	-2.010991e-02	5.225374e+00
1.492537e-01	-4.379492e-01	-4.379689e-01	-4.236368e-01	3.415564e-02	3.415564e-02	-1.994812e-02	5.216604e+00
1.481481e-01	-4.382205e-01	-4.382400e-01	-4.239649e-01	3.430949e-02	3.430949e-02	-1.978615e-02	5.208013e+00
1.470588e-01	-4.384886e-01	-4.385079e-01	-4.242897e-01	3.446394e-02	3.446394e-02	-1.962403e-02	5.199595e+00
1.459854e-01	-4.387535e-01	-4.387726e-01	-4.246113e-01	3.461896e-02	3.461896e-02	-1.946179e-02	5.191345e+00
1.449275e-01	-4.390152e-01	-4.390342e-01	-4.249296e-01	3.477453e-02	3.477453e-02	-1.929947e-02	5.183260e+00
1.438849e-01	-4.392739e-01	-4.392926e-01	-4.252448e-01	3.493064e-02	3.493064e-02	-1.913710e-02	5.175334e+00
1.428571e-01	-4.395296e-01	-4.395481e-01	-4.255569e-01	3.508727e-02	3.508727e-02	-1.897471e-02	5.167563e+00
1.418440e-01	-4.397823e-01	-4.398007e-01	-4.258660e-01	3.524440e-02	3.524440e-02	-1.881232e-02	5.159943e+00
1.408451e-01	-4.400321e-01	-4.400503e-01	-4.261720e-01	3.540201e-02	3.540201e-02	-1.864997e-02	5.152469e+00
1.398601e-01	-4.402790e-01	-4.402971e-01	-4.264751e-01	3.556008e-02	3.556008e-02	-1.848768e-02	5.145136e+00
1.388889e-01	-4.405232e-01	-4.405410e-01	-4.267753e-01	3.571860e-02	3.571860e-02	-1.832548e-02	5.137940e+00
1.379310e-01	-4.407645e-01	-4.407822e-01	-4.270727e-01	3.587755e-02	3.587755e-02	-1.816339e-02	5.130877e+00
1.369863e-01	-4.410032e-01	-4.410207e-01	-4.273672e-01	3.603691e-02	3.603691e-02	-1.800145e-02	5.123941e+00
1.360544e-01	-4.412392e-01	-4.412565e-01	-4.276589e-01	3.619667e-02	3.619667e-02	-1.783967e-02	5.117129e+00
1.351351e-01	-4.414726e-01	-4.414897e-01	-4.279479e-01	3.635680e-02	3.635680e-02	-1.767807e-02	5.110437e+00
1.342282e-01	-4.417034e-01	-4.417204e-01	-4.282341e-01	3.651730e-02	3.651730e-02	-1.751668e-02	5.103859e+00
1.333333e-01	-4.419316e-01	-4.419485e-01	-4.285177e-01	3.667814e-02	3.667814e-02	-1.735553e-02	5.097391e+00
1.324503e-01	-4.421574e-01	-4.421740e-01	-4.287987e-01	3.683931e-02	3.683931e-02	-1.719462e-02	5.091029e+00
1.315789e-01	-4.423807e-01	-4.423972e-01	-4.290771e-01	3.700080e-02	3.700080e-02	-1.703399e-02	5.084769e+00
1.307190e-01	-4.426016e-01	-4.426179e-01	-4.293529e-01	3.716258e-02	3.716258e-02	-1.687365e-02	5.078606e+00
1.298701e-01	-4.428201e-01	-4.428363e-01	-4.296262e-01	3.732464e-02	3.732464e-02	-1.671362e-02	5.072537e+00
1.290323e-01	-4.430363e-01	-4.430523e-01	-4.298970e-01	3.748697e-02	3.748697e-02	-1.655391e-02	5.066556e+00
1.282051e-01	-4.432501e-01	-4.432660e-01	-4.301654e-01	3.764954e-02	3.764954e-02	-1.639456e-02	5.060661e+00
1.273885e-01	-4.434617e-01	-4.434774e-01	-4.304313e-01	3.781236e-02	3.781236e-02	-1.623557e-02	5.054845e+00
1.265823e-01	-4.436711e-01	-4.436866e-01	-4.306948e-01	3.797539e-02	3.797539e-02	-1.607696e-02	5.049107e+00
1.257862e-01	-4.438783e-01	-4.438936e-01	-4.309560e-01	3.813863e-02	3.813863e-02	-1.591875e-02	5.043441e+00
1.250000e-01	-4.440833e-01	-4.440985e-01	-4.312148e-01	3.830206e-02	3.830206e-02	-1.576095e-02	5.037843e+00
1.242236e-01	-4.442861e-01	-4.443012e-01	-4.314713e-01	3.846566e-02	3.846566e-02	-1.560358e-02	5.032311e+00
1.234568e-01	-4.444869e-01	-4.445018e-01	-4.317256e-01	3.862942e-02	3.862942e-02	-1.544665e-02	5.026838e+00
1.226994e-01	-4.446855e-01	-4.447003e-01	-4.319776e-01	3.879333e-02	3.879333e-02	-1.529017e-02	5.021423e+00
1.219512e-01	-4.448822e-01	-4.448968e-01	-4.322273e-01	3.895738e-02	3.895738e-02	-1.513417e-02	5.016061e+00
1.212121e-01	-4.450768e-01	-4.450912e-01	-4.324749e-01	3.912154e-02	3.912154e-02	-1.497865e-02	5.010748e+00
1.204819e-01	-4.452694e-01	-4.452837e-01	-4.327203e-01	3.928581e-02	3.928581e-02	-1.482362e-02	5.005480e+00
1.197605e-01	-4.454601e-01	-4.454742e-01	-4.329636e-01	3.945017e-02	3.945017e-02	-1.466911e-02	5.000254e+00
1.190476e-01	-4.456489e-01	-4.456628e-01	-4.332047e-01	3.961460e-02	3.961460e-02	-1.451511e-02	4.995067e+00
1.183432e-01	-4.458357e-01	-4.458495e-01	-4.334438e-01	3.977910e-02	3.977910e-02	-1.436165e-02	4.989914e+00
1.176471e-01	-4.460207e-01	-4.460343e-01	-4.336808e-01	3.994366e-02	3.994366e-02	-1.420873e-02	4.984793e+00
1.169591e-01	-4.462038e-01	-4.462173e-01	-4.339157e-01	4.010825e-02	4.010825e-02	-1.405636e-02	4.979699e+00
1.162791e-01	-4.463851e-01	-4.463984e-01	-4.341486e-01	4.027286e-02	4.027286e-02	-1.390455e-02	4.974630e+00
1.156069e-01	-4.465645e-01	-4.465778e-01	-4.343795e-01	4.043749e-02	4.043749e-02	-1.375332e-02	4.969582e+00
1.149425e-01	-4.467422e-01	-4.467553e-01	-4.346084e-01	4.060211e-02	4.060211e-02	-1.360267e-02	4.964551e+00
1.142857e-01	-4.469182e-01	-4.469311e-01	-4.348353e-01	4.076673e-02	4.076673e-02	-1.345262e-02	4.959535e+00
1.136364e-01	-4.470924e-01	-4.471052e-01	-4.350604e-01	4.093132e-02	4.093132e-02	-1.330316e-02	4.954530e+00
1.129944e-01	-4.472649e-01	-4.472776e-01	-4.352835e-01	4.109587e-02	4.109587e-02	-1.315432e-02	4.949534e+00
1.123596e-01	-4.474357e-01	-4.474483e-01	-4.355046e-01	4.126037e-02	4.126037e-02	-1.300609e-02	4.944542e+00
1.117318e-01	-4.476048e-01	-4.476173e-01	-4.357240e-01	4.142482e-02	4.142482e-02	-1.285849e-02	4.939553e+00
1.111111e-01	-4.477723e-01	-4.477846e-01	-4.359414e-01	4.158919e-02	4.158919e-02	-1.271153e-02	4.934563e+00
1.104972e-01	-4.479382e-01	-4.479504e-01	-4.361570e-01	4.175347e-02	4.175347e-02	-1.256520e-02	4.929569e+00
1.098901e-01	-4.481025e-01	-4.481145e-01	-4.363708e-01	4.191766e-02	4.191766e-02	-1.241952e-02	4.924569e+00
1.092896e-01	-4.482652e-01	-4.482770e-01	-4.365828e-01	4.208175e-02	4.208175e-02	-1.227450e-02	4.919559e+00
1.086957e-01	-4.484263e-01	-4.484380e-01	-4.367930e-01	4.224571e-02	4.224571e-02	-1.213014e-02	4.914537e+00
1.081081e-01	-4.485858e-01	-4.485975e-01	-4.370014e-01	4.240955e-02	4.240955e-02	-1.198645e-02	4.909501e+00
1.075269e-01	-4.487439e-01	-4.487554e-01	-4.372081e-01	4.257325e-02	4.257325e-02	-1.184343e-02	4.904447e+00
1.069519e-01	-4.489004e-01	-4.489118e-01	-4.374130e-01	4.273679e-02	4.273679e-02	-1.170109e-02	4.899373e+00
1.063830e-01	-4.490555e-01	-4.490667e-01	-4.376162e-01	4.290018e-02	4.290018e-02	-1.155943e-02	4.894277e+00
1.058201e-01	-4.492090e-01	-4.492201e-01	-4.378178e-01	4.306339e-02	4.306339e-02	-1.141847e-02	4.889156e+00
1.052632e-01	-4.493611e-01	-4.493721e-01	-4.380176e-01	4.322643e-02	4.322643e-02	-1.127820e-02	4.884008e+00
1.047120e-01	-4.495118e-01	-4.495226e-01	-4.382158e-01	4.338927e-02	4.338927e-02	-1.113863e-02	4.878830e+00
1.041667e-01	-4.496610e-01	-4.496718e-01	-4.384123e-01	4.355191e-02	4.355191e-02	-1.099976e-02	4.873621e+00
1.036269e-01	-4.498089e-01	-4.498195e-01	-4.386071e-01	4.371434e-02	4.371434e-02	-1.086161e-02	4.868377e+00
1.030928e-01	-4.499553e-01	-4.499658e-01	-4.388004e-01	4.387654e-02	4.387654e-02	-1.072416e-02	4.863097e+00
1.025641e-01	-4.501004e-01	-4.501107e-01	-4.389920e-01	4.403852e-02	4.403852e-02	-1.058743e-02	4.857779e+00
1.020408e-01	-4.502441e-01	-4.502543e-01	-4.391820e-01	4.420026e-02	4.420026e-02	-1.045143e-02	4.852421e+00
1.015228e-01	-4.503864e-01	-4.503966e-01	-4.393705e-01	4.436174e-02	4.436174e-02	-1.031614e-02	4.847020e+00
1.010101e-01	-4.505275e-01	-4.505375e-01	-4.395573e-01	4.452297e-02	4.452297e-02	-1.018159e-02	4.841576e+00
1.005025e-01	-4.506672e-01	-4.506771e-01	-4.397427e-01	4.468393e-02	4.468393e-02	-1.004776e-02	4.836084e+00
1.000000e-01	-4.508056e-01	-4.508153e-01	-4.399264e-01	4.484462e-02	4.484462e-02	-9.914673e-03	4.830545e+00
9.950249e-02	-4.509427e-01	-4.509524e-01	-4.401087e-01	4.500502e-02	4.500502e-02	-9.782318e-03	4.824957e+00
9.900990e-02	-4.510786e-01	-4.510881e-01	-4.402894e-01	4.516513e-02	4.516513e-02	-9.650701e-03	4.819316e+00
9.852217e-02	-4.512132e-01	-4.512226e-01	-4.404687e-01	4.532493e-02	4.532493e-02	-9.519825e-03	4.813623e+00
9.803922e-02	-4.513465e-01	-4.513558e-01	-4.406464e-01	4.548443e-02	4.548443e-02	-9.389693e-03	4.807875e+00
9.756098e-02	-4.514786e-01	-4.514878e-01	-4.408227e-01	4.564360e-02	4.564360e-02	-9.260306e-03	4.802071e+00
9.708738e-02	-4.516095e-01	-4.516186e-01	-4.409975e-01	4.580245e-02	4.580245e-02	-9.131667e-03	4.796209e+00
9.661836e-02	-4.517392e-01	-4.517481e-01	-4.411709e-01	4.596097e-02	4.596097e-02	-9.003777e-03	4.790287e+00
9.615385e-02	-4.518677e-01	-4.518765e-01	-4.413428e-01	4.611914e-02	4.611914e-02	-8.876637e-03	4.784305e+00
9.569378e-02	-4.519950e-01	-4.520037e-01	-4.415133e-01	4.627697e-02	4.627697e-02	-8.750249e-03	4.778261e+00
9.523810e-02	-4.521211e-01	-4.521297e-01	-4.416824e-01	4.643444e-02	4.643444e-02	-8.624616e-03	4.772154e+00
9.478673e-02	-4.522461e-01	-4.522546e-01	-4.418501e-01	4.659154e-02	4.659154e-02	-8.499736e-03	4.765983e+00
9.433962e-02	-4.523699e-01	-4.523783e-01	-4.420163e-01	4.674827e-02	4.674827e-02	-8.375613e-03	4.759745e+00
9.389671e-02	-4.524926e-01	-4.525009e-01	-4.421812e-01	4.690462e-02	4.690462e-02	-8.252246e-03	4.753441e+00
9.345794e-02	-4.526142e-01	-4.526224e-01	-4.423448e-01	4.706059e-02	4.706059e-02	-8.129636e-03	4.747068e+00
9.302326e-02	-4.527346e-01	-4.527427e-01	-4.425070e-01	4.721616e-02	4.721616e-02	-8.007784e-03	4.740627e+00
9.259259e-02	-4.528540e-01	-4.528620e-01	-4.426678e-01	4.737134e-02	4.737134e-02	-7.886691e-03	4.734116e+00
9.216590e-02	-4.529722e-01	-4.529801e-01	-4.428273e-01	4.752610e-02	4.752610e-02	-7.766356e-03	4.727533e+00
9.174312e-02	-4.530894e-01	-4.530972e-01	-4.429854e-01	4.768046e-02	4.768046e-02	-7.646780e-03	4.720879e+00
9.132420e-02	-4.532055e-01	-4.532132e-01	-4.431423e-01	4.783440e-02	4.783440e-02	-7.527964e-03	4.714152e+00
9.090909e-02	-4.533206e-01	-4.533282e-01	-4.432978e-01	4.798791e-02	4.798791e-02	-7.409907e-03	4.707352e+00
9.049774e-02	-4.534346e-01	-4.534421e-01	-4.434521e-01	4.814099e-02	4.814099e-02	-7.292609e-03	4.700477e+00
9.009009e-02	-4.535476e-01	-4.535549e-01	-4.436050e-01	4.829363e-02	4.829363e-02	-7.176070e-03	4.693527e+00
8.968610e-02	-4.536595e-01	-4.536668e-01	-4.437567e-01	4.844583e-02	4.844583e-02	-7.060289e-03	4.686501e+00
8.928571e-02	-4.537704e-01	-4.537776e-01	-4.439071e-01	4.859758e-02	4.859758e-02	-6.945267e-03	4.679399e+00
8.888889e-02	-4.538803e-01	-4.538874e-01	-4.440563e-01	4.874888e-02	4.874888e-02	-6.831002e-03	4.672220e+00
8.849558e-02	-4.539893e-01	-4.539962e-01	-4.442042e-01	4.889972e-02	4.889972e-02	-6.717494e-03	4.664963e+00
8.810573e-02	-4.540972e-01	-4.541041e-01	-4.443509e-01	4.905009e-02	4.905009e-02	-6.604743e-03	4.657628e+00
8.771930e-02	-4.542041e-01	-4.542109e-01	-4.444963e-01	4.919999e-02	4.919999e-02	-6.492747e-03	4.650215e+00
8.733624e-02	-4.543101e-01	-4.543168e-01	-4.446406e-01	4.934941e-02	4.934941e-02	-6.381505e-03	4.642723e+00
8.695652e-02	-4.544151e-01	-4.544217e-01	-4.447836e-01	4.949836e-02	4.949836e-02	-6.271017e-03	4.635151e+00
8.658009e-02	-4.545192e-01	-4.545257e-01	-4.449254e-01	4.964682e-02	4.964682e-02	-6.161282e-03	4.627500e+00
8.620690e-02	-4.546223e-01	-4.546287e-01	-4.450661e-01	4.979478e-02	4.979478e-02	-6.052297e-03	4.619769e+00
8.583691e-02	-4.547245e-01	-4.547308e-01	-4.452055e-01	4.994226e-02	4.994226e-02	-5.944063e-03	4.611958e+00
8.547009e-02	-4.548257e-01	-4.548319e-01	-4.453438e-01	5.008923e-02	5.008923e-02	-5.836577e-03	4.604066e+00
8.510638e-02	-4.549260e-01	-4.549322e-01	-4.454809e-01	5.023570e-02	5.023570e-02	-5.729839e-03	4.596093e+00
8.474576e-02	-4.550255e-01	-4.550315e-01	-4.456169e-01	5.038166e-02	5.038166e-02	-5.623846e-03	4.588039e+00
8.438819e-02	-4.551240e-01	-4.551299e-01	-4.457518e-01	5.052711e-02	5.052711e-02	-5.518597e-03	4.579905e+00
8.403361e-02	-4.552216e-01	-4.552275e-01	-4.458854e-01	5.067204e-02	5.067204e-02	-5.414091e-03	4.571689e+00
8.368201e-02	-4.553184e-01	-4.553241e-01	-4.460180e-01	5.081645e-02	5.081645e-02	-5.310325e-03	4.563392e+00
8.333333e-02	-4.554142e-01	-4.554199e-01	-4.461495e-01	5.096033e-02	5.096033e-02	-5.207299e-03	4.555014e+00
8.298755e-02	-4.555092e-01	-4.555148e-01	-4.462798e-01	5.110369e-02	5.110369e-02	-5.105009e-03	4.546555e+00
8.264463e-02	-4.556034e-01	-4.556089e-01	-4.464090e-01	5.124651e-02	5.124651e-02	-5.003454e-03	4.538015e+00
8.230453e-02	-4.556967e-01	-4.557021e-01	-4.465372e-01	5.138880e-02	5.138880e-02	-4.902633e-03	4.529393e+00
8.196721e-02	-4.557891e-01	-4.557945e-01	-4.466642e-01	5.153055e-02	5.153055e-02	-4.802542e-03	4.520691e+00
8.163265e-02	-4.558807e-01	-4.558860e-01	-4.467902e-01	5.167175e-02	5.167175e-02	-4.703180e-03	4.511908e+00
8.130081e-02	-4.559715e-01	-4.559767e-01	-4.469151e-01	5.181241e-02	5.181241e-02	-4.604545e-03	4.503044e+00
8.097166e-02	-4.560615e-01	-4.560665e-01	-4.470390e-01	5.195252e-02	5.195252e-02	-4.506634e-03	4.494100e+00
8.064516e-02	-4.561506e-01	-4.561556e-01	-4.471617e-01	5.209207e-02	5.209207e-02	-4.409445e-03	4.485075e+00
8.032129e-02	-4.562389e-01	-4.562438e-01	-4.472835e-01	5.223107e-02	5.223107e-02	-4.312976e-03	4.475971e+00
8.000000e-02	-4.563264e-01	-4.563313e-01	-4.474042e-01	5.236951e-02	5.236951e-02	-4.217224e-03	4.466787e+00
7.968127e-02	-4.564132e-01	-4.564179e-01	-4.475239e-01	5.250739e-02	5.250739e-02	-4.122186e-03	4.457523e+00
7.936508e-02	-4.564991e-01	-4.565038e-01	-4.476425e-01	5.264471e-02	5.264471e-02	-4.027861e-03	4.448181e+00
7.905138e-02	-4.565843e-01	-4.565889e-01	-4.477602e-01	5.278146e-02	5.278146e-02	-3.934246e-03	4.438760e+00
7.874016e-02	-4.566687e-01	-4.566732e-01	-4.478768e-01	5.291764e-02	5.291764e-02	-3.841337e-03	4.429260e+00
7.843137e-02	-4.567523e-01	-4.567568e-01	-4.479925e-01	5.305325e-02	5.305325e-02	-3.749133e-03	4.419683e+00
7.812500e-02	-4.568352e-01	-4.568396e-01	-4.481071e-01	5.318828e-02	5.318828e-02	-3.657631e-03	4.410028e+00
7.782101e-02	-4.569173e-01	-4.569216e-01	-4.482208e-01	5.332274e-02	5.332274e-02	-3.566827e-03	4.400296e+00
7.751938e-02	-4.569987e-01	-4.570029e-01	-4.483335e-01	5.345662e-02	5.345662e-02	-3.476719e-03	4.390488e+00
7.722008e-02	-4.570793e-01	-4.570835e-01	-4.484452e-01	5.358992e-02	5.358992e-02	-3.387305e-03	4.380603e+00
7.692308e-02	-4.571592e-01	-4.571633e-01	-4.485559e-01	5.372263e-02	5.372263e-02	-3.298580e-03	4.370643e+00
7.662835e-02	-4.572384e-01	-4.572424e-01	-4.486657e-01	5.385477e-02	5.385477e-02	-3.210543e-03	4.360608e+00
7.633588e-02	-4.573169e-01	-4.573208e-01	-4.487746e-01	5.398631e-02	5.398631e-02	-3.123191e-03	4.350499e+00
7.604563e-02	-4.573946e-01	-4.573985e-01	-4.488825e-01	5.411727e-02	5.411727e-02	-3.036519e-03	4.340316e+00
7.575758e-02	-4.574716e-01	-4.574754e-01	-4.489895e-01	5.424764e-02	5.424764e-02	-2.950526e-03	4.330060e+00
7.547170e-02	-4.575480e-01	-4.575517e-01	-4.490955e-01	5.437741e-02	5.437741e-02	-2.865209e-03	4.319731e+00
7.518797e-02	-4.576236e-01	-4.576273e-01	-4.492007e-01	5.450659e-02	5.450659e-02	-2.780563e-03	4.309331e+00
7.490637e-02	-4.576986e-01	-4.577021e-01	-4.493049e-01	5.463518e-02	5.463518e-02	-2.696587e-03	4.298859e+00
7.462687e-02	-4.577728e-01	-4.577763e-01	-4.494082e-01	5.476318e-02	5.476318e-02	-2.613276e-03	4.288316e+00
7.434944e-02	-4.578464e-01	-4.578499e-01	-4.495106e-01	5.489057e-02	5.489057e-02	-2.530628e-03	4.277704e+00
7.407407e-02	-4.579194e-01	-4.579227e-01	-4.496122e-01	5.501737e-02	5.501737e-02	-2.448639e-03	4.267022e+00
7.380074e-02	-4.579916e-01	-4.579949e-01	-4.497128e-01	5.514357e-02	5.514357e-02	-2.367306e-03	4.256272e+00
7.352941e-02	-4.580632e-01	-4.580664e-01	-4.498126e-01	5.526917e-02	5.526917e-02	-2.286626e-03	4.245454e+00
7.326007e-02	-4.581342e-01	-4.581373e-01	-4.499115e-01	5.539417e-02	5.539417e-02	-2.206596e-03	4.234570e+00
7.299270e-02	-4.582045e-01	-4.582075e-01	-4.500095e-01	5.551857e-02	5.551857e-02	-2.127212e-03	4.223619e+00
7.272727e-02	-4.582741e-01	-4.582771e-01	-4.501067e-01	5.564236e-02	5.564236e-02	-2.048471e-03	4.212602e+00
7.246377e-02	-4.583431e-01	-4.583461e-01	-4.502030e-01	5.576555e-02	5.576555e-02	-1.970369e-03	4.201521e+00
7.220217e-02	-4.584115e-01	-4.584144e-01	-4.502985e-01	5.588814e-02	5.588814e-02	-1.892903e-03	4.190376e+00
7.194245e-02	-4.584793e-01	-4.584821e-01	-4.503931e-01	5.601012e-02	5.601012e-02	-1.816070e-03	4.179169e+00
7.168459e-02	-4.585464e-01	-4.585492e-01	-4.504870e-01	5.613150e-02	5.613150e-02	-1.739867e-03	4.167899e+00
7.142857e-02	-4.586130e-01	-4.586157e-01	-4.505799e-01	5.625227e-02	5.625227e-02	-1.664289e-03	4.156567e+00
7.117438e-02	-4.586789e-01	-4.586815e-01	-4.506721e-01	5.637244e-02	5.637244e-02	-1.589333e-03	4.145175e+00
7.092199e-02	-4.587442e-01	-4.587468e-01	-4.507635e-01	5.649199e-02	5.649199e-02	-1.514996e-03	4.133724e+00
7.067138e-02	-4.588089e-01	-4.588114e-01	-4.508540e-01	5.661095e-02	5.661095e-02	-1.441275e-03	4.122214e+00
7.042254e-02	-4.588731e-01	-4.588755e-01	-4.509438e-01	5.672929e-02	5.672929e-02	-1.368165e-03	4.110646e+00
7.017544e-02	-4.589366e-01	-4.589390e-01	-4.510327e-01	5.684703e-02	5.684703e-02	-1.295664e-03	4.099021e+00
6.993007e-02	-4.589995e-01	-4.590019e-01	-4.511209e-01	5.696416e-02	5.696416e-02	-1.223768e-03	4.087340e+00
6.968641e-02	-4.590619e-01	-4.590642e-01	-4.512083e-01	5.708069e-02	5.708069e-02	-1.152472e-03	4.075603e+00
6.944444e-02	-4.591237e-01	-4.591259e-01	-4.512949e-01	5.719660e-02	5.719660e-02	-1.081775e-03	4.063813e+00
6.920415e-02	-4.591850e-01	-4.591871e-01	-4.513807e-01	5.731191e-02	5.731191e-02	-1.011671e-03	4.051969e+00
6.896552e-02	-4.592456e-01	-4.592477e-01	-4.514658e-01	5.742662e-02	5.742662e-02	-9.421580e-04	4.040072e+00
6.872852e-02	-4.593058e-01	-4.593078e-01	-4.515501e-01	5.754072e-02	5.754072e-02	-8.732318e-04	4.028124e+00
6.849315e-02	-4.593653e-01	-4.593673e-01	-4.516337e-01	5.765421e-02	5.765421e-02	-8.048890e-04	4.016126e+00
6.825939e-02	-4.594243e-01	-4.594262e-01	-4.517165e-01	5.776709e-02	5.776709e-02	-7.371258e-04	4.004078e+00
6.802721e-02	-4.594828e-01	-4.594847e-01	-4.517986e-01	5.787937e-02	5.787937e-02	-6.699388e-04	3.991981e+00
6.779661e-02	-4.595407e-01	-4.595425e-01	-4.518800e-01	5.799105e-02	5.799105e-02	-6.033242e-04	3.979836e+00
6.756757e-02	-4.595981e-01	-4.595999e-01	-4.519606e-01	5.810212e-02	5.810212e-02	-5.372785e-04	3.967645e+00
6.734007e-02	-4.596550e-01	-4.596567e-01	-4.520405e-01	5.821259e-02	5.821259e-02	-4.717981e-04	3.955408e+00
6.711409e-02	-4.597114e-01	-4.597130e-01	-4.521197e-01	5.832245e-02	5.832245e-02	-4.068792e-04	3.943126e+00
6.688963e-02	-4.597672e-01	-4.597688e-01	-4.521982e-01	5.843171e-02	5.843171e-02	-3.425183e-04	3.930800e+00
6.666667e-02	-4.598225e-01	-4.598240e-01	-4.522760e-01	5.854037e-02	5.854037e-02	-2.787117e-04	3.918431e+00
6.644518e-02	-4.598773e-01	-4.598788e-01	-4.523531e-01	5.864843e-02	5.864843e-02	-2.154559e-04	3.906020e+00
6.622517e-02	-4.599316e-01	-4.599330e-01	-4.524294e-01	5.875589e-02	5.875589e-02	-1.527471e-04	3.893568e+00
6.600660e-02	-4.599854e-01	-4.599867e-01	-4.525051e-01	5.886275e-02	5.886275e-02	-9.058168e-05	3.881076e+00
6.578947e-02	-4.600387e-01	-4.600400e-01	-4.525802e-01	5.896900e-02	5.896900e-02	-2.895610e-05	3.868545e+00
6.557377e-02	-4.600915e-01	-4.600927e-01	-4.526545e-01	5.907467e-02	5.907467e-02	3.213334e-05	3.855975e+00
6.535948e-02	-4.601438e-01	-4.601450e-01	-4.527282e-01	5.917973e-02	5.917973e-02	9.269025e-05	3.843369e+00
6.514658e-02	-4.601956e-01	-4.601968e-01	-4.528012e-01	5.928420e-02	5.928420e-02	1.527183e-04	3.830726e+00
6.493506e-02	-4.602470e-01	-4.602481e-01	-4.528735e-01	5.938808e-02	5.938808e-02	2.122211e-04	3.818049e+00
6.472492e-02	-4.602978e-01	-4.602989e-01	-4.529452e-01	5.949136e-02	5.949136e-02	2.712022e-04	3.805337e+00
6.451613e-02	-4.603482e-01	-4.603492e-01	-4.530163e-01	5.959405e-02	5.959405e-02	3.296653e-04	3.792591e+00
6.430868e-02	-4.603982e-01	-4.603991e-01	-4.530867e-01	5.969614e-02	5.969614e-02	3.876141e-04	3.779814e+00
6.410256e-02	-4.604476e-01	-4.604485e-01	-4.531564e-01	5.979765e-02	5.979765e-02	4.450521e-04	3.767005e+00
6.389776e-02	-4.604967e-01	-4.604975e-01	-4.532256e-01	5.989857e-02	5.989857e-02	5.019829e-04	3.754166e+00
6.369427e-02	-4.605452e-01	-4.605460e-01	-4.532941e-01	5.999890e-02	5.999890e-02	5.584102e-04	3.741297e+00
6.349206e-02	-4.605933e-01	-4.605941e-01	-4.533619e-01	6.009865e-02	6.009865e-02	6.143375e-04	3.728400e+00
6.329114e-02	-4.606410e-01	-4.606417e-01	-4.534292e-01	6.019781e-02	6.019781e-02	6.697685e-04	3.715476e+00
6.309148e-02	-4.606882e-01	-4.606889e-01	-4.534958e-01	6.029638e-02	6.029638e-02	7.247067e-04	3.702525e+00
6.289308e-02	-4.607350e-01	-4.607356e-01	-4.535619e-01	6.039438e-02	6.039438e-02	7.791557e-04	3.689548e+00
6.269592e-02	-4.607813e-01	-4.607819e-01	-4.536273e-01	6.049180e-02	6.049180e-02	8.331190e-04	3.676547e+00
6.250000e-02	-4.608272e-01	-4.608278e-01	-4.536921e-01	6.058863e-02	6.058863e-02	8.866003e-04	3.663522e+00
6.230530e-02	-4.608727e-01	-4.608732e-01	-4.537564e-01	6.068489e-02	6.068489e-02	9.396031e-04	3.650474e+00
6.211180e-02	-4.609178e-01	-4.609182e-01	-4.538201e-01	6.078058e-02	6.078058e-02	9.921309e-04	3.637405e+00
6.191950e-02	-4.609624e-01	-4.609628e-01	-4.538831e-01	6.087568e-02	6.087568e-02	1.044187e-03	3.624315e+00
6.172840e-02	-4.610066e-01	-4.610070e-01	-4.539456e-01	6.097022e-02	6.097022e-02	1.095776e-03	3.611205e+00
6.153846e-02	-4.610504e-01	-4.610507e-01	-4.540076e-01	6.106419e-02	6.106419e-02	1.146900e-03	3.598075e+00
6.134969e-02	-4.610938e-01	-4.610941e-01	-4.540689e-01	6.115758e-02	6.115758e-02	1.197563e-03	3.584928e+00
6.116208e-02	-4.611368e-01	-4.611371e-01	-4.541297e-01	6.125041e-02	6.125041e-02	1.247769e-03	3.571764e+00
6.097561e-02	-4.611794e-01	-4.611796e-01	-4.541899e-01	6.134268e-02	6.134268e-02	1.297521e-03	3.558583e+00
6.079027e-02	-4.612216e-01	-4.612218e-01	-4.542496e-01	6.143438e-02	6.143438e-02	1.346822e-03	3.545387e+00
6.060606e-02	-4.612634e-01	-4.612635e-01	-4.543088e-01	6.152552e-02	6.152552e-02	1.395677e-03	3.532177e+00
6.042296e-02	-4.613049e-01	-4.613049e-01	-4.543673e-01	6.161609e-02	6.161609e-02	1.444088e-03	3.518953e+00
6.024096e-02	-4.613459e-01	-4.613459e-01	-4.544254e-01	6.170611e-02	6.170611e-02	1.492058e-03	3.505716e+00
6.006006e-02	-4.613865e-01	-4.613865e-01	-4.544829e-01	6.179558e-02	6.179558e-02	1.539593e-03	3.492468e+00
5.988024e-02	-4.614268e-01	-4.614267e-01	-4.545399e-01	6.188448e-02	6.188448e-02	1.586694e-03	3.479209e+00
5.970149e-02	-4.614667e-01	-4.614666e-01	-4.545964e-01	6.197284e-02	6.197284e-02	1.633365e-03	3.465940e+00
5.952381e-02	-4.615062e-01	-4.615060e-01	-4.546523e-01	6.206064e-02	6.206064e-02	1.679609e-03	3.452661e+00
5.934718e-02	-4.615453e-01	-4.615451e-01	-4.547077e-01	6.214790e-02	6.214790e-02	1.725431e-03	3.439375e+00
5.917160e-02	-4.615841e-01	-4.615839e-01	-4.547626e-01	6.223461e-02	6.223461e-02	1.770833e-03	3.426081e+00
5.899705e-02	-4.616225e-01	-4.616222e-01	-4.548170e-01	6.232077e-02	6.232077e-02	1.815818e-03	3.412780e+00
5.882353e-02	-4.616606e-01	-4.616603e-01	-4.548709e-01	6.240639e-02	6.240639e-02	1.860390e-03	3.399474e+00
5.865103e-02	-4.616983e-01	-4.616979e-01	-4.549243e-01	6.249147e-02	6.249147e-02	1.904553e-03	3.386163e+00
5.847953e-02	-4.617356e-01	-4.617352e-01	-4.549772e-01	6.257601e-02	6.257601e-02	1.948309e-03	3.372847e+00
5.830904e-02	-4.617726e-01	-4.617722e-01	-4.550296e-01	6.266002e-02	6.266002e-02	1.991662e-03	3.359529e+00
5.813953e-02	-4.618093e-01	-4.618088e-01	-4.550815e-01	6.274349e-02	6.274349e-02	2.034615e-03	3.346208e+00
5.797101e-02	-4.618456e-01	-4.618451e-01	-4.551330e-01	6.282643e-02	6.282643e-02	2.077171e-03	3.332885e+00
5.780347e-02	-4.618815e-01	-4.618810e-01	-4.551839e-01	6.290884e-02	6.290884e-02	2.119334e-03	3.319562e+00
5.763689e-02	-4.619171e-01	-4.619166e-01	-4.552344e-01	6.299071e-02	6.299071e-02	2.161107e-03	3.306238e+00
5.747126e-02	-4.619524e-01	-4.619518e-01	-4.552845e-01	6.307207e-02	6.307207e-02	2.202492e-03	3.292915e+00
5.730659e-02	-4.619874e-01	-4.619867e-01	-4.553340e-01	6.315290e-02	6.315290e-02	2.243494e-03	3.279594e+00
5.714286e-02	-4.620220e-01	-4.620213e-01	-4.553831e-01	6.323321e-02	6.323321e-02	2.284116e-03	3.266275e+00
5.698006e-02	-4.620563e-01	-4.620556e-01	-4.554317e-01	6.331299e-02	6.331299e-02	2.324359e-03	3.252959e+00
5.681818e-02	-4.620903e-01	-4.620896e-01	-4.554799e-01	6.339226e-02	6.339226e-02	2.364229e-03	3.239647e+00
5.665722e-02	-4.621240e-01	-4.621232e-01	-4.555277e-01	6.347102e-02	6.347102e-02	2.403727e-03	3.226340e+00
5.649718e-02	-4.621573e-01	-4.621565e-01	-4.555749e-01	6.354926e-02	6.354926e-02	2.442858e-03	3.213037e+00
5.633803e-02	-4.621903e-01	-4.621895e-01	-4.556218e-01	6.362700e-02	6.362700e-02	2.481623e-03	3.199741e+00
5.617978e-02	-4.622231e-01	-4.622222e-01	-4.556682e-01	6.370422e-02	6.370422e-02	2.520026e-03	3.186451e+00
5.602241e-02	-4.622555e-01	-4.622546e-01	-4.557142e-01	6.378094e-02	6.378094e-02	2.558071e-03	3.173169e+00
5.586592e-02	-4.622876e-01	-4.622866e-01	-4.557597e-01	6.385715e-02	6.385715e-02	2.595759e-03	3.159895e+00
5.571031e-02	-4.623194e-01	-4.623184e-01	-4.558048e-01	6.393287e-02	6.393287e-02	2.633095e-03	3.146630e+00
5.555556e-02	-4.623509e-01	-4.623499e-01	-4.558495e-01	6.400808e-02	6.400808e-02	2.670081e-03	3.133375e+00
5.540166e-02	-4.623821e-01	-4.623811e-01	-4.558938e-01	6.408280e-02	6.408280e-02	2.706720e-03	3.120129e+00
5.524862e-02	-4.624130e-01	-4.624119e-01	-4.559377e-01	6.415702e-02	6.415702e-02	2.743016e-03	3.106895e+00
5.509642e-02	-4.624437e-01	-4.624425e-01	-4.559811e-01	6.423075e-02	6.423075e-02	2.778970e-03	3.093672e+00
5.494505e-02	-4.624740e-01	-4.624728e-01	-4.560242e-01	6.430399e-02	6.430399e-02	2.814587e-03	3.080462e+00
5.479452e-02	-4.625040e-01	-4.625029e-01	-4.560668e-01	6.437674e-02	6.437674e-02	2.849868e-03	3.067264e+00
5.464481e-02	-4.625338e-01	-4.625326e-01	-4.561091e-01	6.444901e-02	6.444901e-02	2.884817e-03	3.054079e+00
5.449591e-02	-4.625633e-01	-4.625621e-01	-4.561509e-01	6.452079e-02	6.452079e-02	2.919437e-03	3.040909e+00
5.434783e-02	-4.625925e-01	-4.625912e-01	-4.561924e-01	6.459210e-02	6.459210e-02	2.953731e-03	3.027754e+00
5.420054e-02	-4.626214e-01	-4.626201e-01	-4.562334e-01	6.466292e-02	6.466292e-02	2.987701e-03	3.014614e+00
5.405405e-02	-4.626501e-01	-4.626488e-01	-4.562741e-01	6.473327e-02	6.473327e-02	3.021350e-03	3.001490e+00
5.390836e-02	-4.626785e-01	-4.626771e-01	-4.563144e-01	6.480315e-02	6.480315e-02	3.054682e-03	2.988382e+00
5.376344e-02	-4.627066e-01	-4.627052e-01	-4.563543e-01	6.487255e-02	6.487255e-02	3.087698e-03	2.975292e+00
5.361930e-02	-4.627345e-01	-4.627331e-01	-4.563939e-01	6.494149e-02	6.494149e-02	3.120402e-03	2.962220e+00
5.347594e-02	-4.627621e-01	-4.627606e-01	-4.564330e-01	6.500996e-02	6.500996e-02	3.152796e-03	2.949166e+00
5.333333e-02	-4.627894e-01	-4.627879e-01	-4.564718e-01	6.507797e-02	6.507797e-02	3.184884e-03	2.936130e+00
5.319149e-02	-4.628165e-01	-4.628150e-01	-4.565103e-01	6.514551e-02	6.514551e-02	3.216667e-03	2.923114e+00
5.305040e-02	-4.628433e-01	-4.628418e-01	-4.565483e-01	6.521259e-02	6.521259e-02	3.248149e-03	2.910119e+00
5.291005e-02	-4.628699e-01	-4.628683e-01	-4.565860e-01	6.527922e-02	6.527922e-02	3.279332e-03	2.897143e+00
5.277045e-02	-4.628962e-01	-4.628946e-01	-4.566234e-01	6.534540e-02	6.534540e-02	3.310219e-03	2.884189e+00
5.263158e-02	-4.629223e-01	-4.629206e-01	-4.566604e-01	6.541112e-02	6.541112e-02	3.340813e-03	2.871256e+00
5.249344e-02	-4.629481e-01	-4.629464e-01	-4.566971e-01	6.547639e-02	6.547639e-02	3.371115e-03	2.858346e+00
5.235602e-02	-4.629737e-01	-4.629720e-01	-4.567334e-01	6.554121e-02	6.554121e-02	3.401130e-03	2.845458e+00
5.221932e-02	-4.629990e-01	-4.629973e-01	-4.567694e-01	6.560559e-02	6.560559e-02	3.430859e-03	2.832593e+00
5.208333e-02	-4.630241e-01	-4.630224e-01	-4.568050e-01	6.566953e-02	6.566953e-02	3.460304e-03	2.819752e+00
5.194805e-02	-4.630490e-01	-4.630472e-01	-4.568403e-01	6.573303e-02	6.573303e-02	3.489470e-03	2.806935e+00
5.181347e-02	-4.630736e-01	-4.630718e-01	-4.568752e-01	6.579609e-02	6.579609e-02	3.518357e-03	2.794143e+00
5.167959e-02	-4.630980e-01	-4.630962e-01	-4.569099e-01	6.585871e-02	6.585871e-02	3.546968e-03	2.781375e+00
5.154639e-02	-4.631221e-01	-4.631203e-01	-4.569442e-01	6.592090e-02	6.592090e-02	3.575307e-03	2.768634e+00
5.141388e-02	-4.631461e-01	-4.631442e-01	-4.569782e-01	6.598266e-02	6.598266e-02	3.603375e-03	2.755918e+00
5.128205e-02	-4.631698e-01	-4.631679e-01	-4.570118e-01	6.604400e-02	6.604400e-02	3.631176e-03	2.743228e+00
5.115090e-02	-4.631933e-01	-4.631914e-01	-4.570452e-01	6.610490e-02	6.610490e-02	3.658710e-03	2.730565e+00
5.102041e-02	-4.632165e-01	-4.632146e-01	-4.570782e-01	6.616539e-02	6.616539e-02	3.685982e-03	2.717930e+00
5.089059e-02	-4.632396e-01	-4.632376e-01	-4.571109e-01	6.622545e-02	6.622545e-02	3.712992e-03	2.705322e+00
5.076142e-02	-4.632624e-01	-4.632604e-01	-4.571433e-01	6.628509e-02	6.628509e-02	3.739745e-03	2.692743e+00
5.063291e-02	-4.632850e-01	-4.632830e-01	-4.571754e-01	6.634432e-02	6.634432e-02	3.766241e-03	2.680192e+00
5.050505e-02	-4.633074e-01	-4.633054e-01	-4.572072e-01	6.640313e-02	6.640313e-02	3.792484e-03	2.667669e+00
5.037783e-02	-4.633296e-01	-4.633276e-01	-4.572387e-01	6.646153e-02	6.646153e-02	3.818475e-03	2.655177e+00
5.025126e-02	-4.633516e-01	-4.633495e-01	-4.572699e-01	6.651953e-02	6.651953e-02	3.844217e-03	2.642713e+00
5.012531e-02	-4.633733e-01	-4.633713e-01	-4.573008e-01	6.657711e-02	6.657711e-02	3.869713e-03	2.630280e+00
5.000000e-02	-4.633949e-01	-4.633928e-01	-4.573314e-01	6.663429e-02	6.663429e-02	3.894964e-03	2.617877e+00
4.987531e-02	-4.634163e-01	-4.634141e-01	-4.573617e-01	6.669107e-02	6.669107e-02	3.919973e-03	2.605506e+00
4.975124e-02	-4.634374e-01	-4.634353e-01	-4.573917e-01	6.674745e-02	6.674745e-02	3.944742e-03	2.593165e+00
4.962779e-02	-4.634584e-01	-4.634562e-01	-4.574215e-01	6.680344e-02	6.680344e-02	3.969273e-03	2.580855e+00
4.950495e-02	-4.634792e-01	-4.634770e-01	-4.574510e-01	6.685902e-02	6.685902e-02	3.993569e-03	2.568578e+00
4.938272e-02	-4.634997e-01	-4.634975e-01	-4.574801e-01	6.691422e-02	6.691422e-02	4.017632e-03	2.556333e+00
4.926108e-02	-4.635201e-01	-4.635178e-01	-4.575090e-01	6.696902e-02	6.696902e-02	4.041464e-03	2.544120e+00
4.914005e-02	-4.635403e-01	-4.635380e-01	-4.575377e-01	6.702344e-02	6.702344e-02	4.065066e-03	2.531940e+00
4.901961e-02	-4.635603e-01	-4.635580e-01	-4.575661e-01	6.707747e-02	6.707747e-02	4.088442e-03	2.519793e+00
4.889976e-02	-4.635801e-01	-4.635778e-01	-4.575941e-01	6.713111e-02	6.713111e-02	4.111593e-03	2.507679e+00
4.878049e-02	-4.635997e-01	-4.635973e-01	-4.576220e-01	6.718438e-02	6.718438e-02	4.134522e-03	2.495599e+00
4.866180e-02	-4.636191e-01	-4.636168e-01	-4.576495e-01	6.723727e-02	6.723727e-02	4.157230e-03	2.483554e+00
4.854369e-02	-4.636383e-01	-4.636360e-01	-4.576768e-01	6.728978e-02	6.728978e-02	4.179719e-03	2.471542e+00
4.842615e-02	-4.636574e-01	-4.636550e-01	-4.577039e-01	6.734191e-02	6.734191e-02	4.201992e-03	2.459565e+00
4.830918e-02	-4.636763e-01	-4.636739e-01	-4.577307e-01	6.739368e-02	6.739368e-02	4.224051e-03	2.447623e+00
4.819277e-02	-4.636950e-01	-4.636926e-01	-4.577572e-01	6.744507e-02	6.744507e-02	4.245898e-03	2.435716e+00
4.807692e-02	-4.637135e-01	-4.637111e-01	-4.577835e-01	6.749610e-02	6.749610e-02	4.267534e-03	2.423844e+00
4.796163e-02	-4.637319e-01	-4.637294e-01	-4.578095e-01	6.754676e-02	6.754676e-02	4.288962e-03	2.412008e+00
4.784689e-02	-4.637501e-01	-4.637476e-01	-4.578353e-01	6.759706e-02	6.759706e-02	4.310184e-03	2.400208e+00
4.773270e-02	-4.637681e-01	-4.637656e-01	-4.578609e-01	6.764700e-02	6.764700e-02	4.331201e-03	2.388444e+00
4.761905e-02	-4.637859e-01	-4.637834e-01	-4.578862e-01	6.769658e-02	6.769658e-02	4.352016e-03	2.376716e+00
4.750594e-02	-4.638036e-01	-4.638010e-01	-4.579112e-01	6.774581e-02	6.774581e-02	4.372630e-03	2.365025e+00
4.739336e-02	-4.638211e-01	-4.638185e-01	-4.579361e-01	6.779468e-02	6.779468e-02	4.393046e-03	2.353370e+00
4.728132e-02	-4.638384e-01	-4.638359e-01	-4.579607e-01	6.784320e-02	6.784320e-02	4.413264e-03	2.341753e+00
4.716981e-02	-4.638556e-01	-4.638530e-01	-4.579850e-01	6.789137e-02	6.789137e-02	4.433288e-03	2.330172e+00
4.705882e-02	-4.638726e-01	-4.638700e-01	-4.580091e-01	6.793919e-02	6.793919e-02	4.453119e-03	2.318629e+00
4.694836e-02	-4.638895e-01	-4.638868e-01	-4.580330e-01	6.798667e-02	6.798667e-02	4.472759e-03	2.307124e+00
4.683841e-02	-4.639062e-01	-4.639035e-01	-4.580567e-01	6.803380e-02	6.803380e-02	4.492210e-03	2.295656e+00
4.672897e-02	-4.639227e-01	-4.639201e-01	-4.580802e-01	6.808059e-02	6.808059e-02	4.511473e-03	2.284226e+00
4.662005e-02	-4.639391e-01	-4.639364e-01	-4.581034e-01	6.812705e-02	6.812705e-02	4.530550e-03	2.272835e+00
4.651163e-02	-4.639553e-01	-4.639526e-01	-4.581264e-01	6.817317e-02	6.817317e-02	4.549443e-03	2.261481e+00
4.640371e-02	-4.639714e-01	-4.639687e-01	-4.581492e-01	6.821895e-02	6.821895e-02	4.568154e-03	2.250166e+00
4.629630e-02	-4.639873e-01	-4.639846e-01	-4.581718e-01	6.826441e-02	6.826441e-02	4.586685e-03	2.238890e+00
4.618938e-02	-4.640031e-01	-4.640004e-01	-4.581941e-01	6.830953e-02	6.830953e-02	4.605037e-03	2.227653e+00
4.608295e-02	-4.640187e-01	-4.640160e-01	-4.582163e-01	6.835433e-02	6.835433e-02	4.623211e-03	2.216454e+00
4.597701e-02	-4.640342e-01	-4.640314e-01	-4.582382e-01	6.839880e-02	6.839880e-02	4.641211e-03	2.205295e+00
4.587156e-02	-4.640496e-01	-4.640468e-01	-4.582599e-01	6.844294e-02	6.844294e-02	4.659037e-03	2.194175e+00
4.576659e-02	-4.640648e-01	-4.640619e-01	-4.582814e-01	6.848677e-02	6.848677e-02	4.676691e-03	2.183094e+00
4.566210e-02	-4.640798e-01	-4.640770e-01	-4.583028e-01	6.853027e-02	6.853027e-02	4.694175e-03	2.172052e+00
4.555809e-02	-4.640947e-01	-4.640919e-01	-4.583239e-01	6.857346e-02	6.857346e-02	4.711490e-03	2.161050e+00
4.545455e-02	-4.641095e-01	-4.641066e-01	-4.583448e-01	6.861634e-02	6.861634e-02	4.728638e-03	2.150088e+00
4.535147e-02	-4.641241e-01	-4.641212e-01	-4.583655e-01	6.865890e-02	6.865890e-02	4.745621e-03	2.139166e+00
4.524887e-02	-4.641386e-01	-4.641357e-01	-4.583860e-01	6.870115e-02	6.870115e-02	4.762440e-03	2.128284e+00
4.514673e-02	-4.641530e-01	-4.641500e-01	-4.584064e-01	6.874309e-02	6.874309e-02	4.779096e-03	2.117441e+00
4.504505e-02	-4.641672e-01	-4.641642e-01	-4.584265e-01	6.878472e-02	6.878472e-02	4.795592e-03	2.106639e+00
4.494382e-02	-4.641813e-01	-4.641783e-01	-4.584465e-01	6.882605e-02	6.882605e-02	4.811929e-03	2.095877e+00
4.484305e-02	-4.641952e-01	-4.641923e-01	-4.584662e-01	6.886708e-02	6.886708e-02	4.828109e-03	2.085156e+00
4.474273e-02	-4.642090e-01	-4.642061e-01	-4.584858e-01	6.890780e-02	6.890780e-02	4.844132e-03	2.074475e+00
4.464286e-02	-4.642227e-01	-4.642197e-01	-4.585052e-01	6.894823e-02	6.894823e-02	4.860001e-03	2.063834e+00
4.454343e-02	-4.642363e-01	-4.642333e-01	-4.585244e-01	6.898836e-02	6.898836e-02	4.875717e-03	2.053234e+00
4.444444e-02	-4.642497e-01	-4.642467e-01	-4.585434e-01	6.902820e-02	6.902820e-02	4.891281e-03	2.042675e+00
4.434590e-02	-4.642631e-01	-4.642600e-01	-4.585622e-01	6.906774e-02	6.906774e-02	4.906695e-03	2.032156e+00
4.424779e-02	-4.642762e-01	-4.642732e-01	-4.585809e-01	6.910699e-02	6.910699e-02	4.921961e-03	2.021678e+00
4.415011e-02	-4.642893e-01	-4.642862e-01	-4.585994e-01	6.914595e-02	6.914595e-02	4.937079e-03	2.011241e+00
4.405286e-02	-4.643023e-01	-4.642992e-01	-4.586177e-01	6.918463e-02	6.918463e-02	4.952052e-03	2.000845e+00
4.395604e-02	-4.643151e-01	-4.643120e-01	-4.586358e-01	6.922302e-02	6.922302e-02	4.966881e-03	1.990490e+00
4.385965e-02	-4.643278e-01	-4.643247e-01	-4.586538e-01	6.926113e-02	6.926113e-02	4.981567e-03	1.980175e+00
4.376368e-02	-4.643404e-01	-4.643372e-01	-4.586716e-01	6.929896e-02	6.929896e-02	4.996111e-03	1.969902e+00
4.366812e-02	-4.643528e-01	-4.643497e-01	-4.586892e-01	6.933651e-02	6.933651e-02	5.010515e-03	1.959670e+00
4.357298e-02	-4.643652e-01	-4.643620e-01	-4.587067e-01	6.937378e-02	6.937378e-02	5.024780e-03	1.949479e+00
4.347826e-02	-4.643774e-01	-4.643742e-01	-4.587240e-01	6.941077e-02	6.941077e-02	5.038908e-03	1.939329e+00
4.338395e-02	-4.643895e-01	-4.643864e-01	-4.587411e-01	6.944749e-02	6.944749e-02	5.052900e-03	1.929221e+00
4.329004e-02	-4.644015e-01	-4.643983e-01	-4.587581e-01	6.948395e-02	6.948395e-02	5.066757e-03	1.919153e+00
4.319654e-02	-4.644134e-01	-4.644102e-01	-4.587749e-01	6.952013e-02	6.952013e-02	5.080481e-03	1.909127e+00
4.310345e-02	-4.644252e-01	-4.644220e-01	-4.587916e-01	6.955604e-02	6.955604e-02	5.094072e-03	1.899142e+00
4.301075e-02	-4.644369e-01	-4.644337e-01	-4.588081e-01	6.959169e-02	6.959169e-02	5.107533e-03	1.889198e+00
4.291845e-02	-4.644485e-01	-4.644452e-01	-4.588244e-01	6.962707e-02	6.962707e-02	5.120865e-03	1.879296e+00
4.282655e-02	-4.644599e-01	-4.644567e-01	-4.588406e-01	6.966219e-02	6.966219e-02	5.134068e-03	1.869435e+00
4.273504e-02	-4.644713e-01	-4.644680e-01	-4.588567e-01	6.969705e-02	6.969705e-02	5.147144e-03	1.859615e+00
4.264392e-02	-4.644825e-01	-4.644792e-01	-4.588725e-01	6.973165e-02	6.973165e-02	5.160094e-03	1.849836e+00
4.255319e-02	-4.644936e-01	-4.644904e-01	-4.588883e-01	6.976600e-02	6.976600e-02	5.172920e-03	1.840099e+00
4.246285e-02	-4.645047e-01	-4.645014e-01	-4.589039e-01	6.980008e-02	6.980008e-02	5.185623e-03	1.830403e+00
4.237288e-02	-4.645156e-01	-4.645123e-01	-4.589193e-01	6.983392e-02	6.983392e-02	5.198203e-03	1.820748e+00
4.228330e-02	-4.645264e-01	-4.645231e-01	-4.589346e-01	6.986750e-02	6.986750e-02	5.210663e-03	1.811134e+00
4.219409e-02	-4.645372e-01	-4.645338e-01	-4.589498e-01	6.990084e-02	6.990084e-02	5.223003e-03	1.801562e+00
4.210526e-02	-4.645478e-01	-4.645445e-01	-4.589648e-01	6.993393e-02	6.993393e-02	5.235224e-03	1.792031e+00
4.201681e-02	-4.645583e-01	-4.645550e-01	-4.589796e-01	6.996677e-02	6.996677e-02	5.247328e-03	1.782541e+00
4.192872e-02	-4.645688e-01	-4.645654e-01	-4.589944e-01	6.999936e-02	6.999936e-02	5.259316e-03	1.773092e+00
4.184100e-02	-4.645791e-01	-4.645757e-01	-4.590090e-01	7.003171e-02	7.003171e-02	5.271188e-03	1.763684e+00
4.175365e-02	-4.645894e-01	-4.645860e-01	-4.590234e-01	7.006382e-02	7.006382e-02	5.282947e-03	1.754318e+00
4.166667e-02	-4.645995e-01	-4.645961e-01	-4.590377e-01	7.009570e-02	7.009570e-02	5.294593e-03	1.744992e+00
4.158004e-02	-4.646096e-01	-4.646061e-01	-4.590519e-01	7.012733e-02	7.012733e-02	5.306127e-03	1.735708e+00
4.149378e-02	-4.646195e-01	-4.646161e-01	-4.590660e-01	7.015873e-02	7.015873e-02	5.317551e-03	1.726464e+00
4.140787e-02	-4.646294e-01	-4.646259e-01	-4.590799e-01	7.018989e-02	7.018989e-02	5.328865e-03	1.717262e+00
4.132231e-02	-4.646392e-01	-4.646357e-01	-4.590937e-01	7.022082e-02	7.022082e-02	5.340071e-03	1.708100e+00
4.123711e-02	-4.646488e-01	-4.646454e-01	-4.591073e-01	7.025152e-02	7.025152e-02	5.351169e-03	1.698980e+00
4.115226e-02	-4.646584e-01	-4.646550e-01	-4.591209e-01	7.028199e-02	7.028199e-02	5.362161e-03	1.689900e+00
4.106776e-02	-4.646679e-01	-4.646644e-01	-4.591343e-01	7.031223e-02	7.031223e-02	5.373048e-03	1.680861e+00
4.098361e-02	-4.646774e-01	-4.646739e-01	-4.591475e-01	7.034225e-02	7.034225e-02	5.383830e-03	1.671863e+00
4.089980e-02	-4.646867e-01	-4.646832e-01	-4.591607e-01	7.037204e-02	7.037204e-02	5.394510e-03	1.662905e+00
4.081633e-02	-4.646959e-01	-4.646924e-01	-4.591737e-01	7.040161e-02	7.040161e-02	5.405087e-03	1.653988e+00
4.073320e-02	-4.647051e-01	-4.647016e-01	-4.591866e-01	7.043096e-02	7.043096e-02	5.415563e-03	1.645111e+00
4.065041e-02	-4.647142e-01	-4.647106e-01	-4.591994e-01	7.046008e-02	7.046008e-02	5.425938e-03	1.636275e+00
4.056795e-02	-4.647232e-01	-4.647196e-01	-4.592121e-01	7.048899e-02	7.048899e-02	5.436215e-03	1.627480e+00
4.048583e-02	-4.647321e-01	-4.647285e-01	-4.592246e-01	7.051768e-02	7.051768e-02	5.446393e-03	1.618725e+00
4.040404e-02	-4.647409e-01	-4.647373e-01	-4.592371e-01	7.054616e-02	7.054616e-02	5.456474e-03	1.610010e+00
4.032258e-02	-4.647496e-01	-4.647460e-01	-4.592494e-01	7.057442e-02	7.057442e-02	5.466459e-03	1.601335e+00
4.024145e-02	-4.647583e-01	-4.647547e-01	-4.592616e-01	7.060247e-02	7.060247e-02	5.476349e-03	1.592701e+00
4.016064e-02	-4.647669e-01	-4.647633e-01	-4.592737e-01	7.063031e-02	7.063031e-02	5.486144e-03	1.584106e+00
4.008016e-02	-4.647754e-01	-4.647718e-01	-4.592857e-01	7.065795e-02	7.065795e-02	5.495845e-03	1.575552e+00
4.000000e-02	-4.647838e-01	-4.647802e-01	-4.592975e-01	7.068537e-02	7.068537e-02	5.505454e-03	1.567037e+00
3.992016e-02	-4.647921e-01	-4.647885e-01	-4.593093e-01	7.071259e-02	7.071259e-02	5.514972e-03	1.558563e+00
3.984064e-02	-4.648004e-01	-4.647968e-01	-4.593209e-01	7.073960e-02	7.073960e-02	5.524398e-03	1.550128e+00
3.976143e-02	-4.648086e-01	-4.648050e-01	-4.593325e-01	7.076641e-02	7.076641e-02	5.533735e-03	1.541733e+00
3.968254e-02	-4.648167e-01	-4.648131e-01	-4.593439e-01	7.079302e-02	7.079302e-02	5.542983e-03	1.533377e+00
3.960396e-02	-4.648248e-01	-4.648211e-01	-4.593552e-01	7.081943e-02	7.081943e-02	5.552143e-03	1.525061e+00
3.952569e-02	-4.648327e-01	-4.648291e-01	-4.593664e-01	7.084564e-02	7.084564e-02	5.561216e-03	1.516785e+00
3.944773e-02	-4.648406e-01	-4.648370e-01	-4.593775e-01	7.087165e-02	7.087165e-02	5.570202e-03	1.508547e+00
3.937008e-02	-4.648485e-01	-4.648448e-01	-4.593885e-01	7.089747e-02	7.089747e-02	5.579103e-03	1.500349e+00
3.929273e-02	-4.648562e-01	-4.648525e-01	-4.593994e-01	7.092309e-02	7.092309e-02	5.587919e-03	1.492190e+00
3.921569e-02	-4.648639e-01	-4.648602e-01	-4.594102e-01	7.094852e-02	7.094852e-02	5.596651e-03	1.484071e+00
3.913894e-02	-4.648715e-01	-4.648678e-01	-4.594209e-01	7.097376e-02	7.097376e-02	5.605300e-03	1.475990e+00
3.906250e-02	-4.648791e-01	-4.648753e-01	-4.594316e-01	7.099881e-02	7.099881e-02	5.613868e-03	1.467948e+00
3.898635e-02	-4.648865e-01	-4.648828e-01	-4.594421e-01	7.102367e-02	7.102367e-02	5.622353e-03	1.459945e+00
3.891051e-02	-4.648939e-01	-4.648902e-01	-4.594525e-01	7.104834e-02	7.104834e-02	5.630759e-03	1.451980e+00
3.883495e-02	-4.649013e-01	-4.648975e-01	-4.594628e-01	7.107283e-02	7.107283e-02	5.639084e-03	1.444054e+00
3.875969e-02	-4.649085e-01	-4.649048e-01	-4.594730e-01	7.109713e-02	7.109713e-02	5.647331e-03	1.436167e+00
3.868472e-02	-4.649157e-01	-4.649120e-01	-4.594831e-01	7.112124e-02	7.112124e-02	5.655499e-03	1.428318e+00
3.861004e-02	-4.649229e-01	-4.649191e-01	-4.594931e-01	7.114518e-02	7.114518e-02	5.663590e-03	1.420507e+00
3.853565e-02	-4.649299e-01	-4.649262e-01	-4.595031e-01	7.116894e-02	7.116894e-02	5.671604e-03	1.412734e+00
3.846154e-02	-4.649370e-01	-4.649332e-01	-4.595129e-01	7.119251e-02	7.119251e-02	5.679542e-03	1.405000e+00
3.838772e-02	-4.649439e-01	-4.649401e-01	-4.595227e-01	7.121591e-02	7.121591e-02	5.687405e-03	1.397303e+00
3.831418e-02	-4.649508e-01	-4.649470e-01	-4.595323e-01	7.123913e-02	7.123913e-02	5.695194e-03	1.389644e+00
3.824092e-02	-4.649576e-01	-4.649538e-01	-4.595419e-01	7.126218e-02	7.126218e-02	5.702909e-03	1.382023e+00
3.816794e-02	-4.649643e-01	-4.649605e-01	-4.595514e-01	7.128505e-02	7.128505e-02	5.710551e-03	1.374440e+00
3.809524e-02	-4.649710e-01	-4.649672e-01	-4.595608e-01	7.130775e-02	7.130775e-02	5.718121e-03	1.366894e+00
3.802281e-02	-4.649777e-01	-4.649738e-01	-4.595701e-01	7.133028e-02	7.133028e-02	5.725620e-03	1.359385e+00
3.795066e-02	-4.649842e-01	-4.649804e-01	-4.595793e-01	7.135263e-02	7.135263e-02	5.733047e-03	1.351914e+00
3.787879e-02	-4.649908e-01	-4.649869e-01	-4.595884e-01	7.137482e-02	7.137482e-02	5.740405e-03	1.344480e+00
3.780718e-02	-4.649972e-01	-4.649933e-01	-4.595975e-01	7.139684e-02	7.139684e-02	5.747693e-03	1.337083e+00
3.773585e-02	-4.650036e-01	-4.649997e-01	-4.596065e-01	7.141870e-02	7.141870e-02	5.754912e-03	1.329722e+00
3.766478e-02	-4.650099e-01	-4.650061e-01	-4.596154e-01	7.144038e-02	7.144038e-02	5.762063e-03	1.322399e+00
3.759398e-02	-4.650162e-01	-4.650123e-01	-4.596242e-01	7.146191e-02	7.146191e-02	5.769147e-03	1.315112e+00
3.752345e-02	-4.650224e-01	-4.650185e-01	-4.596329e-01	7.148327e-02	7.148327e-02	5.776164e-03	1.307862e+00
3.745318e-02	-4.650286e-01	-4.650247e-01	-4.596415e-01	7.150447e-02	7.150447e-02	5.783115e-03	1.300649e+00
3.738318e-02	-4.650347e-01	-4.650308e-01	-4.596501e-01	7.152551e-02	7.152551e-02	5.790000e-03	1.293472e+00
3.731343e-02	-4.650408e-01	-4.650368e-01	-4.596586e-01	7.154639e-02	7.154639e-02	5.796821e-03	1.286330e+00
3.724395e-02	-4.650468e-01	-4.650428e-01	-4.596670e-01	7.156711e-02	7.156711e-02	5.803578e-03	1.279226e+00
3.717472e-02	-4.650527e-01	-4.650488e-01	-4.596753e-01	7.158768e-02	7.158768e-02	5.810271e-03	1.272157e+00
3.710575e-02	-4.650586e-01	-4.650547e-01	-4.596836e-01	7.160809e-02	7.160809e-02	5.816901e-03	1.265123e+00
3.703704e-02	-4.650644e-01	-4.650605e-01	-4.596917e-01	7.162834e-02	7.162834e-02	5.823469e-03	1.258126e+00
3.696858e-02	-4.650702e-01	-4.650663e-01	-4.596998e-01	7.164845e-02	7.164845e-02	5.829975e-03	1.251164e+00
3.690037e-02	-4.650759e-01	-4.650720e-01	-4.597079e-01	7.166840e-02	7.166840e-02	5.836420e-03	1.244238e+00
3.683241e-02	-4.650816e-01	-4.650777e-01	-4.597158e-01	7.168819e-02	7.168819e-02	5.842805e-03	1.237347e+00
3.676471e-02	-4.650872e-01	-4.650833e-01	-4.597237e-01	7.170784e-02	7.170784e-02	5.849130e-03	1.230491e+00
3.669725e-02	-4.650928e-01	-4.650889e-01	-4.597315e-01	7.172734e-02	7.172734e-02	5.855396e-03	1.223670e+00
3.663004e-02	-4.650983e-01	-4.650944e-01	-4.597392e-01	7.174669e-02	7.174669e-02	5.861603e-03	1.216885e+00
3.656307e-02	-4.651038e-01	-4.650998e-01	-4.597469e-01	7.176590e-02	7.176590e-02	5.867751e-03	1.210134e+00
3.649635e-02	-4.651092e-01	-4.651053e-01	-4.597545e-01	7.178496e-02	7.178496e-02	5.873843e-03	1.203417e+00
3.642987e-02	-4.651146e-01	-4.651106e-01	-4.597620e-01	7.180387e-02	7.180387e-02	5.879877e-03	1.196736e+00
3.636364e-02	-4.651200e-01	-4.651160e-01	-4.597695e-01	7.182264e-02	7.182264e-02	5.885855e-03	1.190089e+00
3.629764e-02	-4.651252e-01	-4.651212e-01	-4.597769e-01	7.184127e-02	7.184127e-02	5.891777e-03	1.183476e+00
3.623188e-02	-4.651305e-01	-4.651265e-01	-4.597842e-01	7.185976e-02	7.185976e-02	5.897644e-03	1.176897e+00
3.616637e-02	-4.651357e-01	-4.651316e-01	-4.597915e-01	7.187811e-02	7.187811e-02	5.903455e-03	1.170353e+00
3.610108e-02	-4.651408e-01	-4.651368e-01	-4.597986e-01	7.189632e-02	7.189632e-02	5.909213e-03	1.163842e+00
3.603604e-02	-4.651459e-01	-4.651419e-01	-4.598058e-01	7.191439e-02	7.191439e-02	5.914917e-03	1.157365e+00
3.597122e-02	-4.651509e-01	-4.651469e-01	-4.598128e-01	7.193232e-02	7.193232e-02	5.920568e-03	1.150922e+00
3.590664e-02	-4.651559e-01	-4.651519e-01	-4.598198e-01	7.195012e-02	7.195012e-02	5.926166e-03	1.144513e+00
3.584229e-02	-4.651609e-01	-4.651569e-01	-4.598268e-01	7.196778e-02	7.196778e-02	5.931712e-03	1.138136e+00
3.577818e-02	-4.651658e-01	-4.651618e-01	-4.598336e-01	7.198531e-02	7.198531e-02	5.937206e-03	1.131793e+00
3.571429e-02	-4.651707e-01	-4.651666e-01	-4.598404e-01	7.200270e-02	7.200270e-02	5.942650e-03	1.125484e+00
3.565062e-02	-4.651755e-01	-4.651714e-01	-4.598472e-01	7.201997e-02	7.201997e-02	5.948042e-03	1.119207e+00
3.558719e-02	-4.651803e-01	-4.651762e-01	-4.598538e-01	7.203710e-02	7.203710e-02	5.953385e-03	1.112963e+00
3.552398e-02	-4.651850e-01	-4.651809e-01	-4.598605e-01	7.205410e-02	7.205410e-02	5.958677e-03	1.106752e+00
3.546099e-02	-4.651897e-01	-4.651856e-01	-4.598670e-01	7.207097e-02	7.207097e-02	5.963921e-03	1.100573e+00
3.539823e-02	-4.651944e-01	-4.651903e-01	-4.598735e-01	7.208772e-02	7.208772e-02	5.969116e-03	1.094427e+00
3.533569e-02	-4.651990e-01	-4.651949e-01	-4.598800e-01	7.210434e-02	7.210434e-02	5.974263e-03	1.088314e+00
3.527337e-02	-4.652036e-01	-4.651995e-01	-4.598864e-01	7.212083e-02	7.212083e-02	5.979362e-03	1.082232e+00
3.521127e-02	-4.652081e-01	-4.652040e-01	-4.598927e-01	7.213719e-02	7.213719e-02	5.984414e-03	1.076183e+00
3.514938e-02	-4.652126e-01	-4.652085e-01	-4.598989e-01	7.215343e-02	7.215343e-02	5.989419e-03	1.070165e+00
3.508772e-02	-4.652170e-01	-4.652129e-01	-4.599052e-01	7.216955e-02	7.216955e-02	5.994377e-03	1.064180e+00
3.502627e-02	-4.652214e-01	-4.652173e-01	-4.599113e-01	7.218555e-02	7.218555e-02	5.999290e-03	1.058226e+00
3.496503e-02	-4.652258e-01	-4.652217e-01	-4.599174e-01	7.220142e-02	7.220142e-02	6.004157e-03	1.052303e+00
3.490401e-02	-4.652301e-01	-4.652260e-01	-4.599235e-01	7.221718e-02	7.221718e-02	6.008980e-03	1.046412e+00
3.484321e-02	-4.652344e-01	-4.652303e-01	-4.599294e-01	7.223281e-02	7.223281e-02	6.013757e-03	1.040553e+00
3.478261e-02	-4.652387e-01	-4.652346e-01	-4.599354e-01	7.224833e-02	7.224833e-02	6.018491e-03	1.034724e+00
3.472222e-02	-4.652429e-01	-4.652388e-01	-4.599413e-01	7.226373e-02	7.226373e-02	6.023181e-03	1.028927e+00
3.466205e-02	-4.652471e-01	-4.652429e-01	-4.599471e-01	7.227901e-02	7.227901e-02	6.027827e-03	1.023160e+00
3.460208e-02	-4.652512e-01	-4.652471e-01	-4.599529e-01	7.229417e-02	7.229417e-02	6.032431e-03	1.017424e+00
3.454231e-02	-4.652553e-01	-4.652512e-01	-4.599586e-01	7.230922e-02	7.230922e-02	6.036992e-03	1.011719e+00
3.448276e-02	-4.652594e-01	-4.652552e-01	-4.599643e-01	7.232416e-02	7.232416e-02	6.041512e-03	1.006044e+00
3.442341e-02	-4.652634e-01	-4.652593e-01	-4.599699e-01	7.233898e-02	7.233898e-02	6.045989e-03	1.000399e+00
3.436426e-02	-4.652674e-01	-4.652633e-01	-4.599754e-01	7.235369e-02	7.235369e-02	6.050426e-03	9.947850e-01
3.430532e-02	-4.652714e-01	-4.652672e-01	-4.599810e-01	7.236828e-02	7.236828e-02	6.054821e-03	9.892008e-01
3.424658e-02	-4.652753e-01	-4.652711e-01	-4.599864e-01	7.238277e-02	7.238277e-02	6.059177e-03	9.836465e-01
3.418803e-02	-4.652792e-01	-4.652750e-01	-4.599919e-01	7.239715e-02	7.239715e-02	6.063492e-03	9.781220e-01
3.412969e-02	-4.652831e-01	-4.652789e-01	-4.599972e-01	7.241141e-02	7.241141e-02	6.067767e-03	9.726272e-01
3.407155e-02	-4.652869e-01	-4.652827e-01	-4.600026e-01	7.242557e-02	7.242557e-02	6.072004e-03	9.671620e-01
3.401361e-02	-4.652907e-01	-4.652865e-01	-4.600078e-01	7.243962e-02	7.243962e-02	6.076201e-03	9.617261e-01
3.395586e-02	-4.652944e-01	-4.652902e-01	-4.600131e-01	7.245357e-02	7.245357e-02	6.080360e-03	9.563196e-01
3.389831e-02	-4.652981e-01	-4.652939e-01	-4.600182e-01	7.246741e-02	7.246741e-02	6.084481e-03	9.509421e-01
3.384095e-02	-4.653018e-01	-4.652976e-01	-4.600234e-01	7.248114e-02	7.248114e-02	6.088564e-03	9.455937e-01
3.378378e-02	-4.653055e-01	-4.653013e-01	-4.600285e-01	7.249477e-02	7.249477e-02	6.092609e-03	9.402742e-01
3.372681e-02	-4.653091e-01	-4.653049e-01	-4.600335e-01	7.250829e-02	7.250829e-02	6.096618e-03	9.349834e-01
3.367003e-02	-4.653127e-01	-4.653085e-01	-4.600385e-01	7.252172e-02	7.252172e-02	6.100590e-03	9.297212e-01
3.361345e-02	-4.653163e-01	-4.653120e-01	-4.600435e-01	7.253504e-02	7.253504e-02	6.104526e-03	9.244875e-01
3.355705e-02	-4.653198e-01	-4.653156e-01	-4.600484e-01	7.254826e-02	7.254826e-02	6.108425e-03	9.192822e-01
3.350084e-02	-4.653233e-01	-4.653191e-01	-4.600532e-01	7.256137e-02	7.256137e-02	6.112289e-03	9.141050e-01
3.344482e-02	-4.653268e-01	-4.653225e-01	-4.600580e-01	7.257439e-02	7.257439e-02	6.116118e-03	9.089560e-01
3.338898e-02	-4.653302e-01	-4.653260e-01	-4.600628e-01	7.258731e-02	7.258731e-02	6.119912e-03	9.038349e-01
3.333333e-02	-4.653336e-01	-4.653294e-01	-4.600676e-01	7.260013e-02	7.260013e-02	6.123671e-03	8.987416e-01
3.327787e-02	-4.653370e-01	-4.653327e-01	-4.600723e-01	7.261286e-02	7.261286e-02	6.127396e-03	8.936760e-01
3.322259e-02	-4.653403e-01	-4.653361e-01	-4.600769e-01	7.262549e-02	7.262549e-02	6.131087e-03	8.886380e-01
3.316750e-02	-4.653436e-01	-4.653394e-01	-4.600815e-01	7.263802e-02	7.263802e-02	6.134745e-03	8.836275e-01
3.311258e-02	-4.653469e-01	-4.653427e-01	-4.600861e-01	7.265046e-02	7.265046e-02	6.138369e-03	8.786441e-01
3.305785e-02	-4.653502e-01	-4.653459e-01	-4.600906e-01	7.266280e-02	7.266280e-02	6.141960e-03	8.736880e-01
3.300330e-02	-4.653534e-01	-4.653492e-01	-4.600951e-01	7.267505e-02	7.267505e-02	6.145519e-03	8.687590e-01
3.294893e-02	-4.653566e-01	-4.653524e-01	-4.600995e-01	7.268720e-02	7.268720e-02	6.149045e-03	8.638568e-01
3.289474e-02	-4.653598e-01	-4.653555e-01	-4.601040e-01	7.269926e-02	7.269926e-02	6.152539e-03	8.589814e-01
3.284072e-02	-4.653629e-01	-4.653587e-01	-4.601083e-01	7.271123e-02	7.271123e-02	6.156002e-03	8.541327e-01
3.278689e-02	-4.653661e-01	-4.653618e-01	-4.601127e-01	7.272311e-02	7.272311e-02	6.159433e-03	8.493106e-01
3.273322e-02	-4.653691e-01	-4.653649e-01	-4.601169e-01	7.273490e-02	7.273490e-02	6.162833e-03	8.445148e-01
3.267974e-02	-4.653722e-01	-4.653679e-01	-4.601212e-01	7.274660e-02	7.274660e-02	6.166202e-03	8.397452e-01
3.262643e-02	-4.653753e-01	-4.653710e-01	-4.601254e-01	7.275822e-02	7.275822e-02	6.169541e-03	8.350019e-01
3.257329e-02	-4.653783e-01	-4.653740e-01	-4.601296e-01	7.276974e-02	7.276974e-02	6.172849e-03	8.302845e-01
3.252033e-02	-4.653812e-01	-4.653769e-01	-4.601337e-01	7.278117e-02	7.278117e-02	6.176128e-03	8.255930e-01
3.246753e-02	-4.653842e-01	-4.653799e-01	-4.601378e-01	7.279252e-02	7.279252e-02	6.179376e-03	8.209273e-01
3.241491e-02	-4.653871e-01	-4.653828e-01	-4.601419e-01	7.280378e-02	7.280378e-02	6.182596e-03	8.162872e-01
3.236246e-02	-4.653900e-01	-4.653857e-01	-4.601459e-01	7.281496e-02	7.281496e-02	6.185786e-03	8.116727e-01
3.231018e-02	-4.653929e-01	-4.653886e-01	-4.601499e-01	7.282605e-02	7.282605e-02	6.188948e-03	8.070835e-01
3.225806e-02	-4.653958e-01	-4.653915e-01	-4.601539e-01	7.283706e-02	7.283706e-02	6.192081e-03	8.025196e-01
3.220612e-02	-4.653986e-01	-4.653943e-01	-4.601578e-01	7.284798e-02	7.284798e-02	6.195186e-03	7.979808e-01
3.215434e-02	-4.654014e-01	-4.653971e-01	-4.601617e-01	7.285883e-02	7.285883e-02	6.198263e-03	7.934670e-01
3.210273e-02	-4.654042e-01	-4.653999e-01	-4.601656e-01	7.286958e-02	7.286958e-02	6.201312e-03	7.889782e-01
3.205128e-02	-4.654070e-01	-4.654026e-01	-4.601694e-01	7.288026e-02	7.288026e-02	6.204334e-03	7.845140e-01
3.200000e-02	-4.654097e-01	-4.654054e-01	-4.601732e-01	7.289086e-02	7.289086e-02	6.207328e-03	7.800746e-01
3.194888e-02	-4.654124e-01	-4.654081e-01	-4.601769e-01	7.290137e-02	7.290137e-02	6.210296e-03	7.756596e-01
3.189793e-02	-4.654151e-01	-4.654107e-01	-4.601807e-01	7.291181e-02	7.291181e-02	6.213237e-03	7.712690e-01
3.184713e-02	-4.654177e-01	-4.654134e-01	-4.601844e-01	7.292216e-02	7.292216e-02	6.216151e-03	7.669027e-01
3.179650e-02	-4.654204e-01	-4.654160e-01	-4.601880e-01	7.293244e-02	7.293244e-02	6.219040e-03	7.625605e-01
3.174603e-02	-4.654230e-01	-4.654187e-01	-4.601916e-01	7.294264e-02	7.294264e-02	6.221902e-03	7.582424e-01
3.169572e-02	-4.654256e-01	-4.654212e-01	-4.601952e-01	7.295276e-02	7.295276e-02	6.224739e-03	7.539482e-01
3.164557e-02	-4.654282e-01	-4.654238e-01	-4.601988e-01	7.296281e-02	7.296281e-02	6.227550e-03	7.496778e-01
3.159558e-02	-4.654307e-01	-4.654264e-01	-4.602023e-01	7.297278e-02	7.297278e-02	6.230336e-03	7.454310e-01
3.154574e-02	-4.654332e-01	-4.654289e-01	-4.602058e-01	7.298267e-02	7.298267e-02	6.233098e-03	7.412078e-01
3.149606e-02	-4.654358e-01	-4.654314e-01	-4.602093e-01	7.299249e-02	7.299249e-02	6.235834e-03	7.370080e-01
3.144654e-02	-4.654382e-01	-4.654339e-01	-4.602127e-01	7.300223e-02	7.300223e-02	6.238546e-03	7.328315e-01
3.139717e-02	-4.654407e-01	-4.654363e-01	-4.602161e-01	7.301190e-02	7.301190e-02	6.241234e-03	7.286781e-01
3.134796e-02	-4.654431e-01	-4.654388e-01	-4.602195e-01	7.302150e-02	7.302150e-02	6.243898e-03	7.245479e-01
3.129890e-02	-4.654456e-01	-4.654412e-01	-4.602229e-01	7.303102e-02	7.303102e-02	6.246537e-03	7.204406e-01
3.125000e-02	-4.654480e-01	-4.654436e-01	-4.602262e-01	7.304047e-02	7.304047e-02	6.249154e-03	7.163561e-01
3.120125e-02	-4.654503e-01	-4.654460e-01	-4.602295e-01	7.304985e-02	7.304985e-02	6.251747e-03	7.122944e-01
3.115265e-02	-4.654527e-01	-4.654483e-01	-4.602327e-01	7.305916e-02	7.305916e-02	6.254317e-03	7.082553e-01
3.110420e-02	-4.654550e-01	-4.654506e-01	-4.602360e-01	7.306839e-02	7.306839e-02	6.256864e-03	7.042385e-01
3.105590e-02	-4.654573e-01	-4.654530e-01	-4.602392e-01	7.307756e-02	7.307756e-02	6.259388e-03	7.002443e-01
3.100775e-02	-4.654596e-01	-4.654553e-01	-4.602423e-01	7.308666e-02	7.308666e-02	6.261890e-03	6.962722e-01
3.095975e-02	-4.654619e-01	-4.654575e-01	-4.602455e-01	7.309569e-02	7.309569e-02	6.264370e-03	6.923223e-01
3.091190e-02	-4.654642e-01	-4.654598e-01	-4.602486e-01	7.310465e-02	7.310465e-02	6.266827e-03	6.883944e-01
3.086420e-02	-4.654664e-01	-4.654620e-01	-4.602517e-01	7.311354e-02	7.311354e-02	6.269263e-03	6.844884e-01
3.081664e-02	-4.654686e-01	-4.654642e-01	-4.602548e-01	7.312236e-02	7.312236e-02	6.271677e-03	6.806042e-01
3.076923e-02	-4.654708e-01	-4.654664e-01	-4.602578e-01	7.313112e-02	7.313112e-02	6.274070e-03	6.767417e-01
3.072197e-02	-4.654730e-01	-4.654686e-01	-4.602608e-01	7.313981e-02	7.313981e-02	6.276441e-03	6.729007e-01
3.067485e-02	-4.654752e-01	-4.654708e-01	-4.602638e-01	7.314844e-02	7.314844e-02	6.278792e-03	6.690812e-01
3.062787e-02	-4.654773e-01	-4.654729e-01	-4.602668e-01	7.315700e-02	7.315700e-02	6.281121e-03	6.652830e-01
3.058104e-02	-4.654794e-01	-4.654750e-01	-4.602697e-01	7.316549e-02	7.316549e-02	6.283430e-03	6.615061e-01
3.053435e-02	-4.654816e-01	-4.654771e-01	-4.602726e-01	7.317392e-02	7.317392e-02	6.285719e-03	6.577503e-01
3.048780e-02	-4.654836e-01	-4.654792e-01	-4.602755e-01	7.318229e-02	7.318229e-02	6.287987e-03	6.540154e-01
3.044140e-02	-4.654857e-01	-4.654813e-01	-4.602784e-01	7.319059e-02	7.319059e-02	6.290235e-03	6.503015e-01
3.039514e-02	-4.654878e-01	-4.654833e-01	-4.602812e-01	7.319883e-02	7.319883e-02	6.292463e-03	6.466084e-01
3.034901e-02	-4.654898e-01	-4.654854e-01	-4.602840e-01	7.320701e-02	7.320701e-02	6.294672e-03	6.429359e-01
3.030303e-02	-4.654918e-01	-4.654874e-01	-4.602868e-01	7.321513e-02	7.321513e-02	6.296861e-03	6.392840e-01
3.025719e-02	-4.654938e-01	-4.654894e-01	-4.602896e-01	7.322318e-02	7.322318e-02	6.299031e-03	6.356526e-01
3.021148e-02	-4.654958e-01	-4.654914e-01	-4.602923e-01	7.323117e-02	7.323117e-02	6.301181e-03	6.320415e-01
3.016591e-02	-4.654978e-01	-4.654933e-01	-4.602950e-01	7.323911e-02	7.323911e-02	6.303313e-03	6.284507e-01
3.012048e-02	-4.654997e-01	-4.654953e-01	-4.602977e-01	7.324698e-02	7.324698e-02	6.305426e-03	6.248800e-01
3.007519e-02	-4.655017e-01	-4.654972e-01	-4.603004e-01	7.325479e-02	7.325479e-02	6.307520e-03	6.213293e-01
3.003003e-02	-4.655036e-01	-4.654991e-01	-4.603030e-01	7.326254e-02	7.326254e-02	6.309596e-03	6.177985e-01
2.998501e-02	-4.655055e-01	-4.655010e-01	-4.603056e-01	7.327024e-02	7.327024e-02	6.311654e-03	6.142876e-01
2.994012e-02	-4.655074e-01	-4.655029e-01	-4.603082e-01	7.327787e-02	7.327787e-02	6.313693e-03	6.107964e-01
2.989537e-02	-4.655092e-01	-4.655048e-01	-4.603108e-01	7.328545e-02	7.328545e-02	6.315715e-03	6.073247e-01
2.985075e-02	-4.655111e-01	-4.655066e-01	-4.603134e-01	7.329297e-02	7.329297e-02	6.317719e-03	6.038726e-01
2.980626e-02	-4.655129e-01	-4.655085e-01	-4.603159e-01	7.330044e-02	7.330044e-02	6.319705e-03	6.004399e-01
2.976190e-02	-4.655147e-01	-4.655103e-01	-4.603184e-01	7.330785e-02	7.330785e-02	6.321674e-03	5.970264e-01
2.971768e-02	-4.655165e-01	-4.655121e-01	-4.603209e-01	7.331520e-02	7.331520e-02	6.323626e-03	5.936322e-01
2.967359e-02	-4.655183e-01	-4.655139e-01	-4.603234e-01	7.332249e-02	7.332249e-02	6.325560e-03	5.902570e-01
2.962963e-02	-4.655201e-01	-4.655156e-01	-4.603258e-01	7.332973e-02	7.332973e-02	6.327478e-03	5.869008e-01
2.958580e-02	-4.655219e-01	-4.655174e-01	-4.603282e-01	7.333692e-02	7.333692e-02	6.329378e-03	5.835635e-01
2.954210e-02	-4.655236e-01	-4.655191e-01	-4.603306e-01	7.334405e-02	7.334405e-02	6.331263e-03	5.802450e-01
2.949853e-02	-4.655253e-01	-4.655209e-01	-4.603330e-01	7.335113e-02	7.335113e-02	6.333130e-03	5.769451e-01
2.945508e-02	-4.655271e-01	-4.655226e-01	-4.603354e-01	7.335815e-02	7.335815e-02	6.334982e-03	5.736638e-01
2.941176e-02	-4.655288e-01	-4.655243e-01	-4.603377e-01	7.336512e-02	7.336512e-02	6.336817e-03	5.704011e-01
2.936858e-02	-4.655304e-01	-4.655260e-01	-4.603400e-01	7.337204e-02	7.337204e-02	6.338636e-03	5.671566e-01
2.932551e-02	-4.655321e-01	-4.655276e-01	-4.603423e-01	7.337890e-02	7.337890e-02	6.340439e-03	5.639305e-01
2.928258e-02	-4.655338e-01	-4.655293e-01	-4.603446e-01	7.338572e-02	7.338572e-02	6.342227e-03	5.607225e-01
2.923977e-02	-4.655354e-01	-4.655309e-01	-4.603469e-01	7.339248e-02	7.339248e-02	6.343999e-03	5.575326e-01
2.919708e-02	-4.655370e-01	-4.655326e-01	-4.603491e-01	7.339919e-02	7.339919e-02	6.345755e-03	5.543607e-01
2.915452e-02	-4.655387e-01	-4.655342e-01	-4.603513e-01	7.340585e-02	7.340585e-02	6.347496e-03	5.512067e-01
2.911208e-02	-4.655403e-01	-4.655358e-01	-4.603536e-01	7.341246e-02	7.341246e-02	6.349222e-03	5.480705e-01
2.906977e-02	-4.655419e-01	-4.655374e-01	-4.603557e-01	7.341902e-02	7.341902e-02	6.350933e-03	5.449519e-01
2.902758e-02	-4.655434e-01	-4.655389e-01	-4.603579e-01	7.342553e-02	7.342553e-02	6.352630e-03	5.418510e-01
2.898551e-02	-4.655450e-01	-4.655405e-01	-4.603601e-01	7.343199e-02	7.343199e-02	6.354311e-03	5.387675e-01
2.894356e-02	-4.655465e-01	-4.655420e-01	-4.603622e-01	7.343840e-02	7.343840e-02	6.355978e-03	5.357016e-01
2.890173e-02	-4.655481e-01	-4.655436e-01	-4.603643e-01	7.344476e-02	7.344476e-02	6.357630e-03	5.326528e-01
2.886003e-02	-4.655496e-01	-4.655451e-01	-4.603664e-01	7.345108e-02	7.345108e-02	6.359268e-03	5.296213e-01
2.881844e-02	-4.655511e-01	-4.655466e-01	-4.603685e-01	7.345734e-02	7.345734e-02	6.360892e-03	5.266069e-01
2.877698e-02	-4.655526e-01	-4.655481e-01	-4.603705e-01	7.346356e-02	7.346356e-02	6.362502e-03	5.236095e-01
2.873563e-02	-4.655541e-01	-4.655496e-01	-4.603726e-01	7.346974e-02	7.346974e-02	6.364098e-03	5.206291e-01
2.869440e-02	-4.655556e-01	-4.655511e-01	-4.603746e-01	7.347586e-02	7.347586e-02	6.365680e-03	5.176655e-01
2.865330e-02	-4.655570e-01	-4.655525e-01	-4.603766e-01	7.348194e-02	7.348194e-02	6.367248e-03	5.147186e-01
2.861230e-02	-4.655585e-01	-4.655540e-01	-4.603786e-01	7.348798e-02	7.348798e-02	6.368803e-03	5.117885e-01
2.857143e-02	-4.655599e-01	-4.655554e-01	-4.603806e-01	7.349396e-02	7.349396e-02	6.370344e-03	5.088748e-01
2.853067e-02	-4.655613e-01	-4.655568e-01	-4.603825e-01	7.349991e-02	7.349991e-02	6.371872e-03	5.059777e-01
2.849003e-02	-4.655627e-01	-4.655582e-01	-4.603845e-01	7.350581e-02	7.350581e-02	6.373387e-03	5.030969e-01
2.844950e-02	-4.655641e-01	-4.655596e-01	-4.603864e-01	7.351166e-02	7.351166e-02	6.374888e-03	5.002325e-01
2.840909e-02	-4.655655e-01	-4.655610e-01	-4.603883e-01	7.351747e-02	7.351747e-02	6.376377e-03	4.973842e-01
2.836879e-02	-4.655669e-01	-4.655624e-01	-4.603902e-01	7.352323e-02	7.352323e-02	6.377853e-03	4.945520e-01
2.832861e-02	-4.655683e-01	-4.655637e-01	-4.603920e-01	7.352896e-02	7.352896e-02	6.379316e-03	4.917359e-01
2.828854e-02	-4.655696e-01	-4.655651e-01	-4.603939e-01	7.353463e-02	7.353463e-02	6.380767e-03	4.889357e-01
2.824859e-02	-4.655710e-01	-4.655664e-01	-4.603957e-01	7.354027e-02	7.354027e-02	6.382205e-03	4.861514e-01
2.820874e-02	-4.655723e-01	-4.655678e-01	-4.603976e-01	7.354586e-02	7.354586e-02	6.383631e-03	4.833828e-01
2.816901e-02	-4.655736e-01	-4.655691e-01	-4.603994e-01	7.355141e-02	7.355141e-02	6.385044e-03	4.806299e-01
2.812940e-02	-4.655749e-01	-4.655704e-01	-4.604012e-01	7.355692e-02	7.355692e-02	6.386446e-03	4.778926e-01
2.808989e-02	-4.655762e-01	-4.655717e-01	-4.604030e-01	7.356239e-02	7.356239e-02	6.387835e-03	4.751708e-01
2.805049e-02	-4.655775e-01	-4.655730e-01	-4.604047e-01	7.356782e-02	7.356782e-02	6.389212e-03	4.724644e-01
2.801120e-02	-4.655788e-01	-4.655742e-01	-4.604065e-01	7.357320e-02	7.357320e-02	6.390578e-03	4.697733e-01
2.797203e-02	-4.655800e-01	-4.655755e-01	-4.604082e-01	7.357855e-02	7.357855e-02	6.391932e-03	4.670975e-01
2.793296e-02	-4.655813e-01	-4.655768e-01	-4.604099e-01	7.358385e-02	7.358385e-02	6.393274e-03	4.644369e-01
2.789400e-02	-4.655825e-01	-4.655780e-01	-4.604116e-01	7.358911e-02	7.358911e-02	6.394605e-03	4.617913e-01
2.785515e-02	-4.655838e-01	-4.655792e-01	-4.604133e-01	7.359434e-02	7.359434e-02	6.395924e-03	4.591607e-01
2.781641e-02	-4.655850e-01	-4.655805e-01	-4.604150e-01	7.359952e-02	7.359952e-02	6.397232e-03	4.565450e-01
2.777778e-02	-4.655862e-01	-4.655817e-01	-4.604167e-01	7.360467e-02	7.360467e-02	6.398529e-03	4.539442e-01
2.773925e-02	-4.655874e-01	-4.655829e-01	-4.604183e-01	7.360978e-02	7.360978e-02	6.399815e-03	4.513581e-01
2.770083e-02	-4.655886e-01	-4.655841e-01	-4.604200e-01	7.361484e-02	7.361484e-02	6.401090e-03	4.487866e-01
2.766252e-02	-4.655898e-01	-4.655852e-01	-4.604216e-01	7.361987e-02	7.361987e-02	6.402353e-03	4.462298e-01
2.762431e-02	-4.655910e-01	-4.655864e-01	-4.604232e-01	7.362487e-02	7.362487e-02	6.403607e-03	4.436874e-01
2.758621e-02	-4.655921e-01	-4.655876e-01	-4.604248e-01	7.362982e-02	7.362982e-02	6.404849e-03	4.411595e-01
2.754821e-02	-4.655933e-01	-4.655887e-01	-4.604264e-01	7.363474e-02	7.363474e-02	6.406081e-03	4.386459e-01
2.751032e-02	-4.655944e-01	-4.655899e-01	-4.604279e-01	7.363962e-02	7.363962e-02	6.407302e-03	4.361466e-01
2.747253e-02	-4.655956e-01	-4.655910e-01	-4.604295e-01	7.364446e-02	7.364446e-02	6.408513e-03	4.336615e-01
2.743484e-02	-4.655967e-01	-4.655921e-01	-4.604310e-01	7.364927e-02	7.364927e-02	6.409714e-03	4.311904e-01
2.739726e-02	-4.655978e-01	-4.655933e-01	-4.604326e-01	7.365404e-02	7.365404e-02	6.410904e-03	4.287334e-01
2.735978e-02	-4.655989e-01	-4.655944e-01	-4.604341e-01	7.365878e-02	7.365878e-02	6.412084e-03	4.262903e-01
2.732240e-02	-4.656000e-01	-4.655955e-01	-4.604356e-01	7.366347e-02	7.366347e-02	6.413255e-03	4.238611e-01
2.728513e-02	-4.656011e-01	-4.655965e-01	-4.604371e-01	7.366814e-02	7.366814e-02	6.414415e-03	4.214457e-01
2.724796e-02	-4.656022e-01	-4.655976e-01	-4.604385e-01	7.367277e-02	7.367277e-02	6.415565e-03	4.190440e-01
2.721088e-02	-4.656033e-01	-4.655987e-01	-4.604400e-01	7.367736e-02	7.367736e-02	6.416706e-03	4.166559e-01
2.717391e-02	-4.656043e-01	-4.655997e-01	-4.604415e-01	7.368192e-02	7.368192e-02	6.417837e-03	4.142814e-01
2.713704e-02	-4.656054e-01	-4.656008e-01	-4.604429e-01	7.368644e-02	7.368644e-02	6.418958e-03	4.119203e-01
2.710027e-02	-4.656064e-01	-4.656018e-01	-4.604443e-01	7.369093e-02	7.369093e-02	6.420070e-03	4.095727e-01
2.706360e-02	-4.656074e-01	-4.656029e-01	-4.604458e-01	7.369539e-02	7.369539e-02	6.421173e-03	4.072384e-01
2.702703e-02	-4.656085e-01	-4.656039e-01	-4.604472e-01	7.369981e-02	7.369981e-02	6.422266e-03	4.049174e-01
2.699055e-02	-4.656095e-01	-4.656049e-01	-4.604486e-01	7.370420e-02	7.370420e-02	6.423349e-03	4.026095e-01
2.695418e-02	-4.656105e-01	-4.656059e-01	-4.604499e-01	7.370856e-02	7.370856e-02	6.424424e-03	4.003148e-01
2.691790e-02	-4.656115e-01	-4.656069e-01	-4.604513e-01	7.371289e-02	7.371289e-02	6.425490e-03	3.980331e-01
2.688172e-02	-4.656125e-01	-4.656079e-01	-4.604527e-01	7.371718e-02	7.371718e-02	6.426546e-03	3.957643e-01
2.684564e-02	-4.656135e-01	-4.656089e-01	-4.604540e-01	7.372144e-02	7.372144e-02	6.427594e-03	3.935085e-01
2.680965e-02	-4.656145e-01	-4.656099e-01	-4.604554e-01	7.372566e-02	7.372566e-02	6.428633e-03	3.912654e-01
2.677376e-02	-4.656154e-01	-4.656108e-01	-4.604567e-01	7.372986e-02	7.372986e-02	6.429663e-03	3.890352e-01
2.673797e-02	-4.656164e-01	-4.656118e-01	-4.604580e-01	7.373402e-02	7.373402e-02	6.430684e-03	3.868175e-01
2.670227e-02	-4.656173e-01	-4.656128e-01	-4.604593e-01	7.373815e-02	7.373815e-02	6.431697e-03	3.846125e-01
2.666667e-02	-4.656183e-01	-4.656137e-01	-4.604606e-01	7.374226e-02	7.374226e-02	6.432701e-03	3.824200e-01
2.663116e-02	-4.656192e-01	-4.656146e-01	-4.604619e-01	7.374633e-02	7.374633e-02	6.433697e-03	3.802400e-01
2.659574e-02	-4.656202e-01	-4.656156e-01	-4.604631e-01	7.375037e-02	7.375037e-02	6.434684e-03	3.780724e-01
2.656042e-02	-4.656211e-01	-4.656165e-01	-4.604644e-01	7.375438e-02	7.375438e-02	6.435663e-03	3.759171e-01
2.652520e-02	-4.656220e-01	-4.656174e-01	-4.604657e-01	7.375836e-02	7.375836e-02	6.436634e-03	3.737740e-01
2.649007e-02	-4.656229e-01	-4.656183e-01	-4.604669e-01	7.376230e-02	7.376230e-02	6.437597e-03	3.716431e-01
2.645503e-02	-4.656238e-01	-4.656192e-01	-4.604681e-01	7.376622e-02	7.376622e-02	6.438551e-03	3.695244e-01
2.642008e-02	-4.656247e-01	-4.656201e-01	-4.604693e-01	7.377011e-02	7.377011e-02	6.439498e-03	3.674177e-01
2.638522e-02	-4.656256e-01	-4.656210e-01	-4.604706e-01	7.377398e-02	7.377398e-02	6.440437e-03	3.653229e-01
2.635046e-02	-4.656265e-01	-4.656219e-01	-4.604718e-01	7.377781e-02	7.377781e-02	6.441367e-03	3.632401e-01
2.631579e-02	-4.656273e-01	-4.656227e-01	-4.604729e-01	7.378161e-02	7.378161e-02	6.442290e-03	3.611691e-01
2.628121e-02	-4.656282e-01	-4.656236e-01	-4.604741e-01	7.378539e-02	7.378539e-02	6.443205e-03	3.591099e-01
2.624672e-02	-4.656290e-01	-4.656244e-01	-4.604753e-01	7.378913e-02	7.378913e-02	6.444113e-03	3.570624e-01
2.621232e-02	-4.656299e-01	-4.656253e-01	-4.604764e-01	7.379285e-02	7.379285e-02	6.445013e-03	3.550265e-01
2.617801e-02	-4.656307e-01	-4.656261e-01	-4.604776e-01	7.379654e-02	7.379654e-02	6.445905e-03	3.530023e-01
2.614379e-02	-4.656316e-01	-4.656270e-01	-4.604787e-01	7.380020e-02	7.380020e-02	6.446790e-03	3.509896e-01
2.610966e-02	-4.656324e-01	-4.656278e-01	-4.604799e-01	7.380384e-02	7.380384e-02	6.447668e-03	3.489882e-01
2.607562e-02	-4.656332e-01	-4.656286e-01	-4.604810e-01	7.380745e-02	7.380745e-02	6.448538e-03	3.469983e-01
2.604167e-02	-4.656340e-01	-4.656294e-01	-4.604821e-01	7.381103e-02	7.381103e-02	6.449401e-03	3.450197e-01
2.600780e-02	-4.656348e-01	-4.656302e-01	-4.604832e-01	7.381458e-02	7.381458e-02	6.450256e-03	3.430523e-01
2.597403e-02	-4.656356e-01	-4.656310e-01	-4.604843e-01	7.381811e-02	7.381811e-02	6.451105e-03	3.410961e-01
2.594034e-02	-4.656364e-01	-4.656318e-01	-4.604854e-01	7.382161e-02	7.382161e-02	6.451946e-03	3.391511e-01
2.590674e-02	-4.656372e-01	-4.656326e-01	-4.604865e-01	7.382508e-02	7.382508e-02	6.452781e-03	3.372171e-01
2.587322e-02	-4.656380e-01	-4.656334e-01	-4.604875e-01	7.382853e-02	7.382853e-02	6.453608e-03	3.352941e-01
2.583979e-02	-4.656388e-01	-4.656342e-01	-4.604886e-01	7.383195e-02	7.383195e-02	6.454429e-03	3.333822e-01
2.580645e-02	-4.656396e-01	-4.656349e-01	-4.604896e-01	7.383535e-02	7.383535e-02	6.455243e-03	3.314809e-01
2.577320e-02	-4.656403e-01	-4.656357e-01	-4.604907e-01	7.383872e-02	7.383872e-02	6.456050e-03	3.295907e-01
2.574003e-02	-4.656411e-01	-4.656365e-01	-4.604917e-01	7.384207e-02	7.384207e-02	6.456850e-03	3.277110e-01
2.570694e-02	-4.656418e-01	-4.656372e-01	-4.604927e-01	7.384539e-02	7.384539e-02	6.457644e-03	3.258422e-01
2.567394e-02	-4.656426e-01	-4.656380e-01	-4.604938e-01	7.384868e-02	7.384868e-02	6.458431e-03	3.239839e-01
2.564103e-02	-4.656433e-01	-4.656387e-01	-4.604948e-01	7.385195e-02	7.385195e-02	6.459211e-03	3.221362e-01
2.560819e-02	-4.656440e-01	-4.656394e-01	-4.604958e-01	7.385520e-02	7.385520e-02	6.459985e-03	3.202991e-01
2.557545e-02	-4.656448e-01	-4.656402e-01	-4.604968e-01	7.385842e-02	7.385842e-02	6.460753e-03	3.184724e-01
2.554278e-02	-4.656455e-01	-4.656409e-01	-4.604977e-01	7.386162e-02	7.386162e-02	6.461514e-03	3.166560e-01
2.551020e-02	-4.656462e-01	-4.656416e-01	-4.604987e-01	7.386480e-02	7.386480e-02	6.462269e-03	3.148500e-01
2.547771e-02	-4.656469e-01	-4.656423e-01	-4.604997e-01	7.386795e-02	7.386795e-02	6.463017e-03	3.130543e-01
2.544529e-02	-4.656476e-01	-4.656430e-01	-4.605006e-01	7.387107e-02	7.387107e-02	6.463760e-03	3.112688e-01
2.541296e-02	-4.656483e-01	-4.656437e-01	-4.605016e-01	7.387418e-02	7.387418e-02	6.464496e-03	3.094935e-01
2.538071e-02	-4.656490e-01	-4.656444e-01	-4.605025e-01	7.387726e-02	7.387726e-02	6.465226e-03	3.077283e-01
2.534854e-02	-4.656497e-01	-4.656451e-01	-4.605035e-01	7.388031e-02	7.388031e-02	6.465950e-03	3.059731e-01
2.531646e-02	-4.656504e-01	-4.656458e-01	-4.605044e-01	7.388335e-02	7.388335e-02	6.466668e-03	3.042279e-01
2.528445e-02	-4.656511e-01	-4.656464e-01	-4.605053e-01	7.388636e-02	7.388636e-02	6.467381e-03	3.024927e-01
2.525253e-02	-4.656517e-01	-4.656471e-01	-4.605062e-01	7.388935e-02	7.388935e-02	6.468087e-03	3.007673e-01
2.522068e-02	-4.656524e-01	-4.656478e-01	-4.605071e-01	7.389231e-02	7.389231e-02	6.468788e-03	2.990517e-01
2.518892e-02	-4.656530e-01	-4.656484e-01	-4.605080e-01	7.389526e-02	7.389526e-02	6.469482e-03	2.973459e-01
2.515723e-02	-4.656537e-01	-4.656491e-01	-4.605089e-01	7.389818e-02	7.389818e-02	6.470171e-03	2.956498e-01
2.512563e-02	-4.656543e-01	-4.656497e-01	-4.605098e-01	7.390108e-02	7.390108e-02	6.470854e-03	2.939633e-01
2.509410e-02	-4.656550e-01	-4.656504e-01	-4.605107e-01	7.390396e-02	7.390396e-02	6.471532e-03	2.922865e-01
2.506266e-02	-4.656556e-01	-4.656510e-01	-4.605116e-01	7.390682e-02	7.390682e-02	6.472204e-03	2.906192e-01
2.503129e-02	-4.656563e-01	-4.656516e-01	-4.605124e-01	7.390965e-02	7.390965e-02	6.472871e-03	2.889614e-01
2.500000e-02	-4.656569e-01	-4.656523e-01	-4.605133e-01	7.391247e-02	7.391247e-02	6.473532e-03	2.873130e-01
2.496879e-02	-4.656575e-01	-4.656529e-01	-4.605141e-01	7.391526e-02	7.391526e-02	6.474187e-03	2.856741e-01
2.493766e-02	-4.656581e-01	-4.656535e-01	-4.605150e-01	7.391803e-02	7.391803e-02	6.474838e-03	2.840444e-01
2.490660e-02	-4.656587e-01	-4.656541e-01	-4.605158e-01	7.392078e-02	7.392078e-02	6.475482e-03	2.824240e-01
2.487562e-02	-4.656594e-01	-4.656547e-01	-4.605166e-01	7.392351e-02	7.392351e-02	6.476122e-03	2.808128e-01
2.484472e-02	-4.656600e-01	-4.656553e-01	-4.605174e-01	7.392623e-02	7.392623e-02	6.476756e-03	2.792108e-01
2.481390e-02	-4.656606e-01	-4.656559e-01	-4.605183e-01	7.392892e-02	7.392892e-02	6.477385e-03	2.776180e-01
2.478315e-02	-4.656611e-01	-4.656565e-01	-4.605191e-01	7.393159e-02	7.393159e-02	6.478009e-03	2.760342e-01
2.475248e-02	-4.656617e-01	-4.656571e-01	-4.605199e-01	7.393424e-02	7.393424e-02	6.478628e-03	2.744593e-01
2.472188e-02	-4.656623e-01	-4.656577e-01	-4.605207e-01	7.393687e-02	7.393687e-02	6.479242e-03	2.728935e-01
2.469136e-02	-4.656629e-01	-4.656583e-01	-4.605214e-01	7.393948e-02	7.393948e-02	6.479850e-03	2.713366e-01
2.466091e-02	-4.656635e-01	-4.656588e-01	-4.605222e-01	7.394207e-02	7.394207e-02	6.480454e-03	2.697885e-01
2.463054e-02	-4.656640e-01	-4.656594e-01	-4.605230e-01	7.394464e-02	7.394464e-02	6.481053e-03	2.682493e-01
2.460025e-02	-4.656646e-01	-4.656600e-01	-4.605238e-01	7.394719e-02	7.394719e-02	6.481647e-03	2.667188e-01
2.457002e-02	-4.656652e-01	-4.656605e-01	-4.605245e-01	7.394973e-02	7.394973e-02	6.482236e-03	2.651970e-01
2.453988e-02	-4.656657e-01	-4.656611e-01	-4.605253e-01	7.395224e-02	7.395224e-02	6.482820e-03	2.636839e-01
2.450980e-02	-4.656663e-01	-4.656616e-01	-4.605260e-01	7.395474e-02	7.395474e-02	6.483399e-03	2.621794e-01
2.447980e-02	-4.656668e-01	-4.656622e-01	-4.605268e-01	7.395722e-02	7.395722e-02	6.483974e-03	2.606835e-01
2.444988e-02	-4.656674e-01	-4.656627e-01	-4.605275e-01	7.395967e-02	7.395967e-02	6.484544e-03	2.591961e-01
2.442002e-02	-4.656679e-01	-4.656633e-01	-4.605283e-01	7.396211e-02	7.396211e-02	6.485109e-03	2.577171e-01
2.439024e-02	-4.656684e-01	-4.656638e-01	-4.605290e-01	7.396454e-02	7.396454e-02	6.485670e-03	2.562466e-01
2.436054e-02	-4.656690e-01	-4.656643e-01	-4.605297e-01	7.396694e-02	7.396694e-02	6.486226e-03	2.547844e-01
2.433090e-02	-4.656695e-01	-4.656648e-01	-4.605304e-01	7.396933e-02	7.396933e-02	6.486777e-03	2.533306e-01
2.430134e-02	-4.656700e-01	-4.656654e-01	-4.605311e-01	7.397170e-02	7.397170e-02	6.487325e-03	2.518850e-01
2.427184e-02	-4.656705e-01	-4.656659e-01	-4.605318e-01	7.397405e-02	7.397405e-02	6.487867e-03	2.504476e-01
2.424242e-02	-4.656710e-01	-4.656664e-01	-4.605325e-01	7.397638e-02	7.397638e-02	6.488405e-03	2.490185e-01
2.421308e-02	-4.656716e-01	-4.656669e-01	-4.605332e-01	7.397869e-02	7.397869e-02	6.488939e-03	2.475975e-01
2.418380e-02	-4.656721e-01	-4.656674e-01	-4.605339e-01	7.398099e-02	7.398099e-02	6.489469e-03	2.461845e-01
2.415459e-02	-4.656726e-01	-4.656679e-01	-4.605346e-01	7.398327e-02	7.398327e-02	6.489994e-03	2.447796e-01
2.412545e-02	-4.656731e-01	-4.656684e-01	-4.605353e-01	7.398554e-02	7.398554e-02	6.490515e-03	2.433827e-01
2.409639e-02	-4.656735e-01	-4.656689e-01	-4.605359e-01	7.398779e-02	7.398779e-02	6.491031e-03	2.419937e-01
2.406739e-02	-4.656740e-01	-4.656694e-01	-4.605366e-01	7.399002e-02	7.399002e-02	6.491544e-03	2.406127e-01
2.403846e-02	-4.656745e-01	-4.656699e-01	-4.605372e-01	7.399223e-02	7.399223e-02	6.492052e-03	2.392395e-01
2.400960e-02	-4.656750e-01	-4.656703e-01	-4.605379e-01	7.399443e-02	7.399443e-02	6.492556e-03	2.378742e-01
2.398082e-02	-4.656755e-01	-4.656708e-01	-4.605385e-01	7.399661e-02	7.399661e-02	6.493056e-03	2.365166e-01
2.395210e-02	-4.656760e-01	-4.656713e-01	-4.605392e-01	7.399877e-02	7.399877e-02	6.493552e-03	2.351666e-01
2.392344e-02	-4.656764e-01	-4.656718e-01	-4.605398e-01	7.400092e-02	7.400092e-02	6.494044e-03	2.338245e-01
2.389486e-02	-4.656769e-01	-4.656722e-01	-4.605405e-01	7.400305e-02	7.400305e-02	6.494532e-03	2.324899e-01
2.386635e-02	-4.656774e-01	-4.656727e-01	-4.605411e-01	7.400517e-02	7.400517e-02	6.495016e-03	2.311630e-01
2.383790e-02	-4.656778e-01	-4.656732e-01	-4.605417e-01	7.400727e-02	7.400727e-02	6.495496e-03	2.298435e-01
2.380952e-02	-4.656783e-01	-4.656736e-01	-4.605423e-01	7.400936e-02	7.400936e-02	6.495972e-03	2.285317e-01
2.378121e-02	-4.656787e-01	-4.656741e-01	-4.605429e-01	7.401143e-02	7.401143e-02	6.496445e-03	2.272272e-01
2.375297e-02	-4.656792e-01	-4.656745e-01	-4.605436e-01	7.401348e-02	7.401348e-02	6.496913e-03	2.259303e-01
2.372479e-02	-4.656796e-01	-4.656749e-01	-4.605442e-01	7.401552e-02	7.401552e-02	6.497378e-03	2.246406e-01
2.369668e-02	-4.656800e-01	-4.656754e-01	-4.605448e-01	7.401754e-02	7.401754e-02	6.497839e-03	2.233583e-01
2.366864e-02	-4.656805e-01	-4.656758e-01	-4.605453e-01	7.401955e-02	7.401955e-02	6.498296e-03	2.220834e-01
2.364066e-02	-4.656809e-01	-4.656763e-01	-4.605459e-01	7.402155e-02	7.402155e-02	6.498750e-03	2.208156e-01
2.361275e-02	-4.656813e-01	-4.656767e-01	-4.605465e-01	7.402353e-02	7.402353e-02	6.499200e-03	2.195551e-01
2.358491e-02	-4.656818e-01	-4.656771e-01	-4.605471e-01	7.402549e-02	7.402549e-02	6.499646e-03	2.183017e-01
2.355713e-02	-4.656822e-01	-4.656775e-01	-4.605477e-01	7.402744e-02	7.402744e-02	6.500089e-03	2.170555e-01
2.352941e-02	-4.656826e-01	-4.656780e-01	-4.605482e-01	7.402938e-02	7.402938e-02	6.500528e-03	2.158164e-01
2.350176e-02	-4.656830e-01	-4.656784e-01	-4.605488e-01	7.403130e-02	7.403130e-02	6.500963e-03	2.145843e-01
2.347418e-02	-4.656834e-01	-4.656788e-01	-4.605494e-01	7.403320e-02	7.403320e-02	6.501396e-03	2.133593e-01
2.344666e-02	-4.656839e-01	-4.656792e-01	-4.605499e-01	7.403509e-02	7.403509e-02	6.501824e-03	2.121412e-01
2.341920e-02	-4.656843e-01	-4.656796e-01	-4.605505e-01	7.403697e-02	7.403697e-02	6.502249e-03	2.109300e-01
2.339181e-02	-4.656847e-01	-4.656800e-01	-4.605510e-01	7.403884e-02	7.403884e-02	6.502671e-03	2.097258e-01
2.336449e-02	-4.656851e-01	-4.656804e-01	-4.605516e-01	7.404069e-02	7.404069e-02	6.503089e-03	2.085284e-01
2.333722e-02	-4.656855e-01	-4.656808e-01	-4.605521e-01	7.404252e-02	7.404252e-02	6.503504e-03	2.073377e-01
2.331002e-02	-4.656859e-01	-4.656812e-01	-4.605526e-01	7.404435e-02	7.404435e-02	6.503916e-03	2.061539e-01
2.328289e-02	-4.656863e-01	-4.656816e-01	-4.605532e-01	7.404616e-02	7.404616e-02	6.504324e-03	2.049769e-01
2.325581e-02	-4.656866e-01	-4.656820e-01	-4.605537e-01	7.404795e-02	7.404795e-02	6.504729e-03	2.038064e-01
2.322880e-02	-4.656870e-01	-4.656824e-01	-4.605542e-01	7.404973e-02	7.404973e-02	6.505131e-03	2.026427e-01
2.320186e-02	-4.656874e-01	-4.656827e-01	-4.605547e-01	7.405150e-02	7.405150e-02	6.505529e-03	2.014856e-01
2.317497e-02	-4.656878e-01	-4.656831e-01	-4.605552e-01	7.405326e-02	7.405326e-02	6.505925e-03	2.003351e-01
2.314815e-02	-4.656882e-01	-4.656835e-01	-4.605558e-01	7.405500e-02	7.405500e-02	6.506317e-03	1.991911e-01
2.312139e-02	-4.656885e-01	-4.656839e-01	-4.605563e-01	7.405673e-02	7.405673e-02	6.506706e-03	1.980536e-01
2.309469e-02	-4.656889e-01	-4.656842e-01	-4.605568e-01	7.405845e-02	7.405845e-02	6.507092e-03	1.969226e-01
2.306805e-02	-4.656893e-01	-4.656846e-01	-4.605573e-01	7.406015e-02	7.406015e-02	6.507474e-03	1.957981e-01
2.304147e-02	-4.656896e-01	-4.656850e-01	-4.605578e-01	7.406185e-02	7.406185e-02	6.507854e-03	1.946799e-01
2.301496e-02	-4.656900e-01	-4.656853e-01	-4.605582e-01	7.406352e-02	7.406352e-02	6.508231e-03	1.935681e-01
2.298851e-02	-4.656904e-01	-4.656857e-01	-4.605587e-01	7.406519e-02	7.406519e-02	6.508604e-03	1.924626e-01
2.296211e-02	-4.656907e-01	-4.656860e-01	-4.605592e-01	7.406685e-02	7.406685e-02	6.508975e-03	1.913634e-01
2.293578e-02	-4.656911e-01	-4.656864e-01	-4.605597e-01	7.406849e-02	7.406849e-02	6.509343e-03	1.902705e-01
2.290951e-02	-4.656914e-01	-4.656867e-01	-4.605602e-01	7.407012e-02	7.407012e-02	6.509708e-03	1.891838e-01
2.288330e-02	-4.656918e-01	-4.656871e-01	-4.605606e-01	7.407173e-02	7.407173e-02	6.510069e-03	1.881033e-01
2.285714e-02	-4.656921e-01	-4.656874e-01	-4.605611e-01	7.407334e-02	7.407334e-02	6.510428e-03	1.870289e-01
2.283105e-02	-4.656924e-01	-4.656878e-01	-4.605616e-01	7.407493e-02	7.407493e-02	6.510785e-03	1.859606e-01
2.280502e-02	-4.656928e-01	-4.656881e-01	-4.605620e-01	7.407652e-02	7.407652e-02	6.511138e-03	1.848984e-01
2.277904e-02	-4.656931e-01	-4.656884e-01	-4.605625e-01	7.407809e-02	7.407809e-02	6.511488e-03	1.838422e-01
2.275313e-02	-4.656935e-01	-4.656888e-01	-4.605629e-01	7.407964e-02	7.407964e-02	6.511836e-03	1.827921e-01
2.272727e-02	-4.656938e-01	-4.656891e-01	-4.605634e-01	7.408119e-02	7.408119e-02	6.512181e-03	1.817479e-01
2.270148e-02	-4.656941e-01	-4.656894e-01	-4.605638e-01	7.408273e-02	7.408273e-02	6.512523e-03	1.807097e-01
2.267574e-02	-4.656944e-01	-4.656898e-01	-4.605643e-01	7.408425e-02	7.408425e-02	6.512862e-03	1.796774e-01
2.265006e-02	-4.656948e-01	-4.656901e-01	-4.605647e-01	7.408576e-02	7.408576e-02	6.513199e-03	1.786509e-01
2.262443e-02	-4.656951e-01	-4.656904e-01	-4.605651e-01	7.408727e-02	7.408727e-02	6.513533e-03	1.776303e-01
2.259887e-02	-4.656954e-01	-4.656907e-01	-4.605656e-01	7.408876e-02	7.408876e-02	6.513864e-03	1.766155e-01
2.257336e-02	-4.656957e-01	-4.656910e-01	-4.605660e-01	7.409024e-02	7.409024e-02	6.514193e-03	1.756065e-01
