# Finite Temperature Data for Kitaev Ladder
# chi_max = 300, h = 0.6500
# Columns: T | Sigmax | Sigmay | Sigmaz | S1 | S2 | Wp | Cv
# 
2.000000e+01	-5.828625e-02	-5.828641e-02	-5.801459e-02	3.931750e-05	3.931750e-05	-9.556735e-07	2.739093e-01
1.000000e+01	-8.217934e-02	-8.218006e-02	-8.159056e-02	1.798972e-04	1.798972e-04	-4.997803e-06	9.722984e-01
6.666667e+00	-1.026965e-01	-1.026983e-01	-1.016946e-01	5.004982e-04	5.004982e-04	-1.396861e-05	1.903279e+00
5.000000e+00	-1.201377e-01	-1.201410e-01	-1.186467e-01	1.062806e-03	1.062806e-03	-2.719710e-05	2.898836e+00
4.000000e+00	-1.348769e-01	-1.348821e-01	-1.328398e-01	1.903878e-03	1.903878e-03	-4.122492e-05	3.837355e+00
3.333333e+00	-1.473043e-01	-1.473117e-01	-1.446813e-01	3.035347e-03	3.035347e-03	-5.088575e-05	4.646632e+00
2.857143e+00	-1.577899e-01	-1.577996e-01	-1.545553e-01	4.447759e-03	4.447759e-03	-5.084716e-05	5.295324e+00
2.500000e+00	-1.666639e-01	-1.666761e-01	-1.628043e-01	6.116768e-03	6.116768e-03	-3.682938e-05	5.780525e+00
2.222222e+00	-1.742103e-01	-1.742250e-01	-1.697218e-01	8.009182e-03	8.009182e-03	-6.261874e-06	6.116202e+00
2.000000e+00	-1.806670e-01	-1.806842e-01	-1.755529e-01	1.008789e-02	1.008789e-02	4.157872e-05	6.324419e+00
1.818182e+00	-1.862299e-01	-1.862495e-01	-1.804993e-01	1.231546e-02	1.231546e-02	1.057731e-04	6.429549e+00
1.666667e+00	-1.910587e-01	-1.910806e-01	-1.847251e-01	1.465646e-02	1.465646e-02	1.841299e-04	6.454898e+00
1.538462e+00	-1.952829e-01	-1.953070e-01	-1.883626e-01	1.707880e-02	1.707880e-02	2.736020e-04	6.421027e+00
1.428571e+00	-1.990071e-01	-1.990332e-01	-1.915187e-01	1.955439e-02	1.955439e-02	3.706685e-04	6.345146e+00
1.333333e+00	-2.023156e-01	-2.023437e-01	-1.942790e-01	2.205923e-02	2.205923e-02	4.716469e-04	6.241113e+00
1.250000e+00	-2.052767e-01	-2.053067e-01	-1.967126e-01	2.457330e-02	2.457330e-02	5.729308e-04	6.119746e+00
1.176471e+00	-2.079458e-01	-2.079775e-01	-1.988751e-01	2.708016e-02	2.708016e-02	6.711531e-04	5.989255e+00
1.111111e+00	-2.103676e-01	-2.104009e-01	-2.008112e-01	2.956663e-02	2.956663e-02	7.632891e-04	5.855707e+00
1.052632e+00	-2.125787e-01	-2.126137e-01	-2.025574e-01	3.202228e-02	3.202228e-02	8.467104e-04	5.723447e+00
1.000000e+00	-2.146093e-01	-2.146457e-01	-2.041430e-01	3.443905e-02	3.443905e-02	9.192046e-04	5.595474e+00
9.523810e-01	-2.164839e-01	-2.165216e-01	-2.055921e-01	3.681085e-02	3.681085e-02	9.789688e-04	5.473752e+00
9.090909e-01	-2.182229e-01	-2.182620e-01	-2.069244e-01	3.913323e-02	3.913323e-02	1.024588e-03	5.359464e+00
8.695652e-01	-2.198434e-01	-2.198836e-01	-2.081560e-01	4.140308e-02	4.140308e-02	1.055000e-03	5.253219e+00
8.333333e-01	-2.213594e-01	-2.214009e-01	-2.093003e-01	4.361837e-02	4.361837e-02	1.069463e-03	5.155203e+00
8.000000e-01	-2.227830e-01	-2.228255e-01	-2.103684e-01	4.577793e-02	4.577793e-02	1.067511e-03	5.065312e+00
7.692308e-01	-2.241241e-01	-2.241677e-01	-2.113694e-01	4.788131e-02	4.788131e-02	1.048917e-03	4.983237e+00
7.407407e-01	-2.253913e-01	-2.254359e-01	-2.123110e-01	4.992857e-02	4.992857e-02	1.013657e-03	4.908542e+00
7.142857e-01	-2.265920e-01	-2.266375e-01	-2.131998e-01	5.192020e-02	5.192020e-02	9.618742e-04	4.840711e+00
6.896552e-01	-2.277323e-01	-2.277787e-01	-2.140412e-01	5.385703e-02	5.385703e-02	8.938502e-04	4.779191e+00
6.666667e-01	-2.288177e-01	-2.288650e-01	-2.148400e-01	5.574011e-02	5.574011e-02	8.099763e-04	4.723418e+00
6.451613e-01	-2.298530e-01	-2.299010e-01	-2.156001e-01	5.757068e-02	5.757068e-02	7.107302e-04	4.672834e+00
6.250000e-01	-2.308421e-01	-2.308909e-01	-2.163249e-01	5.935010e-02	5.935010e-02	5.966553e-04	4.626905e+00
6.060606e-01	-2.317887e-01	-2.318382e-01	-2.170175e-01	6.107983e-02	6.107983e-02	4.683431e-04	4.585128e+00
5.882353e-01	-2.326960e-01	-2.327462e-01	-2.176804e-01	6.276137e-02	6.276137e-02	3.264185e-04	4.547032e+00
5.714286e-01	-2.335667e-01	-2.336176e-01	-2.183158e-01	6.439625e-02	6.439625e-02	1.715268e-04	4.512188e+00
5.555556e-01	-2.344034e-01	-2.344550e-01	-2.189257e-01	6.598601e-02	6.598601e-02	4.323841e-06	4.480202e+00
5.405405e-01	-2.352084e-01	-2.352605e-01	-2.195119e-01	6.753217e-02	6.753217e-02	-1.745327e-04	4.450720e+00
5.263158e-01	-2.359835e-01	-2.360362e-01	-2.200760e-01	6.903626e-02	6.903626e-02	-3.643901e-04	4.423425e+00
5.128205e-01	-2.367306e-01	-2.367839e-01	-2.206193e-01	7.049975e-02	7.049975e-02	-5.646064e-04	4.398034e+00
5.000000e-01	-2.374515e-01	-2.375053e-01	-2.211431e-01	7.192409e-02	7.192409e-02	-7.745542e-04	4.374297e+00
4.878049e-01	-2.381474e-01	-2.382018e-01	-2.216485e-01	7.331069e-02	7.331069e-02	-9.936244e-04	4.351994e+00
4.761905e-01	-2.388199e-01	-2.388748e-01	-2.221365e-01	7.466090e-02	7.466090e-02	-1.221229e-03	4.330931e+00
4.651163e-01	-2.394702e-01	-2.395255e-01	-2.226081e-01	7.597605e-02	7.597605e-02	-1.456801e-03	4.310940e+00
4.545455e-01	-2.400994e-01	-2.401551e-01	-2.230641e-01	7.725740e-02	7.725740e-02	-1.699798e-03	4.291876e+00
4.444444e-01	-2.407085e-01	-2.407647e-01	-2.235053e-01	7.850619e-02	7.850619e-02	-1.949703e-03	4.273612e+00
4.347826e-01	-2.412985e-01	-2.413552e-01	-2.239324e-01	7.972359e-02	7.972359e-02	-2.206022e-03	4.256040e+00
4.255319e-01	-2.418704e-01	-2.419275e-01	-2.243461e-01	8.091073e-02	8.091073e-02	-2.468287e-03	4.239069e+00
4.166667e-01	-2.424250e-01	-2.424825e-01	-2.247470e-01	8.206870e-02	8.206870e-02	-2.736053e-03	4.222619e+00
4.081633e-01	-2.429631e-01	-2.430209e-01	-2.251357e-01	8.319855e-02	8.319855e-02	-3.008901e-03	4.206624e+00
4.000000e-01	-2.434853e-01	-2.435435e-01	-2.255127e-01	8.430126e-02	8.430126e-02	-3.286434e-03	4.191029e+00
3.921569e-01	-2.439925e-01	-2.440510e-01	-2.258785e-01	8.537780e-02	8.537780e-02	-3.568277e-03	4.175787e+00
3.846154e-01	-2.444851e-01	-2.445440e-01	-2.262336e-01	8.642909e-02	8.642909e-02	-3.854080e-03	4.160860e+00
3.773585e-01	-2.449639e-01	-2.450231e-01	-2.265784e-01	8.745601e-02	8.745601e-02	-4.143511e-03	4.146217e+00
3.703704e-01	-2.454294e-01	-2.454889e-01	-2.269134e-01	8.845939e-02	8.845939e-02	-4.436260e-03	4.131831e+00
3.636364e-01	-2.458821e-01	-2.459419e-01	-2.272390e-01	8.944005e-02	8.944005e-02	-4.732036e-03	4.117682e+00
3.571429e-01	-2.463225e-01	-2.463826e-01	-2.275554e-01	9.039876e-02	9.039876e-02	-5.030566e-03	4.103755e+00
3.508772e-01	-2.467511e-01	-2.468115e-01	-2.278632e-01	9.133625e-02	9.133625e-02	-5.331594e-03	4.090035e+00
3.448276e-01	-2.471684e-01	-2.472291e-01	-2.281626e-01	9.225324e-02	9.225324e-02	-5.634882e-03	4.076514e+00
3.389831e-01	-2.475748e-01	-2.476358e-01	-2.284539e-01	9.315040e-02	9.315040e-02	-5.940206e-03	4.063184e+00
3.333333e-01	-2.479707e-01	-2.480319e-01	-2.287374e-01	9.402839e-02	9.402839e-02	-6.247358e-03	4.050039e+00
3.278689e-01	-2.483564e-01	-2.484179e-01	-2.290135e-01	9.488782e-02	9.488782e-02	-6.556144e-03	4.037077e+00
3.225806e-01	-2.487324e-01	-2.487941e-01	-2.292823e-01	9.572930e-02	9.572930e-02	-6.866381e-03	4.024295e+00
3.174603e-01	-2.490990e-01	-2.491609e-01	-2.295442e-01	9.655340e-02	9.655340e-02	-7.177901e-03	4.011692e+00
3.125000e-01	-2.494565e-01	-2.495187e-01	-2.297994e-01	9.736066e-02	9.736066e-02	-7.490547e-03	3.999268e+00
3.076923e-01	-2.498052e-01	-2.498677e-01	-2.300482e-01	9.815162e-02	9.815162e-02	-7.804170e-03	3.987022e+00
3.030303e-01	-2.501455e-01	-2.502082e-01	-2.302907e-01	9.892678e-02	9.892678e-02	-8.118635e-03	3.974955e+00
2.985075e-01	-2.504777e-01	-2.505405e-01	-2.305272e-01	9.968662e-02	9.968662e-02	-8.433815e-03	3.963069e+00
2.941176e-01	-2.508019e-01	-2.508650e-01	-2.307578e-01	1.004316e-01	1.004316e-01	-8.749591e-03	3.951365e+00
2.898551e-01	-2.511185e-01	-2.511818e-01	-2.309829e-01	1.011622e-01	1.011622e-01	-9.065853e-03	3.939843e+00
2.857143e-01	-2.514277e-01	-2.514912e-01	-2.312025e-01	1.018788e-01	1.018788e-01	-9.382500e-03	3.928506e+00
2.816901e-01	-2.517298e-01	-2.517935e-01	-2.314169e-01	1.025818e-01	1.025818e-01	-9.699436e-03	3.917354e+00
2.777778e-01	-2.520250e-01	-2.520888e-01	-2.316262e-01	1.032717e-01	1.032717e-01	-1.001657e-02	3.906389e+00
2.739726e-01	-2.523135e-01	-2.523775e-01	-2.318307e-01	1.039488e-01	1.039488e-01	-1.033383e-02	3.895611e+00
2.702703e-01	-2.525955e-01	-2.526597e-01	-2.320303e-01	1.046134e-01	1.046134e-01	-1.065113e-02	3.885021e+00
2.666667e-01	-2.528713e-01	-2.529357e-01	-2.322254e-01	1.052660e-01	1.052660e-01	-1.096841e-02	3.874621e+00
2.631579e-01	-2.531410e-01	-2.532055e-01	-2.324160e-01	1.059069e-01	1.059069e-01	-1.128559e-02	3.864410e+00
2.597403e-01	-2.534048e-01	-2.534695e-01	-2.326023e-01	1.065364e-01	1.065364e-01	-1.160262e-02	3.854389e+00
2.564103e-01	-2.536629e-01	-2.537278e-01	-2.327844e-01	1.071547e-01	1.071547e-01	-1.191944e-02	3.844558e+00
2.531646e-01	-2.539155e-01	-2.539805e-01	-2.329625e-01	1.077623e-01	1.077623e-01	-1.223600e-02	3.834917e+00
2.500000e-01	-2.541627e-01	-2.542279e-01	-2.331366e-01	1.083594e-01	1.083594e-01	-1.255225e-02	3.825466e+00
2.469136e-01	-2.544047e-01	-2.544700e-01	-2.333070e-01	1.089462e-01	1.089462e-01	-1.286815e-02	3.816203e+00
2.439024e-01	-2.546417e-01	-2.547072e-01	-2.334736e-01	1.095232e-01	1.095232e-01	-1.318365e-02	3.807129e+00
2.409639e-01	-2.548737e-01	-2.549394e-01	-2.336367e-01	1.100904e-01	1.100904e-01	-1.349872e-02	3.798242e+00
2.380952e-01	-2.551010e-01	-2.551668e-01	-2.337963e-01	1.106482e-01	1.106482e-01	-1.381333e-02	3.789541e+00
2.352941e-01	-2.553237e-01	-2.553896e-01	-2.339525e-01	1.111968e-01	1.111968e-01	-1.412743e-02	3.781026e+00
2.325581e-01	-2.555419e-01	-2.556080e-01	-2.341055e-01	1.117364e-01	1.117364e-01	-1.444100e-02	3.772695e+00
2.298851e-01	-2.557557e-01	-2.558219e-01	-2.342552e-01	1.122673e-01	1.122673e-01	-1.475401e-02	3.764546e+00
2.272727e-01	-2.559653e-01	-2.560316e-01	-2.344019e-01	1.127897e-01	1.127897e-01	-1.506644e-02	3.756578e+00
2.247191e-01	-2.561708e-01	-2.562373e-01	-2.345456e-01	1.133038e-01	1.133038e-01	-1.537825e-02	3.748789e+00
2.222222e-01	-2.563723e-01	-2.564389e-01	-2.346863e-01	1.138098e-01	1.138098e-01	-1.568944e-02	3.741177e+00
2.197802e-01	-2.565699e-01	-2.566366e-01	-2.348242e-01	1.143079e-01	1.143079e-01	-1.599997e-02	3.733742e+00
2.173913e-01	-2.567637e-01	-2.568305e-01	-2.349594e-01	1.147983e-01	1.147983e-01	-1.630983e-02	3.726479e+00
2.150538e-01	-2.569538e-01	-2.570207e-01	-2.350918e-01	1.152811e-01	1.152811e-01	-1.661901e-02	3.719389e+00
2.127660e-01	-2.571403e-01	-2.572074e-01	-2.352216e-01	1.157566e-01	1.157566e-01	-1.692748e-02	3.712467e+00
2.105263e-01	-2.573234e-01	-2.573905e-01	-2.353489e-01	1.162250e-01	1.162250e-01	-1.723523e-02	3.705714e+00
2.083333e-01	-2.575030e-01	-2.575703e-01	-2.354737e-01	1.166863e-01	1.166863e-01	-1.754225e-02	3.699125e+00
2.061856e-01	-2.576794e-01	-2.577468e-01	-2.355961e-01	1.171408e-01	1.171408e-01	-1.784853e-02	3.692699e+00
2.040816e-01	-2.578525e-01	-2.579200e-01	-2.357162e-01	1.175885e-01	1.175885e-01	-1.815405e-02	3.686435e+00
2.020202e-01	-2.580225e-01	-2.580901e-01	-2.358339e-01	1.180298e-01	1.180298e-01	-1.845880e-02	3.680328e+00
2.000000e-01	-2.581894e-01	-2.582572e-01	-2.359495e-01	1.184646e-01	1.184646e-01	-1.876278e-02	3.674378e+00
1.980198e-01	-2.583534e-01	-2.584212e-01	-2.360628e-01	1.188932e-01	1.188932e-01	-1.906597e-02	3.668582e+00
1.960784e-01	-2.585145e-01	-2.585824e-01	-2.361740e-01	1.193157e-01	1.193157e-01	-1.936836e-02	3.662937e+00
1.941748e-01	-2.586727e-01	-2.587408e-01	-2.362832e-01	1.197322e-01	1.197322e-01	-1.966996e-02	3.657442e+00
1.923077e-01	-2.588282e-01	-2.588964e-01	-2.363903e-01	1.201428e-01	1.201428e-01	-1.997074e-02	3.652094e+00
1.904762e-01	-2.589811e-01	-2.590493e-01	-2.364955e-01	1.205478e-01	1.205478e-01	-2.027071e-02	3.646890e+00
1.886792e-01	-2.591313e-01	-2.591996e-01	-2.365988e-01	1.209471e-01	1.209471e-01	-2.056986e-02	3.641829e+00
1.869159e-01	-2.592789e-01	-2.593473e-01	-2.367002e-01	1.213409e-01	1.213409e-01	-2.086819e-02	3.636909e+00
1.851852e-01	-2.594241e-01	-2.594925e-01	-2.367997e-01	1.217294e-01	1.217294e-01	-2.116568e-02	3.632126e+00
1.834862e-01	-2.595668e-01	-2.596354e-01	-2.368975e-01	1.221126e-01	1.221126e-01	-2.146233e-02	3.627479e+00
1.818182e-01	-2.597071e-01	-2.597758e-01	-2.369935e-01	1.224907e-01	1.224907e-01	-2.175815e-02	3.622965e+00
1.801802e-01	-2.598452e-01	-2.599139e-01	-2.370878e-01	1.228638e-01	1.228638e-01	-2.205312e-02	3.618582e+00
1.785714e-01	-2.599810e-01	-2.600498e-01	-2.371805e-01	1.232319e-01	1.232319e-01	-2.234725e-02	3.614329e+00
1.769912e-01	-2.601146e-01	-2.601835e-01	-2.372715e-01	1.235951e-01	1.235951e-01	-2.264052e-02	3.610202e+00
1.754386e-01	-2.602460e-01	-2.603150e-01	-2.373610e-01	1.239536e-01	1.239536e-01	-2.293295e-02	3.606201e+00
1.739130e-01	-2.603753e-01	-2.604444e-01	-2.374489e-01	1.243075e-01	1.243075e-01	-2.322451e-02	3.602322e+00
1.724138e-01	-2.605026e-01	-2.605718e-01	-2.375353e-01	1.246568e-01	1.246568e-01	-2.351523e-02	3.598563e+00
1.709402e-01	-2.606279e-01	-2.606972e-01	-2.376202e-01	1.250017e-01	1.250017e-01	-2.380508e-02	3.594923e+00
1.694915e-01	-2.607512e-01	-2.608206e-01	-2.377036e-01	1.253422e-01	1.253422e-01	-2.409407e-02	3.591399e+00
1.680672e-01	-2.608726e-01	-2.609420e-01	-2.377857e-01	1.256784e-01	1.256784e-01	-2.438219e-02	3.587990e+00
1.666667e-01	-2.609922e-01	-2.610617e-01	-2.378663e-01	1.260104e-01	1.260104e-01	-2.466946e-02	3.584693e+00
1.652893e-01	-2.611099e-01	-2.611794e-01	-2.379456e-01	1.263382e-01	1.263382e-01	-2.495585e-02	3.581507e+00
1.639344e-01	-2.612258e-01	-2.612954e-01	-2.380236e-01	1.266620e-01	1.266620e-01	-2.524138e-02	3.578429e+00
1.626016e-01	-2.613400e-01	-2.614097e-01	-2.381002e-01	1.269818e-01	1.269818e-01	-2.552605e-02	3.575458e+00
1.612903e-01	-2.614524e-01	-2.615222e-01	-2.381756e-01	1.272977e-01	1.272977e-01	-2.580984e-02	3.572591e+00
1.600000e-01	-2.615632e-01	-2.616331e-01	-2.382498e-01	1.276098e-01	1.276098e-01	-2.609277e-02	3.569828e+00
1.587302e-01	-2.616724e-01	-2.617424e-01	-2.383227e-01	1.279181e-01	1.279181e-01	-2.637483e-02	3.567165e+00
1.574803e-01	-2.617800e-01	-2.618500e-01	-2.383944e-01	1.282228e-01	1.282228e-01	-2.665601e-02	3.564602e+00
1.562500e-01	-2.618860e-01	-2.619561e-01	-2.384650e-01	1.285238e-01	1.285238e-01	-2.693633e-02	3.562136e+00
1.550388e-01	-2.619905e-01	-2.620606e-01	-2.385344e-01	1.288212e-01	1.288212e-01	-2.721578e-02	3.559766e+00
1.538462e-01	-2.620935e-01	-2.621637e-01	-2.386027e-01	1.291152e-01	1.291152e-01	-2.749435e-02	3.557490e+00
1.526718e-01	-2.621950e-01	-2.622653e-01	-2.386699e-01	1.294057e-01	1.294057e-01	-2.777206e-02	3.555307e+00
1.515152e-01	-2.622951e-01	-2.623654e-01	-2.387361e-01	1.296929e-01	1.296929e-01	-2.804889e-02	3.553213e+00
1.503759e-01	-2.623938e-01	-2.624642e-01	-2.388011e-01	1.299767e-01	1.299767e-01	-2.832486e-02	3.551209e+00
1.492537e-01	-2.624911e-01	-2.625615e-01	-2.388652e-01	1.302573e-01	1.302573e-01	-2.859995e-02	3.549293e+00
1.481481e-01	-2.625870e-01	-2.626576e-01	-2.389282e-01	1.305347e-01	1.305347e-01	-2.887418e-02	3.547461e+00
1.470588e-01	-2.626817e-01	-2.627523e-01	-2.389902e-01	1.308090e-01	1.308090e-01	-2.914753e-02	3.545714e+00
1.459854e-01	-2.627750e-01	-2.628457e-01	-2.390513e-01	1.310801e-01	1.310801e-01	-2.942002e-02	3.544050e+00
1.449275e-01	-2.628671e-01	-2.629379e-01	-2.391114e-01	1.313482e-01	1.313482e-01	-2.969164e-02	3.542467e+00
1.438849e-01	-2.629580e-01	-2.630288e-01	-2.391706e-01	1.316134e-01	1.316134e-01	-2.996239e-02	3.540963e+00
1.428571e-01	-2.630476e-01	-2.631185e-01	-2.392288e-01	1.318756e-01	1.318756e-01	-3.023227e-02	3.539537e+00
1.418440e-01	-2.631361e-01	-2.632070e-01	-2.392862e-01	1.321349e-01	1.321349e-01	-3.050128e-02	3.538188e+00
1.408451e-01	-2.632234e-01	-2.632944e-01	-2.393426e-01	1.323913e-01	1.323913e-01	-3.076943e-02	3.536914e+00
1.398601e-01	-2.633095e-01	-2.633806e-01	-2.393982e-01	1.326450e-01	1.326450e-01	-3.103672e-02	3.535714e+00
1.388889e-01	-2.633946e-01	-2.634657e-01	-2.394530e-01	1.328959e-01	1.328959e-01	-3.130313e-02	3.534586e+00
1.379310e-01	-2.634785e-01	-2.635497e-01	-2.395069e-01	1.331442e-01	1.331442e-01	-3.156869e-02	3.533528e+00
1.369863e-01	-2.635614e-01	-2.636326e-01	-2.395600e-01	1.333897e-01	1.333897e-01	-3.183338e-02	3.532541e+00
1.360544e-01	-2.636432e-01	-2.637144e-01	-2.396122e-01	1.336327e-01	1.336327e-01	-3.209721e-02	3.531621e+00
1.351351e-01	-2.637240e-01	-2.637953e-01	-2.396637e-01	1.338730e-01	1.338730e-01	-3.236018e-02	3.530768e+00
1.342282e-01	-2.638037e-01	-2.638751e-01	-2.397145e-01	1.341109e-01	1.341109e-01	-3.262229e-02	3.529981e+00
1.333333e-01	-2.638825e-01	-2.639539e-01	-2.397644e-01	1.343462e-01	1.343462e-01	-3.288354e-02	3.529258e+00
1.324503e-01	-2.639603e-01	-2.640317e-01	-2.398136e-01	1.345791e-01	1.345791e-01	-3.314393e-02	3.528598e+00
1.315789e-01	-2.640371e-01	-2.641086e-01	-2.398621e-01	1.348096e-01	1.348096e-01	-3.340346e-02	3.528000e+00
1.307190e-01	-2.641130e-01	-2.641846e-01	-2.399099e-01	1.350377e-01	1.350377e-01	-3.366214e-02	3.527462e+00
1.298701e-01	-2.641880e-01	-2.642596e-01	-2.399570e-01	1.352634e-01	1.352634e-01	-3.391996e-02	3.526983e+00
1.290323e-01	-2.642620e-01	-2.643337e-01	-2.400033e-01	1.354869e-01	1.354869e-01	-3.417693e-02	3.526562e+00
1.282051e-01	-2.643352e-01	-2.644069e-01	-2.400490e-01	1.357081e-01	1.357081e-01	-3.443304e-02	3.526198e+00
1.273885e-01	-2.644075e-01	-2.644793e-01	-2.400940e-01	1.359270e-01	1.359270e-01	-3.468831e-02	3.525890e+00
1.265823e-01	-2.644790e-01	-2.645508e-01	-2.401384e-01	1.361437e-01	1.361437e-01	-3.494272e-02	3.525636e+00
1.257862e-01	-2.645496e-01	-2.646215e-01	-2.401821e-01	1.363583e-01	1.363583e-01	-3.519629e-02	3.525436e+00
1.250000e-01	-2.646194e-01	-2.646913e-01	-2.402251e-01	1.365707e-01	1.365707e-01	-3.544900e-02	3.525287e+00
1.242236e-01	-2.646884e-01	-2.647603e-01	-2.402676e-01	1.367810e-01	1.367810e-01	-3.570087e-02	3.525190e+00
1.234568e-01	-2.647565e-01	-2.648285e-01	-2.403094e-01	1.369892e-01	1.369892e-01	-3.595190e-02	3.525143e+00
1.226994e-01	-2.648239e-01	-2.648960e-01	-2.403506e-01	1.371954e-01	1.371954e-01	-3.620208e-02	3.525144e+00
1.219512e-01	-2.648906e-01	-2.649627e-01	-2.403913e-01	1.373996e-01	1.373996e-01	-3.645142e-02	3.525193e+00
1.212121e-01	-2.649565e-01	-2.650286e-01	-2.404313e-01	1.376018e-01	1.376018e-01	-3.669991e-02	3.525289e+00
1.204819e-01	-2.650216e-01	-2.650938e-01	-2.404708e-01	1.378020e-01	1.378020e-01	-3.694757e-02	3.525431e+00
1.197605e-01	-2.650860e-01	-2.651583e-01	-2.405097e-01	1.380003e-01	1.380003e-01	-3.719439e-02	3.525618e+00
1.190476e-01	-2.651497e-01	-2.652220e-01	-2.405481e-01	1.381967e-01	1.381967e-01	-3.744038e-02	3.525848e+00
1.183432e-01	-2.652127e-01	-2.652850e-01	-2.405859e-01	1.383912e-01	1.383912e-01	-3.768552e-02	3.526121e+00
1.176471e-01	-2.652750e-01	-2.653474e-01	-2.406232e-01	1.385838e-01	1.385838e-01	-3.792984e-02	3.526435e+00
1.169591e-01	-2.653366e-01	-2.654091e-01	-2.406600e-01	1.387747e-01	1.387747e-01	-3.817332e-02	3.526791e+00
1.162791e-01	-2.653976e-01	-2.654701e-01	-2.406962e-01	1.389637e-01	1.389637e-01	-3.841597e-02	3.527186e+00
1.156069e-01	-2.654579e-01	-2.655304e-01	-2.407319e-01	1.391510e-01	1.391510e-01	-3.865779e-02	3.527619e+00
1.149425e-01	-2.655176e-01	-2.655901e-01	-2.407672e-01	1.393365e-01	1.393365e-01	-3.889879e-02	3.528091e+00
1.142857e-01	-2.655766e-01	-2.656492e-01	-2.408019e-01	1.395203e-01	1.395203e-01	-3.913896e-02	3.528600e+00
1.136364e-01	-2.656350e-01	-2.657076e-01	-2.408362e-01	1.397024e-01	1.397024e-01	-3.937830e-02	3.529145e+00
1.129944e-01	-2.656928e-01	-2.657655e-01	-2.408699e-01	1.398827e-01	1.398827e-01	-3.961682e-02	3.529724e+00
1.123596e-01	-2.657500e-01	-2.658227e-01	-2.409033e-01	1.400615e-01	1.400615e-01	-3.985453e-02	3.530339e+00
1.117318e-01	-2.658066e-01	-2.658793e-01	-2.409361e-01	1.402386e-01	1.402386e-01	-4.009141e-02	3.530986e+00
1.111111e-01	-2.658626e-01	-2.659354e-01	-2.409685e-01	1.404141e-01	1.404141e-01	-4.032747e-02	3.531666e+00
1.104972e-01	-2.659180e-01	-2.659909e-01	-2.410005e-01	1.405880e-01	1.405880e-01	-4.056272e-02	3.532378e+00
1.098901e-01	-2.659729e-01	-2.660458e-01	-2.410320e-01	1.407603e-01	1.407603e-01	-4.079716e-02	3.533121e+00
1.092896e-01	-2.660272e-01	-2.661001e-01	-2.410630e-01	1.409311e-01	1.409311e-01	-4.103078e-02	3.533893e+00
1.086957e-01	-2.660810e-01	-2.661539e-01	-2.410937e-01	1.411003e-01	1.411003e-01	-4.126359e-02	3.534695e+00
1.081081e-01	-2.661342e-01	-2.662072e-01	-2.411239e-01	1.412681e-01	1.412681e-01	-4.149559e-02	3.535526e+00
1.075269e-01	-2.661869e-01	-2.662600e-01	-2.411538e-01	1.414343e-01	1.414343e-01	-4.172679e-02	3.536384e+00
1.069519e-01	-2.662391e-01	-2.663122e-01	-2.411832e-01	1.415991e-01	1.415991e-01	-4.195718e-02	3.537269e+00
1.063830e-01	-2.662908e-01	-2.663639e-01	-2.412122e-01	1.417624e-01	1.417624e-01	-4.218677e-02	3.538180e+00
1.058201e-01	-2.663420e-01	-2.664151e-01	-2.412408e-01	1.419243e-01	1.419243e-01	-4.241556e-02	3.539116e+00
1.052632e-01	-2.663926e-01	-2.664658e-01	-2.412691e-01	1.420847e-01	1.420847e-01	-4.264354e-02	3.540077e+00
1.047120e-01	-2.664428e-01	-2.665160e-01	-2.412970e-01	1.422438e-01	1.422438e-01	-4.287073e-02	3.541062e+00
1.041667e-01	-2.664925e-01	-2.665658e-01	-2.413245e-01	1.424015e-01	1.424015e-01	-4.309713e-02	3.542069e+00
1.036269e-01	-2.665417e-01	-2.666150e-01	-2.413516e-01	1.425578e-01	1.425578e-01	-4.332273e-02	3.543100e+00
1.030928e-01	-2.665905e-01	-2.666638e-01	-2.413783e-01	1.427127e-01	1.427127e-01	-4.354753e-02	3.544152e+00
1.025641e-01	-2.666388e-01	-2.667121e-01	-2.414047e-01	1.428664e-01	1.428664e-01	-4.377155e-02	3.545225e+00
1.020408e-01	-2.666867e-01	-2.667600e-01	-2.414308e-01	1.430187e-01	1.430187e-01	-4.399478e-02	3.546318e+00
1.015228e-01	-2.667341e-01	-2.668075e-01	-2.414565e-01	1.431697e-01	1.431697e-01	-4.421722e-02	3.547431e+00
1.010101e-01	-2.667810e-01	-2.668545e-01	-2.414819e-01	1.433194e-01	1.433194e-01	-4.443888e-02	3.548563e+00
1.005025e-01	-2.668275e-01	-2.669010e-01	-2.415069e-01	1.434679e-01	1.434679e-01	-4.465976e-02	3.549714e+00
1.000000e-01	-2.668736e-01	-2.669471e-01	-2.415316e-01	1.436151e-01	1.436151e-01	-4.487986e-02	3.550882e+00
9.950249e-02	-2.669193e-01	-2.669929e-01	-2.415560e-01	1.437611e-01	1.437611e-01	-4.509918e-02	3.552067e+00
9.900990e-02	-2.669646e-01	-2.670382e-01	-2.415800e-01	1.439058e-01	1.439058e-01	-4.531772e-02	3.553269e+00
9.852217e-02	-2.670094e-01	-2.670830e-01	-2.416037e-01	1.440494e-01	1.440494e-01	-4.553549e-02	3.554486e+00
9.803922e-02	-2.670539e-01	-2.671275e-01	-2.416272e-01	1.441917e-01	1.441917e-01	-4.575248e-02	3.555719e+00
9.756098e-02	-2.670980e-01	-2.671716e-01	-2.416503e-01	1.443329e-01	1.443329e-01	-4.596871e-02	3.556966e+00
9.708738e-02	-2.671416e-01	-2.672153e-01	-2.416731e-01	1.444729e-01	1.444729e-01	-4.618417e-02	3.558228e+00
9.661836e-02	-2.671849e-01	-2.672586e-01	-2.416956e-01	1.446117e-01	1.446117e-01	-4.639886e-02	3.559503e+00
9.615385e-02	-2.672278e-01	-2.673016e-01	-2.417179e-01	1.447494e-01	1.447494e-01	-4.661279e-02	3.560790e+00
9.569378e-02	-2.672704e-01	-2.673441e-01	-2.417398e-01	1.448860e-01	1.448860e-01	-4.682596e-02	3.562090e+00
9.523810e-02	-2.673125e-01	-2.673863e-01	-2.417614e-01	1.450214e-01	1.450214e-01	-4.703837e-02	3.563402e+00
9.478673e-02	-2.673543e-01	-2.674282e-01	-2.417828e-01	1.451558e-01	1.451558e-01	-4.725002e-02	3.564725e+00
9.433962e-02	-2.673958e-01	-2.674696e-01	-2.418039e-01	1.452890e-01	1.452890e-01	-4.746091e-02	3.566059e+00
9.389671e-02	-2.674368e-01	-2.675108e-01	-2.418248e-01	1.454212e-01	1.454212e-01	-4.767105e-02	3.567403e+00
9.345794e-02	-2.674776e-01	-2.675515e-01	-2.418453e-01	1.455524e-01	1.455524e-01	-4.788044e-02	3.568756e+00
9.302326e-02	-2.675180e-01	-2.675919e-01	-2.418656e-01	1.456824e-01	1.456824e-01	-4.808908e-02	3.570119e+00
9.259259e-02	-2.675580e-01	-2.676320e-01	-2.418856e-01	1.458114e-01	1.458114e-01	-4.829698e-02	3.571490e+00
9.216590e-02	-2.675978e-01	-2.676718e-01	-2.419054e-01	1.459394e-01	1.459394e-01	-4.850413e-02	3.572869e+00
9.174312e-02	-2.676371e-01	-2.677112e-01	-2.419250e-01	1.460664e-01	1.460664e-01	-4.871054e-02	3.574256e+00
9.132420e-02	-2.676762e-01	-2.677503e-01	-2.419442e-01	1.461924e-01	1.461924e-01	-4.891620e-02	3.575650e+00
9.090909e-02	-2.677150e-01	-2.677891e-01	-2.419633e-01	1.463173e-01	1.463173e-01	-4.912113e-02	3.577051e+00
9.049774e-02	-2.677534e-01	-2.678275e-01	-2.419821e-01	1.464413e-01	1.464413e-01	-4.932533e-02	3.578458e+00
9.009009e-02	-2.677915e-01	-2.678657e-01	-2.420006e-01	1.465643e-01	1.465643e-01	-4.952879e-02	3.579871e+00
8.968610e-02	-2.678293e-01	-2.679035e-01	-2.420189e-01	1.466864e-01	1.466864e-01	-4.973152e-02	3.581289e+00
8.928571e-02	-2.678668e-01	-2.679410e-01	-2.420370e-01	1.468075e-01	1.468075e-01	-4.993351e-02	3.582712e+00
8.888889e-02	-2.679040e-01	-2.679782e-01	-2.420549e-01	1.469276e-01	1.469276e-01	-5.013479e-02	3.584139e+00
8.849558e-02	-2.679409e-01	-2.680152e-01	-2.420725e-01	1.470468e-01	1.470468e-01	-5.033533e-02	3.585570e+00
8.810573e-02	-2.679775e-01	-2.680518e-01	-2.420900e-01	1.471651e-01	1.471651e-01	-5.053516e-02	3.587005e+00
8.771930e-02	-2.680138e-01	-2.680882e-01	-2.421072e-01	1.472824e-01	1.472824e-01	-5.073426e-02	3.588443e+00
8.733624e-02	-2.680499e-01	-2.681242e-01	-2.421241e-01	1.473989e-01	1.473989e-01	-5.093264e-02	3.589883e+00
8.695652e-02	-2.680856e-01	-2.681600e-01	-2.421409e-01	1.475145e-01	1.475145e-01	-5.113031e-02	3.591326e+00
8.658009e-02	-2.681211e-01	-2.681955e-01	-2.421575e-01	1.476291e-01	1.476291e-01	-5.132727e-02	3.592771e+00
8.620690e-02	-2.681563e-01	-2.682308e-01	-2.421738e-01	1.477429e-01	1.477429e-01	-5.152351e-02	3.594218e+00
8.583691e-02	-2.681913e-01	-2.682657e-01	-2.421900e-01	1.478559e-01	1.478559e-01	-5.171905e-02	3.595665e+00
8.547009e-02	-2.682259e-01	-2.683004e-01	-2.422060e-01	1.479679e-01	1.479679e-01	-5.191388e-02	3.597114e+00
8.510638e-02	-2.682603e-01	-2.683348e-01	-2.422217e-01	1.480791e-01	1.480791e-01	-5.210800e-02	3.598562e+00
8.474576e-02	-2.682945e-01	-2.683690e-01	-2.422373e-01	1.481895e-01	1.481895e-01	-5.230142e-02	3.600011e+00
8.438819e-02	-2.683284e-01	-2.684029e-01	-2.422526e-01	1.482990e-01	1.482990e-01	-5.249414e-02	3.601460e+00
8.403361e-02	-2.683620e-01	-2.684366e-01	-2.422678e-01	1.484078e-01	1.484078e-01	-5.268616e-02	3.602907e+00
8.368201e-02	-2.683954e-01	-2.684700e-01	-2.422828e-01	1.485156e-01	1.485156e-01	-5.287749e-02	3.604354e+00
8.333333e-02	-2.684285e-01	-2.685031e-01	-2.422976e-01	1.486227e-01	1.486227e-01	-5.306812e-02	3.605800e+00
8.298755e-02	-2.684614e-01	-2.685361e-01	-2.423123e-01	1.487290e-01	1.487290e-01	-5.325806e-02	3.607243e+00
8.264463e-02	-2.684941e-01	-2.685687e-01	-2.423267e-01	1.488345e-01	1.488345e-01	-5.344731e-02	3.608685e+00
8.230453e-02	-2.685265e-01	-2.686012e-01	-2.423410e-01	1.489392e-01	1.489392e-01	-5.363588e-02	3.610124e+00
8.196721e-02	-2.685587e-01	-2.686334e-01	-2.423551e-01	1.490431e-01	1.490431e-01	-5.382376e-02	3.611561e+00
8.163265e-02	-2.685906e-01	-2.686653e-01	-2.423690e-01	1.491463e-01	1.491463e-01	-5.401096e-02	3.612995e+00
8.130081e-02	-2.686223e-01	-2.686971e-01	-2.423828e-01	1.492486e-01	1.492486e-01	-5.419748e-02	3.614425e+00
8.097166e-02	-2.686538e-01	-2.687286e-01	-2.423964e-01	1.493503e-01	1.493503e-01	-5.438332e-02	3.615852e+00
8.064516e-02	-2.686850e-01	-2.687598e-01	-2.424098e-01	1.494512e-01	1.494512e-01	-5.456848e-02	3.617274e+00
8.032129e-02	-2.687161e-01	-2.687909e-01	-2.424231e-01	1.495513e-01	1.495513e-01	-5.475298e-02	3.618693e+00
8.000000e-02	-2.687469e-01	-2.688217e-01	-2.424362e-01	1.496507e-01	1.496507e-01	-5.493680e-02	3.620107e+00
7.968127e-02	-2.687775e-01	-2.688524e-01	-2.424492e-01	1.497494e-01	1.497494e-01	-5.511995e-02	3.621517e+00
7.936508e-02	-2.688079e-01	-2.688828e-01	-2.424620e-01	1.498473e-01	1.498473e-01	-5.530244e-02	3.622921e+00
7.905138e-02	-2.688381e-01	-2.689130e-01	-2.424746e-01	1.499446e-01	1.499446e-01	-5.548426e-02	3.624320e+00
7.874016e-02	-2.688680e-01	-2.689430e-01	-2.424871e-01	1.500411e-01	1.500411e-01	-5.566542e-02	3.625714e+00
7.843137e-02	-2.688978e-01	-2.689727e-01	-2.424994e-01	1.501369e-01	1.501369e-01	-5.584593e-02	3.627101e+00
7.812500e-02	-2.689273e-01	-2.690023e-01	-2.425116e-01	1.502321e-01	1.502321e-01	-5.602577e-02	3.628483e+00
7.782101e-02	-2.689567e-01	-2.690317e-01	-2.425237e-01	1.503265e-01	1.503265e-01	-5.620496e-02	3.629858e+00
7.751938e-02	-2.689858e-01	-2.690609e-01	-2.425356e-01	1.504203e-01	1.504203e-01	-5.638350e-02	3.631227e+00
7.722008e-02	-2.690148e-01	-2.690898e-01	-2.425474e-01	1.505134e-01	1.505134e-01	-5.656138e-02	3.632588e+00
7.692308e-02	-2.690436e-01	-2.691186e-01	-2.425590e-01	1.506058e-01	1.506058e-01	-5.673862e-02	3.633943e+00
7.662835e-02	-2.690721e-01	-2.691472e-01	-2.425705e-01	1.506976e-01	1.506976e-01	-5.691522e-02	3.635290e+00
7.633588e-02	-2.691005e-01	-2.691756e-01	-2.425818e-01	1.507887e-01	1.507887e-01	-5.709117e-02	3.636630e+00
7.604563e-02	-2.691287e-01	-2.692038e-01	-2.425931e-01	1.508791e-01	1.508791e-01	-5.726647e-02	3.637962e+00
7.575758e-02	-2.691567e-01	-2.692318e-01	-2.426042e-01	1.509689e-01	1.509689e-01	-5.744114e-02	3.639286e+00
7.547170e-02	-2.691845e-01	-2.692596e-01	-2.426151e-01	1.510581e-01	1.510581e-01	-5.761517e-02	3.640602e+00
7.518797e-02	-2.692121e-01	-2.692873e-01	-2.426260e-01	1.511466e-01	1.511466e-01	-5.778857e-02	3.641910e+00
7.490637e-02	-2.692396e-01	-2.693148e-01	-2.426367e-01	1.512345e-01	1.512345e-01	-5.796134e-02	3.643208e+00
7.462687e-02	-2.692669e-01	-2.693421e-01	-2.426472e-01	1.513218e-01	1.513218e-01	-5.813347e-02	3.644498e+00
7.434944e-02	-2.692940e-01	-2.693692e-01	-2.426577e-01	1.514085e-01	1.514085e-01	-5.830498e-02	3.645779e+00
7.407407e-02	-2.693209e-01	-2.693961e-01	-2.426680e-01	1.514945e-01	1.514945e-01	-5.847586e-02	3.647051e+00
7.380074e-02	-2.693476e-01	-2.694229e-01	-2.426783e-01	1.515799e-01	1.515799e-01	-5.864612e-02	3.648313e+00
7.352941e-02	-2.693742e-01	-2.694495e-01	-2.426884e-01	1.516648e-01	1.516648e-01	-5.881576e-02	3.649566e+00
7.326007e-02	-2.694006e-01	-2.694759e-01	-2.426983e-01	1.517490e-01	1.517490e-01	-5.898477e-02	3.650809e+00
7.299270e-02	-2.694269e-01	-2.695022e-01	-2.427082e-01	1.518327e-01	1.518327e-01	-5.915318e-02	3.652041e+00
7.272727e-02	-2.694529e-01	-2.695283e-01	-2.427180e-01	1.519158e-01	1.519158e-01	-5.932096e-02	3.653264e+00
7.246377e-02	-2.694788e-01	-2.695542e-01	-2.427276e-01	1.519983e-01	1.519983e-01	-5.948814e-02	3.654476e+00
7.220217e-02	-2.695046e-01	-2.695800e-01	-2.427371e-01	1.520802e-01	1.520802e-01	-5.965470e-02	3.655678e+00
7.194245e-02	-2.695302e-01	-2.696056e-01	-2.427466e-01	1.521615e-01	1.521615e-01	-5.982066e-02	3.656869e+00
7.168459e-02	-2.695556e-01	-2.696310e-01	-2.427559e-01	1.522423e-01	1.522423e-01	-5.998601e-02	3.658049e+00
7.142857e-02	-2.695809e-01	-2.696563e-01	-2.427651e-01	1.523225e-01	1.523225e-01	-6.015076e-02	3.659218e+00
7.117438e-02	-2.696060e-01	-2.696814e-01	-2.427742e-01	1.524022e-01	1.524022e-01	-6.031491e-02	3.660377e+00
7.092199e-02	-2.696310e-01	-2.697064e-01	-2.427832e-01	1.524813e-01	1.524813e-01	-6.047846e-02	3.661523e+00
7.067138e-02	-2.696558e-01	-2.697313e-01	-2.427921e-01	1.525598e-01	1.525598e-01	-6.064141e-02	3.662658e+00
7.042254e-02	-2.696805e-01	-2.697559e-01	-2.428009e-01	1.526378e-01	1.526378e-01	-6.080377e-02	3.663782e+00
7.017544e-02	-2.697050e-01	-2.697805e-01	-2.428096e-01	1.527153e-01	1.527153e-01	-6.096554e-02	3.664894e+00
6.993007e-02	-2.697293e-01	-2.698049e-01	-2.428182e-01	1.527923e-01	1.527923e-01	-6.112671e-02	3.665994e+00
6.968641e-02	-2.697536e-01	-2.698291e-01	-2.428267e-01	1.528687e-01	1.528687e-01	-6.128730e-02	3.667082e+00
6.944444e-02	-2.697776e-01	-2.698532e-01	-2.428351e-01	1.529446e-01	1.529446e-01	-6.144730e-02	3.668157e+00
6.920415e-02	-2.698016e-01	-2.698771e-01	-2.428434e-01	1.530199e-01	1.530199e-01	-6.160672e-02	3.669221e+00
6.896552e-02	-2.698254e-01	-2.699009e-01	-2.428516e-01	1.530948e-01	1.530948e-01	-6.176556e-02	3.670272e+00
6.872852e-02	-2.698490e-01	-2.699246e-01	-2.428598e-01	1.531691e-01	1.531691e-01	-6.192382e-02	3.671310e+00
6.849315e-02	-2.698725e-01	-2.699481e-01	-2.428678e-01	1.532430e-01	1.532430e-01	-6.208150e-02	3.672335e+00
6.825939e-02	-2.698959e-01	-2.699715e-01	-2.428758e-01	1.533163e-01	1.533163e-01	-6.223860e-02	3.673348e+00
6.802721e-02	-2.699191e-01	-2.699948e-01	-2.428836e-01	1.533891e-01	1.533891e-01	-6.239514e-02	3.674348e+00
6.779661e-02	-2.699422e-01	-2.700179e-01	-2.428914e-01	1.534614e-01	1.534614e-01	-6.255110e-02	3.675335e+00
6.756757e-02	-2.699652e-01	-2.700409e-01	-2.428991e-01	1.535333e-01	1.535333e-01	-6.270650e-02	3.676308e+00
6.734007e-02	-2.699881e-01	-2.700637e-01	-2.429067e-01	1.536046e-01	1.536046e-01	-6.286132e-02	3.677269e+00
6.711409e-02	-2.700108e-01	-2.700865e-01	-2.429142e-01	1.536755e-01	1.536755e-01	-6.301559e-02	3.678216e+00
6.688963e-02	-2.700333e-01	-2.701091e-01	-2.429216e-01	1.537459e-01	1.537459e-01	-6.316929e-02	3.679149e+00
6.666667e-02	-2.700558e-01	-2.701315e-01	-2.429290e-01	1.538158e-01	1.538158e-01	-6.332244e-02	3.680069e+00
6.644518e-02	-2.700781e-01	-2.701539e-01	-2.429363e-01	1.538852e-01	1.538852e-01	-6.347502e-02	3.680975e+00
6.622517e-02	-2.701003e-01	-2.701761e-01	-2.429435e-01	1.539542e-01	1.539542e-01	-6.362705e-02	3.681867e+00
6.600660e-02	-2.701224e-01	-2.701982e-01	-2.429506e-01	1.540227e-01	1.540227e-01	-6.377853e-02	3.682746e+00
6.578947e-02	-2.701443e-01	-2.702201e-01	-2.429576e-01	1.540907e-01	1.540907e-01	-6.392945e-02	3.683610e+00
6.557377e-02	-2.701662e-01	-2.702420e-01	-2.429646e-01	1.541583e-01	1.541583e-01	-6.407983e-02	3.684461e+00
6.535948e-02	-2.701879e-01	-2.702637e-01	-2.429715e-01	1.542254e-01	1.542254e-01	-6.422966e-02	3.685297e+00
6.514658e-02	-2.702095e-01	-2.702853e-01	-2.429783e-01	1.542921e-01	1.542921e-01	-6.437894e-02	3.686119e+00
6.493506e-02	-2.702309e-01	-2.703068e-01	-2.429851e-01	1.543583e-01	1.543583e-01	-6.452768e-02	3.686926e+00
6.472492e-02	-2.702523e-01	-2.703281e-01	-2.429917e-01	1.544241e-01	1.544241e-01	-6.467588e-02	3.687719e+00
6.451613e-02	-2.702735e-01	-2.703494e-01	-2.429983e-01	1.544895e-01	1.544895e-01	-6.482354e-02	3.688498e+00
6.430868e-02	-2.702946e-01	-2.703705e-01	-2.430049e-01	1.545544e-01	1.545544e-01	-6.497066e-02	3.689262e+00
6.410256e-02	-2.703156e-01	-2.703915e-01	-2.430113e-01	1.546188e-01	1.546188e-01	-6.511725e-02	3.690012e+00
6.389776e-02	-2.703365e-01	-2.704124e-01	-2.430177e-01	1.546829e-01	1.546829e-01	-6.526331e-02	3.690747e+00
6.369427e-02	-2.703573e-01	-2.704332e-01	-2.430240e-01	1.547465e-01	1.547465e-01	-6.540884e-02	3.691466e+00
6.349206e-02	-2.703780e-01	-2.704539e-01	-2.430303e-01	1.548097e-01	1.548097e-01	-6.555383e-02	3.692172e+00
6.329114e-02	-2.703985e-01	-2.704745e-01	-2.430365e-01	1.548724e-01	1.548724e-01	-6.569831e-02	3.692862e+00
6.309148e-02	-2.704190e-01	-2.704949e-01	-2.430426e-01	1.549348e-01	1.549348e-01	-6.584225e-02	3.693537e+00
6.289308e-02	-2.704393e-01	-2.705153e-01	-2.430487e-01	1.549967e-01	1.549967e-01	-6.598568e-02	3.694197e+00
6.269592e-02	-2.704595e-01	-2.705355e-01	-2.430547e-01	1.550582e-01	1.550582e-01	-6.612858e-02	3.694842e+00
6.250000e-02	-2.704797e-01	-2.705557e-01	-2.430606e-01	1.551194e-01	1.551194e-01	-6.627097e-02	3.695472e+00
6.230530e-02	-2.704997e-01	-2.705757e-01	-2.430665e-01	1.551801e-01	1.551801e-01	-6.641284e-02	3.696087e+00
6.211180e-02	-2.705196e-01	-2.705956e-01	-2.430723e-01	1.552404e-01	1.552404e-01	-6.655419e-02	3.696686e+00
6.191950e-02	-2.705394e-01	-2.706155e-01	-2.430780e-01	1.553003e-01	1.553003e-01	-6.669503e-02	3.697270e+00
6.172840e-02	-2.705591e-01	-2.706352e-01	-2.430837e-01	1.553598e-01	1.553598e-01	-6.683537e-02	3.697839e+00
6.153846e-02	-2.705787e-01	-2.706548e-01	-2.430894e-01	1.554189e-01	1.554189e-01	-6.697519e-02	3.698392e+00
6.134969e-02	-2.705982e-01	-2.706743e-01	-2.430949e-01	1.554776e-01	1.554776e-01	-6.711451e-02	3.698930e+00
6.116208e-02	-2.706176e-01	-2.706937e-01	-2.431004e-01	1.555359e-01	1.555359e-01	-6.725332e-02	3.699452e+00
6.097561e-02	-2.706369e-01	-2.707131e-01	-2.431059e-01	1.555939e-01	1.555939e-01	-6.739163e-02	3.699959e+00
6.079027e-02	-2.706562e-01	-2.707323e-01	-2.431113e-01	1.556514e-01	1.556514e-01	-6.752944e-02	3.700450e+00
6.060606e-02	-2.706753e-01	-2.707514e-01	-2.431167e-01	1.557086e-01	1.557086e-01	-6.766676e-02	3.700925e+00
6.042296e-02	-2.706943e-01	-2.707704e-01	-2.431220e-01	1.557654e-01	1.557654e-01	-6.780357e-02	3.701385e+00
6.024096e-02	-2.707132e-01	-2.707894e-01	-2.431272e-01	1.558219e-01	1.558219e-01	-6.793989e-02	3.701829e+00
6.006006e-02	-2.707320e-01	-2.708082e-01	-2.431324e-01	1.558779e-01	1.558779e-01	-6.807572e-02	3.702257e+00
5.988024e-02	-2.707507e-01	-2.708269e-01	-2.431375e-01	1.559336e-01	1.559336e-01	-6.821106e-02	3.702669e+00
5.970149e-02	-2.707694e-01	-2.708456e-01	-2.431426e-01	1.559889e-01	1.559889e-01	-6.834591e-02	3.703066e+00
5.952381e-02	-2.707879e-01	-2.708641e-01	-2.431476e-01	1.560439e-01	1.560439e-01	-6.848027e-02	3.703447e+00
5.934718e-02	-2.708064e-01	-2.708826e-01	-2.431526e-01	1.560985e-01	1.560985e-01	-6.861415e-02	3.703812e+00
5.917160e-02	-2.708247e-01	-2.709010e-01	-2.431576e-01	1.561527e-01	1.561527e-01	-6.874754e-02	3.704161e+00
5.899705e-02	-2.708430e-01	-2.709193e-01	-2.431625e-01	1.562066e-01	1.562066e-01	-6.888045e-02	3.704494e+00
5.882353e-02	-2.708612e-01	-2.709374e-01	-2.431673e-01	1.562601e-01	1.562601e-01	-6.901289e-02	3.704811e+00
5.865103e-02	-2.708793e-01	-2.709556e-01	-2.431721e-01	1.563133e-01	1.563133e-01	-6.914484e-02	3.705112e+00
5.847953e-02	-2.708973e-01	-2.709736e-01	-2.431768e-01	1.563661e-01	1.563661e-01	-6.927632e-02	3.705397e+00
5.830904e-02	-2.709152e-01	-2.709915e-01	-2.431815e-01	1.564186e-01	1.564186e-01	-6.940733e-02	3.705666e+00
5.813953e-02	-2.709330e-01	-2.710093e-01	-2.431862e-01	1.564707e-01	1.564707e-01	-6.953787e-02	3.705919e+00
5.797101e-02	-2.709508e-01	-2.710271e-01	-2.431908e-01	1.565225e-01	1.565225e-01	-6.966793e-02	3.706156e+00
5.780347e-02	-2.709684e-01	-2.710448e-01	-2.431953e-01	1.565740e-01	1.565740e-01	-6.979753e-02	3.706377e+00
5.763689e-02	-2.709860e-01	-2.710623e-01	-2.431998e-01	1.566251e-01	1.566251e-01	-6.992666e-02	3.706581e+00
5.747126e-02	-2.710035e-01	-2.710798e-01	-2.432043e-01	1.566759e-01	1.566759e-01	-7.005533e-02	3.706770e+00
5.730659e-02	-2.710209e-01	-2.710973e-01	-2.432087e-01	1.567263e-01	1.567263e-01	-7.018353e-02	3.706942e+00
5.714286e-02	-2.710382e-01	-2.711146e-01	-2.432131e-01	1.567765e-01	1.567765e-01	-7.031128e-02	3.707099e+00
5.698006e-02	-2.710555e-01	-2.711319e-01	-2.432175e-01	1.568263e-01	1.568263e-01	-7.043856e-02	3.707239e+00
5.681818e-02	-2.710726e-01	-2.711490e-01	-2.432218e-01	1.568757e-01	1.568757e-01	-7.056539e-02	3.707363e+00
5.665722e-02	-2.710897e-01	-2.711661e-01	-2.432260e-01	1.569249e-01	1.569249e-01	-7.069176e-02	3.707471e+00
5.649718e-02	-2.711067e-01	-2.711831e-01	-2.432303e-01	1.569737e-01	1.569737e-01	-7.081768e-02	3.707563e+00
5.633803e-02	-2.711236e-01	-2.712001e-01	-2.432344e-01	1.570222e-01	1.570222e-01	-7.094315e-02	3.707639e+00
5.617978e-02	-2.711405e-01	-2.712169e-01	-2.432386e-01	1.570704e-01	1.570704e-01	-7.106817e-02	3.707698e+00
5.602241e-02	-2.711573e-01	-2.712337e-01	-2.432427e-01	1.571182e-01	1.571182e-01	-7.119274e-02	3.707741e+00
5.586592e-02	-2.711739e-01	-2.712504e-01	-2.432468e-01	1.571658e-01	1.571658e-01	-7.131687e-02	3.707768e+00
5.571031e-02	-2.711906e-01	-2.712670e-01	-2.432508e-01	1.572131e-01	1.572131e-01	-7.144055e-02	3.707779e+00
5.555556e-02	-2.712071e-01	-2.712836e-01	-2.432548e-01	1.572600e-01	1.572600e-01	-7.156378e-02	3.707774e+00
5.540166e-02	-2.712235e-01	-2.713000e-01	-2.432587e-01	1.573066e-01	1.573066e-01	-7.168658e-02	3.707753e+00
5.524862e-02	-2.712399e-01	-2.713164e-01	-2.432626e-01	1.573530e-01	1.573530e-01	-7.180894e-02	3.707715e+00
5.509642e-02	-2.712562e-01	-2.713327e-01	-2.432665e-01	1.573990e-01	1.573990e-01	-7.193086e-02	3.707661e+00
5.494505e-02	-2.712725e-01	-2.713490e-01	-2.432704e-01	1.574447e-01	1.574447e-01	-7.205234e-02	3.707592e+00
5.479452e-02	-2.712886e-01	-2.713652e-01	-2.432742e-01	1.574901e-01	1.574901e-01	-7.217339e-02	3.707506e+00
5.464481e-02	-2.713047e-01	-2.713813e-01	-2.432779e-01	1.575353e-01	1.575353e-01	-7.229401e-02	3.707403e+00
5.449591e-02	-2.713207e-01	-2.713973e-01	-2.432817e-01	1.575801e-01	1.575801e-01	-7.241420e-02	3.707285e+00
5.434783e-02	-2.713367e-01	-2.714132e-01	-2.432854e-01	1.576247e-01	1.576247e-01	-7.253396e-02	3.707151e+00
5.420054e-02	-2.713526e-01	-2.714291e-01	-2.432891e-01	1.576689e-01	1.576689e-01	-7.265329e-02	3.707000e+00
5.405405e-02	-2.713684e-01	-2.714449e-01	-2.432927e-01	1.577129e-01	1.577129e-01	-7.277220e-02	3.706834e+00
5.390836e-02	-2.713841e-01	-2.714607e-01	-2.432963e-01	1.577566e-01	1.577566e-01	-7.289068e-02	3.706651e+00
5.376344e-02	-2.713998e-01	-2.714764e-01	-2.432999e-01	1.578000e-01	1.578000e-01	-7.300874e-02	3.706452e+00
5.361930e-02	-2.714154e-01	-2.714920e-01	-2.433034e-01	1.578431e-01	1.578431e-01	-7.312639e-02	3.706237e+00
5.347594e-02	-2.714309e-01	-2.715075e-01	-2.433069e-01	1.578859e-01	1.578859e-01	-7.324361e-02	3.706006e+00
5.333333e-02	-2.714463e-01	-2.715230e-01	-2.433104e-01	1.579284e-01	1.579284e-01	-7.336041e-02	3.705760e+00
5.319149e-02	-2.714617e-01	-2.715384e-01	-2.433139e-01	1.579707e-01	1.579707e-01	-7.347680e-02	3.705497e+00
5.305040e-02	-2.714771e-01	-2.715537e-01	-2.433173e-01	1.580127e-01	1.580127e-01	-7.359278e-02	3.705218e+00
5.291005e-02	-2.714923e-01	-2.715690e-01	-2.433207e-01	1.580544e-01	1.580544e-01	-7.370835e-02	3.704923e+00
5.277045e-02	-2.715075e-01	-2.715842e-01	-2.433241e-01	1.580959e-01	1.580959e-01	-7.382350e-02	3.704612e+00
5.263158e-02	-2.715226e-01	-2.715993e-01	-2.433274e-01	1.581371e-01	1.581371e-01	-7.393825e-02	3.704285e+00
5.249344e-02	-2.715377e-01	-2.716144e-01	-2.433307e-01	1.581780e-01	1.581780e-01	-7.405259e-02	3.703943e+00
5.235602e-02	-2.715527e-01	-2.716294e-01	-2.433340e-01	1.582186e-01	1.582186e-01	-7.416652e-02	3.703584e+00
5.221932e-02	-2.715676e-01	-2.716443e-01	-2.433372e-01	1.582590e-01	1.582590e-01	-7.428005e-02	3.703210e+00
5.208333e-02	-2.715825e-01	-2.716592e-01	-2.433404e-01	1.582991e-01	1.582991e-01	-7.439318e-02	3.702820e+00
5.194805e-02	-2.715973e-01	-2.716740e-01	-2.433436e-01	1.583390e-01	1.583390e-01	-7.450591e-02	3.702414e+00
5.181347e-02	-2.716120e-01	-2.716887e-01	-2.433468e-01	1.583786e-01	1.583786e-01	-7.461824e-02	3.701992e+00
5.167959e-02	-2.716267e-01	-2.717034e-01	-2.433500e-01	1.584179e-01	1.584179e-01	-7.473017e-02	3.701555e+00
5.154639e-02	-2.716413e-01	-2.717181e-01	-2.433531e-01	1.584570e-01	1.584570e-01	-7.484171e-02	3.701102e+00
5.141388e-02	-2.716559e-01	-2.717326e-01	-2.433562e-01	1.584958e-01	1.584958e-01	-7.495285e-02	3.700633e+00
5.128205e-02	-2.716704e-01	-2.717471e-01	-2.433592e-01	1.585344e-01	1.585344e-01	-7.506360e-02	3.700148e+00
5.115090e-02	-2.716848e-01	-2.717616e-01	-2.433623e-01	1.585727e-01	1.585727e-01	-7.517396e-02	3.699648e+00
5.102041e-02	-2.716992e-01	-2.717759e-01	-2.433653e-01	1.586108e-01	1.586108e-01	-7.528393e-02	3.699132e+00
5.089059e-02	-2.717135e-01	-2.717903e-01	-2.433683e-01	1.586486e-01	1.586486e-01	-7.539351e-02	3.698601e+00
5.076142e-02	-2.717277e-01	-2.718045e-01	-2.433712e-01	1.586862e-01	1.586862e-01	-7.550271e-02	3.698054e+00
5.063291e-02	-2.717419e-01	-2.718187e-01	-2.433742e-01	1.587235e-01	1.587235e-01	-7.561152e-02	3.697492e+00
5.050505e-02	-2.717561e-01	-2.718329e-01	-2.433771e-01	1.587606e-01	1.587606e-01	-7.571995e-02	3.696914e+00
5.037783e-02	-2.717701e-01	-2.718469e-01	-2.433800e-01	1.587974e-01	1.587974e-01	-7.582799e-02	3.696321e+00
5.025126e-02	-2.717842e-01	-2.718610e-01	-2.433829e-01	1.588340e-01	1.588340e-01	-7.593566e-02	3.695712e+00
5.012531e-02	-2.717981e-01	-2.718749e-01	-2.433857e-01	1.588704e-01	1.588704e-01	-7.604295e-02	3.695088e+00
5.000000e-02	-2.718120e-01	-2.718889e-01	-2.433885e-01	1.589065e-01	1.589065e-01	-7.614986e-02	3.694449e+00
4.987531e-02	-2.718259e-01	-2.719027e-01	-2.433913e-01	1.589424e-01	1.589424e-01	-7.625639e-02	3.693795e+00
4.975124e-02	-2.718397e-01	-2.719165e-01	-2.433941e-01	1.589781e-01	1.589781e-01	-7.636255e-02	3.693125e+00
4.962779e-02	-2.718534e-01	-2.719303e-01	-2.433969e-01	1.590135e-01	1.590135e-01	-7.646834e-02	3.692440e+00
4.950495e-02	-2.718671e-01	-2.719439e-01	-2.433996e-01	1.590487e-01	1.590487e-01	-7.657376e-02	3.691740e+00
4.938272e-02	-2.718807e-01	-2.719576e-01	-2.434023e-01	1.590836e-01	1.590836e-01	-7.667881e-02	3.691024e+00
4.926108e-02	-2.718943e-01	-2.719711e-01	-2.434050e-01	1.591183e-01	1.591183e-01	-7.678349e-02	3.690294e+00
4.914005e-02	-2.719078e-01	-2.719847e-01	-2.434077e-01	1.591528e-01	1.591528e-01	-7.688780e-02	3.689549e+00
4.901961e-02	-2.719212e-01	-2.719981e-01	-2.434104e-01	1.591871e-01	1.591871e-01	-7.699175e-02	3.688788e+00
4.889976e-02	-2.719347e-01	-2.720116e-01	-2.434130e-01	1.592212e-01	1.592212e-01	-7.709533e-02	3.688013e+00
4.878049e-02	-2.719480e-01	-2.720249e-01	-2.434156e-01	1.592550e-01	1.592550e-01	-7.719855e-02	3.687223e+00
4.866180e-02	-2.719613e-01	-2.720382e-01	-2.434182e-01	1.592886e-01	1.592886e-01	-7.730142e-02	3.686417e+00
4.854369e-02	-2.719746e-01	-2.720515e-01	-2.434208e-01	1.593220e-01	1.593220e-01	-7.740392e-02	3.685598e+00
4.842615e-02	-2.719877e-01	-2.720647e-01	-2.434234e-01	1.593551e-01	1.593551e-01	-7.750606e-02	3.684763e+00
4.830918e-02	-2.720009e-01	-2.720778e-01	-2.434259e-01	1.593881e-01	1.593881e-01	-7.760785e-02	3.683913e+00
4.819277e-02	-2.720140e-01	-2.720909e-01	-2.434284e-01	1.594208e-01	1.594208e-01	-7.770928e-02	3.683049e+00
4.807692e-02	-2.720270e-01	-2.721040e-01	-2.434310e-01	1.594533e-01	1.594533e-01	-7.781036e-02	3.682170e+00
4.796163e-02	-2.720400e-01	-2.721170e-01	-2.434334e-01	1.594856e-01	1.594856e-01	-7.791109e-02	3.681277e+00
4.784689e-02	-2.720529e-01	-2.721299e-01	-2.434359e-01	1.595177e-01	1.595177e-01	-7.801147e-02	3.680369e+00
4.773270e-02	-2.720658e-01	-2.721428e-01	-2.434384e-01	1.595495e-01	1.595495e-01	-7.811150e-02	3.679446e+00
4.761905e-02	-2.720787e-01	-2.721556e-01	-2.434408e-01	1.595812e-01	1.595812e-01	-7.821118e-02	3.678509e+00
4.750594e-02	-2.720915e-01	-2.721684e-01	-2.434432e-01	1.596127e-01	1.596127e-01	-7.831051e-02	3.677558e+00
4.739336e-02	-2.721042e-01	-2.721812e-01	-2.434456e-01	1.596439e-01	1.596439e-01	-7.840950e-02	3.676592e+00
4.728132e-02	-2.721169e-01	-2.721939e-01	-2.434480e-01	1.596749e-01	1.596749e-01	-7.850814e-02	3.675612e+00
4.716981e-02	-2.721295e-01	-2.722065e-01	-2.434504e-01	1.597058e-01	1.597058e-01	-7.860644e-02	3.674618e+00
4.705882e-02	-2.721421e-01	-2.722191e-01	-2.434527e-01	1.597364e-01	1.597364e-01	-7.870440e-02	3.673609e+00
4.694836e-02	-2.721546e-01	-2.722317e-01	-2.434551e-01	1.597668e-01	1.597668e-01	-7.880202e-02	3.672586e+00
4.683841e-02	-2.721671e-01	-2.722442e-01	-2.434574e-01	1.597971e-01	1.597971e-01	-7.889931e-02	3.671549e+00
4.672897e-02	-2.721796e-01	-2.722566e-01	-2.434597e-01	1.598271e-01	1.598271e-01	-7.899625e-02	3.670498e+00
4.662005e-02	-2.721920e-01	-2.722690e-01	-2.434620e-01	1.598569e-01	1.598569e-01	-7.909286e-02	3.669433e+00
4.651163e-02	-2.722043e-01	-2.722814e-01	-2.434643e-01	1.598865e-01	1.598865e-01	-7.918914e-02	3.668354e+00
4.640371e-02	-2.722166e-01	-2.722937e-01	-2.434665e-01	1.599160e-01	1.599160e-01	-7.928508e-02	3.667262e+00
4.629630e-02	-2.722289e-01	-2.723060e-01	-2.434688e-01	1.599452e-01	1.599452e-01	-7.938070e-02	3.666155e+00
4.618938e-02	-2.722411e-01	-2.723182e-01	-2.434710e-01	1.599742e-01	1.599742e-01	-7.947598e-02	3.665034e+00
4.608295e-02	-2.722533e-01	-2.723304e-01	-2.434732e-01	1.600031e-01	1.600031e-01	-7.957093e-02	3.663900e+00
4.597701e-02	-2.722654e-01	-2.723425e-01	-2.434754e-01	1.600317e-01	1.600317e-01	-7.966556e-02	3.662752e+00
4.587156e-02	-2.722775e-01	-2.723546e-01	-2.434776e-01	1.600602e-01	1.600602e-01	-7.975986e-02	3.661590e+00
4.576659e-02	-2.722895e-01	-2.723666e-01	-2.434798e-01	1.600885e-01	1.600885e-01	-7.985383e-02	3.660415e+00
4.566210e-02	-2.723015e-01	-2.723786e-01	-2.434819e-01	1.601166e-01	1.601166e-01	-7.994748e-02	3.659226e+00
4.555809e-02	-2.723134e-01	-2.723905e-01	-2.434841e-01	1.601445e-01	1.601445e-01	-8.004081e-02	3.658024e+00
4.545455e-02	-2.723253e-01	-2.724024e-01	-2.434862e-01	1.601722e-01	1.601722e-01	-8.013382e-02	3.656808e+00
4.535147e-02	-2.723372e-01	-2.724143e-01	-2.434883e-01	1.601997e-01	1.601997e-01	-8.022650e-02	3.655578e+00
4.524887e-02	-2.723490e-01	-2.724261e-01	-2.434905e-01	1.602270e-01	1.602270e-01	-8.031887e-02	3.654336e+00
4.514673e-02	-2.723607e-01	-2.724379e-01	-2.434926e-01	1.602542e-01	1.602542e-01	-8.041092e-02	3.653080e+00
4.504505e-02	-2.723725e-01	-2.724496e-01	-2.434946e-01	1.602812e-01	1.602812e-01	-8.050266e-02	3.651811e+00
4.494382e-02	-2.723841e-01	-2.724613e-01	-2.434967e-01	1.603080e-01	1.603080e-01	-8.059408e-02	3.650529e+00
4.484305e-02	-2.723958e-01	-2.724729e-01	-2.434988e-01	1.603346e-01	1.603346e-01	-8.068519e-02	3.649234e+00
4.474273e-02	-2.724074e-01	-2.724845e-01	-2.435008e-01	1.603610e-01	1.603610e-01	-8.077598e-02	3.647925e+00
4.464286e-02	-2.724189e-01	-2.724961e-01	-2.435029e-01	1.603873e-01	1.603873e-01	-8.086647e-02	3.646604e+00
4.454343e-02	-2.724304e-01	-2.725076e-01	-2.435049e-01	1.604134e-01	1.604134e-01	-8.095664e-02	3.645269e+00
4.444444e-02	-2.724419e-01	-2.725191e-01	-2.435069e-01	1.604393e-01	1.604393e-01	-8.104651e-02	3.643922e+00
4.434590e-02	-2.724533e-01	-2.725305e-01	-2.435089e-01	1.604650e-01	1.604650e-01	-8.113607e-02	3.642562e+00
4.424779e-02	-2.724647e-01	-2.725419e-01	-2.435109e-01	1.604906e-01	1.604906e-01	-8.122532e-02	3.641189e+00
4.415011e-02	-2.724760e-01	-2.725532e-01	-2.435129e-01	1.605160e-01	1.605160e-01	-8.131427e-02	3.639804e+00
4.405286e-02	-2.724873e-01	-2.725645e-01	-2.435148e-01	1.605412e-01	1.605412e-01	-8.140292e-02	3.638406e+00
4.395604e-02	-2.724986e-01	-2.725758e-01	-2.435168e-01	1.605663e-01	1.605663e-01	-8.149126e-02	3.636995e+00
4.385965e-02	-2.725098e-01	-2.725870e-01	-2.435187e-01	1.605911e-01	1.605911e-01	-8.157930e-02	3.635571e+00
4.376368e-02	-2.725210e-01	-2.725982e-01	-2.435207e-01	1.606159e-01	1.606159e-01	-8.166704e-02	3.634136e+00
4.366812e-02	-2.725321e-01	-2.726093e-01	-2.435226e-01	1.606404e-01	1.606404e-01	-8.175448e-02	3.632687e+00
4.357298e-02	-2.725432e-01	-2.726205e-01	-2.435245e-01	1.606648e-01	1.606648e-01	-8.184163e-02	3.631227e+00
4.347826e-02	-2.725543e-01	-2.726315e-01	-2.435264e-01	1.606890e-01	1.606890e-01	-8.192848e-02	3.629754e+00
4.338395e-02	-2.725653e-01	-2.726425e-01	-2.435283e-01	1.607130e-01	1.607130e-01	-8.201503e-02	3.628269e+00
4.329004e-02	-2.725763e-01	-2.726535e-01	-2.435302e-01	1.607369e-01	1.607369e-01	-8.210129e-02	3.626772e+00
4.319654e-02	-2.725872e-01	-2.726645e-01	-2.435320e-01	1.607606e-01	1.607606e-01	-8.218726e-02	3.625262e+00
4.310345e-02	-2.725981e-01	-2.726754e-01	-2.435339e-01	1.607842e-01	1.607842e-01	-8.227293e-02	3.623741e+00
4.301075e-02	-2.726090e-01	-2.726862e-01	-2.435358e-01	1.608076e-01	1.608076e-01	-8.235832e-02	3.622207e+00
4.291845e-02	-2.726198e-01	-2.726971e-01	-2.435376e-01	1.608308e-01	1.608308e-01	-8.244341e-02	3.620662e+00
4.282655e-02	-2.726306e-01	-2.727079e-01	-2.435395e-01	1.608539e-01	1.608539e-01	-8.252822e-02	3.619104e+00
4.273504e-02	-2.726413e-01	-2.727186e-01	-2.435413e-01	1.608768e-01	1.608768e-01	-8.261274e-02	3.617535e+00
4.264392e-02	-2.726520e-01	-2.727293e-01	-2.435431e-01	1.608996e-01	1.608996e-01	-8.269697e-02	3.615954e+00
4.255319e-02	-2.726627e-01	-2.727400e-01	-2.435449e-01	1.609222e-01	1.609222e-01	-8.278092e-02	3.614362e+00
4.246285e-02	-2.726734e-01	-2.727507e-01	-2.435467e-01	1.609447e-01	1.609447e-01	-8.286459e-02	3.612757e+00
4.237288e-02	-2.726840e-01	-2.727613e-01	-2.435485e-01	1.609670e-01	1.609670e-01	-8.294797e-02	3.611142e+00
4.228330e-02	-2.726945e-01	-2.727718e-01	-2.435503e-01	1.609891e-01	1.609891e-01	-8.303107e-02	3.609514e+00
4.219409e-02	-2.727050e-01	-2.727824e-01	-2.435521e-01	1.610111e-01	1.610111e-01	-8.311390e-02	3.607875e+00
4.210526e-02	-2.727155e-01	-2.727929e-01	-2.435538e-01	1.610330e-01	1.610330e-01	-8.319644e-02	3.606225e+00
4.201681e-02	-2.727260e-01	-2.728033e-01	-2.435556e-01	1.610547e-01	1.610547e-01	-8.327870e-02	3.604564e+00
4.192872e-02	-2.727364e-01	-2.728137e-01	-2.435573e-01	1.610762e-01	1.610762e-01	-8.336069e-02	3.602891e+00
4.184100e-02	-2.727468e-01	-2.728241e-01	-2.435591e-01	1.610976e-01	1.610976e-01	-8.344240e-02	3.601207e+00
4.175365e-02	-2.727571e-01	-2.728345e-01	-2.435608e-01	1.611189e-01	1.611189e-01	-8.352384e-02	3.599512e+00
4.166667e-02	-2.727674e-01	-2.728448e-01	-2.435625e-01	1.611400e-01	1.611400e-01	-8.360500e-02	3.597805e+00
4.158004e-02	-2.727777e-01	-2.728551e-01	-2.435643e-01	1.611609e-01	1.611609e-01	-8.368589e-02	3.596088e+00
4.149378e-02	-2.727879e-01	-2.728653e-01	-2.435660e-01	1.611817e-01	1.611817e-01	-8.376651e-02	3.594360e+00
4.140787e-02	-2.727981e-01	-2.728755e-01	-2.435677e-01	1.612024e-01	1.612024e-01	-8.384686e-02	3.592621e+00
4.132231e-02	-2.728083e-01	-2.728857e-01	-2.435694e-01	1.612229e-01	1.612229e-01	-8.392694e-02	3.590871e+00
4.123711e-02	-2.728184e-01	-2.728958e-01	-2.435711e-01	1.612433e-01	1.612433e-01	-8.400675e-02	3.589110e+00
4.115226e-02	-2.728285e-01	-2.729059e-01	-2.435728e-01	1.612635e-01	1.612635e-01	-8.408629e-02	3.587338e+00
4.106776e-02	-2.728386e-01	-2.729160e-01	-2.435744e-01	1.612836e-01	1.612836e-01	-8.416557e-02	3.585556e+00
4.098361e-02	-2.728486e-01	-2.729261e-01	-2.435761e-01	1.613036e-01	1.613036e-01	-8.424458e-02	3.583763e+00
4.089980e-02	-2.728586e-01	-2.729361e-01	-2.435778e-01	1.613234e-01	1.613234e-01	-8.432333e-02	3.581960e+00
4.081633e-02	-2.728686e-01	-2.729460e-01	-2.435794e-01	1.613431e-01	1.613431e-01	-8.440182e-02	3.580146e+00
4.073320e-02	-2.728785e-01	-2.729560e-01	-2.435811e-01	1.613626e-01	1.613626e-01	-8.448004e-02	3.578322e+00
4.065041e-02	-2.728884e-01	-2.729659e-01	-2.435827e-01	1.613820e-01	1.613820e-01	-8.455800e-02	3.576488e+00
4.056795e-02	-2.728983e-01	-2.729757e-01	-2.435843e-01	1.614013e-01	1.614013e-01	-8.463571e-02	3.574643e+00
4.048583e-02	-2.729081e-01	-2.729856e-01	-2.435860e-01	1.614204e-01	1.614204e-01	-8.471315e-02	3.572788e+00
4.040404e-02	-2.729179e-01	-2.729954e-01	-2.435876e-01	1.614394e-01	1.614394e-01	-8.479034e-02	3.570922e+00
4.032258e-02	-2.729277e-01	-2.730051e-01	-2.435892e-01	1.614583e-01	1.614583e-01	-8.486726e-02	3.569047e+00
4.024145e-02	-2.729374e-01	-2.730149e-01	-2.435908e-01	1.614770e-01	1.614770e-01	-8.494394e-02	3.567162e+00
4.016064e-02	-2.729471e-01	-2.730246e-01	-2.435924e-01	1.614956e-01	1.614956e-01	-8.502036e-02	3.565266e+00
4.008016e-02	-2.729568e-01	-2.730343e-01	-2.435940e-01	1.615141e-01	1.615141e-01	-8.509652e-02	3.563361e+00
4.000000e-02	-2.729664e-01	-2.730439e-01	-2.435956e-01	1.615324e-01	1.615324e-01	-8.517243e-02	3.561446e+00
3.992016e-02	-2.729760e-01	-2.730535e-01	-2.435972e-01	1.615506e-01	1.615506e-01	-8.524809e-02	3.559521e+00
3.984064e-02	-2.729856e-01	-2.730631e-01	-2.435988e-01	1.615687e-01	1.615687e-01	-8.532350e-02	3.557586e+00
3.976143e-02	-2.729951e-01	-2.730726e-01	-2.436004e-01	1.615866e-01	1.615866e-01	-8.539866e-02	3.555642e+00
3.968254e-02	-2.730046e-01	-2.730821e-01	-2.436020e-01	1.616045e-01	1.616045e-01	-8.547357e-02	3.553688e+00
3.960396e-02	-2.730141e-01	-2.730916e-01	-2.436035e-01	1.616222e-01	1.616222e-01	-8.554823e-02	3.551725e+00
3.952569e-02	-2.730236e-01	-2.731011e-01	-2.436051e-01	1.616397e-01	1.616397e-01	-8.562265e-02	3.549752e+00
3.944773e-02	-2.730330e-01	-2.731105e-01	-2.436066e-01	1.616572e-01	1.616572e-01	-8.569682e-02	3.547769e+00
3.937008e-02	-2.730424e-01	-2.731199e-01	-2.436082e-01	1.616745e-01	1.616745e-01	-8.577074e-02	3.545778e+00
3.929273e-02	-2.730517e-01	-2.731292e-01	-2.436097e-01	1.616917e-01	1.616917e-01	-8.584442e-02	3.543777e+00
3.921569e-02	-2.730610e-01	-2.731386e-01	-2.436113e-01	1.617087e-01	1.617087e-01	-8.591786e-02	3.541766e+00
3.913894e-02	-2.730703e-01	-2.731479e-01	-2.436128e-01	1.617257e-01	1.617257e-01	-8.599105e-02	3.539747e+00
3.906250e-02	-2.730796e-01	-2.731571e-01	-2.436143e-01	1.617425e-01	1.617425e-01	-8.606401e-02	3.537719e+00
3.898635e-02	-2.730888e-01	-2.731664e-01	-2.436159e-01	1.617592e-01	1.617592e-01	-8.613672e-02	3.535681e+00
3.891051e-02	-2.730980e-01	-2.731756e-01	-2.436174e-01	1.617758e-01	1.617758e-01	-8.620920e-02	3.533634e+00
3.883495e-02	-2.731072e-01	-2.731847e-01	-2.436189e-01	1.617923e-01	1.617923e-01	-8.628143e-02	3.531579e+00
3.875969e-02	-2.731163e-01	-2.731939e-01	-2.436204e-01	1.618086e-01	1.618086e-01	-8.635343e-02	3.529515e+00
3.868472e-02	-2.731255e-01	-2.732030e-01	-2.436219e-01	1.618248e-01	1.618248e-01	-8.642519e-02	3.527442e+00
3.861004e-02	-2.731345e-01	-2.732121e-01	-2.436234e-01	1.618409e-01	1.618409e-01	-8.649672e-02	3.525360e+00
3.853565e-02	-2.731436e-01	-2.732212e-01	-2.436249e-01	1.618569e-01	1.618569e-01	-8.656801e-02	3.523269e+00
3.846154e-02	-2.731526e-01	-2.732302e-01	-2.436264e-01	1.618728e-01	1.618728e-01	-8.663907e-02	3.521170e+00
3.838772e-02	-2.731616e-01	-2.732392e-01	-2.436279e-01	1.618885e-01	1.618885e-01	-8.670990e-02	3.519062e+00
3.831418e-02	-2.731706e-01	-2.732482e-01	-2.436294e-01	1.619042e-01	1.619042e-01	-8.678049e-02	3.516946e+00
3.824092e-02	-2.731795e-01	-2.732571e-01	-2.436309e-01	1.619197e-01	1.619197e-01	-8.685085e-02	3.514821e+00
3.816794e-02	-2.731884e-01	-2.732660e-01	-2.436323e-01	1.619351e-01	1.619351e-01	-8.692099e-02	3.512688e+00
3.809524e-02	-2.731973e-01	-2.732749e-01	-2.436338e-01	1.619504e-01	1.619504e-01	-8.699089e-02	3.510547e+00
3.802281e-02	-2.732062e-01	-2.732838e-01	-2.436353e-01	1.619656e-01	1.619656e-01	-8.706057e-02	3.508398e+00
3.795066e-02	-2.732150e-01	-2.732926e-01	-2.436367e-01	1.619807e-01	1.619807e-01	-8.713001e-02	3.506240e+00
3.787879e-02	-2.732238e-01	-2.733014e-01	-2.436382e-01	1.619957e-01	1.619957e-01	-8.719924e-02	3.504074e+00
3.780718e-02	-2.732326e-01	-2.733102e-01	-2.436397e-01	1.620105e-01	1.620105e-01	-8.726823e-02	3.501900e+00
3.773585e-02	-2.732413e-01	-2.733189e-01	-2.436411e-01	1.620253e-01	1.620253e-01	-8.733700e-02	3.499718e+00
3.766478e-02	-2.732500e-01	-2.733276e-01	-2.436426e-01	1.620399e-01	1.620399e-01	-8.740555e-02	3.497528e+00
3.759398e-02	-2.732587e-01	-2.733363e-01	-2.436440e-01	1.620544e-01	1.620544e-01	-8.747387e-02	3.495330e+00
3.752345e-02	-2.732674e-01	-2.733450e-01	-2.436454e-01	1.620688e-01	1.620688e-01	-8.754198e-02	3.493125e+00
3.745318e-02	-2.732760e-01	-2.733536e-01	-2.436469e-01	1.620832e-01	1.620832e-01	-8.760986e-02	3.490912e+00
3.738318e-02	-2.732846e-01	-2.733622e-01	-2.436483e-01	1.620974e-01	1.620974e-01	-8.767752e-02	3.488691e+00
3.731343e-02	-2.732932e-01	-2.733708e-01	-2.436497e-01	1.621115e-01	1.621115e-01	-8.774496e-02	3.486462e+00
3.724395e-02	-2.733017e-01	-2.733794e-01	-2.436512e-01	1.621255e-01	1.621255e-01	-8.781218e-02	3.484226e+00
3.717472e-02	-2.733102e-01	-2.733879e-01	-2.436526e-01	1.621393e-01	1.621393e-01	-8.787919e-02	3.481982e+00
3.710575e-02	-2.733187e-01	-2.733964e-01	-2.436540e-01	1.621531e-01	1.621531e-01	-8.794597e-02	3.479731e+00
3.703704e-02	-2.733272e-01	-2.734049e-01	-2.436554e-01	1.621668e-01	1.621668e-01	-8.801255e-02	3.477472e+00
3.696858e-02	-2.733356e-01	-2.734133e-01	-2.436568e-01	1.621804e-01	1.621804e-01	-8.807890e-02	3.475206e+00
3.690037e-02	-2.733441e-01	-2.734217e-01	-2.436583e-01	1.621939e-01	1.621939e-01	-8.814504e-02	3.472933e+00
3.683241e-02	-2.733525e-01	-2.734301e-01	-2.436597e-01	1.622072e-01	1.622072e-01	-8.821097e-02	3.470652e+00
3.676471e-02	-2.733608e-01	-2.734385e-01	-2.436611e-01	1.622205e-01	1.622205e-01	-8.827669e-02	3.468365e+00
3.669725e-02	-2.733692e-01	-2.734468e-01	-2.436625e-01	1.622337e-01	1.622337e-01	-8.834219e-02	3.466070e+00
3.663004e-02	-2.733775e-01	-2.734552e-01	-2.436639e-01	1.622468e-01	1.622468e-01	-8.840748e-02	3.463768e+00
3.656307e-02	-2.733858e-01	-2.734635e-01	-2.436653e-01	1.622597e-01	1.622597e-01	-8.847257e-02	3.461460e+00
3.649635e-02	-2.733940e-01	-2.734717e-01	-2.436667e-01	1.622726e-01	1.622726e-01	-8.853744e-02	3.459144e+00
3.642987e-02	-2.734023e-01	-2.734800e-01	-2.436681e-01	1.622854e-01	1.622854e-01	-8.860210e-02	3.456822e+00
3.636364e-02	-2.734105e-01	-2.734882e-01	-2.436694e-01	1.622981e-01	1.622981e-01	-8.866656e-02	3.454492e+00
3.629764e-02	-2.734187e-01	-2.734964e-01	-2.436708e-01	1.623106e-01	1.623106e-01	-8.873081e-02	3.452157e+00
3.623188e-02	-2.734268e-01	-2.735045e-01	-2.436722e-01	1.623231e-01	1.623231e-01	-8.879485e-02	3.449814e+00
3.616637e-02	-2.734349e-01	-2.735127e-01	-2.436736e-01	1.623355e-01	1.623355e-01	-8.885869e-02	3.447465e+00
3.610108e-02	-2.734431e-01	-2.735208e-01	-2.436750e-01	1.623478e-01	1.623478e-01	-8.892232e-02	3.445109e+00
3.603604e-02	-2.734511e-01	-2.735289e-01	-2.436763e-01	1.623600e-01	1.623600e-01	-8.898575e-02	3.442746e+00
3.597122e-02	-2.734592e-01	-2.735369e-01	-2.436777e-01	1.623721e-01	1.623721e-01	-8.904898e-02	3.440378e+00
3.590664e-02	-2.734672e-01	-2.735450e-01	-2.436791e-01	1.623841e-01	1.623841e-01	-8.911200e-02	3.438002e+00
3.584229e-02	-2.734753e-01	-2.735530e-01	-2.436804e-01	1.623960e-01	1.623960e-01	-8.917482e-02	3.435621e+00
