# Finite Temperature Data for J1J2 Model
# Lx=6, Ly=6, J1=1.0000, J2=0.1250, Fz=0.0000, chi_max=190
# Columns: T | Sigmaz | Cv
# 
2.000000e+01	-1.444075e-09	4.284624e-02
1.000000e+01	-3.676769e-09	1.636886e-01
6.666667e+00	-6.969809e-09	3.503632e-01
5.000000e+00	-8.503170e-09	5.902111e-01
4.000000e+00	-4.290064e-09	8.704659e-01
3.333333e+00	1.175377e-08	1.178670e+00
2.857143e+00	3.959037e-08	1.503120e+00
2.500000e+00	7.956920e-08	1.833253e+00
2.222222e+00	1.355005e-07	2.160187e+00
2.000000e+00	2.097463e-07	2.477197e+00
1.818182e+00	3.025380e-07	2.778908e+00
1.666667e+00	4.099427e-07	3.061281e+00
1.538462e+00	5.221224e-07	3.322030e+00
1.428571e+00	6.322868e-07	3.559914e+00
1.333333e+00	7.375693e-07	3.774658e+00
1.250000e+00	8.364087e-07	3.966922e+00
1.176471e+00	9.284370e-07	4.138184e+00
1.111111e+00	1.014462e-06	4.290548e+00
1.052632e+00	1.095648e-06	4.426319e+00
1.000000e+00	1.172516e-06	4.547622e+00
9.523810e-01	1.244778e-06	4.656478e+00
9.090909e-01	1.311963e-06	4.754933e+00
8.695652e-01	1.374033e-06	4.844997e+00
8.333333e-01	1.431697e-06	4.928475e+00
8.000000e-01	1.486468e-06	5.006872e+00
7.692308e-01	1.540450e-06	5.081471e+00
7.407407e-01	1.595895e-06	5.153465e+00
7.142857e-01	1.654760e-06	5.223994e+00
6.896552e-01	1.718485e-06	5.294100e+00
6.666667e-01	1.788001e-06	5.364695e+00
6.451613e-01	1.863831e-06	5.436537e+00
6.250000e-01	1.946208e-06	5.510236e+00
6.060606e-01	2.035165e-06	5.586271e+00
5.882353e-01	2.130598e-06	5.664999e+00
5.714286e-01	2.232315e-06	5.746683e+00
5.555556e-01	2.340062e-06	5.831508e+00
5.405405e-01	2.453535e-06	5.919604e+00
5.263158e-01	2.572397e-06	6.011061e+00
5.128205e-01	2.696280e-06	6.105951e+00
5.000000e-01	2.824795e-06	6.204332e+00
4.878049e-01	2.957536e-06	6.306264e+00
4.761905e-01	3.094092e-06	6.411808e+00
4.651163e-01	3.234056e-06	6.521034e+00
4.545455e-01	3.377036e-06	6.634014e+00
4.444444e-01	3.522664e-06	6.750825e+00
4.347826e-01	3.670605e-06	6.871540e+00
4.255319e-01	3.820563e-06	6.996225e+00
4.166667e-01	3.972285e-06	7.124930e+00
4.081633e-01	4.125569e-06	7.257690e+00
4.000000e-01	4.280265e-06	7.394515e+00
3.921569e-01	4.436281e-06	7.535396e+00
3.846154e-01	4.593590e-06	7.680302e+00
3.773585e-01	4.752233e-06	7.829186e+00
3.703704e-01	4.912322e-06	7.981975e+00
3.636364e-01	5.074048e-06	8.138569e+00
3.571429e-01	5.237682e-06	8.298826e+00
3.508772e-01	5.403580e-06	8.462556e+00
3.448276e-01	5.572197e-06	8.629506e+00
3.389831e-01	5.744088e-06	8.799368e+00
3.333333e-01	5.919926e-06	8.971782e+00
3.278689e-01	6.100497e-06	9.146352e+00
3.225806e-01	6.286690e-06	9.322670e+00
3.174603e-01	6.479470e-06	9.500338e+00
3.125000e-01	6.679835e-06	9.678994e+00
3.076923e-01	6.888761e-06	9.858324e+00
3.030303e-01	7.107137e-06	1.003808e+01
2.985075e-01	7.335707e-06	1.021806e+01
2.941176e-01	7.575013e-06	1.039814e+01
2.898551e-01	7.825355e-06	1.057824e+01
2.857143e-01	8.086762e-06	1.075828e+01
2.816901e-01	8.358990e-06	1.093824e+01
2.777778e-01	8.641526e-06	1.111809e+01
2.739726e-01	8.933614e-06	1.129779e+01
2.702703e-01	9.234283e-06	1.147730e+01
2.666667e-01	9.542395e-06	1.165658e+01
2.631579e-01	9.856680e-06	1.183557e+01
2.597403e-01	1.017578e-05	1.201421e+01
2.564103e-01	1.049830e-05	1.219244e+01
2.531646e-01	1.082283e-05	1.237017e+01
2.500000e-01	1.114797e-05	1.254732e+01
2.469136e-01	1.147238e-05	1.272380e+01
2.439024e-01	1.179479e-05	1.289949e+01
2.409639e-01	1.211396e-05	1.307427e+01
2.380952e-01	1.242877e-05	1.324797e+01
2.352941e-01	1.273815e-05	1.342042e+01
2.325581e-01	1.304112e-05	1.359142e+01
2.298851e-01	1.333675e-05	1.376075e+01
2.272727e-01	1.362418e-05	1.392819e+01
2.247191e-01	1.390259e-05	1.409348e+01
2.222222e-01	1.417123e-05	1.425640e+01
2.197802e-01	1.442938e-05	1.441673e+01
2.173913e-01	1.467638e-05	1.457424e+01
2.150538e-01	1.491160e-05	1.472877e+01
2.127660e-01	1.513449e-05	1.488014e+01
2.105263e-01	1.534456e-05	1.502824e+01
2.083333e-01	1.554138e-05	1.517297e+01
2.061856e-01	1.572460e-05	1.531428e+01
2.040816e-01	1.589394e-05	1.545215e+01
2.020202e-01	1.604918e-05	1.558659e+01
2.000000e-01	1.619017e-05	1.571762e+01
1.980198e-01	1.631680e-05	1.584531e+01
1.960784e-01	1.642904e-05	1.596971e+01
1.941748e-01	1.652685e-05	1.609091e+01
1.923077e-01	1.661027e-05	1.620898e+01
1.904762e-01	1.667934e-05	1.632395e+01
1.886792e-01	1.673416e-05	1.643583e+01
1.869159e-01	1.677483e-05	1.654458e+01
1.851852e-01	1.680152e-05	1.665012e+01
1.834862e-01	1.681443e-05	1.675230e+01
1.818182e-01	1.681378e-05	1.685098e+01
1.801802e-01	1.679988e-05	1.694603e+01
1.785714e-01	1.677306e-05	1.703731e+01
1.769912e-01	1.673369e-05	1.712473e+01
1.754386e-01	1.668218e-05	1.720821e+01
1.739130e-01	1.661892e-05	1.728767e+01
1.724138e-01	1.654434e-05	1.736305e+01
1.709402e-01	1.645884e-05	1.743431e+01
1.694915e-01	1.636279e-05	1.750142e+01
1.680672e-01	1.625656e-05	1.756435e+01
1.666667e-01	1.614047e-05	1.762311e+01
1.652893e-01	1.601484e-05	1.767767e+01
1.639344e-01	1.587993e-05	1.772799e+01
1.626016e-01	1.573603e-05	1.777396e+01
1.612903e-01	1.558338e-05	1.781540e+01
1.600000e-01	1.542221e-05	1.785209e+01
1.587302e-01	1.525275e-05	1.788369e+01
1.574803e-01	1.507527e-05	1.790986e+01
1.562500e-01	1.489001e-05	1.793025e+01
1.550388e-01	1.469729e-05	1.794459e+01
1.538462e-01	1.449745e-05	1.795273e+01
1.526718e-01	1.429093e-05	1.795469e+01
1.515152e-01	1.407818e-05	1.795066e+01
1.503759e-01	1.385978e-05	1.794098e+01
1.492537e-01	1.363633e-05	1.792610e+01
1.481481e-01	1.340851e-05	1.790647e+01
1.470588e-01	1.317706e-05	1.788247e+01
1.459854e-01	1.294274e-05	1.785426e+01
1.449275e-01	1.270636e-05	1.782168e+01
1.438849e-01	1.246871e-05	1.778407e+01
1.428571e-01	1.223053e-05	1.774015e+01
1.418440e-01	1.199249e-05	1.768797e+01
1.408451e-01	1.175517e-05	1.762503e+01
1.398601e-01	1.151900e-05	1.754874e+01
1.388889e-01	1.128433e-05	1.745702e+01
1.379310e-01	1.105144e-05	1.734877e+01
1.369863e-01	1.082054e-05	1.722407e+01
1.360544e-01	1.059179e-05	1.708403e+01
1.351351e-01	1.036536e-05	1.693047e+01
1.342282e-01	1.014136e-05	1.676555e+01
1.333333e-01	9.919928e-06	1.659145e+01
1.324503e-01	9.701162e-06	1.641020e+01
1.315789e-01	9.485157e-06	1.622356e+01
1.307190e-01	9.271998e-06	1.603291e+01
1.298701e-01	9.061757e-06	1.583928e+01
1.290323e-01	8.854498e-06	1.564338e+01
1.282051e-01	8.650277e-06	1.544572e+01
1.273885e-01	8.449139e-06	1.524666e+01
1.265823e-01	8.251122e-06	1.504650e+01
1.257862e-01	8.056255e-06	1.484553e+01
1.250000e-01	7.864565e-06	1.464407e+01
1.242236e-01	7.676076e-06	1.444242e+01
1.234568e-01	7.490808e-06	1.424090e+01
1.226994e-01	7.308770e-06	1.403986e+01
1.219512e-01	7.129959e-06	1.383959e+01
1.212121e-01	6.954351e-06	1.364041e+01
1.204819e-01	6.781898e-06	1.344257e+01
1.197605e-01	6.612529e-06	1.324630e+01
1.190476e-01	6.446150e-06	1.305174e+01
1.183432e-01	6.282647e-06	1.285895e+01
1.176471e-01	6.121897e-06	1.266787e+01
1.169591e-01	5.963768e-06	1.247834e+01
1.162791e-01	5.808130e-06	1.229013e+01
1.156069e-01	5.654862e-06	1.210295e+01
1.149425e-01	5.503858e-06	1.191651e+01
1.142857e-01	5.355029e-06	1.173054e+01
1.136364e-01	5.208311e-06	1.154488e+01
1.129944e-01	5.063670e-06	1.135945e+01
1.123596e-01	4.921093e-06	1.117425e+01
1.117318e-01	4.780599e-06	1.098933e+01
1.111111e-01	4.642230e-06	1.080472e+01
1.104972e-01	4.506050e-06	1.062038e+01
1.098901e-01	4.372142e-06	1.043617e+01
1.092896e-01	4.240600e-06	1.025189e+01
1.086957e-01	4.111529e-06	1.006731e+01
1.081081e-01	3.985034e-06	9.882274e+00
1.075269e-01	3.861212e-06	9.696765e+00
1.069519e-01	3.740154e-06	9.510904e+00
1.063830e-01	3.621936e-06	9.324951e+00
1.058201e-01	3.506619e-06	9.139269e+00
1.052632e-01	3.394251e-06	8.954276e+00
1.047120e-01	3.284865e-06	8.770398e+00
1.041667e-01	3.178485e-06	8.588040e+00
1.036269e-01	3.075127e-06	8.407557e+00
1.030928e-01	2.974801e-06	8.229247e+00
1.025641e-01	2.877510e-06	8.053348e+00
1.020408e-01	2.783254e-06	7.880047e+00
1.015228e-01	2.692027e-06	7.709486e+00
1.010101e-01	2.603817e-06	7.541771e+00
1.005025e-01	2.518604e-06	7.376976e+00
1.000000e-01	2.436361e-06	7.215147e+00
9.950249e-02	2.357050e-06	7.056311e+00
9.900990e-02	2.280622e-06	6.900474e+00
9.852217e-02	2.207019e-06	6.747635e+00
9.803922e-02	2.136169e-06	6.597786e+00
9.756098e-02	2.067994e-06	6.450920e+00
9.708738e-02	2.002405e-06	6.307038e+00
9.661836e-02	1.939305e-06	6.166146e+00
9.615385e-02	1.878596e-06	6.028257e+00
9.569378e-02	1.820171e-06	5.893391e+00
9.523810e-02	1.763928e-06	5.761570e+00
9.478673e-02	1.709760e-06	5.632817e+00
9.433962e-02	1.657566e-06	5.507147e+00
9.389671e-02	1.607247e-06	5.384570e+00
9.345794e-02	1.558707e-06	5.265084e+00
9.302326e-02	1.511858e-06	5.148670e+00
9.259259e-02	1.466617e-06	5.035293e+00
9.216590e-02	1.422907e-06	4.924896e+00
9.174312e-02	1.380659e-06	4.817403e+00
9.132420e-02	1.339808e-06	4.712718e+00
9.090909e-02	1.300296e-06	4.610729e+00
9.049774e-02	1.262071e-06	4.511313e+00
9.009009e-02	1.225083e-06	4.414346e+00
8.968610e-02	1.189289e-06	4.319702e+00
8.928571e-02	1.154644e-06	4.227269e+00
8.888889e-02	1.121108e-06	4.136947e+00
8.849558e-02	1.088642e-06	4.048654e+00
8.810573e-02	1.057206e-06	3.962330e+00
8.771930e-02	1.026762e-06	3.877932e+00
8.733624e-02	9.972716e-07	3.795435e+00
8.695652e-02	9.686970e-07	3.714828e+00
8.658009e-02	9.410005e-07	3.636107e+00
8.620690e-02	9.141454e-07	3.559276e+00
8.583691e-02	8.880964e-07	3.484336e+00
8.547009e-02	8.628196e-07	3.411286e+00
8.510638e-02	8.382831e-07	3.340117e+00
8.474576e-02	8.144575e-07	3.270813e+00
8.438819e-02	7.913159e-07	3.203349e+00
8.403361e-02	7.688341e-07	3.137692e+00
8.368201e-02	7.469909e-07	3.073799e+00
8.333333e-02	7.257671e-07	3.011626e+00
8.298755e-02	7.051460e-07	2.951120e+00
8.264463e-02	6.851128e-07	2.892226e+00
8.230453e-02	6.712023e-07	3.048324e+00
8.196721e-02	6.526154e-07	3.575465e+00
8.163265e-02	6.345973e-07	3.389149e+00
8.130081e-02	6.169861e-07	3.224232e+00
8.097166e-02	5.998064e-07	3.082446e+00
8.064516e-02	5.830734e-07	2.959022e+00
8.032129e-02	5.667949e-07	2.850292e+00
8.000000e-02	5.509726e-07	2.753413e+00
7.968127e-02	5.356034e-07	2.666174e+00
7.936508e-02	5.206803e-07	2.586843e+00
7.905138e-02	5.057062e-07	2.746832e+00
7.874016e-02	4.921626e-07	2.865688e+00
7.843137e-02	4.797619e-07	2.730577e+00
7.812500e-02	4.682986e-07	2.613866e+00
7.782101e-02	4.576092e-07	2.511849e+00
7.751938e-02	4.475623e-07	2.421677e+00
7.722008e-02	4.380514e-07	2.341150e+00
7.692308e-02	4.292190e-07	2.515861e+00
7.662835e-02	4.196687e-07	2.645532e+00
7.633588e-02	4.098882e-07	2.508155e+00
7.604563e-02	3.999780e-07	2.390846e+00
7.575758e-02	3.900128e-07	2.289570e+00
7.547170e-02	3.803011e-07	2.816844e+00
7.518797e-02	3.696181e-07	3.871289e+00
7.490637e-02	3.591054e-07	3.701297e+00
7.462687e-02	3.485808e-07	3.354253e+00
7.434944e-02	3.373459e-07	3.902810e+00
7.407407e-02	3.273714e-07	3.533418e+00
7.380074e-02	3.178840e-07	3.216891e+00
7.352941e-02	3.088115e-07	2.954933e+00
7.326007e-02	3.005412e-07	2.955156e+00
7.299270e-02	2.922877e-07	2.947882e+00
7.272727e-02	2.839229e-07	3.176214e+00
7.246377e-02	2.760423e-07	3.349405e+00
7.220217e-02	2.684839e-07	3.715089e+00
7.194245e-02	2.608156e-07	3.572401e+00
7.168459e-02	2.532715e-07	3.228512e+00
7.142857e-02	2.458776e-07	2.944654e+00
7.117438e-02	2.386575e-07	2.708635e+00
7.092199e-02	2.316321e-07	2.510976e+00
7.067138e-02	2.248200e-07	2.344259e+00
7.042254e-02	2.182360e-07	2.202648e+00
7.017544e-02	2.118909e-07	2.081529e+00
6.993007e-02	2.057906e-07	1.977233e+00
6.968641e-02	1.999363e-07	1.886833e+00
6.944444e-02	1.943248e-07	1.807978e+00
6.920415e-02	1.889490e-07	1.738776e+00
6.896552e-02	1.837991e-07	1.677689e+00
6.872852e-02	1.788635e-07	1.623462e+00
6.849315e-02	1.741298e-07	1.575059e+00
6.825939e-02	1.695860e-07	1.531613e+00
6.802721e-02	1.652203e-07	1.492392e+00
6.779661e-02	1.610223e-07	1.456767e+00
6.756757e-02	1.569829e-07	1.424198e+00
6.734007e-02	1.530945e-07	1.394221e+00
6.711409e-02	1.493510e-07	1.366439e+00
6.688963e-02	1.457470e-07	1.340524e+00
6.666667e-02	1.422770e-07	1.316215e+00
6.644518e-02	1.389347e-07	1.293315e+00
6.622517e-02	1.357117e-07	1.271673e+00
6.600660e-02	1.325982e-07	1.251165e+00
6.578947e-02	1.295821e-07	1.231669e+00
6.557377e-02	1.266506e-07	1.213058e+00
6.535948e-02	1.237897e-07	1.195190e+00
6.514658e-02	1.209852e-07	1.177920e+00
6.493506e-02	1.182231e-07	1.161105e+00
6.472492e-02	1.154898e-07	1.144615e+00
6.451613e-02	1.127726e-07	1.128344e+00
6.430868e-02	1.100600e-07	1.112216e+00
6.410256e-02	1.073418e-07	1.096185e+00
6.389776e-02	1.046096e-07	1.080221e+00
6.369427e-02	1.018570e-07	1.064302e+00
6.349206e-02	9.908023e-08	1.048401e+00
6.329114e-02	9.627781e-08	1.032481e+00
6.309148e-02	9.345052e-08	1.016497e+00
6.289308e-02	9.060072e-08	1.000401e+00
6.269592e-02	8.773187e-08	9.841576e-01
6.250000e-02	8.484815e-08	9.677554e-01
6.230530e-02	8.195438e-08	9.512252e-01
6.211180e-02	7.905610e-08	9.346428e-01
6.191950e-02	7.615957e-08	9.181206e-01
6.172840e-02	7.327180e-08	9.017868e-01
6.153846e-02	7.040033e-08	8.857587e-01
6.134969e-02	6.755297e-08	8.701159e-01
6.116208e-02	6.473747e-08	8.548834e-01
6.097561e-02	6.196125e-08	8.400339e-01
6.079027e-02	5.923107e-08	8.255090e-01
6.060606e-02	5.655297e-08	8.112490e-01
6.042296e-02	5.393213e-08	7.972215e-01
6.024096e-02	5.137301e-08	7.834353e-01
6.006006e-02	4.887942e-08	7.699395e-01
5.988024e-02	4.645477e-08	7.568137e-01
5.970149e-02	4.410222e-08	7.441548e-01
5.952381e-02	4.182485e-08	7.320640e-01
5.934718e-02	3.962575e-08	7.206343e-01
5.917160e-02	3.750815e-08	7.099400e-01
5.899705e-02	3.547551e-08	7.000307e-01
5.882353e-02	3.353173e-08	6.909294e-01
5.865103e-02	3.168123e-08	6.826342e-01
5.847953e-02	2.992904e-08	6.751223e-01
5.830904e-02	2.828063e-08	6.683561e-01
5.813953e-02	2.674166e-08	6.622929e-01
5.797101e-02	2.531755e-08	6.568951e-01
5.780347e-02	2.401283e-08	6.521393e-01
5.763689e-02	2.283056e-08	6.480206e-01
5.747126e-02	2.177195e-08	6.445501e-01
5.730659e-02	2.083616e-08	6.417491e-01
5.714286e-02	2.002037e-08	6.396417e-01
5.698006e-02	1.931992e-08	6.382482e-01
5.681818e-02	1.872846e-08	6.375778e-01
5.665722e-02	1.823780e-08	6.376220e-01
5.649718e-02	1.783765e-08	6.383476e-01
5.633803e-02	1.751534e-08	6.396921e-01
5.617978e-02	1.725565e-08	6.415638e-01
5.602241e-02	1.704091e-08	6.438477e-01
5.586592e-02	1.685154e-08	6.464140e-01
5.571031e-02	1.666667e-08	6.491293e-01
5.555556e-02	1.646499e-08	6.518649e-01
5.540166e-02	1.622534e-08	6.545004e-01
5.524862e-02	1.592715e-08	6.569227e-01
5.509642e-02	1.555092e-08	6.590212e-01
5.494505e-02	1.507906e-08	6.606827e-01
5.479452e-02	1.449751e-08	6.617898e-01
5.464481e-02	1.379811e-08	6.622242e-01
5.449591e-02	1.298131e-08	6.618724e-01
5.434783e-02	1.205810e-08	6.606311e-01
5.420054e-02	1.105015e-08	6.584151e-01
5.405405e-02	9.987651e-09	6.551715e-01
5.390836e-02	8.905267e-09	6.509008e-01
5.376344e-02	7.837357e-09	6.456702e-01
5.361930e-02	6.813863e-09	6.396034e-01
5.347594e-02	5.857769e-09	6.328432e-01
5.333333e-02	4.984361e-09	6.255012e-01
5.319149e-02	4.201993e-09	6.176214e-01
5.305040e-02	3.513861e-09	6.091882e-01
5.291005e-02	2.920141e-09	6.001834e-01
5.277045e-02	2.419771e-09	5.906488e-01
5.263158e-02	2.011308e-09	5.807074e-01
5.249344e-02	1.692864e-09	5.705432e-01
5.235602e-02	1.461570e-09	5.603701e-01
5.221932e-02	1.313154e-09	5.504046e-01
5.208333e-02	1.241962e-09	5.408449e-01
5.194805e-02	1.241405e-09	5.318553e-01
5.181347e-02	1.304601e-09	5.235598e-01
5.167959e-02	1.424945e-09	5.160401e-01
5.154639e-02	1.596547e-09	5.093377e-01
5.141388e-02	1.814521e-09	5.034571e-01
5.128205e-02	2.075158e-09	4.983713e-01
5.115090e-02	2.375986e-09	4.940253e-01
5.102041e-02	2.715655e-09	4.903357e-01
5.089059e-02	3.093571e-09	4.871864e-01
5.076142e-02	3.509170e-09	4.844233e-01
5.063291e-02	3.960857e-09	4.818555e-01
5.050505e-02	4.444788e-09	4.792662e-01
5.037783e-02	4.953981e-09	4.764381e-01
5.025126e-02	5.478301e-09	4.731937e-01
5.012531e-02	6.005598e-09	4.694438e-01
5.000000e-02	6.523591e-09	4.652180e-01
4.987531e-02	7.021741e-09	4.606510e-01
4.975124e-02	7.492455e-09	4.559303e-01
4.962779e-02	7.931429e-09	4.512388e-01
4.950495e-02	8.337311e-09	4.467195e-01
4.938272e-02	8.711010e-09	4.424667e-01
4.926108e-02	9.054927e-09	4.385314e-01
4.914005e-02	9.372294e-09	4.349327e-01
4.901961e-02	9.666674e-09	4.316688e-01
4.889976e-02	9.941629e-09	4.287250e-01
4.878049e-02	1.020052e-08	4.260800e-01
4.866180e-02	1.044640e-08	4.237095e-01
4.854369e-02	1.068197e-08	4.215890e-01
4.842615e-02	1.090958e-08	4.196945e-01
4.830918e-02	1.113118e-08	4.180042e-01
4.819277e-02	1.134841e-08	4.164981e-01
4.807692e-02	1.156257e-08	4.151584e-01
4.796163e-02	1.177462e-08	4.139698e-01
4.784689e-02	1.198523e-08	4.129191e-01
4.773270e-02	1.219481e-08	4.119953e-01
4.761905e-02	1.240344e-08	4.111890e-01
4.750594e-02	1.261097e-08	4.104927e-01
4.739336e-02	1.281699e-08	4.098995e-01
4.728132e-02	1.302083e-08	4.094033e-01
4.716981e-02	1.322154e-08	4.089976e-01
4.705882e-02	1.341794e-08	4.086759e-01
4.694836e-02	1.360860e-08	4.084311e-01
4.683841e-02	1.379182e-08	4.082555e-01
4.672897e-02	1.396565e-08	4.081413e-01
4.662005e-02	1.412790e-08	4.080803e-01
4.651163e-02	1.427614e-08	4.080648e-01
4.640371e-02	1.440774e-08	4.080877e-01
4.629630e-02	1.451989e-08	4.081425e-01
4.618938e-02	1.460961e-08	4.082236e-01
4.608295e-02	1.467385e-08	4.083264e-01
4.597701e-02	1.470957e-08	4.084470e-01
4.587156e-02	1.471379e-08	4.085828e-01
4.576659e-02	1.468373e-08	4.087322e-01
4.566210e-02	1.461697e-08	4.088951e-01
4.555809e-02	1.451154e-08	4.090727e-01
4.545455e-02	1.436609e-08	4.092682e-01
4.535147e-02	1.418001e-08	4.094863e-01
4.524887e-02	1.395353e-08	4.097330e-01
4.514673e-02	1.368778e-08	4.100147e-01
4.504505e-02	1.338480e-08	4.103378e-01
4.494382e-02	1.304755e-08	4.107076e-01
4.484305e-02	1.267983e-08	4.111275e-01
4.474273e-02	1.228620e-08	4.115984e-01
4.464286e-02	1.187185e-08	4.121180e-01
4.454343e-02	1.144248e-08	4.126800e-01
4.444444e-02	1.100412e-08	4.132741e-01
4.434590e-02	1.056305e-08	4.138848e-01
4.424779e-02	1.012557e-08	4.144919e-01
4.415011e-02	9.697935e-09	4.150705e-01
4.405286e-02	9.286180e-09	4.155929e-01
4.395604e-02	8.896045e-09	4.160301e-01
4.385965e-02	8.532877e-09	4.163558e-01
4.376368e-02	8.201545e-09	4.165493e-01
4.366812e-02	7.906329e-09	4.165989e-01
4.357298e-02	7.650782e-09	4.165050e-01
4.347826e-02	7.437559e-09	4.162810e-01
4.338395e-02	7.268286e-09	4.159540e-01
4.329004e-02	7.143529e-09	4.155623e-01
4.319654e-02	7.062881e-09	4.151506e-01
4.310345e-02	7.025143e-09	4.147649e-01
4.301075e-02	7.028528e-09	4.144473e-01
4.291845e-02	7.070817e-09	4.142341e-01
4.282655e-02	7.149450e-09	4.141551e-01
4.273504e-02	7.261549e-09	4.142364e-01
4.264392e-02	7.403900e-09	4.145024e-01
4.255319e-02	7.572963e-09	4.149786e-01
4.246285e-02	7.764929e-09	4.156923e-01
4.237288e-02	7.975856e-09	4.166719e-01
4.228330e-02	8.201867e-09	4.179470e-01
4.219409e-02	8.439346e-09	4.195465e-01
4.210526e-02	8.685072e-09	4.214959e-01
4.201681e-02	8.936238e-09	4.238123e-01
4.192872e-02	9.190343e-09	4.264975e-01
4.184100e-02	9.445067e-09	4.295340e-01
4.175365e-02	9.698204e-09	4.328856e-01
4.166667e-02	9.947768e-09	4.365055e-01
4.158004e-02	1.019224e-08	4.403475e-01
4.149378e-02	1.043085e-08	4.443771e-01
4.140787e-02	1.066362e-08	4.485798e-01
4.132231e-02	1.089125e-08	4.529648e-01
4.123711e-02	1.111468e-08	4.575649e-01
4.115226e-02	1.133459e-08	4.624299e-01
4.106776e-02	1.155092e-08	4.676163e-01
4.098361e-02	1.176259e-08	4.731742e-01
4.089980e-02	1.196740e-08	4.791380e-01
4.081633e-02	1.216217e-08	4.855192e-01
4.073320e-02	1.234289e-08	4.923044e-01
4.065041e-02	1.250514e-08	4.994560e-01
4.056795e-02	1.264442e-08	5.069160e-01
4.048583e-02	1.275675e-08	5.146152e-01
4.040404e-02	1.283924e-08	5.224833e-01
4.032258e-02	1.289053e-08	5.304570e-01
4.024145e-02	1.291094e-08	5.384777e-01
4.016064e-02	1.290234e-08	5.464815e-01
4.008016e-02	1.286783e-08	5.543838e-01
4.000000e-02	1.281128e-08	5.620680e-01
3.992016e-02	1.273699e-08	5.693813e-01
3.984064e-02	1.264928e-08	5.761399e-01
3.976143e-02	1.255222e-08	5.821413e-01
3.968254e-02	1.244936e-08	5.871813e-01
3.960396e-02	1.234365e-08	5.910734e-01
3.952569e-02	1.223745e-08	5.936683e-01
3.944773e-02	1.213258e-08	5.948700e-01
3.937008e-02	1.203043e-08	5.946451e-01
3.929273e-02	1.193204e-08	5.930239e-01
3.921569e-02	1.183807e-08	5.900927e-01
3.913894e-02	1.174878e-08	5.859809e-01
3.906250e-02	1.166398e-08	5.808472e-01
3.898635e-02	1.158311e-08	5.748659e-01
3.891051e-02	1.150522e-08	5.682167e-01
3.883495e-02	1.142910e-08	5.610757e-01
3.875969e-02	1.135338e-08	5.536085e-01
3.868472e-02	1.127660e-08	5.459658e-01
3.861004e-02	1.119735e-08	5.382797e-01
3.853565e-02	1.111431e-08	5.306623e-01
3.846154e-02	1.102630e-08	5.232056e-01
3.838772e-02	1.093237e-08	5.159828e-01
3.831418e-02	1.083174e-08	5.090505e-01
3.824092e-02	1.072387e-08	5.024513e-01
3.816794e-02	1.060838e-08	4.962171e-01
3.809524e-02	1.048511e-08	4.903726e-01
3.802281e-02	1.035402e-08	4.849387e-01
3.795066e-02	1.021520e-08	4.799356e-01
3.787879e-02	1.006889e-08	4.753829e-01
3.780718e-02	9.915372e-09	4.712986e-01
3.773585e-02	9.755037e-09	4.676957e-01
3.766478e-02	9.588291e-09	4.645793e-01
3.759398e-02	9.415571e-09	4.619438e-01
3.752345e-02	9.237324e-09	4.597713e-01
3.745318e-02	9.054017e-09	4.580313e-01
3.738318e-02	8.866149e-09	4.566822e-01
3.731343e-02	8.674282e-09	4.556742e-01
3.724395e-02	8.479075e-09	4.549545e-01
3.717472e-02	8.281313e-09	4.544724e-01
3.710575e-02	8.081922e-09	4.541854e-01
3.703704e-02	7.881966e-09	4.540619e-01
3.696858e-02	7.682614e-09	4.540817e-01
3.690037e-02	7.485093e-09	4.542345e-01
3.683241e-02	7.290621e-09	4.545168e-01
3.676471e-02	7.100342e-09	4.549289e-01
3.669725e-02	6.915263e-09	4.554720e-01
3.663004e-02	6.736207e-09	4.561487e-01
3.656307e-02	6.563784e-09	4.569644e-01
3.649635e-02	6.398383e-09	4.579305e-01
3.642987e-02	6.240188e-09	4.590680e-01
3.636364e-02	6.089193e-09	4.604097e-01
3.629764e-02	5.945245e-09	4.620004e-01
3.623188e-02	5.808070e-09	4.638938e-01
3.616637e-02	5.677317e-09	4.661477e-01
3.610108e-02	5.552584e-09	4.688163e-01
3.603604e-02	5.433455e-09	4.719416e-01
3.597122e-02	5.319531e-09	4.755442e-01
3.590664e-02	5.210466e-09	4.796140e-01
3.584229e-02	5.106005e-09	4.841045e-01
3.577818e-02	5.006009e-09	4.889319e-01
3.571429e-02	4.910452e-09	4.939800e-01
3.565062e-02	4.819389e-09	4.991108e-01
3.558719e-02	4.732904e-09	5.041758e-01
3.552398e-02	4.651061e-09	5.090282e-01
3.546099e-02	4.573872e-09	5.135334e-01
3.539823e-02	4.501277e-09	5.175756e-01
3.533569e-02	4.433155e-09	5.210610e-01
3.527337e-02	4.369327e-09	5.239148e-01
3.521127e-02	4.309580e-09	5.260755e-01
3.514938e-02	4.253670e-09	5.274864e-01
3.508772e-02	4.201336e-09	5.280911e-01
3.502627e-02	4.152300e-09	5.278321e-01
3.496503e-02	4.106272e-09	5.266570e-01
3.490401e-02	4.062950e-09	5.245293e-01
3.484321e-02	4.022021e-09	5.214414e-01
3.478261e-02	3.983167e-09	5.174263e-01
3.472222e-02	3.946065e-09	5.125629e-01
3.466205e-02	3.910394e-09	5.069741e-01
3.460208e-02	3.875840e-09	5.008172e-01
3.454231e-02	3.842100e-09	4.942693e-01
3.448276e-02	3.808887e-09	4.875112e-01
3.442341e-02	3.775931e-09	4.807132e-01
3.436426e-02	3.742983e-09	4.740242e-01
3.430532e-02	3.709814e-09	4.675660e-01
3.424658e-02	3.676216e-09	4.614315e-01
3.418803e-02	3.641999e-09	4.556862e-01
3.412969e-02	3.606994e-09	4.503715e-01
3.407155e-02	3.571053e-09	4.455090e-01
3.401361e-02	3.534046e-09	4.411055e-01
3.395586e-02	3.495868e-09	4.371569e-01
3.389831e-02	3.456431e-09	4.336519e-01
3.384095e-02	3.415668e-09	4.305748e-01
3.378378e-02	3.373528e-09	4.279085e-01
3.372681e-02	3.329972e-09	4.256353e-01
3.367003e-02	3.284968e-09	4.237395e-01
3.361345e-02	3.238486e-09	4.222073e-01
3.355705e-02	3.190492e-09	4.210285e-01
3.350084e-02	3.140943e-09	4.201972e-01
3.344482e-02	3.089783e-09	4.197121e-01
3.338898e-02	3.036941e-09	4.195775e-01
3.333333e-02	2.982321e-09	4.198041e-01
3.327787e-02	2.925801e-09	4.204099e-01
3.322259e-02	2.867226e-09	4.214209e-01
3.316750e-02	2.806397e-09	4.228722e-01
3.311258e-02	2.743063e-09	4.248093e-01
3.305785e-02	2.676910e-09	4.272885e-01
3.300330e-02	2.607549e-09	4.303782e-01
3.294893e-02	2.534501e-09	4.341584e-01
3.289474e-02	2.457191e-09	4.387204e-01
3.284072e-02	2.374935e-09	4.441635e-01
3.278689e-02	2.286931e-09	4.505903e-01
3.273322e-02	2.192258e-09	4.580971e-01
3.267974e-02	2.089873e-09	4.667604e-01
3.262643e-02	1.978614e-09	4.766170e-01
3.257329e-02	1.857221e-09	4.876407e-01
3.252033e-02	1.724363e-09	4.997166e-01
3.246753e-02	1.578701e-09	5.126221e-01
3.241491e-02	1.418982e-09	5.260226e-01
3.236246e-02	1.244179e-09	5.394923e-01
3.231018e-02	1.053691e-09	5.525647e-01
3.225806e-02	8.476067e-10	5.648024e-01
3.220612e-02	6.270081e-10	5.758686e-01
3.215434e-02	3.943110e-10	5.855737e-01
3.210273e-02	1.535751e-10	5.938819e-01
3.205128e-02	-8.926950e-11	6.008812e-01
3.200000e-02	-3.263531e-10	6.067350e-01
3.194888e-02	-5.480204e-10	6.116379e-01
3.189793e-02	-7.432394e-10	6.157867e-01
3.184713e-02	-9.002775e-10	6.193691e-01
3.179650e-02	-1.007591e-09	6.225631e-01
3.174603e-02	-1.054848e-09	6.255434e-01
3.169572e-02	-1.033953e-09	6.284897e-01
3.164557e-02	-9.399275e-10	6.315880e-01
3.159558e-02	-7.715334e-10	6.350106e-01
3.154574e-02	-5.315804e-10	6.388569e-01
3.149606e-02	-2.269414e-10	6.430549e-01
3.144654e-02	1.316532e-10	6.472535e-01
3.139717e-02	5.300235e-10	6.507701e-01
3.134796e-02	9.512158e-10	6.526718e-01
3.129890e-02	1.376564e-09	6.520174e-01
3.125000e-02	1.787165e-09	6.481853e-01
3.120125e-02	2.165579e-09	6.411277e-01
3.115265e-02	2.497373e-09	6.314130e-01
3.110420e-02	2.772143e-09	6.200480e-01
3.105590e-02	2.983829e-09	6.081965e-01
3.100775e-02	3.130404e-09	5.969284e-01
3.095975e-02	3.213142e-09	5.870716e-01
3.091190e-02	3.235727e-09	5.791673e-01
3.086420e-02	3.203383e-09	5.734860e-01
3.081664e-02	3.122155e-09	5.700624e-01
3.076923e-02	2.998377e-09	5.687232e-01
3.072197e-02	2.838335e-09	5.691133e-01
3.067485e-02	2.648081e-09	5.707411e-01
3.062787e-02	2.433348e-09	5.730555e-01
3.058104e-02	2.199529e-09	5.755487e-01
3.053435e-02	1.951680e-09	5.778577e-01
3.048780e-02	1.694554e-09	5.798272e-01
3.044140e-02	1.432662e-09	5.815086e-01
3.039514e-02	1.170369e-09	5.830980e-01
3.034901e-02	9.120137e-10	5.848435e-01
3.030303e-02	6.620127e-10	5.869553e-01
3.025719e-02	4.248641e-10	5.895472e-01
3.021148e-02	2.049930e-10	5.926181e-01
3.016591e-02	6.405606e-12	5.960694e-01
3.012048e-02	-1.677992e-10	5.997411e-01
3.007519e-02	-3.159225e-10	6.034535e-01
3.003003e-02	-4.379980e-10	6.070466e-01
2.998501e-02	-5.358228e-10	6.104130e-01
2.994012e-02	-6.126555e-10	6.135205e-01
2.989537e-02	-6.726581e-10	6.164175e-01
2.985075e-02	-7.202438e-10	6.192145e-01
2.980626e-02	-7.595053e-10	6.220487e-01
2.976190e-02	-7.938466e-10	6.250425e-01
2.971768e-02	-8.258733e-10	6.282685e-01
2.967359e-02	-8.575288e-10	6.317300e-01
2.962963e-02	-8.903850e-10	6.353594e-01
2.958580e-02	-9.259355e-10	6.390387e-01
2.954210e-02	-9.657503e-10	6.426346e-01
2.949853e-02	-1.011486e-09	6.460305e-01
2.945508e-02	-1.064820e-09	6.491298e-01
2.941176e-02	-1.127284e-09	6.518235e-01
2.936858e-02	-1.200033e-09	6.539748e-01
2.932551e-02	-1.283832e-09	6.554888e-01
2.928258e-02	-1.379448e-09	6.563738e-01
2.923977e-02	-1.488067e-09	6.566984e-01
2.919708e-02	-1.611374e-09	6.565298e-01
2.915452e-02	-1.751397e-09	6.559192e-01
2.911208e-02	-1.910318e-09	6.549195e-01
2.906977e-02	-2.090317e-09	6.536130e-01
2.902758e-02	-2.293483e-09	6.521346e-01
2.898551e-02	-2.521754e-09	6.506817e-01
2.894356e-02	-2.776872e-09	6.495052e-01
2.890173e-02	-3.060336e-09	6.488804e-01
2.886003e-02	-3.373314e-09	6.490643e-01
2.881844e-02	-3.716524e-09	6.502477e-01
2.877698e-02	-4.090062e-09	6.525104e-01
2.873563e-02	-4.493189e-09	6.557902e-01
2.869440e-02	-4.924096e-09	6.598716e-01
2.865330e-02	-5.379706e-09	6.644035e-01
2.861230e-02	-5.855556e-09	6.689458e-01
2.857143e-02	-6.345853e-09	6.730442e-01
2.853067e-02	-6.843738e-09	6.763182e-01
2.849003e-02	-7.341783e-09	6.785434e-01
2.844950e-02	-7.832651e-09	6.797052e-01
2.840909e-02	-8.309825e-09	6.800067e-01
2.836879e-02	-8.768233e-09	6.798297e-01
2.832861e-02	-9.204637e-09	6.796555e-01
2.828854e-02	-9.617677e-09	6.799674e-01
2.824859e-02	-1.000752e-08	6.811522e-01
2.820874e-02	-1.037513e-08	6.834170e-01
2.816901e-02	-1.072131e-08	6.867328e-01
2.812940e-02	-1.104565e-08	6.908164e-01
2.808989e-02	-1.134579e-08	6.951613e-01
2.805049e-02	-1.161728e-08	6.991189e-01
2.801120e-02	-1.185412e-08	7.020188e-01
2.797203e-02	-1.204978e-08	7.032937e-01
2.793296e-02	-1.219835e-08	7.025757e-01
2.789400e-02	-1.229534e-08	6.997434e-01
2.785515e-02	-1.233821e-08	6.949184e-01
2.781641e-02	-1.232642e-08	6.884187e-01
2.777778e-02	-1.226131e-08	6.806860e-01
2.773925e-02	-1.214585e-08	6.722060e-01
2.770083e-02	-1.198419e-08	6.634389e-01
2.766252e-02	-1.178134e-08	6.547696e-01
2.762431e-02	-1.154275e-08	6.464835e-01
2.758621e-02	-1.127398e-08	6.387623e-01
2.754821e-02	-1.098041e-08	6.316960e-01
2.751032e-02	-1.066703e-08	6.253030e-01
2.747253e-02	-1.033827e-08	6.195534e-01
2.743484e-02	-9.997977e-09	6.143894e-01
2.739726e-02	-9.649449e-09	6.097380e-01
2.735978e-02	-9.295684e-09	6.055109e-01
2.732240e-02	-8.939667e-09	6.015966e-01
2.728513e-02	-8.584325e-09	5.978784e-01
2.724796e-02	-8.232136e-09	5.942829e-01
2.721088e-02	-7.884951e-09	5.908012e-01
2.717391e-02	-7.544237e-09	5.874625e-01
2.713704e-02	-7.211404e-09	5.843079e-01
2.710027e-02	-6.888023e-09	5.813832e-01
2.706360e-02	-6.575916e-09	5.787409e-01
2.702703e-02	-6.277178e-09	5.764384e-01
2.699055e-02	-5.994132e-09	5.745356e-01
2.695418e-02	-5.729232e-09	5.730899e-01
2.691790e-02	-5.484935e-09	5.721531e-01
2.688172e-02	-5.263527e-09	5.717681e-01
2.684564e-02	-5.066954e-09	5.719666e-01
2.680965e-02	-4.896661e-09	5.727674e-01
2.677376e-02	-4.753499e-09	5.741746e-01
2.673797e-02	-4.637701e-09	5.761755e-01
2.670227e-02	-4.548951e-09	5.787395e-01
2.666667e-02	-4.486523e-09	5.818195e-01
2.663116e-02	-4.449444e-09	5.853553e-01
2.659574e-02	-4.436635e-09	5.892813e-01
2.656042e-02	-4.446990e-09	5.935368e-01
2.652520e-02	-4.479384e-09	5.980740e-01
2.649007e-02	-4.532648e-09	6.028637e-01
2.645503e-02	-4.605539e-09	6.078941e-01
2.642008e-02	-4.696773e-09	6.131648e-01
2.638522e-02	-4.805117e-09	6.186791e-01
2.635046e-02	-4.929574e-09	6.244350e-01
2.631579e-02	-5.069594e-09	6.304211e-01
2.628121e-02	-5.225247e-09	6.366192e-01
2.624672e-02	-5.397295e-09	6.430041e-01
2.621232e-02	-5.587096e-09	6.495303e-01
2.617801e-02	-5.796362e-09	6.561164e-01
2.614379e-02	-6.026850e-09	6.626399e-01
2.610966e-02	-6.280048e-09	6.689458e-01
2.607562e-02	-6.556946e-09	6.748646e-01
2.604167e-02	-6.857936e-09	6.802342e-01
2.600780e-02	-7.182833e-09	6.849215e-01
2.597403e-02	-7.530804e-09	6.888338e-01
2.594034e-02	-7.899497e-09	6.918924e-01
2.590674e-02	-8.283379e-09	6.939626e-01
2.587322e-02	-8.674361e-09	6.948850e-01
2.583979e-02	-9.065091e-09	6.946472e-01
2.580645e-02	-9.449934e-09	6.933858e-01
2.577320e-02	-9.823976e-09	6.912684e-01
2.574003e-02	-1.018231e-08	6.884616e-01
2.570694e-02	-1.051995e-08	6.851472e-01
2.567394e-02	-1.083295e-08	6.814932e-01
2.564103e-02	-1.112094e-08	6.775446e-01
2.560819e-02	-1.138663e-08	6.732464e-01
2.557545e-02	-1.163188e-08	6.686710e-01
2.554278e-02	-1.185738e-08	6.702351e-01
2.551020e-02	-1.206285e-08	6.699434e-01
2.547771e-02	-1.224952e-08	6.632483e-01
2.544529e-02	-1.241884e-08	6.569332e-01
2.541296e-02	-1.257264e-08	6.508847e-01
2.538071e-02	-1.271290e-08	6.450233e-01
2.534854e-02	-1.284157e-08	6.393109e-01
2.531646e-02	-1.296038e-08	6.337498e-01
2.528445e-02	-1.307079e-08	6.283739e-01
2.525253e-02	-1.317399e-08	6.232372e-01
2.522068e-02	-1.327092e-08	6.184006e-01
2.518892e-02	-1.336237e-08	6.139213e-01
2.515723e-02	-1.344900e-08	6.098464e-01
2.512563e-02	-1.353142e-08	6.062101e-01
2.509410e-02	-1.361010e-08	6.030338e-01
2.506266e-02	-1.368542e-08	6.003289e-01
2.503129e-02	-1.375758e-08	5.980984e-01
2.500000e-02	-1.382664e-08	5.963392e-01
2.496879e-02	-1.389242e-08	5.950433e-01
2.493766e-02	-1.395463e-08	5.941987e-01
2.490660e-02	-1.401283e-08	5.937894e-01
2.487562e-02	-1.406650e-08	5.937968e-01
2.484472e-02	-1.411510e-08	5.941997e-01
2.481390e-02	-1.415804e-08	5.949753e-01
2.478315e-02	-1.419478e-08	5.960999e-01
2.475248e-02	-1.422478e-08	5.975494e-01
2.472188e-02	-1.424752e-08	5.992998e-01
2.469136e-02	-1.426253e-08	6.013274e-01
2.466091e-02	-1.426935e-08	6.036093e-01
2.463054e-02	-1.426755e-08	6.061232e-01
2.460025e-02	-1.425670e-08	6.088481e-01
2.457002e-02	-1.423646e-08	6.117652e-01
2.453988e-02	-1.420658e-08	6.148611e-01
2.450980e-02	-1.416718e-08	6.181402e-01
2.447980e-02	-1.411937e-08	6.216592e-01
2.444988e-02	-1.406553e-08	6.255556e-01
2.442002e-02	-1.400437e-08	6.297366e-01
2.439024e-02	-1.392889e-08	6.336271e-01
2.436054e-02	-1.383650e-08	6.371465e-01
2.433090e-02	-1.372804e-08	6.405950e-01
2.430134e-02	-1.360449e-08	6.441063e-01
2.427184e-02	-1.346657e-08	6.476953e-01
2.424242e-02	-1.331487e-08	6.513449e-01
2.421308e-02	-1.314991e-08	6.550338e-01
2.418380e-02	-1.297216e-08	6.587440e-01
2.415459e-02	-1.278210e-08	6.624610e-01
2.412545e-02	-1.258027e-08	6.661744e-01
2.409639e-02	-1.236727e-08	6.698771e-01
2.406739e-02	-1.214377e-08	6.735648e-01
2.403846e-02	-1.191054e-08	6.772361e-01
2.400960e-02	-1.166847e-08	6.808919e-01
2.398082e-02	-1.141853e-08	6.845353e-01
2.395210e-02	-1.116175e-08	6.881712e-01
2.392344e-02	-1.089928e-08	6.918062e-01
2.389486e-02	-1.063230e-08	6.954480e-01
2.386635e-02	-1.036201e-08	6.991051e-01
2.383790e-02	-1.008964e-08	7.027862e-01
2.380952e-02	-9.816373e-09	7.064992e-01
2.378121e-02	-9.543337e-09	7.102511e-01
2.375297e-02	-9.271554e-09	7.140467e-01
2.372479e-02	-9.001905e-09	7.178877e-01
2.369668e-02	-8.735090e-09	7.217723e-01
2.366864e-02	-8.471596e-09	7.256941e-01
2.364066e-02	-8.211665e-09	7.296416e-01
2.361275e-02	-7.955282e-09	7.335980e-01
2.358491e-02	-7.702158e-09	7.375409e-01
2.355713e-02	-7.451745e-09	7.414428e-01
2.352941e-02	-7.203254e-09	7.452721e-01
2.350176e-02	-6.955690e-09	7.489940e-01
2.347418e-02	-6.707907e-09	7.525722e-01
2.344666e-02	-6.458668e-09	7.559705e-01
2.341920e-02	-6.206718e-09	7.591552e-01
2.339181e-02	-5.950859e-09	7.620959e-01
2.336449e-02	-5.690022e-09	7.647683e-01
2.333722e-02	-5.423338e-09	7.671546e-01
2.331002e-02	-5.150188e-09	7.692446e-01
2.328289e-02	-4.870250e-09	7.710361e-01
2.325581e-02	-4.583520e-09	7.725347e-01
2.322880e-02	-4.290316e-09	7.737535e-01
2.320186e-02	-3.991268e-09	7.747118e-01
2.317497e-02	-3.687287e-09	7.754348e-01
2.314815e-02	-3.379521e-09	7.759517e-01
2.312139e-02	-3.069309e-09	7.762951e-01
2.309469e-02	-2.758119e-09	7.764996e-01
2.306805e-02	-2.447488e-09	7.766010e-01
2.304147e-02	-2.138965e-09	7.766354e-01
2.301496e-02	-1.834057e-09	7.766385e-01
2.298851e-02	-1.534175e-09	7.766450e-01
2.296211e-02	-1.240601e-09	7.766886e-01
2.293578e-02	-9.544487e-10	7.768011e-01
2.290951e-02	-6.766462e-10	7.770130e-01
2.288330e-02	-4.079208e-10	7.773529e-01
2.285714e-02	-1.487945e-10	7.778477e-01
2.283105e-02	1.004103e-10	7.785223e-01
2.280502e-02	3.395594e-10	7.794003e-01
2.277904e-02	5.686891e-10	7.805033e-01
2.275313e-02	7.879829e-10	7.818513e-01
2.272727e-02	9.977449e-10	7.834626e-01
2.270148e-02	1.198370e-09	7.853537e-01
2.267574e-02	1.390315e-09	7.875396e-01
2.265006e-02	1.574066e-09	7.900330e-01
2.262443e-02	1.750114e-09	7.928448e-01
2.259887e-02	1.918920e-09	7.959836e-01
2.257336e-02	2.080903e-09	7.994555e-01
2.254791e-02	2.236405e-09	8.032639e-01
2.252252e-02	2.385689e-09	8.074088e-01
2.249719e-02	2.528917e-09	8.118871e-01
2.247191e-02	2.666145e-09	8.166914e-01
2.244669e-02	2.797321e-09	8.218102e-01
2.242152e-02	2.922287e-09	8.272270e-01
2.239642e-02	3.040781e-09	8.329204e-01
2.237136e-02	3.152448e-09	8.388634e-01
2.234637e-02	3.256852e-09	8.450234e-01
2.232143e-02	3.353493e-09	8.513626e-01
2.229654e-02	3.441822e-09	8.578379e-01
2.227171e-02	3.521259e-09	8.644016e-01
2.224694e-02	3.591220e-09	8.710027e-01
2.222222e-02	3.651131e-09	8.775878e-01
2.219756e-02	3.700447e-09	8.841028e-01
2.217295e-02	3.738681e-09	8.904948e-01
2.214839e-02	3.765410e-09	8.967140e-01
2.212389e-02	3.780300e-09	9.027153e-01
2.209945e-02	3.783114e-09	9.084604e-01
2.207506e-02	3.773727e-09	9.139192e-01
2.205072e-02	3.752133e-09	9.190709e-01
2.202643e-02	3.718450e-09	9.239046e-01
2.200220e-02	3.672927e-09	9.284194e-01
2.197802e-02	3.615940e-09	9.326244e-01
2.195390e-02	3.547998e-09	9.365377e-01
2.192982e-02	3.469732e-09	9.401853e-01
2.190581e-02	3.381900e-09	9.436005e-01
2.188184e-02	3.285373e-09	9.468220e-01
2.185792e-02	3.181136e-09	9.498932e-01
2.183406e-02	3.070277e-09	9.528609e-01
2.181025e-02	2.953982e-09	9.557748e-01
2.178649e-02	2.833530e-09	9.586866e-01
2.176279e-02	2.710285e-09	9.616495e-01
2.173913e-02	2.585694e-09	9.647188e-01
2.171553e-02	2.461286e-09	9.679512e-01
2.169197e-02	2.338665e-09	9.714054e-01
2.166847e-02	2.219515e-09	9.751421e-01
2.164502e-02	2.105599e-09	9.792243e-01
2.162162e-02	1.998760e-09	9.837170e-01
2.159827e-02	1.900922e-09	9.886877e-01
2.157497e-02	1.814087e-09	9.942054e-01
2.155172e-02	1.740328e-09	1.000340e+00
2.152853e-02	1.681777e-09	1.007160e+00
2.150538e-02	1.640601e-09	1.014734e+00
2.148228e-02	1.618966e-09	1.023124e+00
2.145923e-02	1.618985e-09	1.032385e+00
2.143623e-02	1.642659e-09	1.042561e+00
2.141328e-02	1.691783e-09	1.053681e+00
2.139037e-02	1.767855e-09	1.065757e+00
2.136752e-02	1.871962e-09	1.078776e+00
2.134472e-02	2.004665e-09	1.092699e+00
2.132196e-02	2.165889e-09	1.107459e+00
2.129925e-02	2.354833e-09	1.122956e+00
2.127660e-02	2.569909e-09	1.139058e+00
2.125399e-02	2.808721e-09	1.155604e+00
2.123142e-02	3.068105e-09	1.172403e+00
2.120891e-02	3.344219e-09	1.189240e+00
2.118644e-02	3.632693e-09	1.205878e+00
2.116402e-02	3.928822e-09	1.222065e+00
2.114165e-02	4.227792e-09	1.237538e+00
2.111932e-02	4.524916e-09	1.252032e+00
2.109705e-02	4.815864e-09	1.265284e+00
2.107482e-02	5.096864e-09	1.277048e+00
2.105263e-02	5.364863e-09	1.287098e+00
2.103049e-02	5.617628e-09	1.295247e+00
2.100840e-02	5.853802e-09	1.301353e+00
2.098636e-02	6.072896e-09	1.305331e+00
2.096436e-02	6.275230e-09	1.307156e+00
2.094241e-02	6.461853e-09	1.306871e+00
2.092050e-02	6.634414e-09	1.304573e+00
2.089864e-02	6.795040e-09	1.300417e+00
2.087683e-02	6.946195e-09	1.294594e+00
2.085506e-02	7.090563e-09	1.287327e+00
2.083333e-02	7.230925e-09	1.278850e+00
2.081165e-02	7.370071e-09	1.269405e+00
2.079002e-02	7.510713e-09	1.259222e+00
2.076843e-02	7.655430e-09	1.248522e+00
2.074689e-02	7.806620e-09	1.237504e+00
2.072539e-02	7.966472e-09	1.226347e+00
2.070393e-02	8.136950e-09	1.215205e+00
2.068252e-02	8.319780e-09	1.204208e+00
2.066116e-02	8.516449e-09	1.193464e+00
2.063983e-02	8.728203e-09	1.183060e+00
2.061856e-02	8.956049e-09	1.173062e+00
2.059732e-02	9.200756e-09	1.163523e+00
2.057613e-02	9.462849e-09	1.154480e+00
2.055498e-02	9.742611e-09	1.145960e+00
2.053388e-02	1.004009e-08	1.137982e+00
2.051282e-02	1.035509e-08	1.130555e+00
2.049180e-02	1.068720e-08	1.123680e+00
2.047083e-02	1.103579e-08	1.117351e+00
2.044990e-02	1.140002e-08	1.111553e+00
2.042901e-02	1.177886e-08	1.106265e+00
2.040816e-02	1.217107e-08	1.101459e+00
2.038736e-02	1.257526e-08	1.097100e+00
2.036660e-02	1.298984e-08	1.093151e+00
2.034588e-02	1.341306e-08	1.089572e+00
2.032520e-02	1.384301e-08	1.086322e+00
2.030457e-02	1.427765e-08	1.083362e+00
2.028398e-02	1.471480e-08	1.080659e+00
2.026342e-02	1.515222e-08	1.078188e+00
2.024291e-02	1.558760e-08	1.075930e+00
2.022245e-02	1.601860e-08	1.073872e+00
2.020202e-02	1.644284e-08	1.071975e+00
2.018163e-02	1.685788e-08	1.070146e+00
2.016129e-02	1.726130e-08	1.068262e+00
2.014099e-02	1.765078e-08	1.066278e+00
2.012072e-02	1.802421e-08	1.064252e+00
2.010050e-02	1.837962e-08	1.062268e+00
2.008032e-02	1.871520e-08	1.060379e+00
2.006018e-02	1.902926e-08	1.058603e+00
2.004008e-02	1.932024e-08	1.056938e+00
2.002002e-02	1.958666e-08	1.055372e+00
2.000000e-02	1.982718e-08	1.053886e+00
1.998002e-02	2.004059e-08	1.052454e+00
1.996008e-02	2.022591e-08	1.051033e+00
1.994018e-02	2.038245e-08	1.049567e+00
1.992032e-02	2.050992e-08	1.047995e+00
1.990050e-02	2.060845e-08	1.046283e+00
1.988072e-02	2.067856e-08	1.044420e+00
1.986097e-02	2.072109e-08	1.042403e+00
1.984127e-02	2.073719e-08	1.040226e+00
1.982161e-02	2.072833e-08	1.037879e+00
1.980198e-02	2.069628e-08	1.035359e+00
1.978239e-02	2.064310e-08	1.032665e+00
1.976285e-02	2.057107e-08	1.029800e+00
1.974334e-02	2.048262e-08	1.026766e+00
1.972387e-02	2.038030e-08	1.023563e+00
1.970443e-02	2.026664e-08	1.020194e+00
1.968504e-02	2.014415e-08	1.016662e+00
1.966568e-02	2.001524e-08	1.012973e+00
1.964637e-02	1.988220e-08	1.009141e+00
1.962709e-02	1.974719e-08	1.005185e+00
1.960784e-02	1.961221e-08	1.001128e+00
1.958864e-02	1.947906e-08	9.969909e-01
1.956947e-02	1.934935e-08	9.927953e-01
1.955034e-02	1.922448e-08	9.885605e-01
1.953125e-02	1.910565e-08	9.843088e-01
1.951220e-02	1.899383e-08	9.800660e-01
1.949318e-02	1.888985e-08	9.758583e-01
1.947420e-02	1.879436e-08	9.717099e-01
1.945525e-02	1.870788e-08	9.676421e-01
1.943635e-02	1.863082e-08	9.636736e-01
1.941748e-02	1.856348e-08	9.598211e-01
1.939864e-02	1.850607e-08	9.560998e-01
1.937984e-02	1.845875e-08	9.525233e-01
1.936108e-02	1.842161e-08	9.491042e-01
1.934236e-02	1.839467e-08	9.458536e-01
1.932367e-02	1.837796e-08	9.427813e-01
1.930502e-02	1.837143e-08	9.398954e-01
1.928640e-02	1.837504e-08	9.372015e-01
1.926782e-02	1.838872e-08	9.347026e-01
1.924928e-02	1.841239e-08	9.323985e-01
1.923077e-02	1.844595e-08	9.302858e-01
1.921230e-02	1.848927e-08	9.283594e-01
1.919386e-02	1.854220e-08	9.266130e-01
1.917546e-02	1.860455e-08	9.250404e-01
1.915709e-02	1.867612e-08	9.236368e-01
1.913876e-02	1.875664e-08	9.223999e-01
1.912046e-02	1.884587e-08	9.213310e-01
1.910220e-02	1.894356e-08	9.204347e-01
1.908397e-02	1.904947e-08	9.197192e-01
1.906578e-02	1.916339e-08	9.191961e-01
1.904762e-02	1.928509e-08	9.188788e-01
1.902950e-02	1.941436e-08	9.187797e-01
1.901141e-02	1.955099e-08	9.189058e-01
1.899335e-02	1.969473e-08	9.192532e-01
1.897533e-02	1.984534e-08	9.198070e-01
1.895735e-02	2.000253e-08	9.205510e-01
1.893939e-02	2.016604e-08	9.214820e-01
1.892148e-02	2.033558e-08	9.226089e-01
1.890359e-02	2.051087e-08	9.239375e-01
1.888574e-02	2.069161e-08	9.254575e-01
1.886792e-02	2.087750e-08	9.271486e-01
1.885014e-02	2.106824e-08	9.289977e-01
1.883239e-02	2.126350e-08	9.310054e-01
1.881468e-02	2.146293e-08	9.331774e-01
1.879699e-02	2.166620e-08	9.355159e-01
1.877934e-02	2.187293e-08	9.380175e-01
1.876173e-02	2.208275e-08	9.406744e-01
1.874414e-02	2.229526e-08	9.434762e-01
1.872659e-02	2.251007e-08	9.464106e-01
1.870907e-02	2.272674e-08	9.494639e-01
1.869159e-02	2.294485e-08	9.526217e-01
1.867414e-02	2.316394e-08	9.558682e-01
1.865672e-02	2.338355e-08	9.591870e-01
1.863933e-02	2.360322e-08	9.625610e-01
1.862197e-02	2.382246e-08	9.659723e-01
1.860465e-02	2.404078e-08	9.694026e-01
1.858736e-02	2.425768e-08	9.728334e-01
1.857010e-02	2.447264e-08	9.762461e-01
1.855288e-02	2.468515e-08	9.796226e-01
1.853568e-02	2.489468e-08	9.829450e-01
1.851852e-02	2.510070e-08	9.861968e-01
1.850139e-02	2.530266e-08	9.893623e-01
1.848429e-02	2.550002e-08	9.924274e-01
1.846722e-02	2.569224e-08	9.953798e-01
1.845018e-02	2.587877e-08	9.982093e-01
1.843318e-02	2.605905e-08	1.000908e+00
1.841621e-02	2.623255e-08	1.003469e+00
1.839926e-02	2.639872e-08	1.005890e+00
1.838235e-02	2.655702e-08	1.008170e+00
1.836547e-02	2.670691e-08	1.010310e+00
1.834862e-02	2.684788e-08	1.012313e+00
1.833181e-02	2.697941e-08	1.014185e+00
1.831502e-02	2.710099e-08	1.015933e+00
1.829826e-02	2.721214e-08	1.017565e+00
1.828154e-02	2.731236e-08	1.019093e+00
1.826484e-02	2.740121e-08	1.020526e+00
1.824818e-02	2.747823e-08	1.021877e+00
1.823154e-02	2.754300e-08	1.023157e+00
1.821494e-02	2.759511e-08	1.024377e+00
1.819836e-02	2.763416e-08	1.025550e+00
1.818182e-02	2.765980e-08	1.026685e+00
1.816530e-02	2.767167e-08	1.027794e+00
1.814882e-02	2.766947e-08	1.028885e+00
1.813237e-02	2.765291e-08	1.029967e+00
1.811594e-02	2.762171e-08	1.031046e+00
1.809955e-02	2.757566e-08	1.032127e+00
1.808318e-02	2.751456e-08	1.033216e+00
1.806685e-02	2.743824e-08	1.034316e+00
1.805054e-02	2.734660e-08	1.035427e+00
1.803427e-02	2.723953e-08	1.036552e+00
1.801802e-02	2.711702e-08	1.037689e+00
1.800180e-02	2.697908e-08	1.038837e+00
1.798561e-02	2.682575e-08	1.039996e+00
1.796945e-02	2.665716e-08	1.041161e+00
1.795332e-02	2.647347e-08	1.042331e+00
1.793722e-02	2.627490e-08	1.043502e+00
1.792115e-02	2.606174e-08	1.044670e+00
1.790510e-02	2.583431e-08	1.045834e+00
1.788909e-02	2.559303e-08	1.046991e+00
1.787310e-02	2.533833e-08	1.048137e+00
1.785714e-02	2.507074e-08	1.049272e+00
1.784121e-02	2.479081e-08	1.050394e+00
1.782531e-02	2.449917e-08	1.051503e+00
1.780944e-02	2.419647e-08	1.052600e+00
1.779359e-02	2.388342e-08	1.053685e+00
1.777778e-02	2.356077e-08	1.054762e+00
1.776199e-02	2.322928e-08	1.055832e+00
1.774623e-02	2.288977e-08	1.056900e+00
1.773050e-02	2.254304e-08	1.057969e+00
1.771479e-02	2.218993e-08	1.059043e+00
1.769912e-02	2.183128e-08	1.060129e+00
1.768347e-02	2.146790e-08	1.061232e+00
1.766784e-02	2.110064e-08	1.062357e+00
1.765225e-02	2.073028e-08	1.063510e+00
1.763668e-02	2.035761e-08	1.064698e+00
1.762115e-02	1.998339e-08	1.065925e+00
1.760563e-02	1.960833e-08	1.067198e+00
1.759015e-02	1.923312e-08	1.068521e+00
1.757469e-02	1.885840e-08	1.069901e+00
1.755926e-02	1.848477e-08	1.071342e+00
1.754386e-02	1.811277e-08	1.072849e+00
1.752848e-02	1.774290e-08	1.074425e+00
1.751313e-02	1.737562e-08	1.076075e+00
1.749781e-02	1.701132e-08	1.077802e+00
1.748252e-02	1.665037e-08	1.079608e+00
1.746725e-02	1.629306e-08	1.081497e+00
1.745201e-02	1.593965e-08	1.083470e+00
1.743679e-02	1.559036e-08	1.085530e+00
1.742160e-02	1.524535e-08	1.087678e+00
1.740644e-02	1.490477e-08	1.089915e+00
1.739130e-02	1.456869e-08	1.092242e+00
1.737619e-02	1.423719e-08	1.094660e+00
1.736111e-02	1.391029e-08	1.097170e+00
1.734605e-02	1.358799e-08	1.099771e+00
1.733102e-02	1.327029e-08	1.102463e+00
1.731602e-02	1.295713e-08	1.105248e+00
1.730104e-02	1.264847e-08	1.108123e+00
1.728608e-02	1.234422e-08	1.111089e+00
1.727116e-02	1.204432e-08	1.114145e+00
1.725626e-02	1.174866e-08	1.117290e+00
1.724138e-02	1.145717e-08	1.120523e+00
1.722653e-02	1.116973e-08	1.123842e+00
1.721170e-02	1.088627e-08	1.127245e+00
1.719690e-02	1.060669e-08	1.130732e+00
1.718213e-02	1.033089e-08	1.134299e+00
1.716738e-02	1.005880e-08	1.137944e+00
1.715266e-02	9.790347e-09	1.141663e+00
1.713796e-02	9.525453e-09	1.145455e+00
1.712329e-02	9.264064e-09	1.149314e+00
1.710864e-02	9.006124e-09	1.153237e+00
1.709402e-02	8.751587e-09	1.157218e+00
1.707942e-02	8.500411e-09	1.161254e+00
1.706485e-02	8.252560e-09	1.165337e+00
1.705030e-02	8.007999e-09	1.169462e+00
1.703578e-02	7.766693e-09	1.173622e+00
1.702128e-02	7.528605e-09	1.177809e+00
1.700680e-02	7.293693e-09	1.182016e+00
1.699235e-02	7.061912e-09	1.186235e+00
1.697793e-02	6.833206e-09	1.190458e+00
1.696353e-02	6.607510e-09	1.194675e+00
1.694915e-02	6.384748e-09	1.198880e+00
1.693480e-02	6.164833e-09	1.203062e+00
1.692047e-02	5.947668e-09	1.207214e+00
1.690617e-02	5.733143e-09	1.211329e+00
1.689189e-02	5.521138e-09	1.215399e+00
1.687764e-02	5.311529e-09	1.219417e+00
1.686341e-02	5.104182e-09	1.223377e+00
1.684920e-02	4.898961e-09	1.227274e+00
1.683502e-02	4.695733e-09	1.231102e+00
1.682086e-02	4.494363e-09	1.234858e+00
1.680672e-02	4.294726e-09	1.238538e+00
1.679261e-02	4.096704e-09	1.242137e+00
1.677852e-02	3.900190e-09	1.245652e+00
1.676446e-02	3.705091e-09	1.249082e+00
1.675042e-02	3.511330e-09	1.252421e+00
1.673640e-02	3.318843e-09	1.255668e+00
1.672241e-02	3.127584e-09	1.258820e+00
1.670844e-02	2.937520e-09	1.261873e+00
1.669449e-02	2.748632e-09	1.264826e+00
1.668057e-02	2.560911e-09	1.267676e+00
1.666667e-02	2.374359e-09	1.270421e+00
1.665279e-02	2.188978e-09	1.273060e+00
1.663894e-02	2.004776e-09	1.275591e+00
1.662510e-02	1.821755e-09	1.278015e+00
1.661130e-02	1.639914e-09	1.280333e+00
1.659751e-02	1.459244e-09	1.282545e+00
1.658375e-02	1.279722e-09	1.284653e+00
1.657001e-02	1.101315e-09	1.286659e+00
1.655629e-02	9.239751e-10	1.288565e+00
1.654260e-02	7.476417e-10	1.290371e+00
1.652893e-02	5.722407e-10	1.292080e+00
1.651528e-02	3.976873e-10	1.293692e+00
1.650165e-02	2.238873e-10	1.295205e+00
1.648805e-02	5.074193e-11	1.296619e+00
1.647446e-02	-1.218509e-10	1.297929e+00
1.646091e-02	-2.939901e-10	1.299131e+00
1.644737e-02	-4.657683e-10	1.300220e+00
1.643385e-02	-6.372683e-10	1.301191e+00
1.642036e-02	-8.085569e-10	1.302036e+00
1.640689e-02	-9.796819e-10	1.302751e+00
1.639344e-02	-1.150668e-09	1.303329e+00
1.638002e-02	-1.321516e-09	1.303766e+00
1.636661e-02	-1.492194e-09	1.304060e+00
1.635323e-02	-1.662644e-09	1.304210e+00
1.633987e-02	-1.832773e-09	1.304219e+00
1.632653e-02	-2.002461e-09	1.304091e+00
1.631321e-02	-2.171554e-09	1.303833e+00
1.629992e-02	-2.339871e-09	1.303456e+00
1.628664e-02	-2.507204e-09	1.302970e+00
1.627339e-02	-2.673327e-09	1.302392e+00
1.626016e-02	-2.837993e-09	1.301735e+00
1.624695e-02	-3.000943e-09	1.301019e+00
1.623377e-02	-3.161912e-09	1.300260e+00
1.622060e-02	-3.320633e-09	1.299477e+00
1.620746e-02	-3.476845e-09	1.298689e+00
1.619433e-02	-3.630294e-09	1.297913e+00
1.618123e-02	-3.780745e-09	1.297166e+00
1.616815e-02	-3.927980e-09	1.296465e+00
1.615509e-02	-4.071808e-09	1.295825e+00
1.614205e-02	-4.212066e-09	1.295258e+00
1.612903e-02	-4.348621e-09	1.294778e+00
1.611604e-02	-4.481376e-09	1.294394e+00
1.610306e-02	-4.610267e-09	1.294116e+00
1.609010e-02	-4.735264e-09	1.293952e+00
1.607717e-02	-4.856375e-09	1.293908e+00
1.606426e-02	-4.973640e-09	1.293990e+00
1.605136e-02	-5.087131e-09	1.294200e+00
1.603849e-02	-5.196951e-09	1.294543e+00
1.602564e-02	-5.303229e-09	1.295020e+00
1.601281e-02	-5.406114e-09	1.295631e+00
1.600000e-02	-5.505780e-09	1.296378e+00
1.598721e-02	-5.602410e-09	1.297259e+00
1.597444e-02	-5.696199e-09	1.298274e+00
1.596169e-02	-5.787348e-09	1.299420e+00
1.594896e-02	-5.876053e-09	1.300696e+00
1.593625e-02	-5.962509e-09	1.302098e+00
1.592357e-02	-6.046897e-09	1.303623e+00
1.591090e-02	-6.129382e-09	1.305268e+00
1.589825e-02	-6.210104e-09	1.307030e+00
1.588562e-02	-6.289177e-09	1.308902e+00
1.587302e-02	-6.366683e-09	1.310882e+00
1.586043e-02	-6.442662e-09	1.312963e+00
1.584786e-02	-6.517113e-09	1.315141e+00
1.583531e-02	-6.589985e-09	1.317411e+00
1.582278e-02	-6.661174e-09	1.319765e+00
1.581028e-02	-6.730522e-09	1.322198e+00
1.579779e-02	-6.797806e-09	1.324704e+00
1.578532e-02	-6.862745e-09	1.327275e+00
1.577287e-02	-6.924987e-09	1.329904e+00
1.576044e-02	-6.984118e-09	1.332585e+00
1.574803e-02	-7.039653e-09	1.335308e+00
1.573564e-02	-7.091039e-09	1.338067e+00
1.572327e-02	-7.137661e-09	1.340854e+00
1.571092e-02	-7.178836e-09	1.343659e+00
1.569859e-02	-7.213822e-09	1.346475e+00
1.568627e-02	-7.241824e-09	1.349293e+00
1.567398e-02	-7.261997e-09	1.352104e+00
1.566171e-02	-7.273455e-09	1.354900e+00
1.564945e-02	-7.275281e-09	1.357673e+00
1.563722e-02	-7.266537e-09	1.360413e+00
1.562500e-02	-7.246273e-09	1.363113e+00
1.561280e-02	-7.213546e-09	1.365766e+00
1.560062e-02	-7.167427e-09	1.368363e+00
1.558846e-02	-7.107019e-09	1.370898e+00
1.557632e-02	-7.031471e-09	1.373366e+00
1.556420e-02	-6.939994e-09	1.375760e+00
1.555210e-02	-6.831876e-09	1.378076e+00
1.554002e-02	-6.706495e-09	1.380310e+00
1.552795e-02	-6.563336e-09	1.382460e+00
1.551590e-02	-6.402000e-09	1.384524e+00
1.550388e-02	-6.222220e-09	1.386502e+00
1.549187e-02	-6.023868e-09	1.388393e+00
1.547988e-02	-5.806965e-09	1.390201e+00
1.546790e-02	-5.571685e-09	1.391926e+00
1.545595e-02	-5.318361e-09	1.393572e+00
1.544402e-02	-5.047487e-09	1.395144e+00
1.543210e-02	-4.759713e-09	1.396648e+00
1.542020e-02	-4.455848e-09	1.398088e+00
1.540832e-02	-4.136846e-09	1.399471e+00
1.539646e-02	-3.803808e-09	1.400803e+00
1.538462e-02	-3.457964e-09	1.402093e+00
1.537279e-02	-3.100662e-09	1.403347e+00
1.536098e-02	-2.733358e-09	1.404572e+00
1.534919e-02	-2.357596e-09	1.405776e+00
1.533742e-02	-1.974994e-09	1.406965e+00
1.532567e-02	-1.587222e-09	1.408146e+00
1.531394e-02	-1.195988e-09	1.409327e+00
1.530222e-02	-8.030154e-10	1.410512e+00
1.529052e-02	-4.100246e-10	1.411707e+00
1.527884e-02	-1.871281e-11	1.412918e+00
1.526718e-02	3.692636e-10	1.414149e+00
1.525553e-02	7.523092e-10	1.415404e+00
1.524390e-02	1.128906e-09	1.416687e+00
1.523229e-02	1.497628e-09	1.418001e+00
1.522070e-02	1.857157e-09	1.419348e+00
1.520913e-02	2.206296e-09	1.420732e+00
1.519757e-02	2.543978e-09	1.422154e+00
1.518603e-02	2.869273e-09	1.423615e+00
1.517451e-02	3.181396e-09	1.425118e+00
1.516300e-02	3.479711e-09	1.426663e+00
1.515152e-02	3.763727e-09	1.428252e+00
1.514005e-02	4.033100e-09	1.429885e+00
1.512859e-02	4.287631e-09	1.431564e+00
1.511716e-02	4.527253e-09	1.433289e+00
1.510574e-02	4.752027e-09	1.435061e+00
1.509434e-02	4.962129e-09	1.436883e+00
1.508296e-02	5.157840e-09	1.438754e+00
1.507159e-02	5.339532e-09	1.440676e+00
1.506024e-02	5.507652e-09	1.442651e+00
1.504891e-02	5.662709e-09	1.444681e+00
1.503759e-02	5.805258e-09	1.446767e+00
1.502630e-02	5.935885e-09	1.448912e+00
1.501502e-02	6.055191e-09	1.451119e+00
1.500375e-02	6.163780e-09	1.453390e+00
1.499250e-02	6.262245e-09	1.455728e+00
1.498127e-02	6.351156e-09	1.458137e+00
1.497006e-02	6.431050e-09	1.460619e+00
1.495886e-02	6.502420e-09	1.463179e+00
1.494768e-02	6.565709e-09	1.465821e+00
1.493652e-02	6.621303e-09	1.468548e+00
1.492537e-02	6.669526e-09	1.471365e+00
1.491424e-02	6.710638e-09	1.474276e+00
1.490313e-02	6.744831e-09	1.477284e+00
1.489203e-02	6.772232e-09	1.480396e+00
1.488095e-02	6.792899e-09	1.483613e+00
1.486989e-02	6.806828e-09	1.486942e+00
1.485884e-02	6.813953e-09	1.490385e+00
1.484781e-02	6.814149e-09	1.493946e+00
1.483680e-02	6.807240e-09	1.497630e+00
1.482580e-02	6.793003e-09	1.501438e+00
1.481481e-02	6.771171e-09	1.505374e+00
1.480385e-02	6.741445e-09	1.509440e+00
1.479290e-02	6.703495e-09	1.513639e+00
1.478197e-02	6.656974e-09	1.517970e+00
1.477105e-02	6.601517e-09	1.522435e+00
1.476015e-02	6.536753e-09	1.527033e+00
1.474926e-02	6.462312e-09	1.531764e+00
1.473839e-02	6.377832e-09	1.536626e+00
1.472754e-02	6.282960e-09	1.541614e+00
1.471670e-02	6.177365e-09	1.546727e+00
1.470588e-02	6.060739e-09	1.551957e+00
1.469508e-02	5.932801e-09	1.557299e+00
1.468429e-02	5.793303e-09	1.562745e+00
1.467351e-02	5.642030e-09	1.568286e+00
1.466276e-02	5.478803e-09	1.573913e+00
1.465201e-02	5.303480e-09	1.579613e+00
1.464129e-02	5.115957e-09	1.585376e+00
1.463058e-02	4.916163e-09	1.591188e+00
1.461988e-02	4.704062e-09	1.597034e+00
1.460920e-02	4.479654e-09	1.602903e+00
1.459854e-02	4.242964e-09	1.608779e+00
1.458789e-02	3.994048e-09	1.614648e+00
1.457726e-02	3.732989e-09	1.620498e+00
1.456664e-02	3.459893e-09	1.626316e+00
1.455604e-02	3.174889e-09	1.632090e+00
1.454545e-02	2.878132e-09	1.637810e+00
1.453488e-02	2.569801e-09	1.643467e+00
1.452433e-02	2.250104e-09	1.649055e+00
1.451379e-02	1.919282e-09	1.654566e+00
1.450326e-02	1.577614e-09	1.659996e+00
1.449275e-02	1.225424e-09	1.665341e+00
1.448226e-02	8.630965e-10	1.670598e+00
1.447178e-02	4.910780e-10	1.675763e+00
1.446132e-02	1.098959e-10	1.680832e+00
1.445087e-02	-2.798311e-10	1.685803e+00
1.444043e-02	-6.773800e-10	1.690669e+00
1.443001e-02	-1.081910e-09	1.695423e+00
1.441961e-02	-1.492452e-09	1.700058e+00
1.440922e-02	-1.907895e-09	1.704563e+00
1.439885e-02	-2.326986e-09	1.708924e+00
1.438849e-02	-2.748318e-09	1.713127e+00
1.437815e-02	-3.170334e-09	1.717155e+00
1.436782e-02	-3.591333e-09	1.720990e+00
1.435750e-02	-4.009476e-09	1.724611e+00
1.434720e-02	-4.422810e-09	1.727998e+00
1.433692e-02	-4.829281e-09	1.731131e+00
1.432665e-02	-5.226767e-09	1.733988e+00
1.431639e-02	-5.613111e-09	1.736551e+00
1.430615e-02	-5.986151e-09	1.738803e+00
1.429593e-02	-6.343769e-09	1.740729e+00
1.428571e-02	-6.683923e-09	1.742317e+00
1.427552e-02	-7.004696e-09	1.743559e+00
1.426534e-02	-7.304331e-09	1.744452e+00
1.425517e-02	-7.581268e-09	1.744994e+00
1.424501e-02	-7.834176e-09	1.745193e+00
1.423488e-02	-8.061981e-09	1.745057e+00
1.422475e-02	-8.263881e-09	1.744604e+00
1.421464e-02	-8.439357e-09	1.743854e+00
1.420455e-02	-8.588174e-09	1.742836e+00
1.419446e-02	-8.710376e-09	1.741583e+00
1.418440e-02	-8.806264e-09	1.740132e+00
1.417434e-02	-8.876379e-09	1.738525e+00
1.416431e-02	-8.921465e-09	1.736807e+00
1.415428e-02	-8.942433e-09	1.735023e+00
1.414427e-02	-8.940323e-09	1.733219e+00
1.413428e-02	-8.916255e-09	1.731440e+00
1.412429e-02	-8.871387e-09	1.729731e+00
1.411433e-02	-8.806870e-09	1.728130e+00
1.410437e-02	-8.723805e-09	1.726673e+00
1.409443e-02	-8.623207e-09	1.725391e+00
1.408451e-02	-8.505968e-09	1.724309e+00
1.407460e-02	-8.372830e-09	1.723448e+00
1.406470e-02	-8.224371e-09	1.722820e+00
1.405481e-02	-8.060979e-09	1.722432e+00
1.404494e-02	-7.882856e-09	1.722285e+00
1.403509e-02	-7.690015e-09	1.722373e+00
1.402525e-02	-7.482286e-09	1.722687e+00
1.401542e-02	-7.259333e-09	1.723210e+00
1.400560e-02	-7.020671e-09	1.723925e+00
1.399580e-02	-6.765693e-09	1.724811e+00
1.398601e-02	-6.493699e-09	1.725846e+00
1.397624e-02	-6.203926e-09	1.727008e+00
1.396648e-02	-5.895583e-09	1.728279e+00
1.395673e-02	-5.567889e-09	1.729641e+00
1.394700e-02	-5.220112e-09	1.731083e+00
1.393728e-02	-4.851597e-09	1.732597e+00
1.392758e-02	-4.461816e-09	1.734182e+00
1.391788e-02	-4.050393e-09	1.735842e+00
1.390821e-02	-3.617145e-09	1.737584e+00
1.389854e-02	-3.162117e-09	1.739424e+00
1.388889e-02	-2.685612e-09	1.741379e+00
1.387925e-02	-2.188227e-09	1.743468e+00
1.386963e-02	-1.670882e-09	1.745713e+00
1.386001e-02	-1.134851e-09	1.748133e+00
1.385042e-02	-5.817894e-10	1.750746e+00
1.384083e-02	-1.375710e-11	1.753567e+00
1.383126e-02	5.667633e-10	1.756602e+00
1.382170e-02	1.156856e-09	1.759853e+00
1.381215e-02	1.753169e-09	1.763313e+00
1.380262e-02	2.351931e-09	1.766965e+00
1.379310e-02	2.948977e-09	1.770783e+00
1.378360e-02	3.539798e-09	1.774729e+00
1.377410e-02	4.119605e-09	1.778761e+00
1.376462e-02	4.683419e-09	1.782824e+00
1.375516e-02	5.226179e-09	1.786862e+00
1.374570e-02	5.742865e-09	1.790812e+00
1.373626e-02	6.228627e-09	1.794614e+00
1.372684e-02	6.678927e-09	1.798208e+00
1.371742e-02	7.089671e-09	1.801543e+00
1.370802e-02	7.457329e-09	1.804573e+00
1.369863e-02	7.779038e-09	1.807264e+00
1.368925e-02	8.052677e-09	1.809593e+00
1.367989e-02	8.276916e-09	1.811549e+00
1.367054e-02	8.451228e-09	1.813131e+00
1.366120e-02	8.575880e-09	1.814351e+00
1.365188e-02	8.651896e-09	1.815227e+00
1.364256e-02	8.680989e-09	1.815786e+00
1.363327e-02	8.665493e-09	1.816058e+00
1.362398e-02	8.608274e-09	1.816080e+00
1.361470e-02	8.512634e-09	1.815887e+00
1.360544e-02	8.382228e-09	1.815515e+00
1.359619e-02	8.220968e-09	1.815001e+00
1.358696e-02	8.032943e-09	1.814378e+00
1.357773e-02	7.822340e-09	1.813677e+00
1.356852e-02	7.593380e-09	1.812927e+00
1.355932e-02	7.350253e-09	1.812150e+00
1.355014e-02	7.097068e-09	1.811367e+00
1.354096e-02	6.837802e-09	1.810594e+00
1.353180e-02	6.576268e-09	1.809841e+00
1.352265e-02	6.316069e-09	1.809116e+00
1.351351e-02	6.060574e-09	1.808421e+00
1.350439e-02	5.812888e-09	1.807754e+00
1.349528e-02	5.575826e-09	1.807112e+00
1.348618e-02	5.351889e-09	1.806487e+00
1.347709e-02	5.143246e-09	1.805871e+00
1.346801e-02	4.951718e-09	1.805254e+00
1.345895e-02	4.778763e-09	1.804629e+00
1.344990e-02	4.625472e-09	1.803989e+00
1.344086e-02	4.492564e-09	1.803328e+00
1.343183e-02	4.380394e-09	1.802646e+00
1.342282e-02	4.288966e-09	1.801947e+00
1.341382e-02	4.217955e-09	1.801237e+00
1.340483e-02	4.166730e-09	1.800531e+00
1.339585e-02	4.134400e-09	1.799844e+00
1.338688e-02	4.119844e-09	1.799198e+00
1.337793e-02	4.121764e-09	1.798617e+00
1.336898e-02	4.138731e-09	1.798131e+00
1.336005e-02	4.169230e-09	1.797768e+00
1.335113e-02	4.211710e-09	1.797560e+00
1.334223e-02	4.264621e-09	1.797538e+00
1.333333e-02	4.326461e-09	1.797734e+00
1.332445e-02	4.395798e-09	1.798179e+00
1.331558e-02	4.471301e-09	1.798901e+00
1.330672e-02	4.551761e-09	1.799928e+00
1.329787e-02	4.636095e-09	1.801286e+00
1.328904e-02	4.723356e-09	1.802997e+00
1.328021e-02	4.812734e-09	1.805084e+00
1.327140e-02	4.903547e-09	1.807568e+00
1.326260e-02	4.995231e-09	1.810465e+00
1.325381e-02	5.087326e-09	1.813795e+00
1.324503e-02	5.179463e-09	1.817573e+00
1.323627e-02	5.271339e-09	1.821815e+00
1.322751e-02	5.362704e-09	1.826537e+00
1.321877e-02	5.453340e-09	1.831755e+00
1.321004e-02	5.543036e-09	1.837483e+00
1.320132e-02	5.631578e-09	1.843736e+00
1.319261e-02	5.718725e-09	1.850530e+00
1.318392e-02	5.804198e-09	1.857878e+00
1.317523e-02	5.887664e-09	1.865793e+00
1.316656e-02	5.968725e-09	1.874288e+00
1.315789e-02	6.046911e-09	1.883372e+00
1.314924e-02	6.121671e-09	1.893054e+00
1.314060e-02	6.192374e-09	1.903337e+00
1.313198e-02	6.258305e-09	1.914222e+00
1.312336e-02	6.318672e-09	1.925706e+00
1.311475e-02	6.372606e-09	1.937782e+00
1.310616e-02	6.419174e-09	1.950436e+00
1.309758e-02	6.457391e-09	1.963651e+00
1.308901e-02	6.486233e-09	1.977401e+00
1.308044e-02	6.504657e-09	1.991658e+00
1.307190e-02	6.511615e-09	2.006386e+00
1.306336e-02	6.506082e-09	2.021544e+00
1.305483e-02	6.487070e-09	2.037087e+00
1.304631e-02	6.453659e-09	2.052963e+00
1.303781e-02	6.405008e-09	2.069118e+00
1.302932e-02	6.340384e-09	2.085494e+00
1.302083e-02	6.259170e-09	2.102031e+00
1.301236e-02	6.160882e-09	2.118667e+00
1.300390e-02	6.045178e-09	2.135340e+00
1.299545e-02	5.911857e-09	2.151987e+00
1.298701e-02	5.760863e-09	2.168548e+00
1.297859e-02	5.592274e-09	2.184964e+00
1.297017e-02	5.406294e-09	2.201179e+00
1.296176e-02	5.203235e-09	2.217141e+00
1.295337e-02	4.983505e-09	2.232803e+00
1.294498e-02	4.747581e-09	2.248120e+00
1.293661e-02	4.495995e-09	2.263056e+00
1.292825e-02	4.229313e-09	2.277576e+00
1.291990e-02	3.948116e-09	2.291654e+00
1.291156e-02	3.652989e-09	2.305265e+00
1.290323e-02	3.344503e-09	2.318391e+00
1.289491e-02	3.023213e-09	2.331019e+00
1.288660e-02	2.689652e-09	2.343136e+00
1.287830e-02	2.344328e-09	2.354736e+00
1.287001e-02	1.987734e-09	2.365813e+00
1.286174e-02	1.620350e-09	2.376363e+00
1.285347e-02	1.242653e-09	2.386381e+00
1.284522e-02	8.551291e-10	2.395866e+00
1.283697e-02	4.582849e-10	2.404813e+00
1.282874e-02	5.266053e-11	2.413217e+00
1.282051e-02	-3.611592e-10	2.421073e+00
1.281230e-02	-7.825352e-10	2.428372e+00
1.280410e-02	-1.210764e-09	2.435105e+00
1.279591e-02	-1.645073e-09	2.441260e+00
1.278772e-02	-2.084619e-09	2.446825e+00
1.277955e-02	-2.528483e-09	2.451786e+00
1.277139e-02	-2.975679e-09	2.456129e+00
1.276324e-02	-3.425154e-09	2.459839e+00
1.275510e-02	-3.875803e-09	2.462905e+00
1.274697e-02	-4.326474e-09	2.465317e+00
1.273885e-02	-4.775985e-09	2.467069e+00
1.273074e-02	-5.223140e-09	2.468159e+00
1.272265e-02	-5.666740e-09	2.468594e+00
1.271456e-02	-6.105604e-09	2.468385e+00
1.270648e-02	-6.538587e-09	2.467555e+00
1.269841e-02	-6.964590e-09	2.466133e+00
1.269036e-02	-7.382579e-09	2.464160e+00
1.268231e-02	-7.791597e-09	2.461686e+00
1.267427e-02	-8.190773e-09	2.458769e+00
1.266624e-02	-8.579327e-09	2.455478e+00
1.265823e-02	-8.956578e-09	2.451888e+00
1.265022e-02	-9.321938e-09	2.448079e+00
1.264223e-02	-9.674912e-09	2.444137e+00
1.263424e-02	-1.001509e-08	2.440149e+00
1.262626e-02	-1.034213e-08	2.436205e+00
1.261830e-02	-1.065576e-08	2.432390e+00
1.261034e-02	-1.095576e-08	2.428790e+00
1.260239e-02	-1.124193e-08	2.425483e+00
1.259446e-02	-1.151408e-08	2.422543e+00
1.258653e-02	-1.177204e-08	2.420037e+00
1.257862e-02	-1.201562e-08	2.418023e+00
1.257071e-02	-1.224459e-08	2.416550e+00
1.256281e-02	-1.245870e-08	2.415657e+00
1.255493e-02	-1.265762e-08	2.415371e+00
1.254705e-02	-1.284100e-08	2.415709e+00
1.253918e-02	-1.300839e-08	2.416673e+00
1.253133e-02	-1.315932e-08	2.418251e+00
1.252348e-02	-1.329323e-08	2.420419e+00
1.251564e-02	-1.340951e-08	2.423134e+00
1.250782e-02	-1.350750e-08	2.426337e+00
1.250000e-02	-1.358650e-08	2.429954e+00
1.249219e-02	-1.364577e-08	2.433892e+00
1.248439e-02	-1.368459e-08	2.438048e+00
1.247661e-02	-1.370223e-08	2.442301e+00
1.246883e-02	-1.369800e-08	2.446527e+00
1.246106e-02	-1.367125e-08	2.450593e+00
1.245330e-02	-1.362142e-08	2.454372e+00
1.244555e-02	-1.354807e-08	2.457738e+00
1.243781e-02	-1.345086e-08	2.460583e+00
1.243008e-02	-1.332964e-08	2.462812e+00
1.242236e-02	-1.318440e-08	2.464351e+00
1.241465e-02	-1.301535e-08	2.465149e+00
1.240695e-02	-1.282291e-08	2.465178e+00
1.239926e-02	-1.260769e-08	2.464430e+00
1.239157e-02	-1.237054e-08	2.462918e+00
1.238390e-02	-1.211251e-08	2.460666e+00
1.237624e-02	-1.183486e-08	2.457713e+00
1.236858e-02	-1.153904e-08	2.454100e+00
1.236094e-02	-1.122666e-08	2.449873e+00
1.235330e-02	-1.089946e-08	2.445076e+00
1.234568e-02	-1.055931e-08	2.439748e+00
1.233806e-02	-1.020813e-08	2.433925e+00
1.233046e-02	-9.847897e-09	2.427633e+00
1.232286e-02	-9.480595e-09	2.420893e+00
1.231527e-02	-9.108173e-09	2.413721e+00
1.230769e-02	-8.732526e-09	2.406127e+00
1.230012e-02	-8.355460e-09	2.398117e+00
1.229256e-02	-7.978674e-09	2.389699e+00
1.228501e-02	-7.603733e-09	2.380880e+00
1.227747e-02	-7.232062e-09	2.371668e+00
1.226994e-02	-6.864929e-09	2.362079e+00
1.226242e-02	-6.503446e-09	2.352133e+00
1.225490e-02	-6.148566e-09	2.341853e+00
1.224740e-02	-5.801087e-09	2.331271e+00
1.223990e-02	-5.461664e-09	2.320424e+00
1.223242e-02	-5.130817e-09	2.309351e+00
1.222494e-02	-4.808941e-09	2.298098e+00
1.221747e-02	-4.496328e-09	2.286709e+00
1.221001e-02	-4.193177e-09	2.275233e+00
1.220256e-02	-3.899609e-09	2.263718e+00
1.219512e-02	-3.615688e-09	2.252209e+00
1.218769e-02	-3.341427e-09	2.240754e+00
1.218027e-02	-3.076810e-09	2.229396e+00
1.217285e-02	-2.821794e-09	2.218178e+00
1.216545e-02	-2.576327e-09	2.207139e+00
1.215805e-02	-2.340349e-09	2.196317e+00
1.215067e-02	-2.113800e-09	2.185744e+00
1.214329e-02	-1.896626e-09	2.175453e+00
1.213592e-02	-1.688774e-09	2.165469e+00
1.212856e-02	-1.490200e-09	2.155816e+00
1.212121e-02	-1.300859e-09	2.146511e+00
1.211387e-02	-1.120712e-09	2.137569e+00
1.210654e-02	-9.497100e-10	2.129000e+00
1.209921e-02	-7.878016e-10	2.120811e+00
1.209190e-02	-6.349194e-10	2.113006e+00
1.208459e-02	-4.909790e-10	2.105584e+00
1.207729e-02	-3.558716e-10	2.098545e+00
1.207001e-02	-2.294617e-10	2.091885e+00
1.206273e-02	-1.115805e-10	2.085599e+00
1.205546e-02	-2.024027e-12	2.079684e+00
1.204819e-02	9.945077e-11	2.074134e+00
1.204094e-02	1.931273e-10	2.068945e+00
1.203369e-02	2.793310e-10	2.064112e+00
1.202646e-02	3.584301e-10	2.059632e+00
1.201923e-02	4.308357e-10	2.055502e+00
1.201201e-02	4.970018e-10	2.051717e+00
1.200480e-02	5.574245e-10	2.048276e+00
1.199760e-02	6.126404e-10	2.045175e+00
1.199041e-02	6.632262e-10	2.042411e+00
1.198322e-02	7.097971e-10	2.039977e+00
1.197605e-02	7.530026e-10	2.037868e+00
1.196888e-02	7.935261e-10	2.036075e+00
1.196172e-02	8.320791e-10	2.034588e+00
1.195457e-02	8.693984e-10	2.033395e+00
1.194743e-02	9.062376e-10	2.032479e+00
1.194030e-02	9.433634e-10	2.031825e+00
1.193317e-02	9.815439e-10	2.031411e+00
1.192606e-02	1.021542e-09	2.031217e+00
1.191895e-02	1.064103e-09	2.031219e+00
1.191185e-02	1.109945e-09	2.031392e+00
1.190476e-02	1.159743e-09	2.031709e+00
1.189768e-02	1.214124e-09	2.032146e+00
1.189061e-02	1.273649e-09	2.032675e+00
1.188354e-02	1.338803e-09	2.033272e+00
1.187648e-02	1.409990e-09	2.033912e+00
1.186944e-02	1.487522e-09	2.034572e+00
1.186240e-02	1.571613e-09	2.035231e+00
1.185536e-02	1.662378e-09	2.035870e+00
1.184834e-02	1.759832e-09	2.036473e+00
1.184133e-02	1.863892e-09	2.037026e+00
1.183432e-02	1.974382e-09	2.037516e+00
1.182732e-02	2.091038e-09	2.037936e+00
1.182033e-02	2.213519e-09	2.038276e+00
1.181335e-02	2.341417e-09	2.038534e+00
1.180638e-02	2.474264e-09	2.038706e+00
1.179941e-02	2.611547e-09	2.038792e+00
1.179245e-02	2.752717e-09	2.038794e+00
1.178550e-02	2.897203e-09	2.038717e+00
1.177856e-02	3.044417e-09	2.038566e+00
1.177163e-02	3.193769e-09	2.038350e+00
1.176471e-02	3.344672e-09	2.038080e+00
1.175779e-02	3.496550e-09	2.037768e+00
1.175088e-02	3.648845e-09	2.037430e+00
1.174398e-02	3.801021e-09	2.037084e+00
1.173709e-02	3.952570e-09	2.036751e+00
1.173021e-02	4.103016e-09	2.036453e+00
1.172333e-02	4.251917e-09	2.036219e+00
1.171646e-02	4.398869e-09	2.036077e+00
1.170960e-02	4.543508e-09	2.036061e+00
1.170275e-02	4.685516e-09	2.036208e+00
1.169591e-02	4.824625e-09	2.036561e+00
1.168907e-02	4.960617e-09	2.037165e+00
1.168224e-02	5.093338e-09	2.038072e+00
1.167542e-02	5.222697e-09	2.039339e+00
1.166861e-02	5.348676e-09	2.041028e+00
1.166181e-02	5.471339e-09	2.043210e+00
1.165501e-02	5.590839e-09	2.045961e+00
1.164822e-02	5.707423e-09	2.049363e+00
1.164144e-02	5.821441e-09	2.053505e+00
1.163467e-02	5.933343e-09	2.058483e+00
1.162791e-02	6.043684e-09	2.064396e+00
1.162115e-02	6.153111e-09	2.071345e+00
1.161440e-02	6.262348e-09	2.079428e+00
1.160766e-02	6.372170e-09	2.088736e+00
1.160093e-02	6.483361e-09	2.099345e+00
1.159420e-02	6.596660e-09	2.111310e+00
1.158749e-02	6.712687e-09	2.124649e+00
1.158078e-02	6.831853e-09	2.139341e+00
1.157407e-02	6.954261e-09	2.155309e+00
1.156738e-02	7.079593e-09	2.172415e+00
1.156069e-02	7.206998e-09	2.190461e+00
1.155402e-02	7.334996e-09	2.209189e+00
1.154734e-02	7.461416e-09	2.228297e+00
1.154068e-02	7.583371e-09	2.247458e+00
1.153403e-02	7.697295e-09	2.266348e+00
1.152738e-02	7.799059e-09	2.284674e+00
1.152074e-02	7.884138e-09	2.302202e+00
1.151410e-02	7.947857e-09	2.318776e+00
1.150748e-02	7.985661e-09	2.334319e+00
1.150086e-02	7.993418e-09	2.348829e+00
1.149425e-02	7.967704e-09	2.362360e+00
1.148765e-02	7.906059e-09	2.374993e+00
1.148106e-02	7.807182e-09	2.386810e+00
1.147447e-02	7.671057e-09	2.397871e+00
1.146789e-02	7.499002e-09	2.408200e+00
1.146132e-02	7.293618e-09	2.417787e+00
1.145475e-02	7.058669e-09	2.426594e+00
1.144820e-02	6.798874e-09	2.434575e+00
1.144165e-02	6.519635e-09	2.441697e+00
1.143511e-02	6.226717e-09	2.447958e+00
1.142857e-02	5.925904e-09	2.453393e+00
1.142204e-02	5.622652e-09	2.458079e+00
1.141553e-02	5.321766e-09	2.462128e+00
1.140901e-02	5.027128e-09	2.465668e+00
1.140251e-02	4.741496e-09	2.468831e+00
1.139601e-02	4.466375e-09	2.471739e+00
1.138952e-02	4.201997e-09	2.474490e+00
1.138304e-02	3.947383e-09	2.477155e+00
1.137656e-02	3.700490e-09	2.479774e+00
1.137010e-02	3.458449e-09	2.482353e+00
1.136364e-02	3.217849e-09	2.484867e+00
1.135718e-02	2.975066e-09	2.487250e+00
1.135074e-02	2.726609e-09	2.489400e+00
1.134430e-02	2.469445e-09	2.491173e+00
1.133787e-02	2.201288e-09	2.492384e+00
1.133144e-02	1.920825e-09	2.492824e+00
1.132503e-02	1.627853e-09	2.492273e+00
1.131862e-02	1.323323e-09	2.490524e+00
1.131222e-02	1.009288e-09	2.487415e+00
1.130582e-02	6.887529e-10	2.482847e+00
1.129944e-02	3.654646e-10	2.476808e+00
1.129305e-02	4.364590e-11	2.469373e+00
1.128668e-02	-2.722793e-10	2.460702e+00
1.128032e-02	-5.779529e-10	2.451025e+00
1.127396e-02	-8.693123e-10	2.440618e+00
1.126761e-02	-1.142771e-09	2.429781e+00
1.126126e-02	-1.395341e-09	2.418813e+00
1.125492e-02	-1.624695e-09	2.407996e+00
1.124859e-02	-1.829179e-09	2.397581e+00
1.124227e-02	-2.007783e-09	2.387780e+00
1.123596e-02	-2.160080e-09	2.378764e+00
1.122965e-02	-2.286145e-09	2.370661e+00
1.122334e-02	-2.386464e-09	2.363567e+00
1.121705e-02	-2.461845e-09	2.357542e+00
1.121076e-02	-2.513330e-09	2.352622e+00
1.120448e-02	-2.542116e-09	2.348826e+00
1.119821e-02	-2.549488e-09	2.346153e+00
1.119194e-02	-2.536764e-09	2.344598e+00
1.118568e-02	-2.505252e-09	2.344143e+00
1.117943e-02	-2.456212e-09	2.344771e+00
1.117318e-02	-2.390838e-09	2.346457e+00
1.116695e-02	-2.310241e-09	2.349175e+00
1.116071e-02	-2.215441e-09	2.352894e+00
1.115449e-02	-2.107364e-09	2.357577e+00
1.114827e-02	-1.986842e-09	2.363177e+00
1.114206e-02	-1.854624e-09	2.369641e+00
1.113586e-02	-1.711375e-09	2.376901e+00
1.112966e-02	-1.557692e-09	2.384879e+00
1.112347e-02	-1.394109e-09	2.393484e+00
1.111729e-02	-1.221112e-09	2.402611e+00
1.111111e-02	-1.039146e-09	2.412145e+00
1.110494e-02	-8.486263e-10	2.421960e+00
1.109878e-02	-6.499503e-10	2.431926e+00
1.109262e-02	-4.435030e-10	2.441909e+00
1.108647e-02	-2.296678e-10	2.451777e+00
1.108033e-02	-8.831825e-12	2.461402e+00
1.107420e-02	2.186092e-10	2.470668e+00
1.106807e-02	4.522464e-10	2.479471e+00
1.106195e-02	6.916552e-10	2.487724e+00
1.105583e-02	9.363939e-10	2.495361e+00
1.104972e-02	1.186005e-09	2.502336e+00
1.104362e-02	1.440015e-09	2.508622e+00
1.103753e-02	1.697934e-09	2.514216e+00
1.103144e-02	1.959263e-09	2.519132e+00
1.102536e-02	2.223493e-09	2.523399e+00
1.101928e-02	2.490110e-09	2.527062e+00
1.101322e-02	2.758596e-09	2.530176e+00
1.100715e-02	3.028437e-09	2.532800e+00
1.100110e-02	3.299123e-09	2.535000e+00
1.099505e-02	3.570152e-09	2.536841e+00
1.098901e-02	3.841035e-09	2.538387e+00
1.098298e-02	4.111297e-09	2.539699e+00
1.097695e-02	4.380479e-09	2.540834e+00
1.097093e-02	4.648143e-09	2.541841e+00
1.096491e-02	4.913871e-09	2.542764e+00
1.095890e-02	5.177266e-09	2.543640e+00
1.095290e-02	5.437956e-09	2.544500e+00
1.094691e-02	5.695588e-09	2.545367e+00
1.094092e-02	5.949833e-09	2.546258e+00
1.093494e-02	6.200382e-09	2.547185e+00
1.092896e-02	6.446947e-09	2.548153e+00
1.092299e-02	6.689257e-09	2.549162e+00
1.091703e-02	6.927056e-09	2.550208e+00
1.091107e-02	7.160102e-09	2.551281e+00
1.090513e-02	7.388162e-09	2.552369e+00
1.089918e-02	7.611012e-09	2.553456e+00
1.089325e-02	7.828434e-09	2.554521e+00
1.088732e-02	8.040208e-09	2.555543e+00
1.088139e-02	8.246118e-09	2.556498e+00
1.087548e-02	8.445941e-09	2.557361e+00
1.086957e-02	8.639451e-09	2.558106e+00
1.086366e-02	8.826413e-09	2.558706e+00
1.085776e-02	9.006584e-09	2.559133e+00
1.085187e-02	9.179710e-09	2.559364e+00
1.084599e-02	9.345527e-09	2.559372e+00
1.084011e-02	9.503760e-09	2.559136e+00
1.083424e-02	9.654125e-09	2.558634e+00
1.082837e-02	9.796328e-09	2.557850e+00
1.082251e-02	9.930068e-09	2.556768e+00
1.081666e-02	1.005504e-08	2.555378e+00
1.081081e-02	1.017094e-08	2.553673e+00
1.080497e-02	1.027745e-08	2.551650e+00
1.079914e-02	1.037429e-08	2.549310e+00
1.079331e-02	1.046116e-08	2.546660e+00
1.078749e-02	1.053779e-08	2.543707e+00
1.078167e-02	1.060392e-08	2.540466e+00
1.077586e-02	1.065934e-08	2.536950e+00
1.077006e-02	1.070384e-08	2.533179e+00
1.076426e-02	1.073727e-08	2.529170e+00
1.075847e-02	1.075952e-08	2.524944e+00
1.075269e-02	1.077053e-08	2.520521e+00
1.074691e-02	1.077027e-08	2.515918e+00
1.074114e-02	1.075881e-08	2.511152e+00
1.073537e-02	1.073625e-08	2.506237e+00
1.072961e-02	1.070277e-08	2.501183e+00
1.072386e-02	1.065861e-08	2.495996e+00
1.071811e-02	1.060408e-08	2.490678e+00
1.071237e-02	1.053959e-08	2.485226e+00
1.070664e-02	1.046557e-08	2.479632e+00
1.070091e-02	1.038257e-08	2.473884e+00
1.069519e-02	1.029119e-08	2.467967e+00
1.068947e-02	1.019210e-08	2.461859e+00
1.068376e-02	1.008601e-08	2.455538e+00
1.067806e-02	9.973736e-09	2.448979e+00
1.067236e-02	9.856103e-09	2.442153e+00
1.066667e-02	9.734003e-09	2.435035e+00
1.066098e-02	9.608364e-09	2.427599e+00
1.065530e-02	9.480144e-09	2.419819e+00
1.064963e-02	9.350323e-09	2.411676e+00
1.064396e-02	9.219894e-09	2.403153e+00
1.063830e-02	9.089857e-09	2.394237e+00
1.063264e-02	8.961202e-09	2.384926e+00
1.062699e-02	8.834909e-09	2.375220e+00
1.062135e-02	8.711932e-09	2.365131e+00
1.061571e-02	8.593193e-09	2.354675e+00
1.061008e-02	8.479575e-09	2.343879e+00
1.060445e-02	8.371913e-09	2.332778e+00
1.059883e-02	8.270988e-09	2.321414e+00
1.059322e-02	8.177522e-09	2.309836e+00
1.058761e-02	8.092173e-09	2.298101e+00
1.058201e-02	8.015530e-09	2.286271e+00
1.057641e-02	7.948114e-09	2.274411e+00
1.057082e-02	7.890372e-09	2.262591e+00
1.056524e-02	7.842677e-09	2.250884e+00
1.055966e-02	7.805331e-09	2.239363e+00
1.055409e-02	7.778562e-09	2.228102e+00
1.054852e-02	7.762526e-09	2.217175e+00
1.054296e-02	7.757311e-09	2.206656e+00
1.053741e-02	7.762934e-09	2.196617e+00
1.053186e-02	7.779351e-09	2.187130e+00
1.052632e-02	7.806454e-09	2.178266e+00
1.052078e-02	7.844075e-09	2.170095e+00
1.051525e-02	7.891990e-09	2.162689e+00
1.050972e-02	7.949925e-09	2.156118e+00
1.050420e-02	8.017555e-09	2.150456e+00
1.049869e-02	8.094511e-09	2.145778e+00
1.049318e-02	8.180384e-09	2.142163e+00
1.048768e-02	8.274724e-09	2.139694e+00
1.048218e-02	8.377054e-09	2.138458e+00
1.047669e-02	8.486865e-09	2.138548e+00
1.047120e-02	8.603625e-09	2.140062e+00
1.046572e-02	8.726784e-09	2.143102e+00
1.046025e-02	8.855776e-09	2.147773e+00
1.045478e-02	8.990028e-09	2.154182e+00
1.044932e-02	9.128959e-09	2.162431e+00
1.044386e-02	9.271991e-09	2.172616e+00
1.043841e-02	9.418550e-09	2.184818e+00
1.043297e-02	9.568070e-09	2.199096e+00
1.042753e-02	9.719998e-09	2.215476e+00
1.042209e-02	9.873800e-09	2.233943e+00
1.041667e-02	1.002896e-08	2.254428e+00
1.041124e-02	1.018497e-08	2.276799e+00
1.040583e-02	1.034137e-08	2.300856e+00
1.040042e-02	1.049771e-08	2.326325e+00
1.039501e-02	1.065354e-08	2.352864e+00
1.038961e-02	1.080845e-08	2.380067e+00
1.038422e-02	1.096205e-08	2.407481e+00
1.037883e-02	1.111394e-08	2.434626e+00
1.037344e-02	1.126373e-08	2.461013e+00
1.036807e-02	1.141103e-08	2.486170e+00
1.036269e-02	1.155545e-08	2.509665e+00
1.035733e-02	1.169658e-08	2.531127e+00
1.035197e-02	1.183399e-08	2.550263e+00
1.034661e-02	1.196724e-08	2.566881e+00
1.034126e-02	1.209585e-08	2.580894e+00
1.033592e-02	1.221935e-08	2.592336e+00
1.033058e-02	1.233725e-08	2.601350e+00
1.032525e-02	1.244904e-08	2.608189e+00
1.031992e-02	1.255421e-08	2.613195e+00
1.031460e-02	1.265226e-08	2.616779e+00
1.030928e-02	1.274269e-08	2.619402e+00
1.030397e-02	1.282502e-08	2.621559e+00
1.029866e-02	1.289876e-08	2.623763e+00
1.029336e-02	1.296346e-08	2.626547e+00
1.028807e-02	1.301866e-08	2.630456e+00
1.028278e-02	1.306393e-08	2.636045e+00
1.027749e-02	1.309884e-08	2.643866e+00
1.027221e-02	1.312296e-08	2.654442e+00
1.026694e-02	1.313590e-08	2.668224e+00
1.026167e-02	1.313727e-08	2.685531e+00
1.025641e-02	1.312671e-08	2.706484e+00
1.025115e-02	1.310388e-08	2.730934e+00
1.024590e-02	1.306850e-08	2.758404e+00
1.024066e-02	1.302031e-08	2.788051e+00
1.023541e-02	1.295912e-08	2.818663e+00
1.023018e-02	1.288480e-08	2.848704e+00
1.022495e-02	1.279727e-08	2.876405e+00
1.021972e-02	1.269649e-08	2.899915e+00
1.021450e-02	1.258249e-08	2.917470e+00
1.020929e-02	1.245533e-08	2.927582e+00
1.020408e-02	1.231506e-08	2.929200e+00
1.019888e-02	1.216177e-08	2.921804e+00
1.019368e-02	1.199553e-08	2.905437e+00
1.018849e-02	1.181640e-08	2.880651e+00
1.018330e-02	1.162445e-08	2.848397e+00
1.017812e-02	1.141978e-08	2.809889e+00
1.017294e-02	1.120251e-08	2.766467e+00
1.016777e-02	1.097284e-08	2.719488e+00
1.016260e-02	1.073104e-08	2.670246e+00
1.015744e-02	1.047750e-08	2.619926e+00
1.015228e-02	1.021271e-08	2.569578e+00
1.014713e-02	9.937289e-09	2.520108e+00
1.014199e-02	9.651980e-09	2.472274e+00
1.013685e-02	9.357637e-09	2.426683e+00
1.013171e-02	9.055218e-09	2.383798e+00
1.012658e-02	8.745771e-09	2.343944e+00
1.012146e-02	8.430415e-09	2.307323e+00
1.011634e-02	8.110329e-09	2.274026e+00
1.011122e-02	7.786731e-09	2.244055e+00
1.010611e-02	7.460864e-09	2.217342e+00
1.010101e-02	7.133984e-09	2.193764e+00
1.009591e-02	6.807342e-09	2.173162e+00
1.009082e-02	6.482178e-09	2.155355e+00
1.008573e-02	6.159704e-09	2.140147e+00
1.008065e-02	5.841099e-09	2.127336e+00
1.007557e-02	5.527499e-09	2.116720e+00
1.007049e-02	5.219985e-09	2.108102e+00
1.006543e-02	4.919582e-09	2.101287e+00
1.006036e-02	4.627244e-09	2.096087e+00
1.005530e-02	4.343853e-09	2.092319e+00
1.005025e-02	4.070212e-09	2.089809e+00
1.004520e-02	3.807036e-09	2.088389e+00
1.004016e-02	3.554952e-09	2.087900e+00
1.003512e-02	3.314490e-09	2.088191e+00
1.003009e-02	3.086084e-09	2.089125e+00
1.002506e-02	2.870067e-09	2.090575e+00
1.002004e-02	2.666674e-09	2.092432e+00
1.001502e-02	2.476036e-09	2.094598e+00
1.001001e-02	2.298189e-09	2.096996e+00
1.000500e-02	2.133074e-09	2.099562e+00
1.000000e-02	1.980541e-09	2.102247e+00
