# Finite Temperature Data for J1J2 Model
# Lx=6, Ly=6, J1=1.0000, J2=0.1250, Fz=0.0000, chi_max=90
# Columns: T | Sigmaz | Cv
# 
2.000000e+01	-9.942105e-09	4.277177e-02
1.000000e+01	-1.472459e-08	1.628935e-01
6.666667e+00	-1.697410e-08	3.470446e-01
5.000000e+00	-2.227756e-08	5.811738e-01
4.000000e+00	-4.098218e-08	8.513544e-01
3.333333e+00	-7.695055e-08	1.144530e+00
2.857143e+00	-1.131060e-07	1.449063e+00
2.500000e+00	-1.304831e-07	1.755006e+00
2.222222e+00	-1.184018e-07	2.054007e+00
2.000000e+00	-7.901836e-08	2.339733e+00
1.818182e+00	-2.586667e-08	2.607925e+00
1.666667e+00	2.820490e-08	2.856131e+00
1.538462e+00	7.483623e-08	3.083372e+00
1.428571e+00	1.087685e-07	3.289812e+00
1.333333e+00	1.263925e-07	3.476454e+00
1.250000e+00	1.250167e-07	3.644888e+00
1.176471e+00	1.025644e-07	3.797063e+00
1.111111e+00	5.744335e-08	3.935124e+00
1.052632e+00	-1.151491e-08	4.061278e+00
1.000000e+00	-1.050451e-07	4.177699e+00
9.523810e-01	-2.233354e-07	4.286459e+00
9.090909e-01	-3.657852e-07	4.389480e+00
8.695652e-01	-5.306475e-07	4.488506e+00
8.333333e-01	-7.146398e-07	4.585078e+00
8.000000e-01	-9.127072e-07	4.680514e+00
7.692308e-01	-1.118206e-06	4.775879e+00
7.407407e-01	-1.323695e-06	4.871965e+00
7.142857e-01	-1.522165e-06	4.969310e+00
6.896552e-01	-1.708223e-06	5.068251e+00
6.666667e-01	-1.878721e-06	5.169007e+00
6.451613e-01	-2.032696e-06	5.271760e+00
6.250000e-01	-2.170816e-06	5.376708e+00
6.060606e-01	-2.294671e-06	5.484090e+00
5.882353e-01	-2.406175e-06	5.594167e+00
5.714286e-01	-2.507211e-06	5.707201e+00
5.555556e-01	-2.599476e-06	5.823426e+00
5.405405e-01	-2.684476e-06	5.943033e+00
5.263158e-01	-2.763570e-06	6.066167e+00
5.128205e-01	-2.838039e-06	6.192921e+00
5.000000e-01	-2.909128e-06	6.323344e+00
4.878049e-01	-2.978072e-06	6.457447e+00
4.761905e-01	-3.046101e-06	6.595211e+00
4.651163e-01	-3.114421e-06	6.736603e+00
4.545455e-01	-3.184188e-06	6.881580e+00
4.444444e-01	-3.256481e-06	7.030096e+00
4.347826e-01	-3.332291e-06	7.182103e+00
4.255319e-01	-3.412516e-06	7.337543e+00
4.166667e-01	-3.497979e-06	7.496334e+00
4.081633e-01	-3.589461e-06	7.658344e+00
4.000000e-01	-3.687738e-06	7.823382e+00
3.921569e-01	-3.793615e-06	7.991195e+00
3.846154e-01	-3.907943e-06	8.161489e+00
3.773585e-01	-4.031609e-06	8.333980e+00
3.703704e-01	-4.165497e-06	8.508433e+00
3.636364e-01	-4.310433e-06	8.684697e+00
3.571429e-01	-4.467122e-06	8.862717e+00
3.508772e-01	-4.636096e-06	9.042519e+00
3.448276e-01	-4.817679e-06	9.224189e+00
3.389831e-01	-5.011970e-06	9.407852e+00
3.333333e-01	-5.218856e-06	9.593651e+00
3.278689e-01	-5.438032e-06	9.781726e+00
3.225806e-01	-5.669058e-06	9.972200e+00
3.174603e-01	-5.911406e-06	1.016517e+01
3.125000e-01	-6.164537e-06	1.036068e+01
3.076923e-01	-6.427950e-06	1.055873e+01
3.030303e-01	-6.701228e-06	1.075931e+01
2.985075e-01	-6.984043e-06	1.096238e+01
2.941176e-01	-7.276126e-06	1.116791e+01
2.898551e-01	-7.577207e-06	1.137591e+01
2.857143e-01	-7.886930e-06	1.158643e+01
2.816901e-01	-8.204767e-06	1.179953e+01
2.777778e-01	-8.529926e-06	1.201528e+01
2.739726e-01	-8.861279e-06	1.223378e+01
2.702703e-01	-9.197305e-06	1.245507e+01
2.666667e-01	-9.536059e-06	1.267919e+01
2.631579e-01	-9.875181e-06	1.290614e+01
2.597403e-01	-1.021193e-05	1.313588e+01
2.564103e-01	-1.054324e-05	1.336833e+01
2.531646e-01	-1.086585e-05	1.360333e+01
2.500000e-01	-1.117638e-05	1.384064e+01
2.469136e-01	-1.147152e-05	1.407990e+01
2.439024e-01	-1.174810e-05	1.432066e+01
2.409639e-01	-1.200330e-05	1.456233e+01
2.380952e-01	-1.223473e-05	1.480425e+01
2.352941e-01	-1.244049e-05	1.504572e+01
2.325581e-01	-1.261923e-05	1.528608e+01
2.298851e-01	-1.277013e-05	1.552476e+01
2.272727e-01	-1.289280e-05	1.576133e+01
2.247191e-01	-1.298720e-05	1.599553e+01
2.222222e-01	-1.305353e-05	1.622713e+01
2.197802e-01	-1.309219e-05	1.645592e+01
2.173913e-01	-1.310372e-05	1.668161e+01
2.150538e-01	-1.308889e-05	1.690384e+01
2.127660e-01	-1.304870e-05	1.712212e+01
2.105263e-01	-1.298443e-05	1.733593e+01
2.083333e-01	-1.289761e-05	1.754471e+01
2.061856e-01	-1.278998e-05	1.774797e+01
2.040816e-01	-1.266331e-05	1.794532e+01
2.020202e-01	-1.251937e-05	1.813653e+01
2.000000e-01	-1.235980e-05	1.832158e+01
1.980198e-01	-1.218611e-05	1.850058e+01
1.960784e-01	-1.199961e-05	1.867377e+01
1.941748e-01	-1.180146e-05	1.884141e+01
1.923077e-01	-1.159262e-05	1.900378e+01
1.904762e-01	-1.137384e-05	1.916104e+01
1.886792e-01	-1.114568e-05	1.931325e+01
1.869159e-01	-1.090847e-05	1.946027e+01
1.851852e-01	-1.066237e-05	1.960181e+01
1.834862e-01	-1.040742e-05	1.973734e+01
1.818182e-01	-1.014360e-05	1.986619e+01
1.801802e-01	-9.870911e-06	1.998751e+01
1.785714e-01	-9.589453e-06	2.010036e+01
1.769912e-01	-9.299450e-06	2.020375e+01
1.754386e-01	-9.001246e-06	2.029673e+01
1.739130e-01	-8.695270e-06	2.037845e+01
1.724138e-01	-8.381987e-06	2.044819e+01
1.709402e-01	-8.061871e-06	2.050541e+01
1.694915e-01	-7.735395e-06	2.054978e+01
1.680672e-01	-7.403055e-06	2.058115e+01
1.666667e-01	-7.065399e-06	2.059958e+01
1.652893e-01	-6.723050e-06	2.060523e+01
1.639344e-01	-6.376712e-06	2.059836e+01
1.626016e-01	-6.027164e-06	2.057928e+01
1.612903e-01	-5.675250e-06	2.054837e+01
1.600000e-01	-5.321868e-06	2.050613e+01
1.587302e-01	-4.967964e-06	2.045314e+01
1.574803e-01	-4.614525e-06	2.039007e+01
1.562500e-01	-4.262576e-06	2.031759e+01
1.550388e-01	-3.913166e-06	2.023636e+01
1.538462e-01	-3.567355e-06	2.014701e+01
1.526718e-01	-3.226186e-06	2.005011e+01
1.515152e-01	-2.890669e-06	1.994620e+01
1.503759e-01	-2.561754e-06	1.983578e+01
1.492537e-01	-2.240322e-06	1.971930e+01
1.481481e-01	-1.927179e-06	1.959716e+01
1.470588e-01	-1.623069e-06	1.946970e+01
1.459854e-01	-1.328692e-06	1.933722e+01
1.449275e-01	-1.044724e-06	1.919997e+01
1.438849e-01	-7.718398e-07	1.905816e+01
1.428571e-01	-5.107255e-07	1.891198e+01
1.418440e-01	-2.620762e-07	1.876162e+01
1.408451e-01	-2.658173e-08	1.860725e+01
1.398601e-01	1.951007e-07	1.844903e+01
1.388889e-01	4.023834e-07	1.828716e+01
1.379310e-01	5.947868e-07	1.812179e+01
1.369863e-01	7.719746e-07	1.795310e+01
1.360544e-01	9.337797e-07	1.778124e+01
1.351351e-01	1.080219e-06	1.760630e+01
1.342282e-01	1.211498e-06	1.742835e+01
1.333333e-01	1.328000e-06	1.724741e+01
1.324503e-01	1.430277e-06	1.706355e+01
1.315789e-01	1.519025e-06	1.687687e+01
1.307190e-01	1.595067e-06	1.668760e+01
1.298701e-01	1.659328e-06	1.649609e+01
1.290323e-01	1.712817e-06	1.630285e+01
1.282051e-01	1.756601e-06	1.610857e+01
1.273885e-01	1.791784e-06	1.591404e+01
1.265823e-01	1.819469e-06	1.572019e+01
1.257862e-01	1.840718e-06	1.552790e+01
1.250000e-01	1.856515e-06	1.533773e+01
1.242236e-01	1.867729e-06	1.514964e+01
1.234568e-01	1.875111e-06	1.496283e+01
1.226994e-01	1.879292e-06	1.477596e+01
1.219512e-01	1.880801e-06	1.458768e+01
1.212121e-01	1.880073e-06	1.439717e+01
1.204819e-01	1.877455e-06	1.420456e+01
1.197605e-01	1.873211e-06	1.401105e+01
1.190476e-01	1.867523e-06	1.381858e+01
1.183432e-01	1.860506e-06	1.362921e+01
1.176471e-01	1.852202e-06	1.344412e+01
1.169591e-01	1.842581e-06	1.326292e+01
1.162791e-01	1.831520e-06	1.308367e+01
1.156069e-01	1.818793e-06	1.290380e+01
1.149425e-01	1.804082e-06	1.272139e+01
1.142857e-01	1.787002e-06	1.253592e+01
1.136364e-01	1.767149e-06	1.234814e+01
1.129944e-01	1.744128e-06	1.215935e+01
1.123596e-01	1.717584e-06	1.197074e+01
1.117318e-01	1.687225e-06	1.178280e+01
1.111111e-01	1.652871e-06	1.159486e+01
1.104972e-01	1.614511e-06	1.140499e+01
1.098901e-01	1.572342e-06	1.121083e+01
1.092896e-01	1.526752e-06	1.101109e+01
1.086957e-01	1.478253e-06	1.080648e+01
1.081081e-01	1.427406e-06	1.059937e+01
1.075269e-01	1.374762e-06	1.039286e+01
1.069519e-01	1.320837e-06	1.018997e+01
1.063830e-01	1.266124e-06	9.993323e+00
1.058201e-01	1.211118e-06	9.805142e+00
1.052632e-01	1.156366e-06	9.627249e+00
1.047120e-01	1.102510e-06	9.461076e+00
1.041667e-01	1.050301e-06	9.307630e+00
1.036269e-01	1.000582e-06	9.167381e+00
1.030928e-01	9.542167e-07	9.039992e+00
1.025641e-01	9.119713e-07	8.923716e+00
1.020408e-01	8.743824e-07	8.814631e+00
1.015228e-01	8.416422e-07	8.706483e+00
1.010101e-01	8.135466e-07	8.591796e+00
1.005025e-01	7.895307e-07	8.463971e+00
1.000000e-01	7.687790e-07	8.319212e+00
9.950249e-02	7.503601e-07	8.157274e+00
9.900990e-02	7.333461e-07	7.980899e+00
9.852217e-02	7.169145e-07	7.794561e+00
9.803922e-02	7.004450e-07	7.603253e+00
9.756098e-02	6.836017e-07	7.411585e+00
9.708738e-02	6.663734e-07	7.223182e+00
9.661836e-02	6.490407e-07	7.040333e+00
9.615385e-02	6.320609e-07	6.863847e+00
9.569378e-02	6.159093e-07	6.693098e+00
9.523810e-02	6.009485e-07	6.526557e+00
9.478673e-02	5.873896e-07	6.362956e+00
9.433962e-02	5.753325e-07	6.202421e+00
9.389671e-02	5.648240e-07	6.046694e+00
9.345794e-02	5.558927e-07	5.898387e+00
9.302326e-02	5.485637e-07	5.760042e+00
9.259259e-02	5.428643e-07	5.633518e+00
9.216590e-02	5.388319e-07	5.519734e+00
9.174312e-02	5.365203e-07	5.418542e+00
9.132420e-02	5.360013e-07	5.328592e+00
9.090909e-02	5.373488e-07	5.247177e+00
9.049774e-02	5.405984e-07	5.170173e+00
9.009009e-02	5.456843e-07	5.092273e+00
8.968610e-02	5.523773e-07	5.007719e+00
8.928571e-02	5.602612e-07	4.911588e+00
8.888889e-02	5.651968e-07	5.592554e+00
8.849558e-02	5.748959e-07	5.720954e+00
8.810573e-02	5.860397e-07	5.410304e+00
8.771930e-02	5.976212e-07	5.126995e+00
8.733624e-02	6.088729e-07	4.868254e+00
8.695652e-02	6.192589e-07	4.632157e+00
8.658009e-02	6.284574e-07	4.416743e+00
8.620690e-02	6.363330e-07	4.219696e+00
8.583691e-02	6.428939e-07	4.038486e+00
8.547009e-02	6.514854e-07	4.301045e+00
8.510638e-02	6.535970e-07	4.073496e+00
8.474576e-02	6.532787e-07	3.867895e+00
8.438819e-02	6.510082e-07	3.683861e+00
8.403361e-02	6.471592e-07	3.518370e+00
8.368201e-02	6.420202e-07	3.368955e+00
8.333333e-02	6.358136e-07	3.233506e+00
8.298755e-02	6.287107e-07	3.110178e+00
8.264463e-02	6.208438e-07	2.997357e+00
8.230453e-02	6.123161e-07	2.893642e+00
8.196721e-02	6.032082e-07	2.797824e+00
8.163265e-02	5.935848e-07	2.708873e+00
8.130081e-02	5.834985e-07	2.625909e+00
8.097166e-02	5.729942e-07	2.548184e+00
8.064516e-02	5.621120e-07	2.475059e+00
8.032129e-02	5.508899e-07	2.405993e+00
8.000000e-02	5.393651e-07	2.340520e+00
7.968127e-02	5.275758e-07	2.278245e+00
7.936508e-02	5.155608e-07	2.218829e+00
7.905138e-02	5.033594e-07	2.161981e+00
7.874016e-02	4.910099e-07	2.107451e+00
7.843137e-02	4.785476e-07	2.055041e+00
7.812500e-02	4.660031e-07	2.004605e+00
7.782101e-02	4.534004e-07	1.956058e+00
7.751938e-02	4.407555e-07	1.909370e+00
7.722008e-02	4.280767e-07	1.864552e+00
7.692308e-02	4.153644e-07	1.821637e+00
7.662835e-02	4.026130e-07	1.780660e+00
7.633588e-02	3.898118e-07	1.741648e+00
7.604563e-02	3.769469e-07	1.704609e+00
7.575758e-02	3.640026e-07	1.669526e+00
7.547170e-02	3.509628e-07	1.636353e+00
7.518797e-02	3.378127e-07	1.605010e+00
7.490637e-02	3.245387e-07	1.575376e+00
7.462687e-02	3.111306e-07	1.547283e+00
7.434944e-02	2.975814e-07	1.520523e+00
7.407407e-02	2.838893e-07	1.494857e+00
7.380074e-02	2.700584e-07	1.470034e+00
7.352941e-02	2.561000e-07	1.445827e+00
7.326007e-02	2.420336e-07	1.422053e+00
7.299270e-02	2.278867e-07	1.398592e+00
7.272727e-02	2.136942e-07	1.375373e+00
7.246377e-02	1.994964e-07	1.352367e+00
7.220217e-02	1.853371e-07	1.329566e+00
7.194245e-02	1.712615e-07	1.306978e+00
7.168459e-02	1.573140e-07	1.284618e+00
7.142857e-02	1.435366e-07	1.262515e+00
7.117438e-02	1.299677e-07	1.240699e+00
7.092199e-02	1.166406e-07	1.219204e+00
7.067138e-02	1.035822e-07	1.198061e+00
7.042254e-02	9.081258e-08	1.177302e+00
7.017544e-02	7.834501e-08	1.156953e+00
6.993007e-02	6.618635e-08	1.137043e+00
6.968641e-02	5.433811e-08	1.117593e+00
6.944444e-02	4.279765e-08	1.098623e+00
6.920415e-02	3.155952e-08	1.080150e+00
6.896552e-02	2.061677e-08	1.062188e+00
6.872852e-02	9.962043e-09	1.044751e+00
6.849315e-02	-4.113381e-10	1.027858e+00
6.825939e-02	-1.050864e-08	1.011532e+00
6.802721e-02	-2.033310e-08	9.957967e-01
6.779661e-02	-2.988564e-08	9.806738e-01
6.756757e-02	-3.916469e-08	9.661662e-01
6.734007e-02	-4.816642e-08	9.522418e-01
6.711409e-02	-5.688506e-08	9.388132e-01
6.688963e-02	-6.531345e-08	9.257333e-01
6.666667e-02	-7.344357e-08	9.128180e-01
6.644518e-02	-8.126688e-08	8.998938e-01
6.622517e-02	-8.877456e-08	8.868446e-01
6.600660e-02	-9.595750e-08	8.736321e-01
6.578947e-02	-1.028064e-07	8.602844e-01
6.557377e-02	-1.093117e-07	8.468672e-01
6.535948e-02	-1.154645e-07	8.334555e-01
6.514658e-02	-1.212563e-07	8.201161e-01
6.493506e-02	-1.266799e-07	8.068992e-01
6.472492e-02	-1.317298e-07	7.938372e-01
6.451613e-02	-1.364023e-07	7.809470e-01
6.430868e-02	-1.406959e-07	7.682328e-01
6.410256e-02	-1.446114e-07	7.556907e-01
6.389776e-02	-1.481519e-07	7.433113e-01
6.369427e-02	-1.513225e-07	7.310833e-01
6.349206e-02	-1.541301e-07	7.189966e-01
6.329114e-02	-1.565833e-07	7.070445e-01
6.309148e-02	-1.586922e-07	6.952257e-01
6.289308e-02	-1.604678e-07	6.835457e-01
6.269592e-02	-1.619216e-07	6.720165e-01
6.250000e-02	-1.630658e-07	6.606565e-01
6.230530e-02	-1.639125e-07	6.494884e-01
6.211180e-02	-1.644735e-07	6.385373e-01
6.191950e-02	-1.647603e-07	6.278281e-01
6.172840e-02	-1.647838e-07	6.173831e-01
6.153846e-02	-1.645542e-07	6.072199e-01
6.134969e-02	-1.640809e-07	5.973499e-01
6.116208e-02	-1.633726e-07	5.877773e-01
6.097561e-02	-1.624376e-07	5.784987e-01
6.079027e-02	-1.612836e-07	5.695039e-01
6.060606e-02	-1.599182e-07	5.607763e-01
6.042296e-02	-1.583492e-07	5.522944e-01
6.024096e-02	-1.565847e-07	5.440332e-01
6.006006e-02	-1.546332e-07	5.359653e-01
5.988024e-02	-1.525042e-07	5.280630e-01
5.970149e-02	-1.502081e-07	5.202996e-01
5.952381e-02	-1.477561e-07	5.126518e-01
5.934718e-02	-1.451604e-07	5.051012e-01
5.917160e-02	-1.424339e-07	4.976363e-01
5.899705e-02	-1.395900e-07	4.902536e-01
5.882353e-02	-1.366422e-07	4.829581e-01
5.865103e-02	-1.336043e-07	4.757618e-01
5.847953e-02	-1.304895e-07	4.686819e-01
5.830904e-02	-1.273109e-07	4.617388e-01
5.813953e-02	-1.240808e-07	4.549526e-01
5.797101e-02	-1.208109e-07	4.483418e-01
5.780347e-02	-1.175120e-07	4.419214e-01
5.763689e-02	-1.141943e-07	4.357025e-01
5.747126e-02	-1.108671e-07	4.296918e-01
5.730659e-02	-1.075390e-07	4.238923e-01
5.714286e-02	-1.042178e-07	4.183035e-01
5.698006e-02	-1.009109e-07	4.129218e-01
5.681818e-02	-9.762471e-08	4.077419e-01
5.665722e-02	-9.436533e-08	4.027566e-01
5.649718e-02	-9.113826e-08	3.979575e-01
5.633803e-02	-8.794850e-08	3.933358e-01
5.617978e-02	-8.480063e-08	3.888819e-01
5.602241e-02	-8.169879e-08	3.845862e-01
5.586592e-02	-7.864673e-08	3.804393e-01
5.571031e-02	-7.564783e-08	3.764313e-01
5.555556e-02	-7.270510e-08	3.725526e-01
5.540166e-02	-6.982118e-08	3.687935e-01
5.524862e-02	-6.699837e-08	3.651444e-01
5.509642e-02	-6.423863e-08	3.615958e-01
5.494505e-02	-6.154353e-08	3.581388e-01
5.479452e-02	-5.891432e-08	3.547650e-01
5.464481e-02	-5.635193e-08	3.514670e-01
5.449591e-02	-5.385697e-08	3.482385e-01
5.434783e-02	-5.142975e-08	3.450745e-01
5.420054e-02	-4.907033e-08	3.419710e-01
5.405405e-02	-4.677849e-08	3.389246e-01
5.390836e-02	-4.455378e-08	3.359329e-01
5.376344e-02	-4.239552e-08	3.329935e-01
5.361930e-02	-4.030278e-08	3.301046e-01
5.347594e-02	-3.827442e-08	3.272646e-01
5.333333e-02	-3.630907e-08	3.244720e-01
5.319149e-02	-3.440515e-08	3.217254e-01
5.305040e-02	-3.256086e-08	3.190238e-01
5.291005e-02	-3.077421e-08	3.163666e-01
5.277045e-02	-2.904300e-08	3.137536e-01
5.263158e-02	-2.736488e-08	3.111851e-01
5.249344e-02	-2.573736e-08	3.086620e-01
5.235602e-02	-2.415784e-08	3.061858e-01
5.221932e-02	-2.262364e-08	3.037581e-01
5.208333e-02	-2.113206e-08	3.013811e-01
5.194805e-02	-1.968042e-08	2.990572e-01
5.181347e-02	-1.826609e-08	2.967890e-01
5.167959e-02	-1.688657e-08	2.945795e-01
5.154639e-02	-1.553949e-08	2.924319e-01
5.141388e-02	-1.422266e-08	2.903500e-01
5.128205e-02	-1.293409e-08	2.883379e-01
5.115090e-02	-1.167202e-08	2.863994e-01
5.102041e-02	-1.043485e-08	2.845385e-01
5.089059e-02	-9.221164e-09	2.827583e-01
5.076142e-02	-8.029677e-09	2.810606e-01
5.063291e-02	-6.859170e-09	2.794458e-01
5.050505e-02	-5.708456e-09	2.779124e-01
5.037783e-02	-4.576330e-09	2.764572e-01
5.025126e-02	-3.461548e-09	2.750755e-01
5.012531e-02	-2.362815e-09	2.737613e-01
5.000000e-02	-1.278798e-09	2.725084e-01
4.987531e-02	-2.081457e-10	2.713104e-01
4.975124e-02	8.504824e-10	2.701615e-01
4.962779e-02	1.898387e-09	2.690567e-01
4.950495e-02	2.936811e-09	2.679917e-01
4.938272e-02	3.966930e-09	2.669635e-01
4.926108e-02	4.989852e-09	2.659699e-01
4.914005e-02	6.006621e-09	2.650103e-01
4.901961e-02	7.018232e-09	2.640860e-01
4.889976e-02	8.025634e-09	2.632005e-01
4.878049e-02	9.029726e-09	2.623600e-01
4.866180e-02	1.003136e-08	2.615738e-01
4.854369e-02	1.103130e-08	2.608545e-01
4.842615e-02	1.203023e-08	2.602177e-01
4.830918e-02	1.302870e-08	2.596825e-01
4.819277e-02	1.402709e-08	2.592706e-01
4.807692e-02	1.502556e-08	2.590063e-01
4.796163e-02	1.602407e-08	2.589159e-01
4.784689e-02	1.702227e-08	2.590272e-01
4.773270e-02	1.801952e-08	2.593687e-01
4.761905e-02	1.901487e-08	2.599688e-01
4.750594e-02	2.000702e-08	2.608549e-01
4.739336e-02	2.099437e-08	2.620514e-01
4.728132e-02	2.197499e-08	2.635788e-01
4.716981e-02	2.294663e-08	2.654504e-01
4.705882e-02	2.390680e-08	2.676702e-01
4.694836e-02	2.485277e-08	2.702298e-01
4.683841e-02	2.578165e-08	2.731055e-01
4.672897e-02	2.669035e-08	2.762554e-01
4.662005e-02	2.757575e-08	2.796187e-01
4.651163e-02	2.843463e-08	2.831156e-01
4.640371e-02	2.926377e-08	2.866506e-01
4.629630e-02	3.005997e-08	2.901175e-01
4.618938e-02	3.082009e-08	2.934073e-01
4.608295e-02	3.154108e-08	2.964168e-01
4.597701e-02	3.222005e-08	2.990573e-01
4.587156e-02	3.285428e-08	3.012607e-01
4.576659e-02	3.344132e-08	3.029837e-01
4.566210e-02	3.397902e-08	3.042072e-01
4.555809e-02	3.446561e-08	3.049342e-01
4.545455e-02	3.489975e-08	3.051858e-01
4.535147e-02	3.528052e-08	3.049982e-01
4.524887e-02	3.560750e-08	3.044201e-01
4.514673e-02	3.588068e-08	3.035123e-01
4.504505e-02	3.610049e-08	3.023474e-01
4.494382e-02	3.626764e-08	3.010098e-01
4.484305e-02	3.638311e-08	2.995936e-01
4.474273e-02	3.644801e-08	2.981997e-01
4.464286e-02	3.646348e-08	2.969305e-01
4.454343e-02	3.643062e-08	2.958838e-01
4.444444e-02	3.635040e-08	2.951464e-01
4.434590e-02	3.622357e-08	2.947880e-01
4.424779e-02	3.605068e-08	2.948572e-01
4.415011e-02	3.583202e-08	2.953776e-01
4.405286e-02	3.556761e-08	2.963482e-01
4.395604e-02	3.525728e-08	2.977449e-01
4.385965e-02	3.490063e-08	2.995250e-01
4.376368e-02	3.449713e-08	3.016353e-01
4.366812e-02	3.404614e-08	3.040212e-01
4.357298e-02	3.354697e-08	3.066384e-01
4.347826e-02	3.299896e-08	3.094633e-01
4.338395e-02	3.240148e-08	3.125020e-01
4.329004e-02	3.175401e-08	3.157951e-01
4.319654e-02	3.105622e-08	3.194171e-01
4.310345e-02	3.030802e-08	3.234691e-01
4.301075e-02	2.950965e-08	3.280654e-01
4.291845e-02	2.866178e-08	3.333153e-01
4.282655e-02	2.776563e-08	3.392993e-01
4.273504e-02	2.682307e-08	3.460461e-01
4.264392e-02	2.583670e-08	3.535104e-01
4.255319e-02	2.480987e-08	3.615592e-01
4.246285e-02	2.374662e-08	3.699732e-01
4.237288e-02	2.265146e-08	3.784653e-01
4.228330e-02	2.152916e-08	3.867170e-01
4.219409e-02	2.038437e-08	3.944212e-01
4.210526e-02	1.922140e-08	4.013188e-01
4.201681e-02	1.804398e-08	4.072160e-01
4.192872e-02	1.685520e-08	4.119824e-01
4.184100e-02	1.565753e-08	4.155363e-01
4.175365e-02	1.445291e-08	4.178342e-01
4.166667e-02	1.324281e-08	4.188752e-01
4.158004e-02	1.202823e-08	4.187256e-01
4.149378e-02	1.080970e-08	4.175554e-01
4.140787e-02	9.587185e-09	4.156677e-01
4.132231e-02	8.360080e-09	4.135018e-01
4.123711e-02	7.127213e-09	4.116024e-01
4.115226e-02	5.886986e-09	4.105626e-01
4.106776e-02	4.637584e-09	4.109558e-01
4.098361e-02	3.377291e-09	4.132737e-01
4.089980e-02	2.104842e-09	4.178754e-01
4.081633e-02	8.198105e-10	4.249504e-01
4.073320e-02	-4.770269e-10	4.344940e-01
4.065041e-02	-1.783386e-09	4.462989e-01
4.056795e-02	-3.095267e-09	4.599666e-01
4.048583e-02	-4.406885e-09	4.749426e-01
4.040404e-02	-5.710747e-09	4.905736e-01
4.032258e-02	-6.997895e-09	5.061739e-01
4.024145e-02	-8.258281e-09	5.210874e-01
4.016064e-02	-9.481241e-09	5.347362e-01
4.008016e-02	-1.065603e-08	5.466556e-01
4.000000e-02	-1.177238e-08	5.565239e-01
3.992016e-02	-1.282105e-08	5.641899e-01
3.984064e-02	-1.379437e-08	5.696895e-01
3.976143e-02	-1.468675e-08	5.732389e-01
3.968254e-02	-1.549513e-08	5.751963e-01
3.960396e-02	-1.621935e-08	5.759979e-01
3.952569e-02	-1.686247e-08	5.760872e-01
3.944773e-02	-1.743084e-08	5.758525e-01
3.937008e-02	-1.793403e-08	5.755857e-01
3.929273e-02	-1.838449e-08	5.754582e-01
3.921569e-02	-1.879699e-08	5.755130e-01
3.913894e-02	-1.918787e-08	5.756644e-01
3.906250e-02	-1.957410e-08	5.757066e-01
3.898635e-02	-1.997251e-08	5.753321e-01
3.891051e-02	-2.039882e-08	5.741674e-01
3.883495e-02	-2.086698e-08	5.718286e-01
3.875969e-02	-2.138842e-08	5.679928e-01
3.868472e-02	-2.197150e-08	5.624719e-01
3.861004e-02	-2.262101e-08	5.552703e-01
3.853565e-02	-2.333798e-08	5.466116e-01
3.846154e-02	-2.411968e-08	5.369296e-01
3.838772e-02	-2.495997e-08	5.268287e-01
3.831418e-02	-2.584987e-08	5.170267e-01
3.824092e-02	-2.677834e-08	5.082892e-01
3.816794e-02	-2.773308e-08	5.013611e-01
3.809524e-02	-2.870142e-08	4.968943e-01
3.802281e-02	-2.967113e-08	4.953698e-01
3.795066e-02	-3.063111e-08	4.970166e-01
3.787879e-02	-3.157211e-08	5.017351e-01
3.780718e-02	-3.248727e-08	5.090463e-01
3.773585e-02	-3.337232e-08	5.180900e-01
3.766478e-02	-3.422563e-08	5.276945e-01
3.759398e-02	-3.504767e-08	5.365163e-01
3.752345e-02	-3.584028e-08	5.432254e-01
3.745318e-02	-3.660594e-08	5.466927e-01
3.738318e-02	-3.734709e-08	5.461409e-01
3.731343e-02	-3.806603e-08	5.412305e-01
3.724395e-02	-3.876488e-08	5.320651e-01
3.717472e-02	-3.944581e-08	5.191152e-01
3.710575e-02	-4.011112e-08	5.030878e-01
3.703704e-02	-4.076317e-08	4.847892e-01
3.696858e-02	-4.140425e-08	4.650212e-01
3.690037e-02	-4.203626e-08	4.445243e-01
3.683241e-02	-4.266058e-08	4.239547e-01
3.676471e-02	-4.327792e-08	4.038716e-01
3.669725e-02	-4.388833e-08	3.847266e-01
3.663004e-02	-4.449125e-08	3.668546e-01
3.656307e-02	-4.508571e-08	3.504727e-01
3.649635e-02	-4.567049e-08	3.356894e-01
3.642987e-02	-4.624423e-08	3.225228e-01
3.636364e-02	-4.680563e-08	3.109233e-01
3.629764e-02	-4.735347e-08	3.007956e-01
3.623188e-02	-4.788672e-08	2.920180e-01
3.616637e-02	-4.840456e-08	2.844574e-01
3.610108e-02	-4.890633e-08	2.779797e-01
3.603604e-02	-4.939159e-08	2.724567e-01
3.597122e-02	-4.986004e-08	2.677700e-01
3.590664e-02	-5.031150e-08	2.638129e-01
3.584229e-02	-5.074590e-08	2.604910e-01
3.577818e-02	-5.116323e-08	2.577216e-01
3.571429e-02	-5.156351e-08	2.554333e-01
3.565062e-02	-5.194678e-08	2.535646e-01
3.558719e-02	-5.231308e-08	2.520633e-01
3.552398e-02	-5.266238e-08	2.508847e-01
3.546099e-02	-5.299466e-08	2.499913e-01
3.539823e-02	-5.330980e-08	2.493515e-01
3.533569e-02	-5.360766e-08	2.489386e-01
3.527337e-02	-5.388799e-08	2.487309e-01
3.521127e-02	-5.415050e-08	2.487101e-01
3.514938e-02	-5.439481e-08	2.488617e-01
3.508772e-02	-5.462047e-08	2.491738e-01
3.502627e-02	-5.482695e-08	2.496376e-01
3.496503e-02	-5.501368e-08	2.502464e-01
3.490401e-02	-5.517999e-08	2.509959e-01
3.484321e-02	-5.532515e-08	2.518840e-01
3.478261e-02	-5.544841e-08	2.529104e-01
3.472222e-02	-5.554893e-08	2.540775e-01
3.466205e-02	-5.562586e-08	2.553896e-01
3.460208e-02	-5.567828e-08	2.568537e-01
3.454231e-02	-5.570529e-08	2.584797e-01
3.448276e-02	-5.570594e-08	2.602812e-01
3.442341e-02	-5.567930e-08	2.622756e-01
3.436426e-02	-5.562444e-08	2.644852e-01
3.430532e-02	-5.554044e-08	2.669384e-01
3.424658e-02	-5.542645e-08	2.696704e-01
3.418803e-02	-5.528166e-08	2.727243e-01
3.412969e-02	-5.510535e-08	2.761520e-01
3.407155e-02	-5.489690e-08	2.800150e-01
3.401361e-02	-5.465586e-08	2.843833e-01
3.395586e-02	-5.438193e-08	2.893341e-01
3.389831e-02	-5.407510e-08	2.949472e-01
3.384095e-02	-5.373563e-08	3.012974e-01
3.378378e-02	-5.336422e-08	3.084438e-01
3.372681e-02	-5.296205e-08	3.164133e-01
3.367003e-02	-5.253090e-08	3.251817e-01
3.361345e-02	-5.207324e-08	3.346520e-01
3.355705e-02	-5.159231e-08	3.446354e-01
3.350084e-02	-5.109207e-08	3.548378e-01
3.344482e-02	-5.057716e-08	3.648605e-01
3.338898e-02	-5.005266e-08	3.742168e-01
3.333333e-02	-4.952381e-08	3.823723e-01
3.327787e-02	-4.899567e-08	3.888053e-01
3.322259e-02	-4.847272e-08	3.930838e-01
3.316750e-02	-4.795860e-08	3.949422e-01
3.311258e-02	-4.745589e-08	3.943351e-01
3.305785e-02	-4.696596e-08	3.914477e-01
3.300330e-02	-4.648905e-08	3.866562e-01
3.294893e-02	-4.602436e-08	3.804527e-01
3.289474e-02	-4.557028e-08	3.733593e-01
3.284072e-02	-4.512457e-08	3.658563e-01
3.278689e-02	-4.468463e-08	3.583378e-01
3.273322e-02	-4.424768e-08	3.510957e-01
3.267974e-02	-4.381096e-08	3.443238e-01
3.262643e-02	-4.337187e-08	3.381343e-01
3.257329e-02	-4.292805e-08	3.325776e-01
3.252033e-02	-4.247747e-08	3.276613e-01
3.246753e-02	-4.201844e-08	3.233658e-01
3.241491e-02	-4.154969e-08	3.196558e-01
3.236246e-02	-4.107033e-08	3.164876e-01
3.231018e-02	-4.057985e-08	3.138141e-01
3.225806e-02	-4.007810e-08	3.115869e-01
3.220612e-02	-3.956521e-08	3.097574e-01
3.215434e-02	-3.904163e-08	3.082765e-01
3.210273e-02	-3.850795e-08	3.070948e-01
3.205128e-02	-3.796496e-08	3.061619e-01
3.200000e-02	-3.741347e-08	3.054272e-01
3.194888e-02	-3.685431e-08	3.048408e-01
3.189793e-02	-3.628825e-08	3.043555e-01
3.184713e-02	-3.571596e-08	3.039283e-01
3.179650e-02	-3.513793e-08	3.035234e-01
3.174603e-02	-3.455452e-08	3.031139e-01
3.169572e-02	-3.396592e-08	3.026824e-01
3.164557e-02	-3.337220e-08	3.022218e-01
3.159558e-02	-3.277332e-08	3.017336e-01
3.154574e-02	-3.216919e-08	3.012267e-01
3.149606e-02	-3.155969e-08	3.007145e-01
3.144654e-02	-3.094476e-08	3.002130e-01
3.139717e-02	-3.032437e-08	2.997385e-01
3.134796e-02	-2.969861e-08	2.993059e-01
3.129890e-02	-2.906763e-08	2.989276e-01
3.125000e-02	-2.843171e-08	2.986130e-01
3.120125e-02	-2.779126e-08	2.983682e-01
3.115265e-02	-2.714676e-08	2.981960e-01
3.110420e-02	-2.649880e-08	2.980968e-01
3.105590e-02	-2.584803e-08	2.980682e-01
3.100775e-02	-2.519520e-08	2.981062e-01
3.095975e-02	-2.454107e-08	2.982051e-01
3.091190e-02	-2.388646e-08	2.983582e-01
3.086420e-02	-2.323223e-08	2.985583e-01
3.081664e-02	-2.257923e-08	2.987978e-01
3.076923e-02	-2.192833e-08	2.990696e-01
3.072197e-02	-2.128041e-08	2.993672e-01
3.067485e-02	-2.063634e-08	2.996851e-01
3.062787e-02	-1.999701e-08	3.000193e-01
3.058104e-02	-1.936327e-08	3.003671e-01
3.053435e-02	-1.873601e-08	3.007279e-01
3.048780e-02	-1.811607e-08	3.011023e-01
3.044140e-02	-1.750432e-08	3.014920e-01
3.039514e-02	-1.690161e-08	3.018998e-01
3.034901e-02	-1.630877e-08	3.023289e-01
3.030303e-02	-1.572662e-08	3.027822e-01
3.025719e-02	-1.515597e-08	3.032624e-01
3.021148e-02	-1.459762e-08	3.037714e-01
3.016591e-02	-1.405232e-08	3.043100e-01
3.012048e-02	-1.352082e-08	3.048781e-01
3.007519e-02	-1.300383e-08	3.054745e-01
3.003003e-02	-1.250204e-08	3.060969e-01
2.998501e-02	-1.201608e-08	3.067421e-01
2.994012e-02	-1.154657e-08	3.074062e-01
2.989537e-02	-1.109406e-08	3.080844e-01
2.985075e-02	-1.065906e-08	3.087715e-01
2.980626e-02	-1.024204e-08	3.094618e-01
2.976190e-02	-9.843379e-09	3.101492e-01
2.971768e-02	-9.463420e-09	3.108278e-01
2.967359e-02	-9.102416e-09	3.114912e-01
2.962963e-02	-8.760552e-09	3.121333e-01
2.958580e-02	-8.437928e-09	3.127482e-01
2.954210e-02	-8.134562e-09	3.133300e-01
2.949853e-02	-7.850384e-09	3.138734e-01
2.945508e-02	-7.585241e-09	3.143736e-01
2.941176e-02	-7.338891e-09	3.148264e-01
2.936858e-02	-7.111010e-09	3.152282e-01
2.932551e-02	-6.901200e-09	3.155764e-01
2.928258e-02	-6.708987e-09	3.158691e-01
2.923977e-02	-6.533837e-09	3.161054e-01
2.919708e-02	-6.375159e-09	3.162855e-01
2.915452e-02	-6.232318e-09	3.164104e-01
2.911208e-02	-6.104640e-09	3.164820e-01
2.906977e-02	-5.991427e-09	3.165034e-01
2.902758e-02	-5.891960e-09	3.164780e-01
2.898551e-02	-5.805513e-09	3.164102e-01
2.894356e-02	-5.731357e-09	3.163047e-01
2.890173e-02	-5.668767e-09	3.161666e-01
2.886003e-02	-5.617031e-09	3.160011e-01
2.881844e-02	-5.575451e-09	3.158133e-01
2.877698e-02	-5.543352e-09	3.156083e-01
2.873563e-02	-5.520082e-09	3.153906e-01
2.869440e-02	-5.505015e-09	3.151643e-01
2.865330e-02	-5.497557e-09	3.149330e-01
2.861230e-02	-5.497140e-09	3.146998e-01
2.857143e-02	-5.503229e-09	3.144671e-01
2.853067e-02	-5.515318e-09	3.142368e-01
2.849003e-02	-5.532928e-09	3.140106e-01
2.844950e-02	-5.555606e-09	3.137898e-01
2.840909e-02	-5.582922e-09	3.135759e-01
2.836879e-02	-5.614469e-09	3.133704e-01
2.832861e-02	-5.649858e-09	3.131753e-01
2.828854e-02	-5.688716e-09	3.129928e-01
2.824859e-02	-5.730686e-09	3.128257e-01
2.820874e-02	-5.775423e-09	3.126772e-01
2.816901e-02	-5.822597e-09	3.125509e-01
2.812940e-02	-5.871891e-09	3.124509e-01
2.808989e-02	-5.923001e-09	3.123811e-01
2.805049e-02	-5.975634e-09	3.123456e-01
2.801120e-02	-6.029515e-09	3.123484e-01
2.797203e-02	-6.084376e-09	3.123930e-01
2.793296e-02	-6.139963e-09	3.124827e-01
2.789400e-02	-6.196035e-09	3.126202e-01
2.785515e-02	-6.252357e-09	3.128075e-01
2.781641e-02	-6.308702e-09	3.130461e-01
2.777778e-02	-6.364846e-09	3.133370e-01
2.773925e-02	-6.420570e-09	3.136801e-01
2.770083e-02	-6.475650e-09	3.140751e-01
2.766252e-02	-6.529861e-09	3.145207e-01
2.762431e-02	-6.582968e-09	3.150153e-01
2.758621e-02	-6.634732e-09	3.155563e-01
2.754821e-02	-6.684899e-09	3.161409e-01
2.751032e-02	-6.733207e-09	3.167654e-01
2.747253e-02	-6.779378e-09	3.174257e-01
2.743484e-02	-6.823124e-09	3.181173e-01
2.739726e-02	-6.864149e-09	3.188350e-01
2.735978e-02	-6.902144e-09	3.195735e-01
2.732240e-02	-6.936797e-09	3.203270e-01
2.728513e-02	-6.967793e-09	3.210893e-01
2.724796e-02	-6.994822e-09	3.218543e-01
2.721088e-02	-7.017578e-09	3.226156e-01
2.717391e-02	-7.035773e-09	3.233670e-01
2.713704e-02	-7.049134e-09	3.241024e-01
2.710027e-02	-7.057418e-09	3.248158e-01
2.706360e-02	-7.060410e-09	3.255018e-01
2.702703e-02	-7.057934e-09	3.261555e-01
2.699055e-02	-7.049855e-09	3.267723e-01
2.695418e-02	-7.036084e-09	3.273486e-01
2.691790e-02	-7.016580e-09	3.278813e-01
2.688172e-02	-6.991353e-09	3.283682e-01
2.684564e-02	-6.960462e-09	3.288080e-01
2.680965e-02	-6.924019e-09	3.291999e-01
2.677376e-02	-6.882181e-09	3.295441e-01
2.673797e-02	-6.835151e-09	3.298415e-01
2.670227e-02	-6.783170e-09	3.300936e-01
2.666667e-02	-6.726516e-09	3.303023e-01
2.663116e-02	-6.665497e-09	3.304703e-01
2.659574e-02	-6.600442e-09	3.306003e-01
2.656042e-02	-6.531698e-09	3.306956e-01
2.652520e-02	-6.459624e-09	3.307596e-01
2.649007e-02	-6.384583e-09	3.307956e-01
2.645503e-02	-6.306937e-09	3.308070e-01
2.642008e-02	-6.227044e-09	3.307974e-01
2.638522e-02	-6.145251e-09	3.307700e-01
2.635046e-02	-6.061891e-09	3.307279e-01
2.631579e-02	-5.977283e-09	3.306741e-01
2.628121e-02	-5.891721e-09	3.306114e-01
2.624672e-02	-5.805484e-09	3.305424e-01
2.621232e-02	-5.718822e-09	3.304694e-01
2.617801e-02	-5.631963e-09	3.303947e-01
2.614379e-02	-5.545109e-09	3.303202e-01
2.610966e-02	-5.458439e-09	3.302476e-01
2.607562e-02	-5.372101e-09	3.301787e-01
2.604167e-02	-5.286222e-09	3.301148e-01
2.600780e-02	-5.200901e-09	3.300573e-01
2.597403e-02	-5.116213e-09	3.300074e-01
2.594034e-02	-5.032208e-09	3.299662e-01
2.590674e-02	-4.948915e-09	3.299346e-01
2.587322e-02	-4.866339e-09	3.299136e-01
2.583979e-02	-4.784465e-09	3.299040e-01
2.580645e-02	-4.703258e-09	3.299065e-01
2.577320e-02	-4.622665e-09	3.299220e-01
2.574003e-02	-4.542617e-09	3.299510e-01
2.570694e-02	-4.463032e-09	3.299943e-01
2.567394e-02	-4.383813e-09	3.300524e-01
2.564103e-02	-4.304855e-09	3.301258e-01
2.560819e-02	-4.226043e-09	3.302151e-01
2.557545e-02	-4.147258e-09	3.303208e-01
2.554278e-02	-4.068378e-09	3.304432e-01
2.551020e-02	-3.989284e-09	3.305827e-01
2.547771e-02	-3.909859e-09	3.307394e-01
2.544529e-02	-3.829995e-09	3.309134e-01
2.541296e-02	-3.749600e-09	3.311048e-01
2.538071e-02	-3.668598e-09	3.313131e-01
2.534854e-02	-3.586935e-09	3.315381e-01
2.531646e-02	-3.504588e-09	3.317788e-01
2.528445e-02	-3.421565e-09	3.320345e-01
2.525253e-02	-3.337913e-09	3.323038e-01
2.522068e-02	-3.253717e-09	3.325853e-01
2.518892e-02	-3.169108e-09	3.328772e-01
2.515723e-02	-3.084255e-09	3.331775e-01
2.512563e-02	-2.999368e-09	3.334843e-01
2.509410e-02	-2.914693e-09	3.337954e-01
2.506266e-02	-2.830499e-09	3.341089e-01
2.503129e-02	-2.747075e-09	3.344228e-01
2.500000e-02	-2.664716e-09	3.347356e-01
2.496879e-02	-2.583708e-09	3.350460e-01
2.493766e-02	-2.504320e-09	3.353533e-01
2.490660e-02	-2.426792e-09	3.356570e-01
2.487562e-02	-2.351323e-09	3.359572e-01
2.484472e-02	-2.278065e-09	3.362543e-01
2.481390e-02	-2.207124e-09	3.365491e-01
2.478315e-02	-2.138547e-09	3.368428e-01
2.475248e-02	-2.072336e-09	3.371365e-01
2.472188e-02	-2.008441e-09	3.374318e-01
2.469136e-02	-1.946772e-09	3.377300e-01
2.466091e-02	-1.887203e-09	3.380326e-01
2.463054e-02	-1.829578e-09	3.383411e-01
2.460025e-02	-1.773722e-09	3.386567e-01
2.457002e-02	-1.719445e-09	3.389807e-01
2.453988e-02	-1.666551e-09	3.393141e-01
2.450980e-02	-1.614840e-09	3.396578e-01
2.447980e-02	-1.564122e-09	3.400126e-01
2.444988e-02	-1.514213e-09	3.403794e-01
2.442002e-02	-1.464945e-09	3.407585e-01
2.439024e-02	-1.416165e-09	3.411504e-01
2.436054e-02	-1.367746e-09	3.415556e-01
2.433090e-02	-1.319581e-09	3.419741e-01
2.430134e-02	-1.271592e-09	3.424061e-01
2.427184e-02	-1.223733e-09	3.428516e-01
2.424242e-02	-1.175986e-09	3.433105e-01
2.421308e-02	-1.128370e-09	3.437823e-01
2.418380e-02	-1.080939e-09	3.442669e-01
2.415459e-02	-1.033782e-09	3.447635e-01
2.412545e-02	-9.870211e-10	3.452715e-01
2.409639e-02	-9.408111e-10	3.457902e-01
2.406739e-02	-8.953323e-10	3.463186e-01
2.403846e-02	-8.507853e-10	3.468559e-01
2.400960e-02	-8.073812e-10	3.474011e-01
2.398082e-02	-7.653319e-10	3.479533e-01
2.395210e-02	-7.248380e-10	3.485116e-01
2.392344e-02	-6.860789e-10	3.490754e-01
2.389486e-02	-6.491996e-10	3.496441e-01
2.386635e-02	-6.143031e-10	3.502171e-01
2.383790e-02	-5.814425e-10	3.507943e-01
2.380952e-02	-5.506175e-10	3.513754e-01
2.378121e-02	-5.217723e-10	3.519605e-01
2.375297e-02	-4.947989e-10	3.525495e-01
2.372479e-02	-4.695424e-10	3.531426e-01
2.369668e-02	-4.458073e-10	3.537400e-01
2.366864e-02	-4.233681e-10	3.543421e-01
2.364066e-02	-4.019778e-10	3.549490e-01
2.361275e-02	-3.813806e-10	3.555613e-01
2.358491e-02	-3.613188e-10	3.561794e-01
2.355713e-02	-3.415442e-10	3.568039e-01
2.352941e-02	-3.218236e-10	3.574357e-01
2.350176e-02	-3.019462e-10	3.580754e-01
2.347418e-02	-2.817258e-10	3.587240e-01
2.344666e-02	-2.610038e-10	3.593824e-01
2.341920e-02	-2.396502e-10	3.600518e-01
2.339181e-02	-2.175620e-10	3.607331e-01
2.336449e-02	-1.946618e-10	3.614275e-01
2.333722e-02	-1.708954e-10	3.621361e-01
2.331002e-02	-1.462289e-10	3.628599e-01
2.328289e-02	-1.206448e-10	3.635999e-01
2.325581e-02	-9.414001e-11	3.643573e-01
2.322880e-02	-6.672165e-11	3.651328e-01
2.320186e-02	-3.840509e-11	3.659273e-01
2.317497e-02	-9.211455e-12	3.667418e-01
2.314815e-02	2.083489e-11	3.675770e-01
2.312139e-02	5.170723e-11	3.684335e-01
2.309469e-02	8.337784e-11	3.693121e-01
2.306805e-02	1.158187e-10	3.702133e-01
2.304147e-02	1.490024e-10	3.711376e-01
2.301496e-02	1.829018e-10	3.720855e-01
2.298851e-02	2.174899e-10	3.730572e-01
2.296211e-02	2.527400e-10	3.740531e-01
2.293578e-02	2.886247e-10	3.750733e-01
2.290951e-02	3.251154e-10	3.761179e-01
2.288330e-02	3.621825e-10	3.771869e-01
2.285714e-02	3.997942e-10	3.782801e-01
2.283105e-02	4.379163e-10	3.793977e-01
2.280502e-02	4.765121e-10	3.805394e-01
2.277904e-02	5.155429e-10	3.817053e-01
2.275313e-02	5.549677e-10	3.828954e-01
2.272727e-02	5.947442e-10	3.841100e-01
2.270148e-02	6.348296e-10	3.853494e-01
2.267574e-02	6.751815e-10	3.866142e-01
2.265006e-02	7.157591e-10	3.879053e-01
2.262443e-02	7.565248e-10	3.892234e-01
2.259887e-02	7.974445e-10	3.905699e-01
2.257336e-02	8.384888e-10	3.919458e-01
2.254791e-02	8.796340e-10	3.933527e-01
2.252252e-02	9.208622e-10	3.947920e-01
2.249719e-02	9.621608e-10	3.962650e-01
2.247191e-02	1.003524e-09	3.977733e-01
2.244669e-02	1.044949e-09	3.993182e-01
2.242152e-02	1.086440e-09	4.009010e-01
2.239642e-02	1.128003e-09	4.025228e-01
2.237136e-02	1.169647e-09	4.041847e-01
2.234637e-02	1.211381e-09	4.058875e-01
2.232143e-02	1.253218e-09	4.076321e-01
2.229654e-02	1.295168e-09	4.094189e-01
2.227171e-02	1.337240e-09	4.112485e-01
2.224694e-02	1.379444e-09	4.131211e-01
2.222222e-02	1.421785e-09	4.150371e-01
2.219756e-02	1.464270e-09	4.169967e-01
2.217295e-02	1.506904e-09	4.190001e-01
2.214839e-02	1.549689e-09	4.210474e-01
2.212389e-02	1.592629e-09	4.231389e-01
2.209945e-02	1.635731e-09	4.252752e-01
2.207506e-02	1.678999e-09	4.274566e-01
2.205072e-02	1.722445e-09	4.296839e-01
2.202643e-02	1.766080e-09	4.319581e-01
2.200220e-02	1.809924e-09	4.342802e-01
2.197802e-02	1.854000e-09	4.366514e-01
2.195390e-02	1.898335e-09	4.390731e-01
2.192982e-02	1.942966e-09	4.415469e-01
2.190581e-02	1.987934e-09	4.440744e-01
2.188184e-02	2.033288e-09	4.466573e-01
2.185792e-02	2.079083e-09	4.492972e-01
2.183406e-02	2.125382e-09	4.519959e-01
2.181025e-02	2.172254e-09	4.547551e-01
2.178649e-02	2.219774e-09	4.575763e-01
2.176279e-02	2.268027e-09	4.604613e-01
2.173913e-02	2.317102e-09	4.634114e-01
2.171553e-02	2.367094e-09	4.664282e-01
2.169197e-02	2.418104e-09	4.695130e-01
2.166847e-02	2.470239e-09	4.726671e-01
2.164502e-02	2.523607e-09	4.758917e-01
2.162162e-02	2.578320e-09	4.791881e-01
2.159827e-02	2.634488e-09	4.825572e-01
2.157497e-02	2.692220e-09	4.860002e-01
2.155172e-02	2.751619e-09	4.895180e-01
2.152853e-02	2.812778e-09	4.931113e-01
2.150538e-02	2.875780e-09	4.967810e-01
2.148228e-02	2.940689e-09	5.005277e-01
2.145923e-02	3.007553e-09	5.043517e-01
2.143623e-02	3.076393e-09	5.082535e-01
2.141328e-02	3.147205e-09	5.122329e-01
2.139037e-02	3.219957e-09	5.162897e-01
2.136752e-02	3.294583e-09	5.204232e-01
2.134472e-02	3.370986e-09	5.246325e-01
2.132196e-02	3.449034e-09	5.289160e-01
2.129925e-02	3.528564e-09	5.332715e-01
2.127660e-02	3.609380e-09	5.376963e-01
2.125399e-02	3.691257e-09	5.421871e-01
2.123142e-02	3.773947e-09	5.467397e-01
2.120891e-02	3.857176e-09	5.513493e-01
2.118644e-02	3.940654e-09	5.560103e-01
2.116402e-02	4.024077e-09	5.607164e-01
2.114165e-02	4.107134e-09	5.654606e-01
2.111932e-02	4.189509e-09	5.702358e-01
2.109705e-02	4.270887e-09	5.750342e-01
2.107482e-02	4.350958e-09	5.798479e-01
2.105263e-02	4.429420e-09	5.846693e-01
2.103049e-02	4.505982e-09	5.894908e-01
2.100840e-02	4.580368e-09	5.943054e-01
2.098636e-02	4.652316e-09	5.991068e-01
2.096436e-02	4.721583e-09	6.038893e-01
2.094241e-02	4.787943e-09	6.086481e-01
2.092050e-02	4.851188e-09	6.133793e-01
2.089864e-02	4.911131e-09	6.180799e-01
2.087683e-02	4.967602e-09	6.227476e-01
2.085506e-02	5.020453e-09	6.273811e-01
2.083333e-02	5.069556e-09	6.319793e-01
2.081165e-02	5.114803e-09	6.365421e-01
2.079002e-02	5.156109e-09	6.410695e-01
2.076843e-02	5.193413e-09	6.455620e-01
2.074689e-02	5.226679e-09	6.500202e-01
2.072539e-02	5.255894e-09	6.544449e-01
2.070393e-02	5.281073e-09	6.588371e-01
2.068252e-02	5.302255e-09	6.631977e-01
2.066116e-02	5.319503e-09	6.675279e-01
2.063983e-02	5.332900e-09	6.718291e-01
2.061856e-02	5.342550e-09	6.761028e-01
2.059732e-02	5.348569e-09	6.803507e-01
2.057613e-02	5.351085e-09	6.845749e-01
2.055498e-02	5.350234e-09	6.887775e-01
2.053388e-02	5.346156e-09	6.929607e-01
2.051282e-02	5.338996e-09	6.971271e-01
2.049180e-02	5.328899e-09	7.012789e-01
2.047083e-02	5.316013e-09	7.054184e-01
2.044990e-02	5.300490e-09	7.095477e-01
2.042901e-02	5.282486e-09	7.136687e-01
2.040816e-02	5.262165e-09	7.177830e-01
2.038736e-02	5.239698e-09	7.218922e-01
2.036660e-02	5.215266e-09	7.259973e-01
2.034588e-02	5.189061e-09	7.300991e-01
2.032520e-02	5.161288e-09	7.341983e-01
2.030457e-02	5.132163e-09	7.382949e-01
2.028398e-02	5.101914e-09	7.423890e-01
2.026342e-02	5.070779e-09	7.464800e-01
2.024291e-02	5.039007e-09	7.505672e-01
2.022245e-02	5.006852e-09	7.546491e-01
2.020202e-02	4.974577e-09	7.587239e-01
2.018163e-02	4.942444e-09	7.627895e-01
2.016129e-02	4.910719e-09	7.668428e-01
2.014099e-02	4.879665e-09	7.708802e-01
2.012072e-02	4.849542e-09	7.748977e-01
2.010050e-02	4.820601e-09	7.788904e-01
2.008032e-02	4.793086e-09	7.828527e-01
2.006018e-02	4.767229e-09	7.867783e-01
2.004008e-02	4.743248e-09	7.906605e-01
2.002002e-02	4.721344e-09	7.944916e-01
2.000000e-02	4.701703e-09	7.982636e-01
1.998002e-02	4.684490e-09	8.019681e-01
1.996008e-02	4.669850e-09	8.055962e-01
1.994018e-02	4.657903e-09	8.091386e-01
1.992032e-02	4.648749e-09	8.125863e-01
1.990050e-02	4.642460e-09	8.159299e-01
1.988072e-02	4.639084e-09	8.191606e-01
1.986097e-02	4.638640e-09	8.222698e-01
1.984127e-02	4.641121e-09	8.252493e-01
1.982161e-02	4.646492e-09	8.280918e-01
1.980198e-02	4.654688e-09	8.307906e-01
1.978239e-02	4.665615e-09	8.333401e-01
1.976285e-02	4.679153e-09	8.357357e-01
1.974334e-02	4.695151e-09	8.379738e-01
1.972387e-02	4.713431e-09	8.400520e-01
1.970443e-02	4.733789e-09	8.419692e-01
1.968504e-02	4.755998e-09	8.437252e-01
1.966568e-02	4.779805e-09	8.453209e-01
1.964637e-02	4.804941e-09	8.467583e-01
1.962709e-02	4.831117e-09	8.480403e-01
1.960784e-02	4.858034e-09	8.491706e-01
1.958864e-02	4.885382e-09	8.501535e-01
1.956947e-02	4.912847e-09	8.509940e-01
1.955034e-02	4.940117e-09	8.516975e-01
1.953125e-02	4.966883e-09	8.522696e-01
1.951220e-02	4.992849e-09	8.527165e-01
1.949318e-02	5.017732e-09	8.530444e-01
1.947420e-02	5.041269e-09	8.532597e-01
1.945525e-02	5.063223e-09	8.533689e-01
1.943635e-02	5.083382e-09	8.533785e-01
1.941748e-02	5.101565e-09	8.532953e-01
1.939864e-02	5.117623e-09	8.531261e-01
1.937984e-02	5.131442e-09	8.528779e-01
1.936108e-02	5.142938e-09	8.525577e-01
1.934236e-02	5.152064e-09	8.521729e-01
1.932367e-02	5.158803e-09	8.517313e-01
1.930502e-02	5.163169e-09	8.512407e-01
1.928640e-02	5.165203e-09	8.507096e-01
1.926782e-02	5.164972e-09	8.501469e-01
1.924928e-02	5.162563e-09	8.495620e-01
1.923077e-02	5.158085e-09	8.489647e-01
1.921230e-02	5.151660e-09	8.483658e-01
1.919386e-02	5.143424e-09	8.477763e-01
1.917546e-02	5.133522e-09	8.472080e-01
1.915709e-02	5.122107e-09	8.466735e-01
1.913876e-02	5.109333e-09	8.461858e-01
1.912046e-02	5.095360e-09	8.457585e-01
1.910220e-02	5.080346e-09	8.454059e-01
1.908397e-02	5.064447e-09	8.451427e-01
1.906578e-02	5.047814e-09	8.449838e-01
1.904762e-02	5.030595e-09	8.449449e-01
1.902950e-02	5.012928e-09	8.450414e-01
1.901141e-02	4.994947e-09	8.452892e-01
1.899335e-02	4.976773e-09	8.457042e-01
1.897533e-02	4.958519e-09	8.463022e-01
1.895735e-02	4.940285e-09	8.470985e-01
1.893939e-02	4.922159e-09	8.481086e-01
1.892148e-02	4.904216e-09	8.493468e-01
1.890359e-02	4.886516e-09	8.508271e-01
1.888574e-02	4.869102e-09	8.525619e-01
1.886792e-02	4.852001e-09	8.545622e-01
1.885014e-02	4.835222e-09	8.568370e-01
1.883239e-02	4.818754e-09	8.593923e-01
1.881468e-02	4.802565e-09	8.622307e-01
1.879699e-02	4.786607e-09	8.653502e-01
1.877934e-02	4.770809e-09	8.687428e-01
1.876173e-02	4.755088e-09	8.723942e-01
1.874414e-02	4.739346e-09	8.762816e-01
1.872659e-02	4.723478e-09	8.803734e-01
1.870907e-02	4.707377e-09	8.846281e-01
1.869159e-02	4.690943e-09	8.889941e-01
1.867414e-02	4.674087e-09	8.934099e-01
1.865672e-02	4.656740e-09	8.978055e-01
1.863933e-02	4.638860e-09	9.021041e-01
1.862197e-02	4.620435e-09	9.062251e-01
1.860465e-02	4.601491e-09	9.100877e-01
1.858736e-02	4.582083e-09	9.136149e-01
1.857010e-02	4.562302e-09	9.167380e-01
1.855288e-02	4.542261e-09	9.194006e-01
1.853568e-02	4.522093e-09	9.215617e-01
1.851852e-02	4.501930e-09	9.231982e-01
1.850139e-02	4.481898e-09	9.243065e-01
1.848429e-02	4.462097e-09	9.249015e-01
1.846722e-02	4.442590e-09	9.250159e-01
1.845018e-02	4.423386e-09	9.246972e-01
1.843318e-02	4.404435e-09	9.240050e-01
1.841621e-02	4.385615e-09	9.230075e-01
1.839926e-02	4.366729e-09	9.217774e-01
1.838235e-02	4.347505e-09	9.203891e-01
1.836547e-02	4.327595e-09	9.189159e-01
1.834862e-02	4.306583e-09	9.174271e-01
1.833181e-02	4.283987e-09	9.159867e-01
1.831502e-02	4.259268e-09	9.146521e-01
1.829826e-02	4.231841e-09	9.134732e-01
1.828154e-02	4.201084e-09	9.124927e-01
1.826484e-02	4.166345e-09	9.117453e-01
1.824818e-02	4.126955e-09	9.112590e-01
1.823154e-02	4.082234e-09	9.110546e-01
1.821494e-02	4.031501e-09	9.111470e-01
1.819836e-02	3.974083e-09	9.115455e-01
1.818182e-02	3.909322e-09	9.122546e-01
1.816530e-02	3.836580e-09	9.132744e-01
1.814882e-02	3.755251e-09	9.146012e-01
1.813237e-02	3.664762e-09	9.162282e-01
1.811594e-02	3.564583e-09	9.181459e-01
1.809955e-02	3.454233e-09	9.203425e-01
1.808318e-02	3.333286e-09	9.228044e-01
1.806685e-02	3.201375e-09	9.255162e-01
1.805054e-02	3.058200e-09	9.284618e-01
1.803427e-02	2.903535e-09	9.316238e-01
1.801802e-02	2.737226e-09	9.349845e-01
1.800180e-02	2.559206e-09	9.385258e-01
1.798561e-02	2.369490e-09	9.422298e-01
1.796945e-02	2.168183e-09	9.460786e-01
1.795332e-02	1.955478e-09	9.500554e-01
1.793722e-02	1.731659e-09	9.541439e-01
1.792115e-02	1.497100e-09	9.583293e-01
1.790510e-02	1.252259e-09	9.625986e-01
1.788909e-02	9.976780e-10	9.669407e-01
1.787310e-02	7.339724e-10	9.713471e-01
1.785714e-02	4.618257e-10	9.758119e-01
1.784121e-02	1.819807e-10	9.803329e-01
1.782531e-02	-1.047726e-10	9.849113e-01
1.780944e-02	-3.976060e-10	9.895524e-01
1.779359e-02	-6.956655e-10	9.942660e-01
1.777778e-02	-9.980818e-10	9.990664e-01
1.776199e-02	-1.303981e-09	1.003973e+00
1.774623e-02	-1.612495e-09	1.009009e+00
1.773050e-02	-1.922770e-09	1.014204e+00
1.771479e-02	-2.233971e-09	1.019590e+00
1.769912e-02	-2.545294e-09	1.025204e+00
1.768347e-02	-2.855964e-09	1.031082e+00
1.766784e-02	-3.165245e-09	1.037263e+00
1.765225e-02	-3.472434e-09	1.043782e+00
1.763668e-02	-3.776871e-09	1.050670e+00
1.762115e-02	-4.077932e-09	1.057945e+00
1.760563e-02	-4.375031e-09	1.065614e+00
1.759015e-02	-4.667619e-09	1.073659e+00
1.757469e-02	-4.955179e-09	1.082041e+00
1.755926e-02	-5.237229e-09	1.090686e+00
1.754386e-02	-5.513312e-09	1.099485e+00
1.752848e-02	-5.782998e-09	1.108292e+00
1.751313e-02	-6.045878e-09	1.116924e+00
1.749781e-02	-6.301564e-09	1.125165e+00
1.748252e-02	-6.549681e-09	1.132777e+00
1.746725e-02	-6.789865e-09	1.139513e+00
1.745201e-02	-7.021762e-09	1.145132e+00
1.743679e-02	-7.245024e-09	1.149423e+00
1.742160e-02	-7.459302e-09	1.152214e+00
1.740644e-02	-7.664247e-09	1.153394e+00
1.739130e-02	-7.859508e-09	1.152917e+00
1.737619e-02	-8.044727e-09	1.150806e+00
1.736111e-02	-8.219540e-09	1.147150e+00
1.734605e-02	-8.383577e-09	1.142090e+00
1.733102e-02	-8.536458e-09	1.135813e+00
1.731602e-02	-8.677798e-09	1.128528e+00
1.730104e-02	-8.807206e-09	1.120458e+00
1.728608e-02	-8.924285e-09	1.111825e+00
1.727116e-02	-9.028635e-09	1.102835e+00
1.725626e-02	-9.119857e-09	1.093678e+00
1.724138e-02	-9.197549e-09	1.084520e+00
1.722653e-02	-9.261316e-09	1.075498e+00
1.721170e-02	-9.310765e-09	1.066727e+00
1.719690e-02	-9.345513e-09	1.058298e+00
1.718213e-02	-9.365182e-09	1.050279e+00
1.716738e-02	-9.369408e-09	1.042721e+00
1.715266e-02	-9.357838e-09	1.035662e+00
1.713796e-02	-9.330132e-09	1.029125e+00
1.712329e-02	-9.285966e-09	1.023128e+00
1.710864e-02	-9.225030e-09	1.017680e+00
1.709402e-02	-9.147033e-09	1.012788e+00
1.707942e-02	-9.051698e-09	1.008455e+00
1.706485e-02	-8.938765e-09	1.004686e+00
1.705030e-02	-8.807989e-09	1.001485e+00
1.703578e-02	-8.659140e-09	9.988597e-01
1.702128e-02	-8.492003e-09	9.968198e-01
1.700680e-02	-8.306368e-09	9.953797e-01
1.699235e-02	-8.102038e-09	9.945584e-01
1.697793e-02	-7.878815e-09	9.943805e-01
1.696353e-02	-7.636501e-09	9.948770e-01
1.694915e-02	-7.374891e-09	9.960857e-01
1.693480e-02	-7.093767e-09	9.980518e-01
1.692047e-02	-6.792890e-09	1.000829e+00
1.690617e-02	-6.471993e-09	1.004478e+00
1.689189e-02	-6.130776e-09	1.009070e+00
1.687764e-02	-5.768899e-09	1.014682e+00
1.686341e-02	-5.385976e-09	1.021399e+00
1.684920e-02	-4.981574e-09	1.029312e+00
1.683502e-02	-4.555216e-09	1.038514e+00
1.682086e-02	-4.106390e-09	1.049097e+00
1.680672e-02	-3.634560e-09	1.061144e+00
1.679261e-02	-3.139198e-09	1.074724e+00
1.677852e-02	-2.619817e-09	1.089882e+00
1.676446e-02	-2.076016e-09	1.106626e+00
1.675042e-02	-1.507542e-09	1.124916e+00
1.673640e-02	-9.143544e-10	1.144651e+00
1.672241e-02	-2.966900e-10	1.165663e+00
1.670844e-02	3.448764e-10	1.187710e+00
1.669449e-02	1.009392e-09	1.210480e+00
1.668057e-02	1.695517e-09	1.233606e+00
1.666667e-02	2.401559e-09	1.256690e+00
1.665279e-02	3.125553e-09	1.279335e+00
1.663894e-02	3.865386e-09	1.301184e+00
1.662510e-02	4.618959e-09	1.321954e+00
1.661130e-02	5.384355e-09	1.341471e+00
1.659751e-02	6.159987e-09	1.359677e+00
1.658375e-02	6.944699e-09	1.376630e+00
1.657001e-02	7.737782e-09	1.392478e+00
1.655629e-02	8.538897e-09	1.407427e+00
1.654260e-02	9.347895e-09	1.421690e+00
1.652893e-02	1.016454e-08	1.435446e+00
1.651528e-02	1.098816e-08	1.448798e+00
1.650165e-02	1.181730e-08	1.461743e+00
1.648805e-02	1.264934e-08	1.474162e+00
1.647446e-02	1.348022e-08	1.485821e+00
1.646091e-02	1.430432e-08	1.496392e+00
1.644737e-02	1.511447e-08	1.505490e+00
1.643385e-02	1.590214e-08	1.512720e+00
1.642036e-02	1.665794e-08	1.517723e+00
1.640689e-02	1.737212e-08	1.520233e+00
1.639344e-02	1.803532e-08	1.520107e+00
1.638002e-02	1.863924e-08	1.517350e+00
1.636661e-02	1.917721e-08	1.512119e+00
1.635323e-02	1.964471e-08	1.504707e+00
1.633987e-02	2.003955e-08	1.495514e+00
1.632653e-02	2.036197e-08	1.485012e+00
1.631321e-02	2.061438e-08	1.473699e+00
1.629992e-02	2.080110e-08	1.462071e+00
1.628664e-02	2.092795e-08	1.450588e+00
1.627339e-02	2.100172e-08	1.439652e+00
1.626016e-02	2.102978e-08	1.429597e+00
1.624695e-02	2.101966e-08	1.420679e+00
1.623377e-02	2.097869e-08	1.413074e+00
1.622060e-02	2.091377e-08	1.406879e+00
1.620746e-02	2.083120e-08	1.402116e+00
1.619433e-02	2.073651e-08	1.398738e+00
1.618123e-02	2.063452e-08	1.396634e+00
1.616815e-02	2.052922e-08	1.395639e+00
1.615509e-02	2.042389e-08	1.395548e+00
1.614205e-02	2.032115e-08	1.396127e+00
1.612903e-02	2.022299e-08	1.397134e+00
1.611604e-02	2.013089e-08	1.398336e+00
1.610306e-02	2.004589e-08	1.399529e+00
1.609010e-02	1.996864e-08	1.400556e+00
1.607717e-02	1.989952e-08	1.401316e+00
1.606426e-02	1.983867e-08	1.401776e+00
1.605136e-02	1.978603e-08	1.401968e+00
1.603849e-02	1.974141e-08	1.401979e+00
1.602564e-02	1.970453e-08	1.401943e+00
1.601281e-02	1.967501e-08	1.402017e+00
1.600000e-02	1.965246e-08	1.402361e+00
1.598721e-02	1.963644e-08	1.403115e+00
1.597444e-02	1.962649e-08	1.404380e+00
1.596169e-02	1.962215e-08	1.406198e+00
1.594896e-02	1.962299e-08	1.408539e+00
1.593625e-02	1.962855e-08	1.411294e+00
1.592357e-02	1.963841e-08	1.414275e+00
1.591090e-02	1.965216e-08	1.417219e+00
1.589825e-02	1.966940e-08	1.419805e+00
1.588562e-02	1.968977e-08	1.421669e+00
1.587302e-02	1.971291e-08	1.422435e+00
1.586043e-02	1.973848e-08	1.421743e+00
1.584786e-02	1.976619e-08	1.419271e+00
1.583531e-02	1.979574e-08	1.414770e+00
1.582278e-02	1.982688e-08	1.408077e+00
1.581028e-02	1.985940e-08	1.399127e+00
1.579779e-02	1.989309e-08	1.387961e+00
1.578532e-02	1.992780e-08	1.374712e+00
1.577287e-02	1.996339e-08	1.359599e+00
1.576044e-02	1.999979e-08	1.342901e+00
1.574803e-02	2.003691e-08	1.324942e+00
1.573564e-02	2.007471e-08	1.306064e+00
1.572327e-02	2.011318e-08	1.286610e+00
1.571092e-02	2.015229e-08	1.266907e+00
1.569859e-02	2.019205e-08	1.247250e+00
1.568627e-02	2.023247e-08	1.227900e+00
1.567398e-02	2.027354e-08	1.209072e+00
1.566171e-02	2.031527e-08	1.190938e+00
1.564945e-02	2.035765e-08	1.173628e+00
1.563722e-02	2.040064e-08	1.157235e+00
1.562500e-02	2.044422e-08	1.141816e+00
1.561280e-02	2.048833e-08	1.127399e+00
1.560062e-02	2.053288e-08	1.113989e+00
1.558846e-02	2.057779e-08	1.101572e+00
1.557632e-02	2.062293e-08	1.090118e+00
1.556420e-02	2.066815e-08	1.079588e+00
1.555210e-02	2.071328e-08	1.069936e+00
1.554002e-02	2.075813e-08	1.061110e+00
1.552795e-02	2.080249e-08	1.053058e+00
1.551590e-02	2.084609e-08	1.045725e+00
1.550388e-02	2.088869e-08	1.039059e+00
1.549187e-02	2.092998e-08	1.033007e+00
1.547988e-02	2.096967e-08	1.027522e+00
1.546790e-02	2.100741e-08	1.022556e+00
1.545595e-02	2.104286e-08	1.018069e+00
1.544402e-02	2.107567e-08	1.014019e+00
1.543210e-02	2.110545e-08	1.010371e+00
1.542020e-02	2.113181e-08	1.007093e+00
1.540832e-02	2.115436e-08	1.004154e+00
1.539646e-02	2.117270e-08	1.001530e+00
1.538462e-02	2.118641e-08	9.991970e-01
1.537279e-02	2.119509e-08	9.971353e-01
1.536098e-02	2.119833e-08	9.953285e-01
1.534919e-02	2.119573e-08	9.937625e-01
1.533742e-02	2.118688e-08	9.924265e-01
1.532567e-02	2.117141e-08	9.913121e-01
1.531394e-02	2.114894e-08	9.904134e-01
1.530222e-02	2.111913e-08	9.897273e-01
1.529052e-02	2.108163e-08	9.892529e-01
1.527884e-02	2.103613e-08	9.889917e-01
1.526718e-02	2.098235e-08	9.889475e-01
1.525553e-02	2.092004e-08	9.891267e-01
1.524390e-02	2.084894e-08	9.895379e-01
1.523229e-02	2.076888e-08	9.901924e-01
1.522070e-02	2.067967e-08	9.911042e-01
1.520913e-02	2.058117e-08	9.922903e-01
1.519757e-02	2.047326e-08	9.937706e-01
1.518603e-02	2.035588e-08	9.955681e-01
1.517451e-02	2.022894e-08	9.977090e-01
1.516300e-02	2.009244e-08	1.000222e+00
1.515152e-02	1.994635e-08	1.003139e+00
1.514005e-02	1.979068e-08	1.006495e+00
1.512859e-02	1.962548e-08	1.010323e+00
1.511716e-02	1.945078e-08	1.014662e+00
1.510574e-02	1.926666e-08	1.019549e+00
1.509434e-02	1.907319e-08	1.025019e+00
1.508296e-02	1.887048e-08	1.031106e+00
1.507159e-02	1.865864e-08	1.037841e+00
1.506024e-02	1.843778e-08	1.045246e+00
1.504891e-02	1.820807e-08	1.053335e+00
1.503759e-02	1.796968e-08	1.062110e+00
1.502630e-02	1.772280e-08	1.071555e+00
1.501502e-02	1.746769e-08	1.081636e+00
1.500375e-02	1.720463e-08	1.092293e+00
1.499250e-02	1.693397e-08	1.103439e+00
1.498127e-02	1.665612e-08	1.114961e+00
1.497006e-02	1.637156e-08	1.126712e+00
1.495886e-02	1.608085e-08	1.138525e+00
1.494768e-02	1.578463e-08	1.150208e+00
1.493652e-02	1.548360e-08	1.161564e+00
1.492537e-02	1.517852e-08	1.172396e+00
1.491424e-02	1.487020e-08	1.182526e+00
1.490313e-02	1.455945e-08	1.191809e+00
1.489203e-02	1.424705e-08	1.200144e+00
1.488095e-02	1.393377e-08	1.207488e+00
1.486989e-02	1.362027e-08	1.213856e+00
1.485884e-02	1.330713e-08	1.219326e+00
1.484781e-02	1.299483e-08	1.224022e+00
1.483680e-02	1.268373e-08	1.228115e+00
1.482580e-02	1.237411e-08	1.231800e+00
1.481481e-02	1.206617e-08	1.235285e+00
1.480385e-02	1.176008e-08	1.238777e+00
1.479290e-02	1.145601e-08	1.242469e+00
1.478197e-02	1.115416e-08	1.246531e+00
1.477105e-02	1.085481e-08	1.251101e+00
1.476015e-02	1.055838e-08	1.256285e+00
1.474926e-02	1.026540e-08	1.262149e+00
1.473839e-02	9.976571e-09	1.268721e+00
1.472754e-02	9.692757e-09	1.275993e+00
1.471670e-02	9.414963e-09	1.283918e+00
1.470588e-02	9.144319e-09	1.292419e+00
1.469508e-02	8.882035e-09	1.301387e+00
1.468429e-02	8.629351e-09	1.310685e+00
1.467351e-02	8.387477e-09	1.320155e+00
1.466276e-02	8.157530e-09	1.329621e+00
1.465201e-02	7.940470e-09	1.338896e+00
1.464129e-02	7.737045e-09	1.347786e+00
1.463058e-02	7.547743e-09	1.356096e+00
1.461988e-02	7.372763e-09	1.363639e+00
1.460920e-02	7.211998e-09	1.370235e+00
1.459854e-02	7.065041e-09	1.375717e+00
1.458789e-02	6.931197e-09	1.379937e+00
1.457726e-02	6.809521e-09	1.382762e+00
1.456664e-02	6.698859e-09	1.384080e+00
1.455604e-02	6.597896e-09	1.383800e+00
1.454545e-02	6.505209e-09	1.381856e+00
1.453488e-02	6.419317e-09	1.378212e+00
1.452433e-02	6.338725e-09	1.372866e+00
1.451379e-02	6.261963e-09	1.365862e+00
1.450326e-02	6.187616e-09	1.357289e+00
1.449275e-02	6.114344e-09	1.347288e+00
1.448226e-02	6.040899e-09	1.336047e+00
1.447178e-02	5.966126e-09	1.323800e+00
1.446132e-02	5.888968e-09	1.310812e+00
1.445087e-02	5.808465e-09	1.297365e+00
1.444043e-02	5.723749e-09	1.283748e+00
1.443001e-02	5.634042e-09	1.270241e+00
1.441961e-02	5.538654e-09	1.257102e+00
1.440922e-02	5.436984e-09	1.244564e+00
1.439885e-02	5.328518e-09	1.232826e+00
1.438849e-02	5.212836e-09	1.222056e+00
1.437815e-02	5.089612e-09	1.212391e+00
1.436782e-02	4.958622e-09	1.203943e+00
1.435750e-02	4.819746e-09	1.196801e+00
1.434720e-02	4.672973e-09	1.191039e+00
1.433692e-02	4.518401e-09	1.186715e+00
1.432665e-02	4.356236e-09	1.183876e+00
1.431639e-02	4.186790e-09	1.182561e+00
1.430615e-02	4.010473e-09	1.182796e+00
1.429593e-02	3.827778e-09	1.184593e+00
1.428571e-02	3.639266e-09	1.187945e+00
1.427552e-02	3.445544e-09	1.192823e+00
1.426534e-02	3.247238e-09	1.199165e+00
1.425517e-02	3.044965e-09	1.206871e+00
1.424501e-02	2.839297e-09	1.215800e+00
1.423488e-02	2.630738e-09	1.225768e+00
1.422475e-02	2.419691e-09	1.236545e+00
1.421464e-02	2.206444e-09	1.247872e+00
1.420455e-02	1.991164e-09	1.259471e+00
1.419446e-02	1.773905e-09	1.271062e+00
1.418440e-02	1.554632e-09	1.282394e+00
1.417434e-02	1.333259e-09	1.293263e+00
1.416431e-02	1.109702e-09	1.303536e+00
1.415428e-02	8.839266e-10	1.313161e+00
1.414427e-02	6.560039e-10	1.322176e+00
1.413428e-02	4.261506e-10	1.330698e+00
1.412429e-02	1.947571e-10	1.338907e+00
1.411433e-02	-3.760169e-11	1.347028e+00
1.410437e-02	-2.701742e-10	1.355295e+00
1.409443e-02	-5.020542e-10	1.363930e+00
1.408451e-02	-7.322144e-10	1.373113e+00
1.407460e-02	-9.595464e-10	1.382957e+00
1.406470e-02	-1.182901e-09	1.393494e+00
1.405481e-02	-1.401126e-09	1.404660e+00
1.404494e-02	-1.613098e-09	1.416289e+00
1.403509e-02	-1.817743e-09	1.428111e+00
1.402525e-02	-2.014058e-09	1.439762e+00
1.401542e-02	-2.201114e-09	1.450801e+00
1.400560e-02	-2.378063e-09	1.460729e+00
1.399580e-02	-2.544134e-09	1.469023e+00
1.398601e-02	-2.698640e-09	1.475176e+00
1.397624e-02	-2.840976e-09	1.478729e+00
1.396648e-02	-2.970632e-09	1.479319e+00
1.395673e-02	-3.087211e-09	1.476702e+00
1.394700e-02	-3.190444e-09	1.470778e+00
1.393728e-02	-3.280227e-09	1.461600e+00
1.392758e-02	-3.356647e-09	1.449364e+00
1.391788e-02	-3.420014e-09	1.434388e+00
1.390821e-02	-3.470886e-09	1.417084e+00
1.389854e-02	-3.510090e-09	1.397917e+00
1.388889e-02	-3.538726e-09	1.377376e+00
1.387925e-02	-3.558154e-09	1.355935e+00
1.386963e-02	-3.569970e-09	1.334028e+00
1.386001e-02	-3.575961e-09	1.312039e+00
1.385042e-02	-3.578048e-09	1.290285e+00
1.384083e-02	-3.578211e-09	1.269017e+00
1.383126e-02	-3.578416e-09	1.248426e+00
1.382170e-02	-3.580531e-09	1.228645e+00
1.381215e-02	-3.586252e-09	1.209760e+00
1.380262e-02	-3.597037e-09	1.191818e+00
1.379310e-02	-3.614042e-09	1.174834e+00
1.378360e-02	-3.638088e-09	1.158802e+00
1.377410e-02	-3.669629e-09	1.143696e+00
1.376462e-02	-3.708748e-09	1.129479e+00
1.375516e-02	-3.755158e-09	1.116106e+00
1.374570e-02	-3.808225e-09	1.103528e+00
1.373626e-02	-3.867004e-09	1.091693e+00
1.372684e-02	-3.930273e-09	1.080550e+00
1.371742e-02	-3.996587e-09	1.070047e+00
1.370802e-02	-4.064333e-09	1.060134e+00
1.369863e-02	-4.131778e-09	1.050765e+00
1.368925e-02	-4.197135e-09	1.041895e+00
1.367989e-02	-4.258610e-09	1.033480e+00
1.367054e-02	-4.314456e-09	1.025481e+00
1.366120e-02	-4.363019e-09	1.017861e+00
1.365188e-02	-4.402782e-09	1.010586e+00
1.364256e-02	-4.432395e-09	1.003625e+00
1.363327e-02	-4.450709e-09	9.969491e-01
1.362398e-02	-4.456792e-09	9.905371e-01
1.361470e-02	-4.449942e-09	9.843712e-01
1.360544e-02	-4.429695e-09	9.784408e-01
1.359619e-02	-4.395824e-09	9.727429e-01
1.358696e-02	-4.348326e-09	9.672824e-01
1.357773e-02	-4.287417e-09	9.620725e-01
1.356852e-02	-4.213505e-09	9.571335e-01
1.355932e-02	-4.127176e-09	9.524924e-01
1.355014e-02	-4.029169e-09	9.481817e-01
1.354096e-02	-3.920346e-09	9.442380e-01
1.353180e-02	-3.801671e-09	9.407019e-01
1.352265e-02	-3.674182e-09	9.376170e-01
1.351351e-02	-3.538965e-09	9.350303e-01
1.350439e-02	-3.397132e-09	9.329925e-01
1.349528e-02	-3.249798e-09	9.315585e-01
1.348618e-02	-3.098061e-09	9.307885e-01
1.347709e-02	-2.942986e-09	9.307486e-01
1.346801e-02	-2.785590e-09	9.315118e-01
1.345895e-02	-2.626833e-09	9.331586e-01
1.344990e-02	-2.467605e-09	9.357780e-01
1.344086e-02	-2.308724e-09	9.394671e-01
1.343183e-02	-2.150929e-09	9.443313e-01
1.342282e-02	-1.994880e-09	9.504830e-01
1.341382e-02	-1.841157e-09	9.580393e-01
1.340483e-02	-1.690260e-09	9.671184e-01
1.339585e-02	-1.542616e-09	9.778345e-01
1.338688e-02	-1.398578e-09	9.902902e-01
1.337793e-02	-1.258428e-09	1.004567e+00
1.336898e-02	-1.122387e-09	1.020714e+00
1.336005e-02	-9.906116e-10	1.038736e+00
1.335113e-02	-8.632041e-10	1.058581e+00
1.334223e-02	-7.402123e-10	1.080137e+00
1.333333e-02	-6.216334e-10	1.103222e+00
1.332445e-02	-5.074168e-10	1.127601e+00
1.331558e-02	-3.974657e-10	1.153003e+00
1.330672e-02	-2.916396e-10	1.179156e+00
1.329787e-02	-1.897555e-10	1.205827e+00
1.328904e-02	-9.159257e-11	1.232870e+00
1.328021e-02	3.104370e-12	1.260257e+00
1.327140e-02	9.461688e-11	1.288091e+00
1.326260e-02	1.832414e-10	1.316593e+00
1.325381e-02	2.692766e-10	1.346053e+00
1.324503e-02	3.530021e-10	1.376754e+00
1.323627e-02	4.346571e-10	1.408890e+00
1.322751e-02	5.144146e-10	1.442482e+00
1.321877e-02	5.923523e-10	1.477322e+00
1.321004e-02	6.684312e-10	1.512958e+00
1.320132e-02	7.424744e-10	1.548738e+00
1.319261e-02	8.141621e-10	1.583903e+00
1.318392e-02	8.830367e-10	1.617720e+00
1.317523e-02	9.485304e-10	1.649611e+00
1.316656e-02	1.010004e-09	1.679231e+00
1.315789e-02	1.066805e-09	1.706433e+00
1.314924e-02	1.118337e-09	1.731087e+00
1.314060e-02	1.164130e-09	1.752764e+00
1.313198e-02	1.203914e-09	1.770393e+00
1.312336e-02	1.237667e-09	1.782086e+00
1.311475e-02	1.265634e-09	1.785364e+00
1.310616e-02	1.288290e-09	1.777818e+00
1.309758e-02	1.306258e-09	1.758003e+00
1.308901e-02	1.320199e-09	1.726089e+00
1.308044e-02	1.330715e-09	1.683920e+00
1.307190e-02	1.338279e-09	1.634498e+00
1.306336e-02	1.343219e-09	1.581214e+00
1.305483e-02	1.345719e-09	1.527189e+00
1.304631e-02	1.345847e-09	1.474892e+00
1.303781e-02	1.343589e-09	1.426044e+00
1.302932e-02	1.338868e-09	1.381693e+00
1.302083e-02	1.331566e-09	1.342357e+00
1.301236e-02	1.321539e-09	1.308183e+00
1.300390e-02	1.308623e-09	1.279068e+00
1.299545e-02	1.292642e-09	1.254755e+00
1.298701e-02	1.273411e-09	1.234896e+00
1.297859e-02	1.250744e-09	1.219088e+00
1.297017e-02	1.224459e-09	1.206900e+00
1.296176e-02	1.194385e-09	1.197888e+00
1.295337e-02	1.160369e-09	1.191601e+00
1.294498e-02	1.122291e-09	1.187590e+00
1.293661e-02	1.080072e-09	1.185409e+00
1.292825e-02	1.033683e-09	1.184624e+00
1.291990e-02	9.831576e-10	1.184818e+00
1.291156e-02	9.285974e-10	1.185593e+00
1.290323e-02	8.701766e-10	1.186577e+00
1.289491e-02	8.081431e-10	1.187424e+00
1.288660e-02	7.428165e-10	1.187822e+00
1.287830e-02	6.745797e-10	1.187487e+00
1.287001e-02	6.038694e-10	1.186170e+00
1.286174e-02	5.311642e-10	1.183652e+00
1.285347e-02	4.569704e-10	1.179757e+00
1.284522e-02	3.818076e-10	1.174354e+00
1.283697e-02	3.061945e-10	1.167367e+00
1.282874e-02	2.306367e-10	1.158785e+00
1.282051e-02	1.556153e-10	1.148675e+00
1.281230e-02	8.157773e-11	1.137176e+00
1.280410e-02	8.931231e-12	1.124502e+00
1.279591e-02	-6.196357e-11	1.110927e+00
1.278772e-02	-1.307952e-10	1.096764e+00
1.277955e-02	-1.973046e-10	1.082347e+00
1.277139e-02	-2.612828e-10	1.068004e+00
1.276324e-02	-3.225722e-10	1.054038e+00
1.275510e-02	-3.810623e-10	1.040715e+00
1.274697e-02	-4.366874e-10	1.028251e+00
1.273885e-02	-4.894221e-10	1.016813e+00
1.273074e-02	-5.392758e-10	1.006517e+00
1.272265e-02	-5.862886e-10	9.974342e-01
1.271456e-02	-6.305256e-10	9.895991e-01
1.270648e-02	-6.720718e-10	9.830166e-01
1.269841e-02	-7.110284e-10	9.776695e-01
1.269036e-02	-7.475080e-10	9.735257e-01
1.268231e-02	-7.816304e-10	9.705441e-01
1.267427e-02	-8.135209e-10	9.686791e-01
1.266624e-02	-8.433060e-10	9.678845e-01
1.265823e-02	-8.711119e-10	9.681160e-01
1.265022e-02	-8.970628e-10	9.693329e-01
1.264223e-02	-9.212792e-10	9.714989e-01
1.263424e-02	-9.438771e-10	9.745827e-01
1.262626e-02	-9.649665e-10	9.785572e-01
1.261830e-02	-9.846522e-10	9.833992e-01
1.261034e-02	-1.003032e-09	9.890877e-01
1.260239e-02	-1.020198e-09	9.956025e-01
1.259446e-02	-1.036236e-09	1.002922e+00
1.258653e-02	-1.051224e-09	1.011020e+00
1.257862e-02	-1.065235e-09	1.019863e+00
1.257071e-02	-1.078336e-09	1.029407e+00
1.256281e-02	-1.090589e-09	1.039595e+00
1.255493e-02	-1.102049e-09	1.050349e+00
1.254705e-02	-1.112767e-09	1.061570e+00
1.253918e-02	-1.122790e-09	1.073134e+00
1.253133e-02	-1.132160e-09	1.084889e+00
1.252348e-02	-1.140916e-09	1.096651e+00
1.251564e-02	-1.149091e-09	1.108210e+00
1.250782e-02	-1.156717e-09	1.119332e+00
1.250000e-02	-1.163823e-09	1.129763e+00
1.249219e-02	-1.170434e-09	1.139241e+00
1.248439e-02	-1.176574e-09	1.147511e+00
1.247661e-02	-1.182264e-09	1.154336e+00
1.246883e-02	-1.187522e-09	1.159519e+00
1.246106e-02	-1.192368e-09	1.162913e+00
1.245330e-02	-1.196817e-09	1.164441e+00
1.244555e-02	-1.200883e-09	1.164097e+00
1.243781e-02	-1.204581e-09	1.161957e+00
1.243008e-02	-1.207922e-09	1.158168e+00
1.242236e-02	-1.210920e-09	1.152940e+00
1.241465e-02	-1.213584e-09	1.146534e+00
1.240695e-02	-1.215925e-09	1.139240e+00
1.239926e-02	-1.217952e-09	1.131358e+00
1.239157e-02	-1.219675e-09	1.123186e+00
1.238390e-02	-1.221102e-09	1.115000e+00
1.237624e-02	-1.222242e-09	1.107046e+00
1.236858e-02	-1.223102e-09	1.099533e+00
1.236094e-02	-1.223690e-09	1.092632e+00
1.235330e-02	-1.224013e-09	1.086473e+00
1.234568e-02	-1.224079e-09	1.081153e+00
1.233806e-02	-1.223894e-09	1.076735e+00
1.233046e-02	-1.223465e-09	1.073255e+00
1.232286e-02	-1.222799e-09	1.070729e+00
1.231527e-02	-1.221902e-09	1.069155e+00
1.230769e-02	-1.220780e-09	1.068517e+00
1.230012e-02	-1.219439e-09	1.068792e+00
1.229256e-02	-1.217885e-09	1.069949e+00
1.228501e-02	-1.216124e-09	1.071953e+00
1.227747e-02	-1.214161e-09	1.074767e+00
1.226994e-02	-1.212002e-09	1.078353e+00
1.226242e-02	-1.209652e-09	1.082671e+00
1.225490e-02	-1.207115e-09	1.087679e+00
1.224740e-02	-1.204398e-09	1.093338e+00
1.223990e-02	-1.201502e-09	1.099605e+00
1.223242e-02	-1.198434e-09	1.106435e+00
1.222494e-02	-1.195195e-09	1.113785e+00
1.221747e-02	-1.191789e-09	1.121607e+00
1.221001e-02	-1.188219e-09	1.129851e+00
1.220256e-02	-1.184487e-09	1.138464e+00
1.219512e-02	-1.180592e-09	1.147391e+00
1.218769e-02	-1.176537e-09	1.156575e+00
1.218027e-02	-1.172320e-09	1.165955e+00
1.217285e-02	-1.167940e-09	1.175468e+00
1.216545e-02	-1.163393e-09	1.185051e+00
1.215805e-02	-1.158676e-09	1.194639e+00
1.215067e-02	-1.153783e-09	1.204167e+00
1.214329e-02	-1.148706e-09	1.213571e+00
1.213592e-02	-1.143436e-09	1.222792e+00
1.212856e-02	-1.137961e-09	1.231769e+00
1.212121e-02	-1.132268e-09	1.240451e+00
1.211387e-02	-1.126340e-09	1.248787e+00
1.210654e-02	-1.120156e-09	1.256736e+00
1.209921e-02	-1.113694e-09	1.264261e+00
1.209190e-02	-1.106926e-09	1.271334e+00
1.208459e-02	-1.099823e-09	1.277933e+00
1.207729e-02	-1.092346e-09	1.284044e+00
1.207001e-02	-1.084457e-09	1.289663e+00
1.206273e-02	-1.076109e-09	1.294789e+00
1.205546e-02	-1.067250e-09	1.299431e+00
1.204819e-02	-1.057825e-09	1.303604e+00
1.204094e-02	-1.047770e-09	1.307329e+00
1.203369e-02	-1.037017e-09	1.310632e+00
1.202646e-02	-1.025493e-09	1.313542e+00
1.201923e-02	-1.013116e-09	1.316095e+00
1.201201e-02	-9.997986e-10	1.318327e+00
1.200480e-02	-9.854422e-10	1.320279e+00
1.199760e-02	-9.699338e-10	1.321998e+00
1.199041e-02	-9.531405e-10	1.323531e+00
1.198322e-02	-9.348985e-10	1.324935e+00
1.197605e-02	-9.150012e-10	1.326273e+00
1.196888e-02	-8.931826e-10	1.327620e+00
1.196172e-02	-8.690973e-10	1.329064e+00
1.195457e-02	-8.422996e-10	1.330710e+00
1.194743e-02	-8.122186e-10	1.332678e+00
1.194030e-02	-7.781335e-10	1.335112e+00
1.193317e-02	-7.391473e-10	1.338179e+00
1.192606e-02	-6.941619e-10	1.342069e+00
1.191895e-02	-6.418511e-10	1.347002e+00
1.191185e-02	-5.806370e-10	1.353227e+00
1.190476e-02	-5.086666e-10	1.361026e+00
1.189768e-02	-4.238004e-10	1.370715e+00
1.189061e-02	-3.236063e-10	1.382638e+00
1.188354e-02	-2.053815e-10	1.397163e+00
1.187648e-02	-6.620323e-11	1.414665e+00
1.186944e-02	9.697361e-11	1.435503e+00
1.186240e-02	2.871545e-10	1.459980e+00
1.185536e-02	5.070695e-10	1.488295e+00
1.184834e-02	7.588544e-10	1.520479e+00
1.184133e-02	1.043657e-09	1.556330e+00
1.183432e-02	1.361195e-09	1.595349e+00
1.182732e-02	1.709327e-09	1.636703e+00
1.182033e-02	2.083708e-09	1.679232e+00
1.181335e-02	2.477625e-09	1.721502e+00
1.180638e-02	2.882094e-09	1.761924e+00
1.179941e-02	3.286266e-09	1.798914e+00
1.179245e-02	3.678116e-09	1.831072e+00
1.178550e-02	4.045333e-09	1.857335e+00
1.177856e-02	4.376289e-09	1.877085e+00
1.177163e-02	4.660926e-09	1.890182e+00
1.176471e-02	4.891446e-09	1.896933e+00
1.175779e-02	5.062719e-09	1.898003e+00
1.175088e-02	5.172400e-09	1.894312e+00
1.174398e-02	5.220785e-09	1.886913e+00
1.173709e-02	5.210471e-09	1.876895e+00
1.173021e-02	5.145888e-09	1.865301e+00
1.172333e-02	5.032796e-09	1.853075e+00
1.171646e-02	4.877784e-09	1.841034e+00
1.170960e-02	4.687827e-09	1.829851e+00
1.170275e-02	4.469908e-09	1.820060e+00
1.169591e-02	4.230739e-09	1.812063e+00
1.168907e-02	3.976546e-09	1.806146e+00
1.168224e-02	3.712938e-09	1.802493e+00
1.167542e-02	3.444837e-09	1.801201e+00
1.166861e-02	3.176448e-09	1.802300e+00
1.166181e-02	2.911277e-09	1.805758e+00
1.165501e-02	2.652168e-09	1.811500e+00
1.164822e-02	2.401358e-09	1.819412e+00
1.164144e-02	2.160542e-09	1.829352e+00
1.163467e-02	1.930939e-09	1.841155e+00
1.162791e-02	1.713364e-09	1.854637e+00
1.162115e-02	1.508290e-09	1.869603e+00
1.161440e-02	1.315911e-09	1.885849e+00
1.160766e-02	1.136195e-09	1.903166e+00
1.160093e-02	9.689296e-10	1.921342e+00
1.159420e-02	8.137681e-10	1.940165e+00
1.158749e-02	6.702618e-10	1.959427e+00
1.158078e-02	5.378907e-10	1.978927e+00
1.157407e-02	4.160881e-10	1.998471e+00
1.156738e-02	3.042601e-10	2.017875e+00
1.156069e-02	2.018020e-10	2.036970e+00
1.155402e-02	1.081102e-10	2.055599e+00
1.154734e-02	2.259253e-11	2.073620e+00
1.154068e-02	-5.532471e-11	2.090910e+00
1.153403e-02	-1.261922e-10	2.107361e+00
1.152738e-02	-1.905331e-10	2.122883e+00
1.152074e-02	-2.488403e-10	2.137402e+00
1.151410e-02	-3.015761e-10	2.150864e+00
1.150748e-02	-3.491705e-10	2.163227e+00
1.150086e-02	-3.920219e-10	2.174464e+00
1.149425e-02	-4.304975e-10	2.184561e+00
1.148765e-02	-4.649347e-10	2.193515e+00
1.148106e-02	-4.956427e-10	2.201333e+00
1.147447e-02	-5.229050e-10	2.208028e+00
1.146789e-02	-5.469825e-10	2.213618e+00
1.146132e-02	-5.681153e-10	2.218129e+00
1.145475e-02	-5.865276e-10	2.221587e+00
1.144820e-02	-6.024290e-10	2.224021e+00
1.144165e-02	-6.160185e-10	2.225461e+00
1.143511e-02	-6.274840e-10	2.225939e+00
1.142857e-02	-6.370064e-10	2.225486e+00
1.142204e-02	-6.447573e-10	2.224133e+00
1.141553e-02	-6.508999e-10	2.221913e+00
1.140901e-02	-6.555883e-10	2.218857e+00
1.140251e-02	-6.589670e-10	2.214998e+00
1.139601e-02	-6.611694e-10	2.210373e+00
1.138952e-02	-6.623182e-10	2.205019e+00
1.138304e-02	-6.625245e-10	2.198978e+00
1.137656e-02	-6.618883e-10	2.192299e+00
1.137010e-02	-6.604988e-10	2.185032e+00
1.136364e-02	-6.584343e-10	2.177235e+00
1.135718e-02	-6.557635e-10	2.168972e+00
1.135074e-02	-6.525470e-10	2.160310e+00
1.134430e-02	-6.488361e-10	2.151321e+00
1.133787e-02	-6.446762e-10	2.142080e+00
1.133144e-02	-6.401056e-10	2.132664e+00
1.132503e-02	-6.351573e-10	2.123150e+00
1.131862e-02	-6.298595e-10	2.113615e+00
1.131222e-02	-6.242362e-10	2.104133e+00
1.130582e-02	-6.183074e-10	2.094774e+00
1.129944e-02	-6.120910e-10	2.085605e+00
1.129305e-02	-6.056016e-10	2.076684e+00
1.128668e-02	-5.988516e-10	2.068064e+00
1.128032e-02	-5.918521e-10	2.059792e+00
1.127396e-02	-5.846122e-10	2.051906e+00
1.126761e-02	-5.771394e-10	2.044437e+00
1.126126e-02	-5.694411e-10	2.037410e+00
1.125492e-02	-5.615228e-10	2.030843e+00
1.124859e-02	-5.533898e-10	2.024751e+00
1.124227e-02	-5.450468e-10	2.019143e+00
1.123596e-02	-5.364974e-10	2.014027e+00
1.122965e-02	-5.277451e-10	2.009410e+00
1.122334e-02	-5.187934e-10	2.005298e+00
1.121705e-02	-5.096452e-10	2.001700e+00
1.121076e-02	-5.003028e-10	1.998626e+00
1.120448e-02	-4.907686e-10	1.996089e+00
1.119821e-02	-4.810448e-10	1.994106e+00
1.119194e-02	-4.711331e-10	1.992697e+00
1.118568e-02	-4.610353e-10	1.991886e+00
1.117943e-02	-4.507529e-10	1.991701e+00
1.117318e-02	-4.402871e-10	1.992172e+00
1.116695e-02	-4.296388e-10	1.993334e+00
1.116071e-02	-4.188096e-10	1.995222e+00
1.115449e-02	-4.077996e-10	1.997874e+00
1.114827e-02	-3.966098e-10	2.001329e+00
1.114206e-02	-3.852405e-10	2.005627e+00
1.113586e-02	-3.736917e-10	2.010808e+00
1.112966e-02	-3.619641e-10	2.016912e+00
1.112347e-02	-3.500573e-10	2.023981e+00
1.111729e-02	-3.379707e-10	2.032053e+00
1.111111e-02	-3.257047e-10	2.041168e+00
1.110494e-02	-3.132584e-10	2.051365e+00
1.109878e-02	-3.006311e-10	2.062682e+00
1.109262e-02	-2.878222e-10	2.075154e+00
1.108647e-02	-2.748306e-10	2.088818e+00
1.108033e-02	-2.616557e-10	2.103708e+00
1.107420e-02	-2.482964e-10	2.119858e+00
1.106807e-02	-2.347511e-10	2.137300e+00
1.106195e-02	-2.210191e-10	2.156063e+00
1.105583e-02	-2.070987e-10	2.176176e+00
1.104972e-02	-1.929888e-10	2.197664e+00
1.104362e-02	-1.786883e-10	2.220548e+00
1.103753e-02	-1.641953e-10	2.244846e+00
1.103144e-02	-1.495082e-10	2.270573e+00
1.102536e-02	-1.346259e-10	2.297734e+00
1.101928e-02	-1.195466e-10	2.326329e+00
1.101322e-02	-1.042687e-10	2.356351e+00
1.100715e-02	-8.879025e-11	2.387782e+00
1.100110e-02	-7.310972e-11	2.420590e+00
1.099505e-02	-5.722466e-11	2.454734e+00
1.098901e-02	-4.113325e-11	2.490156e+00
1.098298e-02	-2.483313e-11	2.526782e+00
1.097695e-02	-8.321980e-12	2.564522e+00
1.097093e-02	8.403347e-12	2.603264e+00
1.096491e-02	2.534548e-11	2.642879e+00
1.095890e-02	4.250768e-11	2.683216e+00
1.095290e-02	5.989356e-11	2.724104e+00
1.094691e-02	7.750708e-11	2.765353e+00
1.094092e-02	9.535218e-11	2.806754e+00
1.093494e-02	1.134333e-10	2.848081e+00
1.092896e-02	1.317555e-10	2.889093e+00
1.092299e-02	1.503239e-10	2.929542e+00
1.091703e-02	1.691441e-10	2.969170e+00
1.091107e-02	1.882219e-10	3.007717e+00
1.090513e-02	2.075639e-10	3.044929e+00
1.089918e-02	2.271766e-10	3.080555e+00
1.089325e-02	2.470671e-10	3.114360e+00
1.088732e-02	2.672425e-10	3.146125e+00
1.088139e-02	2.877107e-10	3.175652e+00
1.087548e-02	3.084804e-10	3.202770e+00
1.086957e-02	3.295595e-10	3.227335e+00
1.086366e-02	3.509573e-10	3.249233e+00
1.085776e-02	3.726832e-10	3.268381e+00
1.085187e-02	3.947468e-10	3.284732e+00
1.084599e-02	4.171588e-10	3.298265e+00
1.084011e-02	4.399295e-10	3.308992e+00
1.083424e-02	4.630704e-10	3.316954e+00
1.082837e-02	4.865928e-10	3.322217e+00
1.082251e-02	5.105096e-10	3.324869e+00
1.081666e-02	5.348329e-10	3.325021e+00
1.081081e-02	5.595763e-10	3.322796e+00
1.080497e-02	5.847535e-10	3.318335e+00
1.079914e-02	6.103786e-10	3.311787e+00
1.079331e-02	6.364663e-10	3.303307e+00
1.078749e-02	6.630322e-10	3.293056e+00
1.078167e-02	6.900923e-10	3.281196e+00
1.077586e-02	7.176628e-10	3.267887e+00
1.077006e-02	7.457609e-10	3.253287e+00
1.076426e-02	7.744046e-10	3.237549e+00
1.075847e-02	8.036120e-10	3.220820e+00
1.075269e-02	8.334025e-10	3.203239e+00
1.074691e-02	8.637963e-10	3.184936e+00
1.074114e-02	8.948143e-10	3.166033e+00
1.073537e-02	9.264791e-10	3.146641e+00
1.072961e-02	9.588139e-10	3.126860e+00
1.072386e-02	9.918437e-10	3.106782e+00
1.071811e-02	1.025594e-09	3.086487e+00
1.071237e-02	1.060095e-09	3.066042e+00
1.070664e-02	1.095375e-09	3.045508e+00
1.070091e-02	1.131467e-09	3.024931e+00
1.069519e-02	1.168405e-09	3.004352e+00
1.068947e-02	1.206226e-09	2.983798e+00
1.068376e-02	1.244972e-09	2.963289e+00
1.067806e-02	1.284684e-09	2.942837e+00
1.067236e-02	1.325409e-09	2.922447e+00
1.066667e-02	1.367197e-09	2.902115e+00
1.066098e-02	1.410100e-09	2.881834e+00
1.065530e-02	1.454175e-09	2.861589e+00
1.064963e-02	1.499483e-09	2.841365e+00
1.064396e-02	1.546087e-09	2.821140e+00
1.063830e-02	1.594055e-09	2.800896e+00
1.063264e-02	1.643458e-09	2.780610e+00
1.062699e-02	1.694369e-09	2.760262e+00
1.062135e-02	1.746865e-09	2.739835e+00
1.061571e-02	1.801025e-09	2.719314e+00
1.061008e-02	1.856931e-09	2.698689e+00
1.060445e-02	1.914664e-09	2.677954e+00
1.059883e-02	1.974308e-09	2.657109e+00
1.059322e-02	2.035945e-09	2.636161e+00
1.058761e-02	2.099656e-09	2.615123e+00
1.058201e-02	2.165521e-09	2.594014e+00
1.057641e-02	2.233617e-09	2.572861e+00
1.057082e-02	2.304014e-09	2.551696e+00
1.056524e-02	2.376779e-09	2.530559e+00
1.055966e-02	2.451973e-09	2.509492e+00
1.055409e-02	2.529645e-09	2.488546e+00
1.054852e-02	2.609838e-09	2.467773e+00
1.054296e-02	2.692584e-09	2.447229e+00
1.053741e-02	2.777900e-09	2.426973e+00
1.053186e-02	2.865791e-09	2.407064e+00
1.052632e-02	2.956246e-09	2.387564e+00
1.052078e-02	3.049238e-09	2.368533e+00
1.051525e-02	3.144719e-09	2.350031e+00
1.050972e-02	3.242624e-09	2.332115e+00
1.050420e-02	3.342863e-09	2.314841e+00
1.049869e-02	3.445323e-09	2.298261e+00
1.049318e-02	3.549868e-09	2.282425e+00
1.048768e-02	3.656331e-09	2.267379e+00
1.048218e-02	3.764520e-09	2.253163e+00
1.047669e-02	3.874208e-09	2.239817e+00
1.047120e-02	3.985138e-09	2.227371e+00
1.046572e-02	4.097016e-09	2.215856e+00
1.046025e-02	4.209514e-09	2.205294e+00
1.045478e-02	4.322263e-09	2.195706e+00
1.044932e-02	4.434855e-09	2.187104e+00
1.044386e-02	4.546836e-09	2.179501e+00
1.043841e-02	4.657711e-09	2.172901e+00
1.043297e-02	4.766939e-09	2.167305e+00
1.042753e-02	4.873927e-09	2.162712e+00
1.042209e-02	4.978036e-09	2.159112e+00
1.041667e-02	5.078576e-09	2.156496e+00
1.041124e-02	5.174806e-09	2.154847e+00
1.040583e-02	5.265929e-09	2.154148e+00
1.040042e-02	5.351100e-09	2.154374e+00
1.039501e-02	5.429419e-09	2.155499e+00
1.038961e-02	5.499937e-09	2.157493e+00
1.038422e-02	5.561654e-09	2.160324e+00
1.037883e-02	5.613522e-09	2.163953e+00
1.037344e-02	5.654450e-09	2.168343e+00
1.036807e-02	5.683304e-09	2.173449e+00
1.036269e-02	5.698914e-09	2.179229e+00
1.035733e-02	5.700082e-09	2.185633e+00
1.035197e-02	5.685584e-09	2.192615e+00
1.034661e-02	5.654178e-09	2.200122e+00
1.034126e-02	5.604616e-09	2.208105e+00
1.033592e-02	5.535648e-09	2.216510e+00
1.033058e-02	5.446039e-09	2.225287e+00
1.032525e-02	5.334571e-09	2.234383e+00
1.031992e-02	5.200059e-09	2.243750e+00
1.031460e-02	5.041365e-09	2.253339e+00
1.030928e-02	4.857402e-09	2.263105e+00
1.030397e-02	4.647155e-09	2.273006e+00
1.029866e-02	4.409683e-09	2.283004e+00
1.029336e-02	4.144137e-09	2.293064e+00
1.028807e-02	3.849768e-09	2.303157e+00
1.028278e-02	3.525937e-09	2.313257e+00
1.027749e-02	3.172118e-09	2.323347e+00
1.027221e-02	2.787915e-09	2.333410e+00
1.026694e-02	2.373059e-09	2.343437e+00
1.026167e-02	1.927416e-09	2.353424e+00
1.025641e-02	1.450989e-09	2.363372e+00
1.025115e-02	9.439203e-10	2.373284e+00
1.024590e-02	4.064883e-10	2.383169e+00
1.024066e-02	-1.608910e-10	2.393040e+00
1.023541e-02	-7.576679e-10	2.402911e+00
1.023018e-02	-1.383162e-09	2.412800e+00
1.022495e-02	-2.036567e-09	2.422728e+00
1.021972e-02	-2.716954e-09	2.432714e+00
1.021450e-02	-3.423277e-09	2.442782e+00
1.020929e-02	-4.154380e-09	2.452954e+00
1.020408e-02	-4.908996e-09	2.463253e+00
1.019888e-02	-5.685754e-09	2.473700e+00
1.019368e-02	-6.483182e-09	2.484318e+00
1.018849e-02	-7.299710e-09	2.495127e+00
1.018330e-02	-8.133668e-09	2.506147e+00
1.017812e-02	-8.983290e-09	2.517397e+00
1.017294e-02	-9.846710e-09	2.528892e+00
1.016777e-02	-1.072196e-08	2.540651e+00
1.016260e-02	-1.160698e-08	2.552685e+00
1.015744e-02	-1.249959e-08	2.565010e+00
1.015228e-02	-1.339752e-08	2.577637e+00
1.014713e-02	-1.429836e-08	2.590576e+00
1.014199e-02	-1.519961e-08	2.603837e+00
1.013685e-02	-1.609863e-08	2.617427e+00
1.013171e-02	-1.699269e-08	2.631353e+00
1.012658e-02	-1.787891e-08	2.645618e+00
1.012146e-02	-1.875427e-08	2.660228e+00
1.011634e-02	-1.961568e-08	2.675182e+00
1.011122e-02	-2.045986e-08	2.690480e+00
1.010611e-02	-2.128346e-08	2.706120e+00
1.010101e-02	-2.208300e-08	2.722099e+00
1.009591e-02	-2.285489e-08	2.738409e+00
1.009082e-02	-2.359544e-08	2.755042e+00
1.008573e-02	-2.430090e-08	2.771988e+00
1.008065e-02	-2.496743e-08	2.789236e+00
1.007557e-02	-2.559117e-08	2.806770e+00
1.007049e-02	-2.616822e-08	2.824576e+00
1.006543e-02	-2.669470e-08	2.842636e+00
1.006036e-02	-2.716677e-08	2.860932e+00
1.005530e-02	-2.758066e-08	2.879444e+00
1.005025e-02	-2.793272e-08	2.898154e+00
1.004520e-02	-2.821945e-08	2.917041e+00
1.004016e-02	-2.843758e-08	2.936086e+00
1.003512e-02	-2.858407e-08	2.955270e+00
1.003009e-02	-2.865619e-08	2.974575e+00
1.002506e-02	-2.865159e-08	2.993985e+00
1.002004e-02	-2.856832e-08	3.013486e+00
1.001502e-02	-2.840494e-08	3.033063e+00
1.001001e-02	-2.816050e-08	3.052705e+00
1.000500e-02	-2.783466e-08	3.072401e+00
1.000000e-02	-2.742774e-08	3.092143e+00
