# Finite Temperature Data for J1J2 Model
# Lx=6, Ly=6, J1=1.0000, J2=0.1250, Fz=0.0000, chi_max=150
# Columns: T | Sigmaz | Cv
# 
2.000000e+01	-3.584697e-10	4.284074e-02
1.000000e+01	-7.114280e-10	1.636256e-01
6.666667e+00	8.065735e-10	3.500816e-01
5.000000e+00	-7.772950e-09	5.893918e-01
4.000000e+00	-3.638726e-08	8.686247e-01
3.333333e+00	-8.974806e-08	1.175122e+00
2.857143e+00	-1.571428e-07	1.496914e+00
2.500000e+00	-2.263238e-07	1.823199e+00
2.222222e+00	-2.939489e-07	2.144757e+00
2.000000e+00	-3.642165e-07	2.454148e+00
1.818182e+00	-4.563465e-07	2.745763e+00
1.666667e+00	-5.800551e-07	3.015804e+00
1.538462e+00	-7.195036e-07	3.262220e+00
1.428571e+00	-8.534475e-07	3.484502e+00
1.333333e+00	-9.606319e-07	3.683535e+00
1.250000e+00	-1.028504e-06	3.861324e+00
1.176471e+00	-1.057730e-06	4.020052e+00
1.111111e+00	-1.061566e-06	4.161227e+00
1.052632e+00	-1.054646e-06	4.286243e+00
1.000000e+00	-1.043382e-06	4.396911e+00
9.523810e-01	-1.027891e-06	4.495367e+00
9.090909e-01	-1.006140e-06	4.583844e+00
8.695652e-01	-9.761890e-07	4.664488e+00
8.333333e-01	-9.368500e-07	4.739250e+00
8.000000e-01	-8.875834e-07	4.809855e+00
7.692308e-01	-8.282437e-07	4.877805e+00
7.407407e-01	-7.588948e-07	4.944393e+00
7.142857e-01	-6.797120e-07	5.010720e+00
6.896552e-01	-5.909363e-07	5.077709e+00
6.666667e-01	-4.928537e-07	5.146122e+00
6.451613e-01	-3.857886e-07	5.216584e+00
6.250000e-01	-2.701073e-07	5.289600e+00
6.060606e-01	-1.462315e-07	5.365574e+00
5.882353e-01	-1.465597e-08	5.444831e+00
5.714286e-01	1.240393e-07	5.527640e+00
5.555556e-01	2.691898e-07	5.614227e+00
5.405405e-01	4.200614e-07	5.704798e+00
5.263158e-01	5.758806e-07	5.799540e+00
5.128205e-01	7.358766e-07	5.898633e+00
5.000000e-01	8.993361e-07	6.002252e+00
4.878049e-01	1.065666e-06	6.110556e+00
4.761905e-01	1.234465e-06	6.223687e+00
4.651163e-01	1.405593e-06	6.341743e+00
4.545455e-01	1.579239e-06	6.464751e+00
4.444444e-01	1.755963e-06	6.592657e+00
4.347826e-01	1.936705e-06	6.725321e+00
4.255319e-01	2.122724e-06	6.862543e+00
4.166667e-01	2.315478e-06	7.004085e+00
4.081633e-01	2.516464e-06	7.149693e+00
4.000000e-01	2.727037e-06	7.299111e+00
3.921569e-01	2.948265e-06	7.452085e+00
3.846154e-01	3.180824e-06	7.608381e+00
3.773585e-01	3.424954e-06	7.767809e+00
3.703704e-01	3.680479e-06	7.930238e+00
3.636364e-01	3.946898e-06	8.095617e+00
3.571429e-01	4.223514e-06	8.263986e+00
3.508772e-01	4.509569e-06	8.435481e+00
3.448276e-01	4.804337e-06	8.610324e+00
3.389831e-01	5.107150e-06	8.788813e+00
3.333333e-01	5.417366e-06	8.971298e+00
3.278689e-01	5.734311e-06	9.158149e+00
3.225806e-01	6.057220e-06	9.349711e+00
3.174603e-01	6.385200e-06	9.546255e+00
3.125000e-01	6.717207e-06	9.747933e+00
3.076923e-01	7.052045e-06	9.954748e+00
3.030303e-01	7.388370e-06	1.016654e+01
2.985075e-01	7.724725e-06	1.038297e+01
2.941176e-01	8.059582e-06	1.060358e+01
2.898551e-01	8.391414e-06	1.082775e+01
2.857143e-01	8.718777e-06	1.105482e+01
2.816901e-01	9.040394e-06	1.128410e+01
2.777778e-01	9.355228e-06	1.151492e+01
2.739726e-01	9.662501e-06	1.174670e+01
2.702703e-01	9.961683e-06	1.197898e+01
2.666667e-01	1.025243e-05	1.221137e+01
2.631579e-01	1.053449e-05	1.244363e+01
2.597403e-01	1.080768e-05	1.267556e+01
2.564103e-01	1.107179e-05	1.290699e+01
2.531646e-01	1.132665e-05	1.313775e+01
2.500000e-01	1.157215e-05	1.336756e+01
2.469136e-01	1.180828e-05	1.359605e+01
2.439024e-01	1.203522e-05	1.382277e+01
2.409639e-01	1.225334e-05	1.404723e+01
2.380952e-01	1.246316e-05	1.426895e+01
2.352941e-01	1.266537e-05	1.448752e+01
2.325581e-01	1.286072e-05	1.470260e+01
2.298851e-01	1.305001e-05	1.491394e+01
2.272727e-01	1.323410e-05	1.512134e+01
2.247191e-01	1.341382e-05	1.532467e+01
2.222222e-01	1.358997e-05	1.552385e+01
2.197802e-01	1.376330e-05	1.571882e+01
2.173913e-01	1.393446e-05	1.590955e+01
2.150538e-01	1.410392e-05	1.609601e+01
2.127660e-01	1.427194e-05	1.627818e+01
2.105263e-01	1.443855e-05	1.645599e+01
2.083333e-01	1.460350e-05	1.662935e+01
2.061856e-01	1.476623e-05	1.679809e+01
2.040816e-01	1.492591e-05	1.696201e+01
2.020202e-01	1.508140e-05	1.712084e+01
2.000000e-01	1.523132e-05	1.727432e+01
1.980198e-01	1.537410e-05	1.742215e+01
1.960784e-01	1.550801e-05	1.756407e+01
1.941748e-01	1.563127e-05	1.769984e+01
1.923077e-01	1.574213e-05	1.782928e+01
1.904762e-01	1.583891e-05	1.795226e+01
1.886792e-01	1.592009e-05	1.806868e+01
1.869159e-01	1.598435e-05	1.817850e+01
1.851852e-01	1.603061e-05	1.828171e+01
1.834862e-01	1.605808e-05	1.837832e+01
1.818182e-01	1.606622e-05	1.846837e+01
1.801802e-01	1.605477e-05	1.855189e+01
1.785714e-01	1.602376e-05	1.862896e+01
1.769912e-01	1.597344e-05	1.869963e+01
1.754386e-01	1.590435e-05	1.876396e+01
1.739130e-01	1.581721e-05	1.882203e+01
1.724138e-01	1.571296e-05	1.887391e+01
1.709402e-01	1.559270e-05	1.891970e+01
1.694915e-01	1.545768e-05	1.895950e+01
1.680672e-01	1.530929e-05	1.899348e+01
1.666667e-01	1.514898e-05	1.902184e+01
1.652893e-01	1.497825e-05	1.904482e+01
1.639344e-01	1.479856e-05	1.906272e+01
1.626016e-01	1.461127e-05	1.907583e+01
1.612903e-01	1.441755e-05	1.908443e+01
1.600000e-01	1.421829e-05	1.908870e+01
1.587302e-01	1.401404e-05	1.908866e+01
1.574803e-01	1.380498e-05	1.908422e+01
1.562500e-01	1.359101e-05	1.907516e+01
1.550388e-01	1.337186e-05	1.906108e+01
1.538462e-01	1.314721e-05	1.904136e+01
1.526718e-01	1.291691e-05	1.901504e+01
1.515152e-01	1.268110e-05	1.898094e+01
1.503759e-01	1.244031e-05	1.893809e+01
1.492537e-01	1.219546e-05	1.888620e+01
1.481481e-01	1.194772e-05	1.882577e+01
1.470588e-01	1.169839e-05	1.875778e+01
1.459854e-01	1.144856e-05	1.868334e+01
1.449275e-01	1.119903e-05	1.860345e+01
1.438849e-01	1.095013e-05	1.851918e+01
1.428571e-01	1.070176e-05	1.843173e+01
1.418440e-01	1.045340e-05	1.834223e+01
1.408451e-01	1.020431e-05	1.825100e+01
1.398601e-01	9.953803e-06	1.815710e+01
1.388889e-01	9.701479e-06	1.805898e+01
1.379310e-01	9.447326e-06	1.795572e+01
1.369863e-01	9.191660e-06	1.784737e+01
1.360544e-01	8.934992e-06	1.773423e+01
1.351351e-01	8.677909e-06	1.761595e+01
1.342282e-01	8.420984e-06	1.749115e+01
1.333333e-01	8.164720e-06	1.735737e+01
1.324503e-01	7.909512e-06	1.721146e+01
1.315789e-01	7.655661e-06	1.705049e+01
1.307190e-01	7.403446e-06	1.687261e+01
1.298701e-01	7.153218e-06	1.667761e+01
1.290323e-01	6.905462e-06	1.646692e+01
1.282051e-01	6.660816e-06	1.624315e+01
1.273885e-01	6.420058e-06	1.600929e+01
1.265823e-01	6.184048e-06	1.576804e+01
1.257862e-01	5.953665e-06	1.552155e+01
1.250000e-01	5.729723e-06	1.527157e+01
1.242236e-01	5.512915e-06	1.501965e+01
1.234568e-01	5.303776e-06	1.476716e+01
1.226994e-01	5.102680e-06	1.451526e+01
1.219512e-01	4.909851e-06	1.426484e+01
1.212121e-01	4.725383e-06	1.401658e+01
1.204819e-01	4.549264e-06	1.377109e+01
1.197605e-01	4.381394e-06	1.352889e+01
1.190476e-01	4.221603e-06	1.329053e+01
1.183432e-01	4.069667e-06	1.305649e+01
1.176471e-01	3.925317e-06	1.282725e+01
1.169591e-01	3.788250e-06	1.260316e+01
1.162791e-01	3.658137e-06	1.238439e+01
1.156069e-01	3.534629e-06	1.217092e+01
1.149425e-01	3.417361e-06	1.196247e+01
1.142857e-01	3.305966e-06	1.175853e+01
1.136364e-01	3.200072e-06	1.155839e+01
1.129944e-01	3.099314e-06	1.136124e+01
1.123596e-01	3.003341e-06	1.116629e+01
1.117318e-01	2.911819e-06	1.097283e+01
1.111111e-01	2.824437e-06	1.078033e+01
1.104972e-01	2.740903e-06	1.058845e+01
1.098901e-01	2.660952e-06	1.039705e+01
1.092896e-01	2.584341e-06	1.020611e+01
1.086957e-01	2.510850e-06	1.001574e+01
1.081081e-01	2.440285e-06	9.826109e+00
1.075269e-01	2.372475e-06	9.637417e+00
1.069519e-01	2.307270e-06	9.449850e+00
1.063830e-01	2.244540e-06	9.263581e+00
1.058201e-01	2.184174e-06	9.078759e+00
1.052632e-01	2.126074e-06	8.895513e+00
1.047120e-01	2.070157e-06	8.713968e+00
1.041667e-01	2.016349e-06	8.534252e+00
1.036269e-01	1.964588e-06	8.356504e+00
1.030928e-01	1.914820e-06	8.180885e+00
1.025641e-01	1.867000e-06	8.007569e+00
1.020408e-01	1.821089e-06	7.836743e+00
1.015228e-01	1.777055e-06	7.668596e+00
1.010101e-01	1.734873e-06	7.503308e+00
1.005025e-01	1.694519e-06	7.341038e+00
1.000000e-01	1.655974e-06	7.181920e+00
9.950249e-02	1.619216e-06	7.026054e+00
9.900990e-02	1.584217e-06	6.873505e+00
9.852217e-02	1.550946e-06	6.724305e+00
9.803922e-02	1.519362e-06	6.578448e+00
9.756098e-02	1.489417e-06	6.435901e+00
9.708738e-02	1.461052e-06	6.296601e+00
9.661836e-02	1.434205e-06	6.160469e+00
9.615385e-02	1.408803e-06	6.027412e+00
9.569378e-02	1.384773e-06	5.897338e+00
9.523810e-02	1.362037e-06	5.770160e+00
9.478673e-02	1.340517e-06	5.645803e+00
9.433962e-02	1.320135e-06	5.524216e+00
9.389671e-02	1.300813e-06	5.405365e+00
9.345794e-02	1.282475e-06	5.289243e+00
9.302326e-02	1.265044e-06	5.175858e+00
9.259259e-02	1.248443e-06	5.065232e+00
9.216590e-02	1.232595e-06	4.957390e+00
9.174312e-02	1.217423e-06	4.852356e+00
9.132420e-02	1.202848e-06	4.750135e+00
9.090909e-02	1.188793e-06	4.650718e+00
9.049774e-02	1.175181e-06	4.554064e+00
9.009009e-02	1.161937e-06	4.460111e+00
8.968610e-02	1.148990e-06	4.368762e+00
8.928571e-02	1.136269e-06	4.279898e+00
8.888889e-02	1.123711e-06	4.193372e+00
8.849558e-02	1.111255e-06	4.109015e+00
8.810573e-02	1.098846e-06	4.026641e+00
8.771930e-02	1.086434e-06	3.946054e+00
8.733624e-02	1.073975e-06	3.867055e+00
8.695652e-02	1.061429e-06	3.789453e+00
8.658009e-02	1.048424e-06	3.902794e+00
8.620690e-02	1.036541e-06	3.977708e+00
8.583691e-02	1.025711e-06	3.845448e+00
8.547009e-02	1.015622e-06	3.725555e+00
8.510638e-02	1.007213e-06	3.996768e+00
8.474576e-02	9.961936e-07	3.834942e+00
8.438819e-02	9.843749e-07	3.685233e+00
8.403361e-02	9.719191e-07	4.323033e+00
8.368201e-02	9.587842e-07	4.076224e+00
8.333333e-02	9.452563e-07	3.857871e+00
8.298755e-02	9.314367e-07	3.669878e+00
8.264463e-02	9.174102e-07	3.506409e+00
8.230453e-02	9.032476e-07	3.363035e+00
8.196721e-02	8.890077e-07	3.236391e+00
8.163265e-02	8.747389e-07	3.123919e+00
8.130081e-02	8.604809e-07	3.023670e+00
8.097166e-02	8.462663e-07	2.934150e+00
8.064516e-02	8.321224e-07	2.854194e+00
8.032129e-02	8.180727e-07	2.782858e+00
8.000000e-02	8.041380e-07	2.719333e+00
7.968127e-02	7.903373e-07	2.662874e+00
7.936508e-02	7.766878e-07	2.612738e+00
7.905138e-02	7.632048e-07	2.568158e+00
7.874016e-02	7.499011e-07	2.528328e+00
7.843137e-02	7.367855e-07	2.492421e+00
7.812500e-02	7.238621e-07	2.459615e+00
7.782101e-02	7.111289e-07	2.429136e+00
7.751938e-02	6.985775e-07	2.400292e+00
7.722008e-02	6.861931e-07	2.372508e+00
7.692308e-02	6.739546e-07	2.345348e+00
7.662835e-02	6.618361e-07	2.318527e+00
7.633588e-02	6.498091e-07	2.291910e+00
7.604563e-02	6.378442e-07	2.265504e+00
7.575758e-02	6.259136e-07	2.239431e+00
7.547170e-02	6.139937e-07	2.213892e+00
7.518797e-02	5.962169e-07	2.399322e+00
7.490637e-02	5.850623e-07	2.537083e+00
7.462687e-02	5.739358e-07	2.448717e+00
7.434944e-02	5.628375e-07	2.374879e+00
7.407407e-02	5.517803e-07	2.312673e+00
7.380074e-02	5.407879e-07	2.259821e+00
7.352941e-02	5.298911e-07	2.214541e+00
7.326007e-02	5.191251e-07	2.175467e+00
7.299270e-02	5.068120e-07	2.572787e+00
7.272727e-02	4.960641e-07	2.701370e+00
7.246377e-02	4.853728e-07	2.794787e+00
7.220217e-02	4.749327e-07	2.650945e+00
7.194245e-02	4.647363e-07	2.534674e+00
7.168459e-02	4.555463e-07	2.878845e+00
7.142857e-02	4.458912e-07	2.730163e+00
7.117438e-02	4.372028e-07	2.842525e+00
7.092199e-02	4.280586e-07	2.926273e+00
7.067138e-02	4.192055e-07	2.768661e+00
7.042254e-02	4.113603e-07	2.886592e+00
7.017544e-02	4.028285e-07	2.977827e+00
6.993007e-02	3.944334e-07	2.817843e+00
6.968641e-02	3.861516e-07	2.687958e+00
6.944444e-02	3.779603e-07	2.581695e+00
6.920415e-02	3.698376e-07	2.493966e+00
6.896552e-02	3.620804e-07	2.927970e+00
6.872852e-02	3.542319e-07	4.259272e+00
6.849315e-02	3.466393e-07	4.131623e+00
6.825939e-02	3.385944e-07	4.017990e+00
6.802721e-02	3.304137e-07	3.677145e+00
6.779661e-02	3.220957e-07	3.397696e+00
6.756757e-02	3.136385e-07	3.166328e+00
6.734007e-02	3.050400e-07	2.972717e+00
6.711409e-02	2.962993e-07	2.808818e+00
6.688963e-02	2.874172e-07	2.668337e+00
6.666667e-02	2.783971e-07	2.546336e+00
6.644518e-02	2.692450e-07	2.438938e+00
6.622517e-02	2.599706e-07	2.343102e+00
6.600660e-02	2.517989e-07	2.537927e+00
6.578947e-02	2.421329e-07	2.682243e+00
6.557377e-02	2.324165e-07	2.519053e+00
6.535948e-02	2.226724e-07	2.379041e+00
6.514658e-02	2.129254e-07	2.257498e+00
6.493506e-02	2.032008e-07	2.150884e+00
6.472492e-02	1.935243e-07	2.056510e+00
6.451613e-02	1.839207e-07	1.972312e+00
6.430868e-02	1.744142e-07	1.896677e+00
6.410256e-02	1.650284e-07	1.828327e+00
6.389776e-02	1.557861e-07	1.766229e+00
6.369427e-02	1.467093e-07	1.709534e+00
6.349206e-02	1.378194e-07	1.657538e+00
6.329114e-02	1.291366e-07	1.609647e+00
6.309148e-02	1.206797e-07	1.565359e+00
6.289308e-02	1.124662e-07	1.524243e+00
6.269592e-02	1.045118e-07	1.485931e+00
6.250000e-02	9.683073e-08	1.450099e+00
6.230530e-02	8.943550e-08	1.416469e+00
6.211180e-02	8.233708e-08	1.384789e+00
6.191950e-02	7.554478e-08	1.354839e+00
6.172840e-02	6.906618e-08	1.326417e+00
6.153846e-02	6.290708e-08	1.299344e+00
6.134969e-02	5.707149e-08	1.273456e+00
6.116208e-02	5.156166e-08	1.248604e+00
6.097561e-02	4.637819e-08	1.224654e+00
6.079027e-02	4.152006e-08	1.201486e+00
6.060606e-02	3.698470e-08	1.178995e+00
6.042296e-02	3.276807e-08	1.157086e+00
6.024096e-02	2.886464e-08	1.135680e+00
6.006006e-02	2.526753e-08	1.114710e+00
5.988024e-02	2.196855e-08	1.094118e+00
5.970149e-02	1.895838e-08	1.073863e+00
5.952381e-02	1.622672e-08	1.053910e+00
5.934718e-02	1.376247e-08	1.034236e+00
5.917160e-02	1.155390e-08	1.014829e+00
5.899705e-02	9.588820e-09	9.956834e-01
5.882353e-02	7.854688e-09	9.768031e-01
5.865103e-02	6.338744e-09	9.581981e-01
5.847953e-02	5.028098e-09	9.398844e-01
5.830904e-02	3.909808e-09	9.218828e-01
5.813953e-02	2.970963e-09	9.042176e-01
5.797101e-02	2.198757e-09	8.869152e-01
5.780347e-02	1.580569e-09	8.700032e-01
5.763689e-02	1.104046e-09	8.535087e-01
5.747126e-02	7.571856e-10	8.374571e-01
5.730659e-02	5.284163e-10	8.218718e-01
5.714286e-02	4.066665e-10	8.067728e-01
5.698006e-02	3.814218e-10	7.921770e-01
5.681818e-02	4.427679e-10	7.780979e-01
5.665722e-02	5.814145e-10	7.645457e-01
5.649718e-02	7.887094e-10	7.515279e-01
5.633803e-02	1.056636e-09	7.390501e-01
5.617978e-02	1.377805e-09	7.271160e-01
5.602241e-02	1.745446e-09	7.157281e-01
5.586592e-02	2.153382e-09	7.048875e-01
5.571031e-02	2.596009e-09	6.945942e-01
5.555556e-02	3.068274e-09	6.848456e-01
5.540166e-02	3.565639e-09	6.756364e-01
5.524862e-02	4.084053e-09	6.669575e-01
5.509642e-02	4.619914e-09	6.587951e-01
5.494505e-02	5.170034e-09	6.511308e-01
5.479452e-02	5.731600e-09	6.439413e-01
5.464481e-02	6.302135e-09	6.371988e-01
5.449591e-02	6.879448e-09	6.308717e-01
5.434783e-02	7.461596e-09	6.249247e-01
5.420054e-02	8.046826e-09	6.193195e-01
5.405405e-02	8.633531e-09	6.140152e-01
5.390836e-02	9.220199e-09	6.089680e-01
5.376344e-02	9.805370e-09	6.041322e-01
5.361930e-02	1.038760e-08	5.994607e-01
5.347594e-02	1.096543e-08	5.949057e-01
5.333333e-02	1.153738e-08	5.904203e-01
5.319149e-02	1.210193e-08	5.859601e-01
5.305040e-02	1.265751e-08	5.814844e-01
5.291005e-02	1.320256e-08	5.769586e-01
5.277045e-02	1.373550e-08	5.723559e-01
5.263158e-02	1.425478e-08	5.676584e-01
5.249344e-02	1.475893e-08	5.628589e-01
5.235602e-02	1.524657e-08	5.579606e-01
5.221932e-02	1.571645e-08	5.529768e-01
5.208333e-02	1.616751e-08	5.479291e-01
5.194805e-02	1.659889e-08	5.428452e-01
5.181347e-02	1.700993e-08	5.377569e-01
5.167959e-02	1.740020e-08	5.326968e-01
5.154639e-02	1.776950e-08	5.276963e-01
5.141388e-02	1.811781e-08	5.227828e-01
5.128205e-02	1.844525e-08	5.179785e-01
5.115090e-02	1.875209e-08	5.132984e-01
5.102041e-02	1.903864e-08	5.087503e-01
5.089059e-02	1.930525e-08	5.043352e-01
5.076142e-02	1.955228e-08	5.000487e-01
5.063291e-02	1.978002e-08	4.958839e-01
5.050505e-02	1.998874e-08	4.918329e-01
5.037783e-02	2.017867e-08	4.878899e-01
5.025126e-02	2.035001e-08	4.840525e-01
5.012531e-02	2.050297e-08	4.803220e-01
5.000000e-02	2.063780e-08	4.767033e-01
4.987531e-02	2.075478e-08	4.732034e-01
4.975124e-02	2.085430e-08	4.698295e-01
4.962779e-02	2.093677e-08	4.665876e-01
4.950495e-02	2.100265e-08	4.634814e-01
4.938272e-02	2.105239e-08	4.605115e-01
4.926108e-02	2.108643e-08	4.576760e-01
4.914005e-02	2.110509e-08	4.549705e-01
4.901961e-02	2.110862e-08	4.523894e-01
4.889976e-02	2.109710e-08	4.499259e-01
4.878049e-02	2.107048e-08	4.475728e-01
4.866180e-02	2.102853e-08	4.453224e-01
4.854369e-02	2.097089e-08	4.431665e-01
4.842615e-02	2.089710e-08	4.410961e-01
4.830918e-02	2.080656e-08	4.391012e-01
4.819277e-02	2.069863e-08	4.371710e-01
4.807692e-02	2.057262e-08	4.352934e-01
4.796163e-02	2.042782e-08	4.334561e-01
4.784689e-02	2.026354e-08	4.316466e-01
4.773270e-02	2.007910e-08	4.298539e-01
4.761905e-02	1.987387e-08	4.280687e-01
4.750594e-02	1.964724e-08	4.262846e-01
4.739336e-02	1.939864e-08	4.244981e-01
4.728132e-02	1.912752e-08	4.227082e-01
4.716981e-02	1.883333e-08	4.209164e-01
4.705882e-02	1.851548e-08	4.191261e-01
4.694836e-02	1.817335e-08	4.173422e-01
4.683841e-02	1.780620e-08	4.155708e-01
4.672897e-02	1.741319e-08	4.138197e-01
4.662005e-02	1.699338e-08	4.120984e-01
4.651163e-02	1.654571e-08	4.104186e-01
4.640371e-02	1.606906e-08	4.087937e-01
4.629630e-02	1.556237e-08	4.072385e-01
4.618938e-02	1.502478e-08	4.057677e-01
4.608295e-02	1.445576e-08	4.043937e-01
4.597701e-02	1.385535e-08	4.031258e-01
4.587156e-02	1.322437e-08	4.019686e-01
4.576659e-02	1.256464e-08	4.009218e-01
4.566210e-02	1.187914e-08	3.999814e-01
4.555809e-02	1.117210e-08	3.991412e-01
4.545455e-02	1.044903e-08	3.983947e-01
4.535147e-02	9.716574e-09	3.977381e-01
4.524887e-02	8.982270e-09	3.971728e-01
4.514673e-02	8.254152e-09	3.967075e-01
4.504505e-02	7.540310e-09	3.963598e-01
4.494382e-02	6.848408e-09	3.961573e-01
4.484305e-02	6.185258e-09	3.961369e-01
4.474273e-02	5.556510e-09	3.963425e-01
4.464286e-02	4.966507e-09	3.968226e-01
4.454343e-02	4.418284e-09	3.976256e-01
4.444444e-02	3.913668e-09	3.987970e-01
4.434590e-02	3.453402e-09	4.003766e-01
4.424779e-02	3.037200e-09	4.023973e-01
4.415011e-02	2.663707e-09	4.048828e-01
4.405286e-02	2.330375e-09	4.078421e-01
4.395604e-02	2.033342e-09	4.112613e-01
4.385965e-02	1.767397e-09	4.151066e-01
4.376368e-02	1.526048e-09	4.193501e-01
4.366812e-02	1.301786e-09	4.239896e-01
4.357298e-02	1.086563e-09	4.290393e-01
4.347826e-02	8.724446e-10	4.345086e-01
4.338395e-02	6.522930e-10	4.403934e-01
4.329004e-02	4.203471e-10	4.466776e-01
4.319654e-02	1.725994e-10	4.533388e-01
4.310345e-02	-9.305788e-11	4.603556e-01
4.301075e-02	-3.768917e-10	4.677165e-01
4.291845e-02	-6.775392e-10	4.754277e-01
4.282655e-02	-9.923017e-10	4.835192e-01
4.273504e-02	-1.317463e-09	4.920480e-01
4.264392e-02	-1.648597e-09	5.010965e-01
4.255319e-02	-1.980863e-09	5.107663e-01
4.246285e-02	-2.309308e-09	5.211671e-01
4.237288e-02	-2.629226e-09	5.324021e-01
4.228330e-02	-2.936567e-09	5.445505e-01
4.219409e-02	-3.228250e-09	5.576543e-01
4.210526e-02	-3.502050e-09	5.717147e-01
4.201681e-02	-3.755937e-09	5.866982e-01
4.192872e-02	-3.987154e-09	6.025397e-01
4.184100e-02	-4.191599e-09	6.191345e-01
4.175365e-02	-4.363795e-09	6.363200e-01
4.166667e-02	-4.497247e-09	6.538454e-01
4.158004e-02	-4.584915e-09	6.713399e-01
4.149378e-02	-4.619979e-09	6.883505e-01
4.140787e-02	-4.597027e-09	7.044465e-01
4.132231e-02	-4.512996e-09	7.192615e-01
4.123711e-02	-4.367379e-09	7.324696e-01
4.115226e-02	-4.161919e-09	7.437830e-01
4.106776e-02	-3.900244e-09	7.529673e-01
4.098361e-02	-3.587663e-09	7.598536e-01
4.089980e-02	-3.231152e-09	7.643455e-01
4.081633e-02	-2.839409e-09	7.664247e-01
4.073320e-02	-2.422751e-09	7.661556e-01
4.065041e-02	-1.992505e-09	7.636824e-01
4.056795e-02	-1.559365e-09	7.592047e-01
4.048583e-02	-1.130929e-09	7.529238e-01
4.040404e-02	-7.113271e-10	7.450061e-01
4.032258e-02	-3.054396e-10	7.356435e-01
4.024145e-02	7.762041e-11	7.251374e-01
4.016064e-02	4.273460e-10	7.138718e-01
4.008016e-02	7.367468e-10	7.022422e-01
4.000000e-02	1.003749e-09	6.906183e-01
3.992016e-02	1.229548e-09	6.793135e-01
3.984064e-02	1.416857e-09	6.685623e-01
3.976143e-02	1.569157e-09	6.585148e-01
3.968254e-02	1.690583e-09	6.492459e-01
3.960396e-02	1.785983e-09	6.407698e-01
3.952569e-02	1.860955e-09	6.330601e-01
3.944773e-02	1.921900e-09	6.260731e-01
3.937008e-02	1.976124e-09	6.197732e-01
3.929273e-02	2.031918e-09	6.141535e-01
3.921569e-02	2.097589e-09	6.092267e-01
3.913894e-02	2.177620e-09	6.049268e-01
3.906250e-02	2.269339e-09	6.009893e-01
3.898635e-02	2.368295e-09	5.971189e-01
3.891051e-02	2.474236e-09	5.932569e-01
3.883495e-02	2.589244e-09	5.894935e-01
3.875969e-02	2.714834e-09	5.859030e-01
3.868472e-02	2.851096e-09	5.825183e-01
3.861004e-02	2.996668e-09	5.793577e-01
3.853565e-02	3.148845e-09	5.764411e-01
3.846154e-02	3.303718e-09	5.737909e-01
3.838772e-02	3.456326e-09	5.714242e-01
3.831418e-02	3.600812e-09	5.693436e-01
3.824092e-02	3.730602e-09	5.675284e-01
3.816794e-02	3.838578e-09	5.659315e-01
3.809524e-02	3.917280e-09	5.644821e-01
3.802281e-02	3.959146e-09	5.630953e-01
3.795066e-02	3.956821e-09	5.616858e-01
3.787879e-02	3.903556e-09	5.601816e-01
3.780718e-02	3.793680e-09	5.585329e-01
3.773585e-02	3.623127e-09	5.567127e-01
3.766478e-02	3.389953e-09	5.547070e-01
3.759398e-02	3.094775e-09	5.525006e-01
3.752345e-02	2.741052e-09	5.500639e-01
3.745318e-02	2.335139e-09	5.473487e-01
3.738318e-02	1.886067e-09	5.442970e-01
3.731343e-02	1.405049e-09	5.408600e-01
3.724395e-02	9.047546e-10	5.370220e-01
3.717472e-02	3.984229e-10	5.328171e-01
3.710575e-02	-1.010493e-10	5.283314e-01
3.703704e-02	-5.819320e-10	5.236881e-01
3.696858e-02	-1.034297e-09	5.190215e-01
3.690037e-02	-1.450399e-09	5.144514e-01
3.683241e-02	-1.824792e-09	5.100684e-01
3.676471e-02	-2.154216e-09	5.059386e-01
3.669725e-02	-2.437301e-09	5.021223e-01
3.663004e-02	-2.674160e-09	4.986966e-01
3.656307e-02	-2.865930e-09	4.957692e-01
3.649635e-02	-3.014319e-09	4.934757e-01
3.642987e-02	-3.121185e-09	4.919597e-01
3.636364e-02	-3.188176e-09	4.913460e-01
3.629764e-02	-3.216460e-09	4.917146e-01
3.623188e-02	-3.206545e-09	4.930851e-01
3.616637e-02	-3.158223e-09	4.954143e-01
3.610108e-02	-3.070644e-09	4.986047e-01
3.603604e-02	-2.942521e-09	5.025212e-01
3.597122e-02	-2.772466e-09	5.070083e-01
3.590664e-02	-2.559384e-09	5.119038e-01
3.584229e-02	-2.302902e-09	5.170463e-01
3.577818e-02	-2.003737e-09	5.222769e-01
3.571429e-02	-1.663962e-09	5.274382e-01
3.565062e-02	-1.287139e-09	5.323736e-01
3.558719e-02	-8.783227e-10	5.369256e-01
3.552398e-02	-4.439598e-10	5.409327e-01
3.546099e-02	8.272845e-12	5.442234e-01
3.539823e-02	4.696598e-10	5.466091e-01
3.533569e-02	9.306771e-10	5.478830e-01
3.527337e-02	1.381286e-09	5.478303e-01
3.521127e-02	1.811334e-09	5.462568e-01
3.514938e-02	2.211071e-09	5.430297e-01
3.508772e-02	2.571754e-09	5.381192e-01
3.502627e-02	2.886252e-09	5.316255e-01
3.496503e-02	3.149522e-09	5.237791e-01
3.490401e-02	3.358892e-09	5.149128e-01
3.484321e-02	3.514068e-09	5.054167e-01
3.478261e-02	3.616924e-09	4.956882e-01
3.472222e-02	3.671094e-09	4.860914e-01
3.466205e-02	3.681495e-09	4.769311e-01
3.460208e-02	3.653824e-09	4.684429e-01
3.454231e-02	3.594109e-09	4.607940e-01
3.448276e-02	3.508348e-09	4.540916e-01
3.442341e-02	3.402243e-09	4.483933e-01
3.436426e-02	3.281024e-09	4.437172e-01
3.430532e-02	3.149370e-09	4.400482e-01
3.424658e-02	3.011381e-09	4.373419e-01
3.418803e-02	2.870610e-09	4.355252e-01
3.412969e-02	2.730112e-09	4.344962e-01
3.407155e-02	2.592517e-09	4.341256e-01
3.401361e-02	2.460085e-09	4.342633e-01
3.395586e-02	2.334751e-09	4.347507e-01
3.389831e-02	2.218149e-09	4.354388e-01
3.384095e-02	2.111609e-09	4.362060e-01
3.378378e-02	2.016146e-09	4.369696e-01
3.372681e-02	1.932439e-09	4.376855e-01
3.367003e-02	1.860818e-09	4.383353e-01
3.361345e-02	1.801263e-09	4.389065e-01
3.355705e-02	1.753417e-09	4.393740e-01
3.350084e-02	1.716610e-09	4.396919e-01
3.344482e-02	1.689904e-09	4.397985e-01
3.338898e-02	1.672126e-09	4.396327e-01
3.333333e-02	1.661940e-09	4.391537e-01
3.327787e-02	1.657905e-09	4.383571e-01
3.322259e-02	1.658566e-09	4.372778e-01
3.316750e-02	1.662544e-09	4.359837e-01
3.311258e-02	1.668630e-09	4.345600e-01
3.305785e-02	1.675876e-09	4.330942e-01
3.300330e-02	1.683659e-09	4.316635e-01
3.294893e-02	1.691731e-09	4.303282e-01
3.289474e-02	1.700224e-09	4.291303e-01
3.284072e-02	1.709627e-09	4.280953e-01
3.278689e-02	1.720724e-09	4.272359e-01
3.273322e-02	1.734514e-09	4.265562e-01
3.267974e-02	1.752107e-09	4.260549e-01
3.262643e-02	1.774622e-09	4.257282e-01
3.257329e-02	1.803097e-09	4.255712e-01
3.252033e-02	1.838408e-09	4.255791e-01
3.246753e-02	1.881227e-09	4.257472e-01
3.241491e-02	1.931993e-09	4.260712e-01
3.236246e-02	1.990914e-09	4.265469e-01
3.231018e-02	2.057989e-09	4.271703e-01
3.225806e-02	2.133034e-09	4.279371e-01
3.220612e-02	2.215722e-09	4.288429e-01
3.215434e-02	2.305620e-09	4.298824e-01
3.210273e-02	2.402219e-09	4.310496e-01
3.205128e-02	2.504964e-09	4.323372e-01
3.200000e-02	2.613272e-09	4.337361e-01
3.194888e-02	2.726548e-09	4.352350e-01
3.189793e-02	2.844187e-09	4.368203e-01
3.184713e-02	2.965588e-09	4.384755e-01
3.179650e-02	3.090161e-09	4.401818e-01
3.174603e-02	3.217335e-09	4.419175e-01
3.169572e-02	3.346571e-09	4.436592e-01
3.164557e-02	3.477385e-09	4.453823e-01
3.159558e-02	3.609355e-09	4.470621e-01
3.154574e-02	3.742144e-09	4.486748e-01
3.149606e-02	3.875500e-09	4.501988e-01
3.144654e-02	4.009253e-09	4.516153e-01
3.139717e-02	4.143306e-09	4.529086e-01
3.134796e-02	4.277618e-09	4.540661e-01
3.129890e-02	4.412176e-09	4.550777e-01
3.125000e-02	4.546980e-09	4.559356e-01
3.120125e-02	4.682015e-09	4.566345e-01
3.115265e-02	4.817240e-09	4.571713e-01
3.110420e-02	4.952571e-09	4.575457e-01
3.105590e-02	5.087874e-09	4.577599e-01
3.100775e-02	5.222965e-09	4.578190e-01
3.095975e-02	5.357610e-09	4.577301e-01
3.091190e-02	5.491534e-09	4.575028e-01
3.086420e-02	5.624430e-09	4.571483e-01
3.081664e-02	5.755978e-09	4.566795e-01
3.076923e-02	5.885855e-09	4.561105e-01
3.072197e-02	6.013756e-09	4.554564e-01
3.067485e-02	6.139409e-09	4.547325e-01
3.062787e-02	6.262587e-09	4.539542e-01
3.058104e-02	6.383120e-09	4.531358e-01
3.053435e-02	6.500900e-09	4.522902e-01
3.048780e-02	6.615885e-09	4.514281e-01
3.044140e-02	6.728099e-09	4.505581e-01
3.039514e-02	6.837619e-09	4.496866e-01
3.034901e-02	6.944574e-09	4.488189e-01
3.030303e-02	7.049126e-09	4.479596e-01
3.025719e-02	7.151461e-09	4.471137e-01
3.021148e-02	7.251774e-09	4.462876e-01
3.016591e-02	7.350261e-09	4.454890e-01
3.012048e-02	7.447106e-09	4.447273e-01
3.007519e-02	7.542483e-09	4.440131e-01
3.003003e-02	7.636546e-09	4.433573e-01
2.998501e-02	7.729435e-09	4.427708e-01
2.994012e-02	7.821274e-09	4.422632e-01
2.989537e-02	7.912175e-09	4.418429e-01
2.985075e-02	8.002239e-09	4.415162e-01
2.980626e-02	8.091556e-09	4.412876e-01
2.976190e-02	8.180208e-09	4.411597e-01
2.971768e-02	8.268271e-09	4.411332e-01
2.967359e-02	8.355811e-09	4.412075e-01
2.962963e-02	8.442888e-09	4.413809e-01
2.958580e-02	8.529557e-09	4.416508e-01
2.954210e-02	8.615865e-09	4.420139e-01
2.949853e-02	8.701850e-09	4.424670e-01
2.945508e-02	8.787547e-09	4.430066e-01
2.941176e-02	8.872981e-09	4.436292e-01
2.936858e-02	8.958171e-09	4.443319e-01
2.932551e-02	9.043129e-09	4.451117e-01
2.928258e-02	9.127855e-09	4.459664e-01
2.923977e-02	9.212346e-09	4.468938e-01
2.919708e-02	9.296585e-09	4.478925e-01
2.915452e-02	9.380546e-09	4.489610e-01
2.911208e-02	9.464191e-09	4.500984e-01
2.906977e-02	9.547469e-09	4.513041e-01
2.902758e-02	9.630317e-09	4.525773e-01
2.898551e-02	9.712656e-09	4.539174e-01
2.894356e-02	9.794390e-09	4.553236e-01
2.890173e-02	9.875409e-09	4.567947e-01
2.886003e-02	9.955583e-09	4.583291e-01
2.881844e-02	1.003477e-08	4.599242e-01
2.877698e-02	1.011280e-08	4.615766e-01
2.873563e-02	1.018950e-08	4.632813e-01
2.869440e-02	1.026468e-08	4.650318e-01
2.865330e-02	1.033813e-08	4.668194e-01
2.861230e-02	1.040964e-08	4.686335e-01
2.857143e-02	1.047897e-08	4.704612e-01
2.853067e-02	1.054590e-08	4.722881e-01
2.849003e-02	1.061022e-08	4.740989e-01
2.844950e-02	1.067168e-08	4.758786e-01
2.840909e-02	1.073010e-08	4.776139e-01
2.836879e-02	1.078527e-08	4.792947e-01
2.832861e-02	1.083702e-08	4.809142e-01
2.828854e-02	1.088523e-08	4.824695e-01
2.824859e-02	1.092977e-08	4.839611e-01
2.820874e-02	1.097059e-08	4.853921e-01
2.816901e-02	1.100767e-08	4.867676e-01
2.812940e-02	1.104101e-08	4.880946e-01
2.808989e-02	1.107070e-08	4.893812e-01
2.805049e-02	1.109684e-08	4.906367e-01
2.801120e-02	1.111961e-08	4.918714e-01
2.797203e-02	1.113921e-08	4.930965e-01
2.793296e-02	1.115589e-08	4.943236e-01
2.789400e-02	1.116995e-08	4.955644e-01
2.785515e-02	1.118169e-08	4.968302e-01
2.781641e-02	1.119144e-08	4.981309e-01
2.777778e-02	1.119952e-08	4.994743e-01
2.773925e-02	1.120623e-08	5.008654e-01
2.770083e-02	1.121183e-08	5.023047e-01
2.766252e-02	1.121649e-08	5.037875e-01
2.762431e-02	1.122030e-08	5.053032e-01
2.758621e-02	1.122320e-08	5.068345e-01
2.754821e-02	1.122504e-08	5.083560e-01
2.751032e-02	1.122561e-08	5.098330e-01
2.747253e-02	1.122481e-08	5.112185e-01
2.743484e-02	1.122293e-08	5.124537e-01
2.739726e-02	1.122077e-08	5.134797e-01
2.735978e-02	1.121956e-08	5.142587e-01
2.732240e-02	1.122059e-08	5.147899e-01
2.728513e-02	1.122474e-08	5.151055e-01
2.724796e-02	1.123231e-08	5.152535e-01
2.721088e-02	1.124306e-08	5.152823e-01
2.717391e-02	1.125638e-08	5.152342e-01
2.713704e-02	1.127153e-08	5.151444e-01
2.710027e-02	1.128775e-08	5.150422e-01
2.706360e-02	1.130438e-08	5.149528e-01
2.702703e-02	1.132091e-08	5.148987e-01
2.699055e-02	1.133693e-08	5.149007e-01
2.695418e-02	1.135218e-08	5.149785e-01
2.691790e-02	1.136645e-08	5.151512e-01
2.688172e-02	1.137961e-08	5.154381e-01
2.684564e-02	1.139157e-08	5.158595e-01
2.680965e-02	1.140225e-08	5.164349e-01
2.677376e-02	1.141158e-08	5.171778e-01
2.673797e-02	1.141955e-08	5.180732e-01
2.670227e-02	1.142614e-08	5.190672e-01
2.666667e-02	1.143143e-08	5.200631e-01
2.663116e-02	1.143545e-08	5.209672e-01
2.659574e-02	1.143827e-08	5.217378e-01
2.656042e-02	1.143994e-08	5.223916e-01
2.652520e-02	1.144045e-08	5.229752e-01
2.649007e-02	1.143973e-08	5.235401e-01
2.645503e-02	1.143765e-08	5.241381e-01
2.642008e-02	1.143416e-08	5.248333e-01
2.638522e-02	1.142936e-08	5.257246e-01
2.635046e-02	1.142366e-08	5.269460e-01
2.631579e-02	1.141767e-08	5.285316e-01
2.628121e-02	1.141145e-08	5.301592e-01
2.624672e-02	1.140361e-08	5.313521e-01
2.621232e-02	1.139233e-08	5.333021e-01
2.617801e-02	1.137413e-08	5.338033e-01
2.614379e-02	1.134889e-08	5.336665e-01
2.610966e-02	1.131681e-08	5.336380e-01
2.607562e-02	1.127889e-08	5.337930e-01
2.604167e-02	1.123643e-08	5.341402e-01
2.600780e-02	1.119072e-08	5.346592e-01
2.597403e-02	1.114300e-08	5.353208e-01
2.594034e-02	1.108778e-08	5.365207e-01
2.590674e-02	1.103969e-08	5.376831e-01
2.587322e-02	1.099183e-08	5.385166e-01
2.583979e-02	1.094464e-08	5.394610e-01
2.580645e-02	1.089848e-08	5.405095e-01
2.577320e-02	1.085368e-08	5.416558e-01
2.574003e-02	1.081058e-08	5.428925e-01
2.570694e-02	1.076946e-08	5.442115e-01
2.567394e-02	1.073060e-08	5.456035e-01
2.564103e-02	1.069425e-08	5.470561e-01
2.560819e-02	1.066068e-08	5.485510e-01
2.557545e-02	1.063016e-08	5.500635e-01
2.554278e-02	1.060298e-08	5.515646e-01
2.551020e-02	1.057943e-08	5.530259e-01
2.547771e-02	1.055977e-08	5.544256e-01
2.544529e-02	1.054427e-08	5.557542e-01
2.541296e-02	1.053314e-08	5.570174e-01
2.538071e-02	1.052654e-08	5.582352e-01
2.534854e-02	1.052456e-08	5.594382e-01
2.531646e-02	1.052718e-08	5.606646e-01
2.528445e-02	1.053422e-08	5.619644e-01
2.525253e-02	1.054521e-08	5.634041e-01
2.522068e-02	1.055925e-08	5.651043e-01
2.518892e-02	1.057485e-08	5.672352e-01
2.515723e-02	1.059085e-08	5.698210e-01
2.512563e-02	1.060886e-08	5.723433e-01
2.509410e-02	1.063364e-08	5.741667e-01
2.506266e-02	1.066908e-08	5.754087e-01
2.503129e-02	1.071571e-08	5.765042e-01
2.500000e-02	1.077188e-08	5.776844e-01
2.496879e-02	1.083541e-08	5.790219e-01
2.493766e-02	1.090442e-08	5.805302e-01
2.490660e-02	1.097760e-08	5.821972e-01
2.487562e-02	1.105611e-08	5.847943e-01
2.484472e-02	1.113494e-08	5.865599e-01
2.481390e-02	1.121620e-08	5.884611e-01
2.478315e-02	1.129960e-08	5.904685e-01
2.475248e-02	1.138488e-08	5.925625e-01
2.472188e-02	1.147178e-08	5.947278e-01
2.469136e-02	1.156007e-08	5.969540e-01
2.466091e-02	1.164950e-08	5.992349e-01
2.463054e-02	1.173981e-08	6.015665e-01
2.460025e-02	1.183072e-08	6.039456e-01
2.457002e-02	1.192194e-08	6.063691e-01
2.453988e-02	1.201316e-08	6.088338e-01
2.450980e-02	1.210403e-08	6.113367e-01
2.447980e-02	1.219419e-08	6.138744e-01
2.444988e-02	1.228325e-08	6.164435e-01
2.442002e-02	1.237082e-08	6.190409e-01
2.439024e-02	1.245649e-08	6.216630e-01
2.436054e-02	1.253985e-08	6.243066e-01
2.433090e-02	1.262047e-08	6.269680e-01
2.430134e-02	1.269795e-08	6.296438e-01
2.427184e-02	1.277185e-08	6.323305e-01
2.424242e-02	1.284178e-08	6.350243e-01
2.421308e-02	1.290734e-08	6.377217e-01
2.418380e-02	1.296813e-08	6.404191e-01
2.415459e-02	1.302377e-08	6.431127e-01
2.412545e-02	1.307392e-08	6.457990e-01
2.409639e-02	1.311823e-08	6.484744e-01
2.406739e-02	1.315638e-08	6.511353e-01
2.403846e-02	1.318808e-08	6.537785e-01
2.400960e-02	1.321306e-08	6.564005e-01
2.398082e-02	1.323109e-08	6.589983e-01
2.395210e-02	1.324195e-08	6.615688e-01
2.392344e-02	1.324547e-08	6.641092e-01
2.389486e-02	1.324150e-08	6.666168e-01
2.386635e-02	1.322994e-08	6.690893e-01
2.383790e-02	1.321071e-08	6.715243e-01
2.380952e-02	1.318377e-08	6.739198e-01
2.378121e-02	1.314912e-08	6.762741e-01
2.375297e-02	1.310678e-08	6.785856e-01
2.372479e-02	1.305683e-08	6.808529e-01
2.369668e-02	1.299937e-08	6.830749e-01
2.366864e-02	1.293453e-08	6.852508e-01
2.364066e-02	1.286247e-08	6.873800e-01
2.361275e-02	1.278338e-08	6.894619e-01
2.358491e-02	1.269751e-08	6.914964e-01
2.355713e-02	1.260508e-08	6.934836e-01
2.352941e-02	1.250638e-08	6.954237e-01
2.350176e-02	1.240171e-08	6.973172e-01
2.347418e-02	1.229137e-08	6.991647e-01
2.344666e-02	1.217569e-08	7.009671e-01
2.341920e-02	1.205502e-08	7.027257e-01
2.339181e-02	1.192972e-08	7.044416e-01
2.336449e-02	1.180015e-08	7.061165e-01
2.333722e-02	1.166667e-08	7.077521e-01
2.331002e-02	1.152965e-08	7.093505e-01
2.328289e-02	1.138947e-08	7.109138e-01
2.325581e-02	1.124649e-08	7.124446e-01
2.322880e-02	1.110107e-08	7.139456e-01
2.320186e-02	1.095357e-08	7.154196e-01
2.317497e-02	1.080433e-08	7.168699e-01
2.314815e-02	1.065367e-08	7.182998e-01
2.312139e-02	1.050192e-08	7.197131e-01
2.309469e-02	1.034936e-08	7.211135e-01
2.306805e-02	1.019629e-08	7.225052e-01
2.304147e-02	1.004295e-08	7.238925e-01
2.301496e-02	9.889580e-09	7.252798e-01
2.298851e-02	9.736397e-09	7.266720e-01
2.296211e-02	9.583589e-09	7.280738e-01
2.293578e-02	9.431319e-09	7.294904e-01
2.290951e-02	9.279726e-09	7.309270e-01
2.288330e-02	9.128923e-09	7.323889e-01
2.285714e-02	8.978997e-09	7.338817e-01
2.283105e-02	8.830011e-09	7.354109e-01
2.280502e-02	8.682003e-09	7.369821e-01
2.277904e-02	8.534989e-09	7.386012e-01
2.275313e-02	8.388961e-09	7.402737e-01
2.272727e-02	8.243893e-09	7.420056e-01
2.270148e-02	8.099740e-09	7.438026e-01
2.267574e-02	7.956441e-09	7.456703e-01
2.265006e-02	7.813924e-09	7.476145e-01
2.262443e-02	7.672105e-09	7.496405e-01
2.259887e-02	7.530894e-09	7.517539e-01
2.257336e-02	7.390196e-09	7.539598e-01
2.254791e-02	7.249918e-09	7.562632e-01
2.252252e-02	7.109968e-09	7.586688e-01
2.249719e-02	6.970262e-09	7.611810e-01
2.247191e-02	6.830724e-09	7.638038e-01
2.244669e-02	6.691294e-09	7.665408e-01
2.242152e-02	6.551924e-09	7.693950e-01
2.239642e-02	6.412589e-09	7.723688e-01
2.237136e-02	6.273283e-09	7.754642e-01
2.234637e-02	6.134021e-09	7.786823e-01
2.232143e-02	5.994844e-09	7.820234e-01
2.229654e-02	5.855821e-09	7.854869e-01
2.227171e-02	5.717043e-09	7.890715e-01
2.224694e-02	5.578628e-09	7.927748e-01
2.222222e-02	5.440723e-09	7.965934e-01
2.219756e-02	5.303495e-09	8.005228e-01
2.217295e-02	5.167139e-09	8.045577e-01
2.214839e-02	5.031870e-09	8.086916e-01
2.212389e-02	4.897924e-09	8.129170e-01
2.209945e-02	4.765557e-09	8.172258e-01
2.207506e-02	4.635039e-09	8.216085e-01
2.205072e-02	4.506656e-09	8.260554e-01
2.202643e-02	4.380707e-09	8.305556e-01
2.200220e-02	4.257500e-09	8.350978e-01
2.197802e-02	4.137350e-09	8.396701e-01
2.195390e-02	4.020581e-09	8.442597e-01
2.192982e-02	3.907521e-09	8.488536e-01
2.190581e-02	3.798501e-09	8.534377e-01
2.188184e-02	3.693855e-09	8.579972e-01
2.185792e-02	3.593917e-09	8.625166e-01
2.183406e-02	3.499024e-09	8.669791e-01
2.181025e-02	3.409507e-09	8.713667e-01
2.178649e-02	3.325700e-09	8.756602e-01
2.176279e-02	3.247931e-09	8.798391e-01
2.173913e-02	3.176520e-09	8.838816e-01
2.171553e-02	3.111782e-09	8.877649e-01
2.169197e-02	3.054020e-09	8.914655e-01
2.166847e-02	3.003521e-09	8.949597e-01
2.164502e-02	2.960554e-09	8.982238e-01
2.162162e-02	2.925363e-09	9.012356e-01
2.159827e-02	2.898164e-09	9.039741e-01
2.157497e-02	2.879135e-09	9.064214e-01
2.155172e-02	2.868413e-09	9.085623e-01
2.152853e-02	2.866090e-09	9.103858e-01
2.150538e-02	2.872203e-09	9.118853e-01
2.148228e-02	2.886730e-09	9.130590e-01
2.145923e-02	2.909589e-09	9.139101e-01
2.143623e-02	2.940629e-09	9.144469e-01
2.141328e-02	2.979635e-09	9.146824e-01
2.139037e-02	3.026323e-09	9.146344e-01
2.136752e-02	3.080341e-09	9.143245e-01
2.134472e-02	3.141273e-09	9.137780e-01
2.132196e-02	3.208641e-09	9.130230e-01
2.129925e-02	3.281909e-09	9.120897e-01
2.127660e-02	3.360491e-09	9.110099e-01
2.125399e-02	3.443755e-09	9.098161e-01
2.123142e-02	3.531031e-09	9.085410e-01
2.120891e-02	3.621616e-09	9.072167e-01
2.118644e-02	3.714788e-09	9.058743e-01
2.116402e-02	3.809805e-09	9.045433e-01
2.114165e-02	3.905920e-09	9.032511e-01
2.111932e-02	4.002383e-09	9.020232e-01
2.109705e-02	4.098455e-09	9.008823e-01
2.107482e-02	4.193408e-09	8.998482e-01
2.105263e-02	4.286537e-09	8.989382e-01
2.103049e-02	4.377162e-09	8.981667e-01
2.100840e-02	4.464641e-09	8.975454e-01
2.098636e-02	4.548366e-09	8.970831e-01
2.096436e-02	4.627774e-09	8.967864e-01
2.094241e-02	4.702351e-09	8.966597e-01
2.092050e-02	4.771633e-09	8.967052e-01
2.089864e-02	4.835212e-09	8.969236e-01
2.087683e-02	4.892735e-09	8.973139e-01
2.085506e-02	4.943909e-09	8.978741e-01
2.083333e-02	4.988501e-09	8.986012e-01
2.081165e-02	5.026339e-09	8.994915e-01
2.079002e-02	5.057313e-09	9.005406e-01
2.076843e-02	5.081373e-09	9.017441e-01
2.074689e-02	5.098530e-09	9.030971e-01
2.072539e-02	5.108853e-09	9.045949e-01
2.070393e-02	5.112469e-09	9.062327e-01
2.068252e-02	5.109561e-09	9.080063e-01
2.066116e-02	5.100363e-09	9.099113e-01
2.063983e-02	5.085159e-09	9.119442e-01
2.061856e-02	5.064278e-09	9.141019e-01
2.059732e-02	5.038092e-09	9.163819e-01
2.057613e-02	5.007012e-09	9.187823e-01
2.055498e-02	4.971478e-09	9.213020e-01
2.053388e-02	4.931965e-09	9.239406e-01
2.051282e-02	4.888970e-09	9.266983e-01
2.049180e-02	4.843009e-09	9.295758e-01
2.047083e-02	4.794616e-09	9.325744e-01
2.044990e-02	4.744337e-09	9.356956e-01
2.042901e-02	4.692724e-09	9.389408e-01
2.040816e-02	4.640333e-09	9.423114e-01
2.038736e-02	4.587723e-09	9.458085e-01
2.036660e-02	4.535445e-09	9.494321e-01
2.034588e-02	4.484048e-09	9.531813e-01
2.032520e-02	4.434069e-09	9.570537e-01
2.030457e-02	4.386033e-09	9.610453e-01
2.028398e-02	4.340451e-09	9.651500e-01
2.026342e-02	4.297815e-09	9.693592e-01
2.024291e-02	4.258595e-09	9.736622e-01
2.022245e-02	4.223237e-09	9.780454e-01
2.020202e-02	4.192162e-09	9.824926e-01
2.018163e-02	4.165758e-09	9.869849e-01
2.016129e-02	4.144377e-09	9.915014e-01
2.014099e-02	4.128334e-09	9.960186e-01
2.012072e-02	4.117899e-09	1.000512e+00
2.010050e-02	4.113294e-09	1.004955e+00
2.008032e-02	4.114687e-09	1.009322e+00
2.006018e-02	4.122189e-09	1.013587e+00
2.004008e-02	4.135848e-09	1.017727e+00
2.002002e-02	4.155643e-09	1.021718e+00
2.000000e-02	4.181484e-09	1.025541e+00
1.998002e-02	4.213209e-09	1.029183e+00
1.996008e-02	4.250576e-09	1.032633e+00
1.994018e-02	4.293274e-09	1.035886e+00
1.992032e-02	4.340912e-09	1.038941e+00
1.990050e-02	4.393028e-09	1.041806e+00
1.988072e-02	4.449092e-09	1.044491e+00
1.986097e-02	4.508507e-09	1.047013e+00
1.984127e-02	4.570619e-09	1.049393e+00
1.982161e-02	4.634720e-09	1.051654e+00
1.980198e-02	4.700059e-09	1.053823e+00
1.978239e-02	4.765843e-09	1.055930e+00
1.976285e-02	4.831253e-09	1.058005e+00
1.974334e-02	4.895446e-09	1.060077e+00
1.972387e-02	4.957565e-09	1.062176e+00
1.970443e-02	5.016746e-09	1.064330e+00
1.968504e-02	5.072122e-09	1.066567e+00
1.966568e-02	5.122835e-09	1.068911e+00
1.964637e-02	5.168036e-09	1.071383e+00
1.962709e-02	5.206892e-09	1.074005e+00
1.960784e-02	5.238593e-09	1.076793e+00
1.958864e-02	5.262351e-09	1.079762e+00
1.956947e-02	5.277407e-09	1.082924e+00
1.955034e-02	5.283033e-09	1.086289e+00
1.953125e-02	5.278534e-09	1.089864e+00
1.951220e-02	5.263250e-09	1.093655e+00
1.949318e-02	5.236556e-09	1.097664e+00
1.947420e-02	5.197870e-09	1.101894e+00
1.945525e-02	5.146647e-09	1.106342e+00
1.943635e-02	5.082383e-09	1.111008e+00
1.941748e-02	5.004619e-09	1.115888e+00
1.939864e-02	4.912939e-09	1.120975e+00
1.937984e-02	4.806970e-09	1.126263e+00
1.936108e-02	4.686388e-09	1.131744e+00
1.934236e-02	4.550917e-09	1.137408e+00
1.932367e-02	4.400326e-09	1.143243e+00
1.930502e-02	4.234438e-09	1.149239e+00
1.928640e-02	4.053123e-09	1.155380e+00
1.926782e-02	3.856305e-09	1.161653e+00
1.924928e-02	3.643959e-09	1.168042e+00
1.923077e-02	3.416110e-09	1.174528e+00
1.921230e-02	3.172839e-09	1.181095e+00
1.919386e-02	2.914274e-09	1.187722e+00
1.917546e-02	2.640598e-09	1.194389e+00
1.915709e-02	2.352042e-09	1.201074e+00
1.913876e-02	2.048884e-09	1.207756e+00
1.912046e-02	1.731451e-09	1.214410e+00
1.910220e-02	1.400115e-09	1.221012e+00
1.908397e-02	1.055288e-09	1.227539e+00
1.906578e-02	6.974233e-10	1.233963e+00
1.904762e-02	3.270130e-10	1.240259e+00
1.902950e-02	-5.541629e-11	1.246401e+00
1.901141e-02	-4.493048e-10	1.252362e+00
1.899335e-02	-8.540613e-10	1.258116e+00
1.897533e-02	-1.269065e-09	1.263638e+00
1.895735e-02	-1.693667e-09	1.268902e+00
1.893939e-02	-2.127193e-09	1.273883e+00
1.892148e-02	-2.568940e-09	1.278559e+00
1.890359e-02	-3.018180e-09	1.282908e+00
1.888574e-02	-3.474159e-09	1.286911e+00
1.886792e-02	-3.936097e-09	1.290549e+00
1.885014e-02	-4.403187e-09	1.293808e+00
1.883239e-02	-4.874592e-09	1.296675e+00
1.881468e-02	-5.349449e-09	1.299139e+00
1.879699e-02	-5.826865e-09	1.301195e+00
1.877934e-02	-6.305917e-09	1.302837e+00
1.876173e-02	-6.785656e-09	1.304066e+00
1.874414e-02	-7.265103e-09	1.304884e+00
1.872659e-02	-7.743254e-09	1.305297e+00
1.870907e-02	-8.219083e-09	1.305314e+00
1.869159e-02	-8.691545e-09	1.304945e+00
1.867414e-02	-9.159585e-09	1.304206e+00
1.865672e-02	-9.622138e-09	1.303114e+00
1.863933e-02	-1.007814e-08	1.301688e+00
1.862197e-02	-1.052656e-08	1.299950e+00
1.860465e-02	-1.096635e-08	1.297923e+00
1.858736e-02	-1.139652e-08	1.295632e+00
1.857010e-02	-1.181613e-08	1.293102e+00
1.855288e-02	-1.222429e-08	1.290361e+00
1.853568e-02	-1.262019e-08	1.287437e+00
1.851852e-02	-1.300308e-08	1.284356e+00
1.850139e-02	-1.337233e-08	1.281148e+00
1.848429e-02	-1.372742e-08	1.277840e+00
1.846722e-02	-1.406792e-08	1.274459e+00
1.845018e-02	-1.439356e-08	1.271033e+00
1.843318e-02	-1.470417e-08	1.267587e+00
1.841621e-02	-1.499972e-08	1.264147e+00
1.839926e-02	-1.528035e-08	1.260738e+00
1.838235e-02	-1.554629e-08	1.257382e+00
1.836547e-02	-1.579792e-08	1.254101e+00
1.834862e-02	-1.603576e-08	1.250916e+00
1.833181e-02	-1.626043e-08	1.247847e+00
1.831502e-02	-1.647265e-08	1.244912e+00
1.829826e-02	-1.667326e-08	1.242127e+00
1.828154e-02	-1.686316e-08	1.239508e+00
1.826484e-02	-1.704331e-08	1.237070e+00
1.824818e-02	-1.721472e-08	1.234823e+00
1.823154e-02	-1.737843e-08	1.232781e+00
1.821494e-02	-1.753548e-08	1.230953e+00
1.819836e-02	-1.768691e-08	1.229348e+00
1.818182e-02	-1.783371e-08	1.227973e+00
1.816530e-02	-1.797683e-08	1.226836e+00
1.814882e-02	-1.811717e-08	1.225940e+00
1.813237e-02	-1.825551e-08	1.225290e+00
1.811594e-02	-1.839255e-08	1.224889e+00
1.809955e-02	-1.852889e-08	1.224738e+00
1.808318e-02	-1.866499e-08	1.224837e+00
1.806685e-02	-1.880116e-08	1.225186e+00
1.805054e-02	-1.893760e-08	1.225782e+00
1.803427e-02	-1.907433e-08	1.226622e+00
1.801802e-02	-1.921123e-08	1.227702e+00
1.800180e-02	-1.934804e-08	1.229016e+00
1.798561e-02	-1.948434e-08	1.230557e+00
1.796945e-02	-1.961956e-08	1.232316e+00
1.795332e-02	-1.975300e-08	1.234284e+00
1.793722e-02	-1.988386e-08	1.236451e+00
1.792115e-02	-2.001120e-08	1.238804e+00
1.790510e-02	-2.013399e-08	1.241331e+00
1.788909e-02	-2.025114e-08	1.244018e+00
1.787310e-02	-2.036149e-08	1.246850e+00
1.785714e-02	-2.046388e-08	1.249812e+00
1.784121e-02	-2.055710e-08	1.252889e+00
1.782531e-02	-2.063998e-08	1.256063e+00
1.780944e-02	-2.071138e-08	1.259320e+00
1.779359e-02	-2.077022e-08	1.262643e+00
1.777778e-02	-2.081549e-08	1.266016e+00
1.776199e-02	-2.084628e-08	1.269425e+00
1.774623e-02	-2.086182e-08	1.272854e+00
1.773050e-02	-2.086143e-08	1.276291e+00
1.771479e-02	-2.084459e-08	1.279723e+00
1.769912e-02	-2.081091e-08	1.283140e+00
1.768347e-02	-2.076015e-08	1.286531e+00
1.766784e-02	-2.069222e-08	1.289887e+00
1.765225e-02	-2.060716e-08	1.293203e+00
1.763668e-02	-2.050516e-08	1.296471e+00
1.762115e-02	-2.038652e-08	1.299688e+00
1.760563e-02	-2.025167e-08	1.302849e+00
1.759015e-02	-2.010111e-08	1.305953e+00
1.757469e-02	-1.993546e-08	1.308998e+00
1.755926e-02	-1.975538e-08	1.311985e+00
1.754386e-02	-1.956160e-08	1.314912e+00
1.752848e-02	-1.935489e-08	1.317782e+00
1.751313e-02	-1.913601e-08	1.320595e+00
1.749781e-02	-1.890577e-08	1.323354e+00
1.748252e-02	-1.866494e-08	1.326062e+00
1.746725e-02	-1.841428e-08	1.328720e+00
1.745201e-02	-1.815454e-08	1.331331e+00
1.743679e-02	-1.788639e-08	1.333899e+00
1.742160e-02	-1.761049e-08	1.336426e+00
1.740644e-02	-1.732743e-08	1.338914e+00
1.739130e-02	-1.703776e-08	1.341368e+00
1.737619e-02	-1.674195e-08	1.343788e+00
1.736111e-02	-1.644044e-08	1.346177e+00
1.734605e-02	-1.613360e-08	1.348537e+00
1.733102e-02	-1.582176e-08	1.350869e+00
1.731602e-02	-1.550518e-08	1.353174e+00
1.730104e-02	-1.518410e-08	1.355453e+00
1.728608e-02	-1.485873e-08	1.357705e+00
1.727116e-02	-1.452923e-08	1.359930e+00
1.725626e-02	-1.419577e-08	1.362127e+00
1.724138e-02	-1.385847e-08	1.364293e+00
1.722653e-02	-1.351750e-08	1.366428e+00
1.721170e-02	-1.317301e-08	1.368528e+00
1.719690e-02	-1.282519e-08	1.370591e+00
1.718213e-02	-1.247423e-08	1.372615e+00
1.716738e-02	-1.212041e-08	1.374595e+00
1.715266e-02	-1.176404e-08	1.376529e+00
1.713796e-02	-1.140548e-08	1.378415e+00
1.712329e-02	-1.104520e-08	1.380250e+00
1.710864e-02	-1.068372e-08	1.382032e+00
1.709402e-02	-1.032167e-08	1.383760e+00
1.707942e-02	-9.959772e-09	1.385431e+00
1.706485e-02	-9.598838e-09	1.387047e+00
1.705030e-02	-9.239792e-09	1.388607e+00
1.703578e-02	-8.883654e-09	1.390113e+00
1.702128e-02	-8.531546e-09	1.391565e+00
1.700680e-02	-8.184684e-09	1.392966e+00
1.699235e-02	-7.844369e-09	1.394319e+00
1.697793e-02	-7.511985e-09	1.395627e+00
1.696353e-02	-7.188979e-09	1.396894e+00
1.694915e-02	-6.876856e-09	1.398125e+00
1.693480e-02	-6.577159e-09	1.399323e+00
1.692047e-02	-6.291456e-09	1.400494e+00
1.690617e-02	-6.021325e-09	1.401642e+00
1.689189e-02	-5.768330e-09	1.402772e+00
1.687764e-02	-5.534011e-09	1.403890e+00
1.686341e-02	-5.319863e-09	1.404998e+00
1.684920e-02	-5.127316e-09	1.406103e+00
1.683502e-02	-4.957721e-09	1.407207e+00
1.682086e-02	-4.812334e-09	1.408314e+00
1.680672e-02	-4.692298e-09	1.409427e+00
1.679261e-02	-4.598630e-09	1.410549e+00
1.677852e-02	-4.532208e-09	1.411681e+00
1.676446e-02	-4.493761e-09	1.412825e+00
1.675042e-02	-4.483854e-09	1.413983e+00
1.673640e-02	-4.502882e-09	1.415153e+00
1.672241e-02	-4.551065e-09	1.416336e+00
1.670844e-02	-4.628437e-09	1.417531e+00
1.669449e-02	-4.734846e-09	1.418738e+00
1.668057e-02	-4.869947e-09	1.419954e+00
1.666667e-02	-5.033203e-09	1.421178e+00
1.665279e-02	-5.223884e-09	1.422409e+00
1.663894e-02	-5.441066e-09	1.423645e+00
1.662510e-02	-5.683635e-09	1.424883e+00
1.661130e-02	-5.950288e-09	1.426123e+00
1.659751e-02	-6.239534e-09	1.427362e+00
1.658375e-02	-6.549704e-09	1.428600e+00
1.657001e-02	-6.878953e-09	1.429836e+00
1.655629e-02	-7.225266e-09	1.431069e+00
1.654260e-02	-7.586467e-09	1.432298e+00
1.652893e-02	-7.960229e-09	1.433524e+00
1.651528e-02	-8.344085e-09	1.434745e+00
1.650165e-02	-8.735437e-09	1.435963e+00
1.648805e-02	-9.131578e-09	1.437177e+00
1.647446e-02	-9.529699e-09	1.438387e+00
1.646091e-02	-9.926916e-09	1.439595e+00
1.644737e-02	-1.032029e-08	1.440800e+00
1.643385e-02	-1.070683e-08	1.442002e+00
1.642036e-02	-1.108355e-08	1.443204e+00
1.640689e-02	-1.144748e-08	1.444404e+00
1.639344e-02	-1.179567e-08	1.445604e+00
1.638002e-02	-1.212526e-08	1.446805e+00
1.636661e-02	-1.243347e-08	1.448007e+00
1.635323e-02	-1.271766e-08	1.449211e+00
1.633987e-02	-1.297532e-08	1.450417e+00
1.632653e-02	-1.320414e-08	1.451628e+00
1.631321e-02	-1.340202e-08	1.452842e+00
1.629992e-02	-1.356708e-08	1.454062e+00
1.628664e-02	-1.369770e-08	1.455288e+00
1.627339e-02	-1.379255e-08	1.456520e+00
1.626016e-02	-1.385059e-08	1.457758e+00
1.624695e-02	-1.387109e-08	1.459003e+00
1.623377e-02	-1.385367e-08	1.460255e+00
1.622060e-02	-1.379827e-08	1.461513e+00
1.620746e-02	-1.370519e-08	1.462776e+00
1.619433e-02	-1.357507e-08	1.464043e+00
1.618123e-02	-1.340891e-08	1.465312e+00
1.616815e-02	-1.320805e-08	1.466580e+00
1.615509e-02	-1.297417e-08	1.467845e+00
1.614205e-02	-1.270925e-08	1.469102e+00
1.612903e-02	-1.241560e-08	1.470347e+00
1.611604e-02	-1.209579e-08	1.471576e+00
1.610306e-02	-1.175265e-08	1.472782e+00
1.609010e-02	-1.138922e-08	1.473959e+00
1.607717e-02	-1.100873e-08	1.475100e+00
1.606426e-02	-1.061456e-08	1.476199e+00
1.605136e-02	-1.021019e-08	1.477247e+00
1.603849e-02	-9.799145e-09	1.478236e+00
1.602564e-02	-9.384972e-09	1.479160e+00
1.601281e-02	-8.971175e-09	1.480010e+00
1.600000e-02	-8.561175e-09	1.480779e+00
1.598721e-02	-8.158259e-09	1.481460e+00
1.597444e-02	-7.765535e-09	1.482048e+00
1.596169e-02	-7.385892e-09	1.482537e+00
1.594896e-02	-7.021961e-09	1.482924e+00
1.593625e-02	-6.676078e-09	1.483204e+00
1.592357e-02	-6.350259e-09	1.483377e+00
1.591090e-02	-6.046177e-09	1.483442e+00
1.589825e-02	-5.765144e-09	1.483400e+00
1.588562e-02	-5.508106e-09	1.483251e+00
1.587302e-02	-5.275637e-09	1.483001e+00
1.586043e-02	-5.067944e-09	1.482652e+00
1.584786e-02	-4.884877e-09	1.482210e+00
1.583531e-02	-4.725947e-09	1.481680e+00
1.582278e-02	-4.590347e-09	1.481069e+00
1.581028e-02	-4.476977e-09	1.480384e+00
1.579779e-02	-4.384471e-09	1.479632e+00
1.578532e-02	-4.311236e-09	1.478820e+00
1.577287e-02	-4.255479e-09	1.477956e+00
1.576044e-02	-4.215250e-09	1.477048e+00
1.574803e-02	-4.188470e-09	1.476102e+00
1.573564e-02	-4.172977e-09	1.475125e+00
1.572327e-02	-4.166553e-09	1.474124e+00
1.571092e-02	-4.166963e-09	1.473104e+00
1.569859e-02	-4.171988e-09	1.472070e+00
1.568627e-02	-4.179453e-09	1.471029e+00
1.567398e-02	-4.187260e-09	1.469985e+00
1.566171e-02	-4.193409e-09	1.468941e+00
1.564945e-02	-4.196023e-09	1.467901e+00
1.563722e-02	-4.193368e-09	1.466870e+00
1.562500e-02	-4.183870e-09	1.465850e+00
1.561280e-02	-4.166125e-09	1.464844e+00
1.560062e-02	-4.138913e-09	1.463854e+00
1.558846e-02	-4.101201e-09	1.462884e+00
1.557632e-02	-4.052144e-09	1.461936e+00
1.556420e-02	-3.991090e-09	1.461012e+00
1.555210e-02	-3.917571e-09	1.460115e+00
1.554002e-02	-3.831299e-09	1.459248e+00
1.552795e-02	-3.732155e-09	1.458413e+00
1.551590e-02	-3.620179e-09	1.457614e+00
1.550388e-02	-3.495556e-09	1.456853e+00
1.549187e-02	-3.358603e-09	1.456134e+00
1.547988e-02	-3.209751e-09	1.455460e+00
1.546790e-02	-3.049529e-09	1.454836e+00
1.545595e-02	-2.878552e-09	1.454265e+00
1.544402e-02	-2.697500e-09	1.453753e+00
1.543210e-02	-2.507105e-09	1.453303e+00
1.542020e-02	-2.308140e-09	1.452920e+00
1.540832e-02	-2.101398e-09	1.452611e+00
1.539646e-02	-1.887689e-09	1.452380e+00
1.538462e-02	-1.667824e-09	1.452232e+00
1.537279e-02	-1.442606e-09	1.452174e+00
1.536098e-02	-1.212825e-09	1.452210e+00
1.534919e-02	-9.792511e-10	1.452347e+00
1.533742e-02	-7.426285e-10	1.452590e+00
1.532567e-02	-5.036727e-10	1.452945e+00
1.531394e-02	-2.630673e-10	1.453418e+00
1.530222e-02	-2.146310e-11	1.454014e+00
1.529052e-02	2.205226e-10	1.454738e+00
1.527884e-02	4.623078e-10	1.455598e+00
1.526718e-02	7.033435e-10	1.456599e+00
1.525553e-02	9.431137e-10	1.457747e+00
1.524390e-02	1.181135e-09	1.459048e+00
1.523229e-02	1.416955e-09	1.460509e+00
1.522070e-02	1.650150e-09	1.462137e+00
1.520913e-02	1.880325e-09	1.463940e+00
1.519757e-02	2.107113e-09	1.465924e+00
1.518603e-02	2.330171e-09	1.468098e+00
1.517451e-02	2.549181e-09	1.470470e+00
1.516300e-02	2.763849e-09	1.473050e+00
1.515152e-02	2.973902e-09	1.475846e+00
1.514005e-02	3.179089e-09	1.478868e+00
1.512859e-02	3.379179e-09	1.482126e+00
1.511716e-02	3.573960e-09	1.485631e+00
1.510574e-02	3.763238e-09	1.489393e+00
1.509434e-02	3.946838e-09	1.493425e+00
1.508296e-02	4.124601e-09	1.497737e+00
1.507159e-02	4.296381e-09	1.502341e+00
1.506024e-02	4.462052e-09	1.507250e+00
1.504891e-02	4.621498e-09	1.512475e+00
1.503759e-02	4.774618e-09	1.518028e+00
1.502630e-02	4.921323e-09	1.523922e+00
1.501502e-02	5.061535e-09	1.530167e+00
1.500375e-02	5.195191e-09	1.536776e+00
1.499250e-02	5.322232e-09	1.543758e+00
1.498127e-02	5.442615e-09	1.551124e+00
1.497006e-02	5.556302e-09	1.558882e+00
1.495886e-02	5.663265e-09	1.567041e+00
1.494768e-02	5.763488e-09	1.575606e+00
1.493652e-02	5.856958e-09	1.584582e+00
1.492537e-02	5.943676e-09	1.593971e+00
1.491424e-02	6.023647e-09	1.603773e+00
1.490313e-02	6.096888e-09	1.613985e+00
1.489203e-02	6.163424e-09	1.624602e+00
1.488095e-02	6.223290e-09	1.635615e+00
1.486989e-02	6.276530e-09	1.647010e+00
1.485884e-02	6.323199e-09	1.658773e+00
1.484781e-02	6.363364e-09	1.670881e+00
1.483680e-02	6.397102e-09	1.683311e+00
1.482580e-02	6.424504e-09	1.696034e+00
1.481481e-02	6.445671e-09	1.709017e+00
1.480385e-02	6.460718e-09	1.722223e+00
1.479290e-02	6.469774e-09	1.735612e+00
1.478197e-02	6.472979e-09	1.749141e+00
1.477105e-02	6.470488e-09	1.762764e+00
1.476015e-02	6.462468e-09	1.776434e+00
1.474926e-02	6.449098e-09	1.790101e+00
1.473839e-02	6.430569e-09	1.803718e+00
1.472754e-02	6.407084e-09	1.817239e+00
1.471670e-02	6.378856e-09	1.830617e+00
1.470588e-02	6.346107e-09	1.843810e+00
1.469508e-02	6.309068e-09	1.856783e+00
1.468429e-02	6.267977e-09	1.869501e+00
1.467351e-02	6.223078e-09	1.881937e+00
1.466276e-02	6.174622e-09	1.894072e+00
1.465201e-02	6.122861e-09	1.905889e+00
1.464129e-02	6.068054e-09	1.917380e+00
1.463058e-02	6.010459e-09	1.928543e+00
1.461988e-02	5.950340e-09	1.939380e+00
1.460920e-02	5.887957e-09	1.949898e+00
1.459854e-02	5.823577e-09	1.960108e+00
1.458789e-02	5.757462e-09	1.970024e+00
1.457726e-02	5.689880e-09	1.979660e+00
1.456664e-02	5.621096e-09	1.989033e+00
1.455604e-02	5.551380e-09	1.998157e+00
1.454545e-02	5.481003e-09	2.007046e+00
1.453488e-02	5.410236e-09	2.015711e+00
1.452433e-02	5.339356e-09	2.024159e+00
1.451379e-02	5.268644e-09	2.032396e+00
1.450326e-02	5.198383e-09	2.040422e+00
1.449275e-02	5.128862e-09	2.048237e+00
1.448226e-02	5.060372e-09	2.055833e+00
1.447178e-02	4.993212e-09	2.063203e+00
1.446132e-02	4.927681e-09	2.070339e+00
1.445087e-02	4.864081e-09	2.077228e+00
1.444043e-02	4.802715e-09	2.083861e+00
1.443001e-02	4.743885e-09	2.090227e+00
1.441961e-02	4.687888e-09	2.096318e+00
1.440922e-02	4.635012e-09	2.102128e+00
1.439885e-02	4.585534e-09	2.107655e+00
1.438849e-02	4.539716e-09	2.112898e+00
1.437815e-02	4.497797e-09	2.117862e+00
1.436782e-02	4.459988e-09	2.122554e+00
1.435750e-02	4.426470e-09	2.126982e+00
1.434720e-02	4.397382e-09	2.131160e+00
1.433692e-02	4.372823e-09	2.135101e+00
1.432665e-02	4.352837e-09	2.138818e+00
1.431639e-02	4.337415e-09	2.142324e+00
1.430615e-02	4.326485e-09	2.145630e+00
1.429593e-02	4.319912e-09	2.148745e+00
1.428571e-02	4.317490e-09	2.151673e+00
1.427552e-02	4.318944e-09	2.154415e+00
1.426534e-02	4.323926e-09	2.156965e+00
1.425517e-02	4.332014e-09	2.159313e+00
1.424501e-02	4.342717e-09	2.161443e+00
1.423488e-02	4.355475e-09	2.163335e+00
1.422475e-02	4.369662e-09	2.164963e+00
1.421464e-02	4.384596e-09	2.166297e+00
1.420455e-02	4.399539e-09	2.167306e+00
1.419446e-02	4.413712e-09	2.167956e+00
1.418440e-02	4.426296e-09	2.168213e+00
1.417434e-02	4.436449e-09	2.168045e+00
1.416431e-02	4.443310e-09	2.167420e+00
1.415428e-02	4.446012e-09	2.166312e+00
1.414427e-02	4.443693e-09	2.164699e+00
1.413428e-02	4.435507e-09	2.162565e+00
1.412429e-02	4.420632e-09	2.159901e+00
1.411433e-02	4.398283e-09	2.156705e+00
1.410437e-02	4.367717e-09	2.152981e+00
1.409443e-02	4.328250e-09	2.148743e+00
1.408451e-02	4.279256e-09	2.144009e+00
1.407460e-02	4.220180e-09	2.138808e+00
1.406470e-02	4.150543e-09	2.133172e+00
1.405481e-02	4.069945e-09	2.127140e+00
1.404494e-02	3.978075e-09	2.120756e+00
1.403509e-02	3.874710e-09	2.114066e+00
1.402525e-02	3.759717e-09	2.107123e+00
1.401542e-02	3.633059e-09	2.099977e+00
1.400560e-02	3.494790e-09	2.092685e+00
1.399580e-02	3.345059e-09	2.085298e+00
1.398601e-02	3.184107e-09	2.077873e+00
1.397624e-02	3.012264e-09	2.070463e+00
1.396648e-02	2.829947e-09	2.063118e+00
1.395673e-02	2.637657e-09	2.055890e+00
1.394700e-02	2.435970e-09	2.048826e+00
1.393728e-02	2.225538e-09	2.041970e+00
1.392758e-02	2.007079e-09	2.035366e+00
1.391788e-02	1.781368e-09	2.029052e+00
1.390821e-02	1.549235e-09	2.023065e+00
1.389854e-02	1.311555e-09	2.017439e+00
1.388889e-02	1.069239e-09	2.012203e+00
1.387925e-02	8.232239e-10	2.007387e+00
1.386963e-02	5.744694e-10	2.003015e+00
1.386001e-02	3.239445e-10	1.999110e+00
1.385042e-02	7.261969e-11	1.995694e+00
1.384083e-02	-1.785403e-10	1.992784e+00
1.383126e-02	-4.285873e-10	1.990399e+00
1.382170e-02	-6.765961e-10	1.988553e+00
1.381215e-02	-9.216735e-10	1.987260e+00
1.380262e-02	-1.162966e-09	1.986536e+00
1.379310e-02	-1.399666e-09	1.986390e+00
1.378360e-02	-1.631019e-09	1.986836e+00
1.377410e-02	-1.856330e-09	1.987885e+00
1.376462e-02	-2.074967e-09	1.989548e+00
1.375516e-02	-2.286369e-09	1.991835e+00
1.374570e-02	-2.490043e-09	1.994757e+00
1.373626e-02	-2.685573e-09	1.998325e+00
1.372684e-02	-2.872619e-09	2.002549e+00
1.371742e-02	-3.050917e-09	2.007439e+00
1.370802e-02	-3.220279e-09	2.013004e+00
1.369863e-02	-3.380591e-09	2.019254e+00
1.368925e-02	-3.531812e-09	2.026197e+00
1.367989e-02	-3.673965e-09	2.033838e+00
1.367054e-02	-3.807140e-09	2.042184e+00
1.366120e-02	-3.931479e-09	2.051237e+00
1.365188e-02	-4.047177e-09	2.060996e+00
1.364256e-02	-4.154470e-09	2.071460e+00
1.363327e-02	-4.253623e-09	2.082619e+00
1.362398e-02	-4.344932e-09	2.094462e+00
1.361470e-02	-4.428701e-09	2.106971e+00
1.360544e-02	-4.505241e-09	2.120121e+00
1.359619e-02	-4.574860e-09	2.133882e+00
1.358696e-02	-4.637849e-09	2.148215e+00
1.357773e-02	-4.694474e-09	2.163074e+00
1.356852e-02	-4.744969e-09	2.178406e+00
1.355932e-02	-4.789526e-09	2.194147e+00
1.355014e-02	-4.828289e-09	2.210227e+00
1.354096e-02	-4.861345e-09	2.226570e+00
1.353180e-02	-4.888720e-09	2.243090e+00
1.352265e-02	-4.910371e-09	2.259698e+00
1.351351e-02	-4.926190e-09	2.276300e+00
1.350439e-02	-4.935992e-09	2.292798e+00
1.349528e-02	-4.939522e-09	2.309095e+00
1.348618e-02	-4.936449e-09	2.325093e+00
1.347709e-02	-4.926375e-09	2.340698e+00
1.346801e-02	-4.908828e-09	2.355823e+00
1.345895e-02	-4.883274e-09	2.370386e+00
1.344990e-02	-4.849123e-09	2.384314e+00
1.344086e-02	-4.805728e-09	2.397545e+00
1.343183e-02	-4.752404e-09	2.410029e+00
1.342282e-02	-4.688428e-09	2.421730e+00
1.341382e-02	-4.613059e-09	2.432622e+00
1.340483e-02	-4.525544e-09	2.442694e+00
1.339585e-02	-4.425136e-09	2.451950e+00
1.338688e-02	-4.311111e-09	2.460404e+00
1.337793e-02	-4.182780e-09	2.468080e+00
1.336898e-02	-4.039512e-09	2.475014e+00
1.336005e-02	-3.880752e-09	2.481252e+00
1.335113e-02	-3.706038e-09	2.486844e+00
1.334223e-02	-3.515028e-09	2.491848e+00
1.333333e-02	-3.307513e-09	2.496324e+00
1.332445e-02	-3.083442e-09	2.500339e+00
1.331558e-02	-2.842939e-09	2.503958e+00
1.330672e-02	-2.586320e-09	2.507248e+00
1.329787e-02	-2.314105e-09	2.510276e+00
1.328904e-02	-2.027035e-09	2.513108e+00
1.328021e-02	-1.726077e-09	2.515808e+00
1.327140e-02	-1.412425e-09	2.518441e+00
1.326260e-02	-1.087508e-09	2.521067e+00
1.325381e-02	-7.529765e-10	2.523747e+00
1.324503e-02	-4.106987e-10	2.526537e+00
1.323627e-02	-6.274461e-11	2.529496e+00
1.322751e-02	2.886312e-10	2.532680e+00
1.321877e-02	6.410129e-10	2.536142e+00
1.321004e-02	9.918468e-10	2.539941e+00
1.320132e-02	1.338471e-09	2.544131e+00
1.319261e-02	1.678146e-09	2.548769e+00
1.318392e-02	2.008083e-09	2.553915e+00
1.317523e-02	2.325480e-09	2.559628e+00
1.316656e-02	2.627552e-09	2.565970e+00
1.315789e-02	2.911565e-09	2.573003e+00
1.314924e-02	3.174866e-09	2.580791e+00
1.314060e-02	3.414915e-09	2.589399e+00
1.313198e-02	3.629313e-09	2.598890e+00
1.312336e-02	3.815833e-09	2.609327e+00
1.311475e-02	3.972443e-09	2.620770e+00
1.310616e-02	4.097336e-09	2.633275e+00
1.309758e-02	4.188951e-09	2.646895e+00
1.308901e-02	4.245999e-09	2.661675e+00
1.308044e-02	4.267484e-09	2.677655e+00
1.307190e-02	4.252724e-09	2.694865e+00
1.306336e-02	4.201370e-09	2.713327e+00
1.305483e-02	4.113423e-09	2.733053e+00
1.304631e-02	3.989250e-09	2.754045e+00
1.303781e-02	3.829593e-09	2.776293e+00
1.302932e-02	3.635583e-09	2.799773e+00
1.302083e-02	3.408736e-09	2.824454e+00
1.301236e-02	3.150957e-09	2.850285e+00
1.300390e-02	2.864531e-09	2.877208e+00
1.299545e-02	2.552108e-09	2.905148e+00
1.298701e-02	2.216683e-09	2.934017e+00
1.297859e-02	1.861564e-09	2.963714e+00
1.297017e-02	1.490338e-09	2.994125e+00
1.296176e-02	1.106825e-09	3.025121e+00
1.295337e-02	7.150242e-10	3.056562e+00
1.294498e-02	3.190582e-10	3.088296e+00
1.293661e-02	-7.689074e-11	3.120163e+00
1.292825e-02	-4.686499e-10	3.151991e+00
1.291990e-02	-8.521239e-10	3.183602e+00
1.291156e-02	-1.223364e-09	3.214815e+00
1.290323e-02	-1.578635e-09	3.245445e+00
1.289491e-02	-1.914481e-09	3.275307e+00
1.288660e-02	-2.227776e-09	3.304218e+00
1.287830e-02	-2.515780e-09	3.332003e+00
1.287001e-02	-2.776172e-09	3.358493e+00
1.286174e-02	-3.007084e-09	3.383529e+00
1.285347e-02	-3.207115e-09	3.406966e+00
1.284522e-02	-3.375339e-09	3.428675e+00
1.283697e-02	-3.511296e-09	3.448542e+00
1.282874e-02	-3.614984e-09	3.466473e+00
1.282051e-02	-3.686830e-09	3.482393e+00
1.281230e-02	-3.727658e-09	3.496248e+00
1.280410e-02	-3.738653e-09	3.508001e+00
1.279591e-02	-3.721320e-09	3.517639e+00
1.278772e-02	-3.677438e-09	3.525166e+00
1.277955e-02	-3.609017e-09	3.530605e+00
1.277139e-02	-3.518256e-09	3.533994e+00
1.276324e-02	-3.407498e-09	3.535387e+00
1.275510e-02	-3.279194e-09	3.534851e+00
1.274697e-02	-3.135871e-09	3.532461e+00
1.273885e-02	-2.980098e-09	3.528300e+00
1.273074e-02	-2.814461e-09	3.522457e+00
1.272265e-02	-2.641541e-09	3.515022e+00
1.271456e-02	-2.463893e-09	3.506082e+00
1.270648e-02	-2.284032e-09	3.495723e+00
1.269841e-02	-2.104414e-09	3.484026e+00
1.269036e-02	-1.927428e-09	3.471063e+00
1.268231e-02	-1.755378e-09	3.456899e+00
1.267427e-02	-1.590470e-09	3.441592e+00
1.266624e-02	-1.434800e-09	3.425193e+00
1.265823e-02	-1.290336e-09	3.407745e+00
1.265022e-02	-1.158903e-09	3.389290e+00
1.264223e-02	-1.042161e-09	3.369870e+00
1.263424e-02	-9.415887e-10	3.349527e+00
1.262626e-02	-8.584582e-10	3.328311e+00
1.261830e-02	-7.938152e-10	3.306280e+00
1.261034e-02	-7.484564e-10	3.283501e+00
1.260239e-02	-7.229077e-10	3.260052e+00
1.259446e-02	-7.174054e-10	3.236023e+00
1.258653e-02	-7.318784e-10	3.211511e+00
1.257862e-02	-7.659370e-10	3.186622e+00
1.257071e-02	-8.188633e-10	3.161468e+00
1.256281e-02	-8.896107e-10	3.136161e+00
1.255493e-02	-9.768081e-10	3.110813e+00
1.254705e-02	-1.078772e-09	3.085533e+00
1.253918e-02	-1.193529e-09	3.060425e+00
1.253133e-02	-1.318839e-09	3.035584e+00
1.252348e-02	-1.452237e-09	3.011097e+00
1.251564e-02	-1.591073e-09	2.987044e+00
1.250782e-02	-1.732564e-09	2.963495e+00
1.250000e-02	-1.873848e-09	2.940510e+00
1.249219e-02	-2.012043e-09	2.918143e+00
1.248439e-02	-2.144315e-09	2.896438e+00
1.247661e-02	-2.267934e-09	2.875436e+00
1.246883e-02	-2.380344e-09	2.855169e+00
1.246106e-02	-2.479219e-09	2.835665e+00
1.245330e-02	-2.562525e-09	2.816946e+00
1.244555e-02	-2.628566e-09	2.799034e+00
1.243781e-02	-2.676035e-09	2.781943e+00
1.243008e-02	-2.704045e-09	2.765685e+00
1.242236e-02	-2.712162e-09	2.750272e+00
1.241465e-02	-2.700417e-09	2.735708e+00
1.240695e-02	-2.669322e-09	2.721999e+00
1.239926e-02	-2.619857e-09	2.709143e+00
1.239157e-02	-2.553463e-09	2.697139e+00
1.238390e-02	-2.472017e-09	2.685980e+00
1.237624e-02	-2.377796e-09	2.675655e+00
1.236858e-02	-2.273432e-09	2.666149e+00
1.236094e-02	-2.161865e-09	2.657443e+00
1.235330e-02	-2.046282e-09	2.649513e+00
1.234568e-02	-1.930049e-09	2.642328e+00
1.233806e-02	-1.816648e-09	2.635853e+00
1.233046e-02	-1.709600e-09	2.630047e+00
1.232286e-02	-1.612396e-09	2.624863e+00
1.231527e-02	-1.528424e-09	2.620249e+00
1.230769e-02	-1.460900e-09	2.616147e+00
1.230012e-02	-1.412805e-09	2.612495e+00
1.229256e-02	-1.386824e-09	2.609226e+00
1.228501e-02	-1.385298e-09	2.606273e+00
1.227747e-02	-1.410180e-09	2.603563e+00
1.226994e-02	-1.463002e-09	2.601026e+00
1.226242e-02	-1.544858e-09	2.598593e+00
1.225490e-02	-1.656384e-09	2.596197e+00
1.224740e-02	-1.797765e-09	2.593781e+00
1.223990e-02	-1.968740e-09	2.591293e+00
1.223242e-02	-2.168619e-09	2.588694e+00
1.222494e-02	-2.396315e-09	2.585961e+00
1.221747e-02	-2.650372e-09	2.583084e+00
1.221001e-02	-2.929007e-09	2.580076e+00
1.220256e-02	-3.230154e-09	2.576970e+00
1.219512e-02	-3.551509e-09	2.573821e+00
1.218769e-02	-3.890583e-09	2.570708e+00
1.218027e-02	-4.244744e-09	2.567730e+00
1.217285e-02	-4.611269e-09	2.565007e+00
1.216545e-02	-4.987390e-09	2.562677e+00
1.215805e-02	-5.370336e-09	2.560884e+00
1.215067e-02	-5.757373e-09	2.559777e+00
1.214329e-02	-6.145844e-09	2.559497e+00
1.213592e-02	-6.533195e-09	2.560163e+00
1.212856e-02	-6.917009e-09	2.561863e+00
1.212121e-02	-7.295027e-09	2.564630e+00
1.211387e-02	-7.665166e-09	2.568432e+00
1.210654e-02	-8.025534e-09	2.573155e+00
1.209921e-02	-8.374438e-09	2.578589e+00
1.209190e-02	-8.710390e-09	2.584431e+00
1.208459e-02	-9.032109e-09	2.590287e+00
1.207729e-02	-9.338514e-09	2.595696e+00
1.207001e-02	-9.628716e-09	2.600171e+00
1.206273e-02	-9.902017e-09	2.603243e+00
1.205546e-02	-1.015789e-08	2.604522e+00
1.204819e-02	-1.039596e-08	2.603750e+00
1.204094e-02	-1.061604e-08	2.600845e+00
1.203369e-02	-1.081803e-08	2.595919e+00
1.202646e-02	-1.100200e-08	2.589272e+00
1.201923e-02	-1.116812e-08	2.581372e+00
1.201201e-02	-1.131671e-08	2.572802e+00
1.200480e-02	-1.144815e-08	2.564211e+00
1.199760e-02	-1.156295e-08	2.556267e+00
1.199041e-02	-1.166172e-08	2.549612e+00
1.198322e-02	-1.174514e-08	2.544837e+00
1.197605e-02	-1.181399e-08	2.542461e+00
1.196888e-02	-1.186911e-08	2.542933e+00
1.196172e-02	-1.191142e-08	2.546624e+00
1.195457e-02	-1.194193e-08	2.553840e+00
1.194743e-02	-1.196167e-08	2.564820e+00
1.194030e-02	-1.197175e-08	2.579745e+00
1.193317e-02	-1.197332e-08	2.598734e+00
1.192606e-02	-1.196756e-08	2.621837e+00
1.191895e-02	-1.195570e-08	2.649031e+00
1.191185e-02	-1.193895e-08	2.680201e+00
1.190476e-02	-1.191856e-08	2.715129e+00
1.189768e-02	-1.189571e-08	2.753476e+00
1.189061e-02	-1.187160e-08	2.794773e+00
1.188354e-02	-1.184733e-08	2.838416e+00
1.187648e-02	-1.182395e-08	2.883670e+00
1.186944e-02	-1.180239e-08	2.929689e+00
1.186240e-02	-1.178350e-08	2.975551e+00
1.185536e-02	-1.176797e-08	3.020308e+00
1.184834e-02	-1.175638e-08	3.063040e+00
1.184133e-02	-1.174916e-08	3.102929e+00
1.183432e-02	-1.174661e-08	3.139320e+00
1.182732e-02	-1.174889e-08	3.171774e+00
1.182033e-02	-1.175605e-08	3.200106e+00
1.181335e-02	-1.176806e-08	3.224398e+00
1.180638e-02	-1.178477e-08	3.244979e+00
1.179941e-02	-1.180601e-08	3.262382e+00
1.179245e-02	-1.183154e-08	3.277285e+00
1.178550e-02	-1.186109e-08	3.290428e+00
1.177856e-02	-1.189436e-08	3.302540e+00
1.177163e-02	-1.193104e-08	3.314268e+00
1.176471e-02	-1.197080e-08	3.326118e+00
1.175779e-02	-1.201329e-08	3.338425e+00
1.175088e-02	-1.205814e-08	3.351326e+00
1.174398e-02	-1.210495e-08	3.364763e+00
1.173709e-02	-1.215329e-08	3.378494e+00
1.173021e-02	-1.220268e-08	3.392120e+00
1.172333e-02	-1.225263e-08	3.405110e+00
1.171646e-02	-1.230259e-08	3.416849e+00
1.170960e-02	-1.235198e-08	3.426672e+00
1.170275e-02	-1.240019e-08	3.433915e+00
1.169591e-02	-1.244659e-08	3.437959e+00
1.168907e-02	-1.249055e-08	3.438272e+00
1.168224e-02	-1.253142e-08	3.434445e+00
1.167542e-02	-1.256861e-08	3.426225e+00
1.166861e-02	-1.260154e-08	3.413531e+00
1.166181e-02	-1.262968e-08	3.396461e+00
1.165501e-02	-1.265261e-08	3.375283e+00
1.164822e-02	-1.266995e-08	3.350421e+00
1.164144e-02	-1.268145e-08	3.322421e+00
1.163467e-02	-1.268696e-08	3.291921e+00
1.162791e-02	-1.268646e-08	3.259613e+00
1.162115e-02	-1.268001e-08	3.226209e+00
1.161440e-02	-1.266782e-08	3.192407e+00
1.160766e-02	-1.265019e-08	3.158863e+00
1.160093e-02	-1.262752e-08	3.126170e+00
1.159420e-02	-1.260032e-08	3.094839e+00
1.158749e-02	-1.256914e-08	3.065288e+00
1.158078e-02	-1.253463e-08	3.037828e+00
1.157407e-02	-1.249746e-08	3.012657e+00
1.156738e-02	-1.245833e-08	2.989850e+00
1.156069e-02	-1.241797e-08	2.969359e+00
1.155402e-02	-1.237710e-08	2.951002e+00
1.154734e-02	-1.233643e-08	2.934473e+00
1.154068e-02	-1.229665e-08	2.919348e+00
1.153403e-02	-1.225841e-08	2.905101e+00
1.152738e-02	-1.222232e-08	2.891139e+00
1.152074e-02	-1.218895e-08	2.876838e+00
1.151410e-02	-1.215883e-08	2.861595e+00
1.150748e-02	-1.213241e-08	2.844878e+00
1.150086e-02	-1.211010e-08	2.826273e+00
1.149425e-02	-1.209227e-08	2.805518e+00
1.148765e-02	-1.207921e-08	2.782522e+00
1.148106e-02	-1.207118e-08	2.757359e+00
1.147447e-02	-1.206839e-08	2.730248e+00
1.146789e-02	-1.207098e-08	2.701521e+00
1.146132e-02	-1.207907e-08	2.671579e+00
1.145475e-02	-1.209273e-08	2.640853e+00
1.144820e-02	-1.211201e-08	2.609770e+00
1.144165e-02	-1.213691e-08	2.578725e+00
1.143511e-02	-1.216741e-08	2.548064e+00
1.142857e-02	-1.220345e-08	2.518076e+00
1.142204e-02	-1.224497e-08	2.488988e+00
1.141553e-02	-1.229188e-08	2.460971e+00
1.140901e-02	-1.234409e-08	2.434143e+00
1.140251e-02	-1.240147e-08	2.408578e+00
1.139601e-02	-1.246392e-08	2.384314e+00
1.138952e-02	-1.253129e-08	2.361359e+00
1.138304e-02	-1.260347e-08	2.339700e+00
1.137656e-02	-1.268032e-08	2.319309e+00
1.137010e-02	-1.276172e-08	2.300145e+00
1.136364e-02	-1.284752e-08	2.282164e+00
1.135718e-02	-1.293762e-08	2.265317e+00
1.135074e-02	-1.303189e-08	2.249556e+00
1.134430e-02	-1.313021e-08	2.234835e+00
1.133787e-02	-1.323248e-08	2.221110e+00
1.133144e-02	-1.333861e-08	2.208344e+00
1.132503e-02	-1.344849e-08	2.196504e+00
1.131862e-02	-1.356204e-08	2.185566e+00
1.131222e-02	-1.367919e-08	2.175512e+00
1.130582e-02	-1.379987e-08	2.166329e+00
1.129944e-02	-1.392401e-08	2.158016e+00
1.129305e-02	-1.405157e-08	2.150579e+00
1.128668e-02	-1.418248e-08	2.144031e+00
1.128032e-02	-1.431670e-08	2.138396e+00
1.127396e-02	-1.445420e-08	2.133707e+00
1.126761e-02	-1.459493e-08	2.130005e+00
1.126126e-02	-1.473885e-08	2.127342e+00
1.125492e-02	-1.488593e-08	2.125777e+00
1.124859e-02	-1.503611e-08	2.125382e+00
1.124227e-02	-1.518935e-08	2.126234e+00
1.123596e-02	-1.534558e-08	2.128417e+00
1.122965e-02	-1.550474e-08	2.132021e+00
1.122334e-02	-1.566673e-08	2.137136e+00
1.121705e-02	-1.583145e-08	2.143849e+00
1.121076e-02	-1.599876e-08	2.152239e+00
1.120448e-02	-1.616852e-08	2.162366e+00
1.119821e-02	-1.634052e-08	2.174262e+00
1.119194e-02	-1.651455e-08	2.187920e+00
1.118568e-02	-1.669033e-08	2.203278e+00
1.117943e-02	-1.686753e-08	2.220206e+00
1.117318e-02	-1.704579e-08	2.238489e+00
1.116695e-02	-1.722466e-08	2.257818e+00
1.116071e-02	-1.740363e-08	2.277782e+00
1.115449e-02	-1.758212e-08	2.297871e+00
1.114827e-02	-1.775947e-08	2.317486e+00
1.114206e-02	-1.793490e-08	2.335969e+00
1.113586e-02	-1.810756e-08	2.352640e+00
1.112966e-02	-1.827652e-08	2.366850e+00
1.112347e-02	-1.844071e-08	2.378035e+00
1.111729e-02	-1.859899e-08	2.385771e+00
1.111111e-02	-1.875014e-08	2.389819e+00
1.110494e-02	-1.889285e-08	2.390149e+00
1.109878e-02	-1.902579e-08	2.386944e+00
1.109262e-02	-1.914756e-08	2.380581e+00
1.108647e-02	-1.925680e-08	2.371598e+00
1.108033e-02	-1.935218e-08	2.360637e+00
1.107420e-02	-1.943243e-08	2.348406e+00
1.106807e-02	-1.949642e-08	2.335618e+00
1.106195e-02	-1.954315e-08	2.322968e+00
1.105583e-02	-1.957184e-08	2.311094e+00
1.104972e-02	-1.958191e-08	2.300575e+00
1.104362e-02	-1.957304e-08	2.291918e+00
1.103753e-02	-1.954521e-08	2.285568e+00
1.103144e-02	-1.949864e-08	2.281910e+00
1.102536e-02	-1.943388e-08	2.281279e+00
1.101928e-02	-1.935173e-08	2.283959e+00
1.101322e-02	-1.925327e-08	2.290182e+00
1.100715e-02	-1.913982e-08	2.300109e+00
1.100110e-02	-1.901289e-08	2.313807e+00
1.099505e-02	-1.887419e-08	2.331208e+00
1.098901e-02	-1.872553e-08	2.352064e+00
1.098298e-02	-1.856881e-08	2.375903e+00
1.097695e-02	-1.840594e-08	2.402004e+00
1.097093e-02	-1.823886e-08	2.429409e+00
1.096491e-02	-1.806943e-08	2.456985e+00
1.095890e-02	-1.789941e-08	2.483560e+00
1.095290e-02	-1.773049e-08	2.508088e+00
1.094691e-02	-1.756420e-08	2.529841e+00
1.094092e-02	-1.740194e-08	2.548546e+00
1.093494e-02	-1.724498e-08	2.564443e+00
1.092896e-02	-1.709443e-08	2.578247e+00
1.092299e-02	-1.695130e-08	2.591024e+00
1.091703e-02	-1.681648e-08	2.604020e+00
1.091107e-02	-1.669072e-08	2.618506e+00
1.090513e-02	-1.657469e-08	2.635645e+00
1.089918e-02	-1.646896e-08	2.656411e+00
1.089325e-02	-1.637399e-08	2.681554e+00
1.088732e-02	-1.629017e-08	2.711593e+00
1.088139e-02	-1.621777e-08	2.746828e+00
1.087548e-02	-1.615702e-08	2.787358e+00
1.086957e-02	-1.610803e-08	2.833094e+00
1.086366e-02	-1.607086e-08	2.883764e+00
1.085776e-02	-1.604549e-08	2.938914e+00
1.085187e-02	-1.603185e-08	2.997895e+00
1.084599e-02	-1.602980e-08	3.059851e+00
1.084011e-02	-1.603913e-08	3.123705e+00
1.083424e-02	-1.605963e-08	3.188155e+00
1.082837e-02	-1.609099e-08	3.251681e+00
1.082251e-02	-1.613292e-08	3.312575e+00
1.081666e-02	-1.618506e-08	3.368992e+00
1.081081e-02	-1.624705e-08	3.419038e+00
1.080497e-02	-1.631852e-08	3.460870e+00
1.079914e-02	-1.639907e-08	3.492824e+00
1.079331e-02	-1.648832e-08	3.513546e+00
1.078749e-02	-1.658587e-08	3.522103e+00
1.078167e-02	-1.669135e-08	3.518070e+00
1.077586e-02	-1.680438e-08	3.501572e+00
1.077006e-02	-1.692461e-08	3.473269e+00
1.076426e-02	-1.705170e-08	3.434297e+00
1.075847e-02	-1.718532e-08	3.386163e+00
1.075269e-02	-1.732518e-08	3.330618e+00
1.074691e-02	-1.747099e-08	3.269523e+00
1.074114e-02	-1.762247e-08	3.204730e+00
1.073537e-02	-1.777939e-08	3.137985e+00
1.072961e-02	-1.794152e-08	3.070854e+00
1.072386e-02	-1.810864e-08	3.004687e+00
1.071811e-02	-1.828056e-08	2.940607e+00
1.071237e-02	-1.845709e-08	2.879513e+00
1.070664e-02	-1.863807e-08	2.822102e+00
1.070091e-02	-1.882336e-08	2.768889e+00
1.069519e-02	-1.901280e-08	2.720233e+00
1.068947e-02	-1.920628e-08	2.676348e+00
1.068376e-02	-1.940366e-08	2.637307e+00
1.067806e-02	-1.960484e-08	2.603038e+00
1.067236e-02	-1.980972e-08	2.573305e+00
1.066667e-02	-2.001820e-08	2.547689e+00
1.066098e-02	-2.023018e-08	2.525571e+00
1.065530e-02	-2.044559e-08	2.506137e+00
1.064963e-02	-2.066436e-08	2.488411e+00
1.064396e-02	-2.088642e-08	2.471333e+00
1.063830e-02	-2.111172e-08	2.453872e+00
1.063264e-02	-2.134024e-08	2.435162e+00
1.062699e-02	-2.157196e-08	2.414632e+00
1.062135e-02	-2.180686e-08	2.392092e+00
1.061571e-02	-2.204496e-08	2.367752e+00
1.061008e-02	-2.228629e-08	2.342175e+00
1.060445e-02	-2.253086e-08	2.316169e+00
1.059883e-02	-2.277871e-08	2.290658e+00
1.059322e-02	-2.302987e-08	2.266551e+00
1.058761e-02	-2.328439e-08	2.244642e+00
1.058201e-02	-2.354231e-08	2.225529e+00
1.057641e-02	-2.380367e-08	2.209571e+00
1.057082e-02	-2.406851e-08	2.196862e+00
1.056524e-02	-2.433688e-08	2.187221e+00
1.055966e-02	-2.460882e-08	2.180201e+00
1.055409e-02	-2.488438e-08	2.175107e+00
1.054852e-02	-2.516363e-08	2.171048e+00
1.054296e-02	-2.544661e-08	2.167015e+00
1.053741e-02	-2.573339e-08	2.161978e+00
1.053186e-02	-2.602404e-08	2.155018e+00
1.052632e-02	-2.631862e-08	2.145441e+00
1.052078e-02	-2.661722e-08	2.132862e+00
1.051525e-02	-2.691990e-08	2.117247e+00
1.050972e-02	-2.722676e-08	2.098887e+00
1.050420e-02	-2.753787e-08	2.078328e+00
1.049869e-02	-2.785333e-08	2.056262e+00
1.049318e-02	-2.817320e-08	2.033432e+00
1.048768e-02	-2.849758e-08	2.010538e+00
1.048218e-02	-2.882655e-08	1.988175e+00
1.047669e-02	-2.916017e-08	1.966811e+00
1.047120e-02	-2.949852e-08	1.946773e+00
1.046572e-02	-2.984166e-08	1.928264e+00
1.046025e-02	-3.018965e-08	1.911379e+00
1.045478e-02	-3.054253e-08	1.896134e+00
1.044932e-02	-3.090032e-08	1.882485e+00
1.044386e-02	-3.126305e-08	1.870348e+00
1.043841e-02	-3.163073e-08	1.859616e+00
1.043297e-02	-3.200333e-08	1.850173e+00
1.042753e-02	-3.238082e-08	1.841896e+00
1.042209e-02	-3.276317e-08	1.834669e+00
1.041667e-02	-3.315028e-08	1.828378e+00
1.041124e-02	-3.354209e-08	1.822922e+00
1.040583e-02	-3.393846e-08	1.818207e+00
1.040042e-02	-3.433925e-08	1.814148e+00
1.039501e-02	-3.474431e-08	1.810671e+00
1.038961e-02	-3.515343e-08	1.807710e+00
1.038422e-02	-3.556639e-08	1.805207e+00
1.037883e-02	-3.598294e-08	1.803111e+00
1.037344e-02	-3.640281e-08	1.801377e+00
1.036807e-02	-3.682566e-08	1.799967e+00
1.036269e-02	-3.725116e-08	1.798846e+00
1.035733e-02	-3.767892e-08	1.797986e+00
1.035197e-02	-3.810854e-08	1.797360e+00
1.034661e-02	-3.853955e-08	1.796946e+00
1.034126e-02	-3.897147e-08	1.796724e+00
1.033592e-02	-3.940379e-08	1.796677e+00
1.033058e-02	-3.983594e-08	1.796789e+00
1.032525e-02	-4.026733e-08	1.797047e+00
1.031992e-02	-4.069733e-08	1.797439e+00
1.031460e-02	-4.112527e-08	1.797953e+00
1.030928e-02	-4.155045e-08	1.798581e+00
1.030397e-02	-4.197214e-08	1.799313e+00
1.029866e-02	-4.238956e-08	1.800141e+00
1.029336e-02	-4.280192e-08	1.801058e+00
1.028807e-02	-4.320837e-08	1.802056e+00
1.028278e-02	-4.360805e-08	1.803129e+00
1.027749e-02	-4.400009e-08	1.804270e+00
1.027221e-02	-4.438355e-08	1.805473e+00
1.026694e-02	-4.475751e-08	1.806732e+00
1.026167e-02	-4.512102e-08	1.808040e+00
1.025641e-02	-4.547309e-08	1.809393e+00
1.025115e-02	-4.581276e-08	1.810783e+00
1.024590e-02	-4.613904e-08	1.812206e+00
1.024066e-02	-4.645093e-08	1.813655e+00
1.023541e-02	-4.674745e-08	1.815125e+00
1.023018e-02	-4.702762e-08	1.816611e+00
1.022495e-02	-4.729047e-08	1.818107e+00
1.021972e-02	-4.753504e-08	1.819609e+00
1.021450e-02	-4.776042e-08	1.821111e+00
1.020929e-02	-4.796570e-08	1.822610e+00
1.020408e-02	-4.815001e-08	1.824101e+00
1.019888e-02	-4.831254e-08	1.825581e+00
1.019368e-02	-4.845251e-08	1.827046e+00
1.018849e-02	-4.856920e-08	1.828494e+00
1.018330e-02	-4.866193e-08	1.829922e+00
1.017812e-02	-4.873010e-08	1.831328e+00
1.017294e-02	-4.877318e-08	1.832709e+00
1.016777e-02	-4.879069e-08	1.834064e+00
1.016260e-02	-4.878225e-08	1.835393e+00
1.015744e-02	-4.874756e-08	1.836695e+00
1.015228e-02	-4.868637e-08	1.837968e+00
1.014713e-02	-4.859855e-08	1.839214e+00
1.014199e-02	-4.848404e-08	1.840432e+00
1.013685e-02	-4.834287e-08	1.841623e+00
1.013171e-02	-4.817516e-08	1.842788e+00
1.012658e-02	-4.798112e-08	1.843928e+00
1.012146e-02	-4.776105e-08	1.845045e+00
1.011634e-02	-4.751531e-08	1.846141e+00
1.011122e-02	-4.724438e-08	1.847218e+00
1.010611e-02	-4.694879e-08	1.848277e+00
1.010101e-02	-4.662916e-08	1.849320e+00
1.009591e-02	-4.628619e-08	1.850348e+00
1.009082e-02	-4.592063e-08	1.851361e+00
1.008573e-02	-4.553330e-08	1.852359e+00
1.008065e-02	-4.512508e-08	1.853342e+00
1.007557e-02	-4.469690e-08	1.854309e+00
1.007049e-02	-4.424973e-08	1.855258e+00
1.006543e-02	-4.378460e-08	1.856190e+00
1.006036e-02	-4.330254e-08	1.857106e+00
1.005530e-02	-4.280465e-08	1.858009e+00
1.005025e-02	-4.229201e-08	1.858903e+00
1.004520e-02	-4.176575e-08	1.859794e+00
1.004016e-02	-4.122698e-08	1.860691e+00
1.003512e-02	-4.067683e-08	1.861602e+00
1.003009e-02	-4.011644e-08	1.862537e+00
1.002506e-02	-3.954692e-08	1.863503e+00
1.002004e-02	-3.896938e-08	1.864511e+00
1.001502e-02	-3.838492e-08	1.865567e+00
1.001001e-02	-3.779461e-08	1.866680e+00
1.000500e-02	-3.719949e-08	1.867854e+00
1.000000e-02	-3.660059e-08	1.869096e+00
