# Finite Temperature Data for J1J2 Model
# Lx=6, Ly=6, J1=1.0000, J2=0.1250, Fz=0.0000, chi_max=290
# Columns: T | Sigmaz | Cv
# 
2.000000e+01	5.041465e-10	4.284744e-02
1.000000e+01	3.215279e-10	1.637152e-01
6.666667e+00	1.770986e-09	3.505565e-01
5.000000e+00	4.310825e-11	5.910062e-01
4.000000e+00	-2.849092e-09	8.728153e-01
3.333333e+00	-4.477829e-09	1.184234e+00
2.857143e+00	-2.866828e-09	1.514323e+00
2.500000e+00	4.671193e-09	1.853224e+00
2.222222e+00	2.018530e-08	2.192379e+00
2.000000e+00	4.256655e-08	2.524675e+00
1.818182e+00	6.799192e-08	2.844568e+00
1.666667e+00	9.071965e-08	3.148130e+00
1.538462e+00	1.041813e-07	3.432827e+00
1.428571e+00	1.059259e-07	3.697099e+00
1.333333e+00	9.975998e-08	3.940215e+00
1.250000e+00	8.768586e-08	4.162261e+00
1.176471e+00	6.625210e-08	4.364013e+00
1.111111e+00	3.144631e-08	4.546706e+00
1.052632e+00	-1.827396e-08	4.711833e+00
1.000000e+00	-8.174510e-08	4.860982e+00
9.523810e-01	-1.561150e-07	4.995734e+00
9.090909e-01	-2.382102e-07	5.117625e+00
8.695652e-01	-3.257383e-07	5.228153e+00
8.333333e-01	-4.177445e-07	5.328799e+00
8.000000e-01	-5.141698e-07	5.420966e+00
7.692308e-01	-6.151018e-07	5.505874e+00
7.407407e-01	-7.203388e-07	5.584589e+00
7.142857e-01	-8.293815e-07	5.658138e+00
6.896552e-01	-9.415978e-07	5.727540e+00
6.666667e-01	-1.056330e-06	5.793741e+00
6.451613e-01	-1.172919e-06	5.857567e+00
6.250000e-01	-1.290693e-06	5.919702e+00
6.060606e-01	-1.408956e-06	5.980723e+00
5.882353e-01	-1.526970e-06	6.041131e+00
5.714286e-01	-1.643959e-06	6.101378e+00
5.555556e-01	-1.759126e-06	6.161877e+00
5.405405e-01	-1.871675e-06	6.222998e+00
5.263158e-01	-1.980826e-06	6.285064e+00
5.128205e-01	-2.085822e-06	6.348346e+00
5.000000e-01	-2.185935e-06	6.413060e+00
4.878049e-01	-2.280490e-06	6.479374e+00
4.761905e-01	-2.368883e-06	6.547418e+00
4.651163e-01	-2.450610e-06	6.617292e+00
4.545455e-01	-2.525294e-06	6.689071e+00
4.444444e-01	-2.592706e-06	6.762815e+00
4.347826e-01	-2.652768e-06	6.838570e+00
4.255319e-01	-2.705558e-06	6.916367e+00
4.166667e-01	-2.751297e-06	6.996228e+00
4.081633e-01	-2.790324e-06	7.078162e+00
4.000000e-01	-2.823075e-06	7.162170e+00
3.921569e-01	-2.850044e-06	7.248247e+00
3.846154e-01	-2.871759e-06	7.336380e+00
3.773585e-01	-2.888756e-06	7.426549e+00
3.703704e-01	-2.901553e-06	7.518733e+00
3.636364e-01	-2.910642e-06	7.612905e+00
3.571429e-01	-2.916479e-06	7.709035e+00
3.508772e-01	-2.919479e-06	7.807092e+00
3.448276e-01	-2.920020e-06	7.907044e+00
3.389831e-01	-2.918447e-06	8.008860e+00
3.333333e-01	-2.915074e-06	8.112510e+00
3.278689e-01	-2.910196e-06	8.217969e+00
3.225806e-01	-2.904087e-06	8.325215e+00
3.174603e-01	-2.897009e-06	8.434233e+00
3.125000e-01	-2.889216e-06	8.545016e+00
3.076923e-01	-2.880953e-06	8.657566e+00
3.030303e-01	-2.872467e-06	8.771893e+00
2.985075e-01	-2.864013e-06	8.888017e+00
2.941176e-01	-2.855859e-06	9.005959e+00
2.898551e-01	-2.848294e-06	9.125733e+00
2.857143e-01	-2.841607e-06	9.247324e+00
2.816901e-01	-2.836050e-06	9.370665e+00
2.777778e-01	-2.831763e-06	9.495628e+00
2.739726e-01	-2.828702e-06	9.622032e+00
2.702703e-01	-2.826610e-06	9.749672e+00
2.666667e-01	-2.825059e-06	9.878326e+00
2.631579e-01	-2.823550e-06	1.000775e+01
2.597403e-01	-2.821593e-06	1.013771e+01
2.564103e-01	-2.818697e-06	1.026801e+01
2.531646e-01	-2.814298e-06	1.039853e+01
2.500000e-01	-2.807709e-06	1.052923e+01
2.469136e-01	-2.798169e-06	1.066004e+01
2.439024e-01	-2.784981e-06	1.079089e+01
2.409639e-01	-2.767647e-06	1.092179e+01
2.380952e-01	-2.745917e-06	1.105281e+01
2.352941e-01	-2.719756e-06	1.118408e+01
2.325581e-01	-2.689274e-06	1.131573e+01
2.298851e-01	-2.654668e-06	1.144786e+01
2.272727e-01	-2.616186e-06	1.158054e+01
2.247191e-01	-2.574098e-06	1.171382e+01
2.222222e-01	-2.528684e-06	1.184776e+01
2.197802e-01	-2.480232e-06	1.198236e+01
2.173913e-01	-2.429026e-06	1.211767e+01
2.150538e-01	-2.375351e-06	1.225367e+01
2.127660e-01	-2.319481e-06	1.239037e+01
2.105263e-01	-2.261682e-06	1.252777e+01
2.083333e-01	-2.202202e-06	1.266586e+01
2.061856e-01	-2.141266e-06	1.280462e+01
2.040816e-01	-2.079071e-06	1.294403e+01
2.020202e-01	-2.015778e-06	1.308405e+01
2.000000e-01	-1.951501e-06	1.322464e+01
1.980198e-01	-1.886309e-06	1.336573e+01
1.960784e-01	-1.820215e-06	1.350723e+01
1.941748e-01	-1.753180e-06	1.364906e+01
1.923077e-01	-1.685110e-06	1.379110e+01
1.904762e-01	-1.615867e-06	1.393325e+01
1.886792e-01	-1.545273e-06	1.407538e+01
1.869159e-01	-1.473118e-06	1.421735e+01
1.851852e-01	-1.399176e-06	1.435902e+01
1.834862e-01	-1.323209e-06	1.450024e+01
1.818182e-01	-1.244987e-06	1.464085e+01
1.801802e-01	-1.164291e-06	1.478064e+01
1.785714e-01	-1.080933e-06	1.491942e+01
1.769912e-01	-9.947675e-07	1.505694e+01
1.754386e-01	-9.057069e-07	1.519293e+01
1.739130e-01	-8.137343e-07	1.532707e+01
1.724138e-01	-7.189150e-07	1.545904e+01
1.709402e-01	-6.214018e-07	1.558847e+01
1.694915e-01	-5.214359e-07	1.571499e+01
1.680672e-01	-4.193421e-07	1.583822e+01
1.666667e-01	-3.155185e-07	1.595777e+01
1.652893e-01	-2.104237e-07	1.607325e+01
1.639344e-01	-1.045605e-07	1.618430e+01
1.626016e-01	1.540433e-09	1.629054e+01
1.612903e-01	1.073384e-07	1.639162e+01
1.600000e-01	2.122988e-07	1.648718e+01
1.587302e-01	3.159092e-07	1.657690e+01
1.574803e-01	4.176927e-07	1.666043e+01
1.562500e-01	5.172204e-07	1.673748e+01
1.550388e-01	6.141209e-07	1.680775e+01
1.538462e-01	7.080875e-07	1.687096e+01
1.526718e-01	7.988829e-07	1.692688e+01
1.515152e-01	8.863397e-07	1.697530e+01
1.503759e-01	9.703589e-07	1.701604e+01
1.492537e-01	1.050905e-06	1.704897e+01
1.481481e-01	1.127995e-06	1.707397e+01
1.470588e-01	1.201695e-06	1.709095e+01
1.459854e-01	1.272100e-06	1.709985e+01
1.449275e-01	1.339331e-06	1.710062e+01
1.438849e-01	1.403520e-06	1.709324e+01
1.428571e-01	1.464802e-06	1.707770e+01
1.418440e-01	1.523308e-06	1.705401e+01
1.408451e-01	1.579162e-06	1.702217e+01
1.398601e-01	1.632476e-06	1.698224e+01
1.388889e-01	1.683347e-06	1.693428e+01
1.379310e-01	1.731861e-06	1.687835e+01
1.369863e-01	1.778092e-06	1.681457e+01
1.360544e-01	1.822101e-06	1.674305e+01
1.351351e-01	1.863939e-06	1.666394e+01
1.342282e-01	1.903649e-06	1.657742e+01
1.333333e-01	1.941261e-06	1.648369e+01
1.324503e-01	1.976800e-06	1.638296e+01
1.315789e-01	2.010277e-06	1.627551e+01
1.307190e-01	2.041694e-06	1.616161e+01
1.298701e-01	2.071044e-06	1.604157e+01
1.290323e-01	2.098304e-06	1.591573e+01
1.282051e-01	2.123444e-06	1.578447e+01
1.273885e-01	2.146423e-06	1.564816e+01
1.265823e-01	2.167188e-06	1.550722e+01
1.257862e-01	2.185683e-06	1.536207e+01
1.250000e-01	2.201845e-06	1.521313e+01
1.242236e-01	2.215609e-06	1.506087e+01
1.234568e-01	2.226912e-06	1.490571e+01
1.226994e-01	2.235695e-06	1.474814e+01
1.219512e-01	2.241909e-06	1.458857e+01
1.212121e-01	2.245514e-06	1.442745e+01
1.204819e-01	2.246484e-06	1.426514e+01
1.197605e-01	2.244809e-06	1.410197e+01
1.190476e-01	2.240499e-06	1.393818e+01
1.183432e-01	2.233579e-06	1.377395e+01
1.176471e-01	2.224094e-06	1.360933e+01
1.169591e-01	2.212110e-06	1.344429e+01
1.162791e-01	2.197707e-06	1.327870e+01
1.156069e-01	2.180982e-06	1.311235e+01
1.149425e-01	2.162046e-06	1.294497e+01
1.142857e-01	2.141022e-06	1.277623e+01
1.136364e-01	2.118038e-06	1.260582e+01
1.129944e-01	2.093233e-06	1.243343e+01
1.123596e-01	2.066746e-06	1.225883e+01
1.117318e-01	2.038719e-06	1.208183e+01
1.111111e-01	2.009291e-06	1.190236e+01
1.104972e-01	1.978600e-06	1.172044e+01
1.098901e-01	1.946780e-06	1.153621e+01
1.092896e-01	1.913960e-06	1.134992e+01
1.086957e-01	1.880263e-06	1.116188e+01
1.081081e-01	1.845806e-06	1.097250e+01
1.075269e-01	1.810702e-06	1.078226e+01
1.069519e-01	1.775056e-06	1.059165e+01
1.063830e-01	1.738972e-06	1.040120e+01
1.058201e-01	1.702549e-06	1.021141e+01
1.052632e-01	1.665880e-06	1.002278e+01
1.047120e-01	1.629056e-06	9.835768e+00
1.041667e-01	1.592164e-06	9.650797e+00
1.036269e-01	1.555284e-06	9.468234e+00
1.030928e-01	1.518493e-06	9.288396e+00
1.025641e-01	1.481860e-06	9.111550e+00
1.020408e-01	1.445450e-06	8.937910e+00
1.015228e-01	1.409320e-06	8.767648e+00
1.010101e-01	1.373522e-06	8.600890e+00
1.005025e-01	1.338100e-06	8.437723e+00
1.000000e-01	1.303096e-06	8.278200e+00
9.950249e-02	1.268543e-06	8.122340e+00
9.900990e-02	1.234473e-06	7.970134e+00
9.852217e-02	1.200911e-06	7.821543e+00
9.803922e-02	1.167883e-06	7.676503e+00
9.756098e-02	1.135413e-06	7.534920e+00
9.708738e-02	1.103521e-06	7.396670e+00
9.661836e-02	1.072232e-06	7.261602e+00
9.615385e-02	1.041569e-06	7.129544e+00
9.569378e-02	1.011557e-06	7.000302e+00
9.523810e-02	9.822229e-07	6.873682e+00
9.478673e-02	9.535970e-07	6.749495e+00
9.433962e-02	9.257100e-07	6.627577e+00
9.389671e-02	8.985938e-07	6.507790e+00
9.345794e-02	8.722799e-07	6.390034e+00
9.302326e-02	8.467973e-07	6.274236e+00
9.259259e-02	8.221712e-07	6.160358e+00
9.216590e-02	7.984202e-07	6.048379e+00
9.174312e-02	7.755553e-07	5.938298e+00
9.132420e-02	7.535780e-07	5.830125e+00
9.090909e-02	7.324797e-07	5.723870e+00
9.049774e-02	7.122423e-07	5.619541e+00
9.009009e-02	6.928383e-07	5.517138e+00
8.968610e-02	6.742335e-07	5.416646e+00
8.928571e-02	6.563882e-07	5.318040e+00
8.888889e-02	6.392599e-07	5.221288e+00
8.849558e-02	6.228057e-07	5.126351e+00
8.810573e-02	6.069837e-07	5.033189e+00
8.771930e-02	5.917547e-07	4.941755e+00
8.733624e-02	5.770825e-07	4.851996e+00
8.695652e-02	5.629349e-07	4.763845e+00
8.658009e-02	5.492829e-07	4.677227e+00
8.620690e-02	5.361013e-07	4.592059e+00
8.583691e-02	5.233677e-07	4.508256e+00
8.547009e-02	5.110627e-07	4.425737e+00
8.510638e-02	4.991696e-07	4.344424e+00
8.474576e-02	4.876745e-07	4.264251e+00
8.438819e-02	4.765661e-07	4.185164e+00
8.403361e-02	4.658352e-07	4.107124e+00
8.368201e-02	4.554745e-07	4.030108e+00
8.333333e-02	4.454781e-07	3.954113e+00
8.298755e-02	4.358406e-07	3.879151e+00
8.264463e-02	4.265570e-07	3.805244e+00
8.230453e-02	4.176218e-07	3.732424e+00
8.196721e-02	4.090289e-07	3.660726e+00
8.163265e-02	4.007714e-07	3.590185e+00
8.130081e-02	3.928413e-07	3.520839e+00
8.097166e-02	3.852295e-07	3.452724e+00
8.064516e-02	3.779258e-07	3.385875e+00
8.032129e-02	3.709191e-07	3.320325e+00
8.000000e-02	3.641973e-07	3.256106e+00
7.968127e-02	3.577473e-07	3.193246e+00
7.936508e-02	3.515550e-07	3.131773e+00
7.905138e-02	3.456053e-07	3.071706e+00
7.874016e-02	3.398821e-07	3.013065e+00
7.843137e-02	3.343685e-07	2.955861e+00
7.812500e-02	3.290467e-07	2.900102e+00
7.782101e-02	3.238987e-07	2.845790e+00
7.751938e-02	3.189064e-07	2.792924e+00
7.722008e-02	3.140527e-07	2.741498e+00
7.692308e-02	3.093215e-07	2.691505e+00
7.662835e-02	3.046981e-07	2.642935e+00
7.633588e-02	3.001700e-07	2.595778e+00
7.604563e-02	2.957261e-07	2.550022e+00
7.575758e-02	2.913575e-07	2.505657e+00
7.547170e-02	2.870563e-07	2.462671e+00
7.518797e-02	2.828156e-07	2.421048e+00
7.490637e-02	2.786286e-07	2.380766e+00
7.462687e-02	2.744884e-07	2.341795e+00
7.434944e-02	2.703876e-07	2.304091e+00
7.407407e-02	2.663180e-07	2.267594e+00
7.380074e-02	2.622709e-07	2.232231e+00
7.352941e-02	2.582372e-07	2.197911e+00
7.326007e-02	2.542078e-07	2.164532e+00
7.299270e-02	2.501741e-07	2.131984e+00
7.272727e-02	2.461285e-07	2.100150e+00
7.246377e-02	2.420646e-07	2.068916e+00
7.220217e-02	2.379776e-07	2.038170e+00
7.194245e-02	2.338642e-07	2.007812e+00
7.168459e-02	2.297226e-07	1.977749e+00
7.142857e-02	2.255525e-07	1.947901e+00
7.117438e-02	2.213550e-07	1.918193e+00
7.092199e-02	2.171326e-07	1.888559e+00
7.067138e-02	2.128888e-07	1.858939e+00
7.042254e-02	2.086285e-07	1.829281e+00
7.017544e-02	2.043577e-07	1.799549e+00
6.993007e-02	2.000832e-07	1.769727e+00
6.968641e-02	1.958126e-07	1.739815e+00
6.944444e-02	1.915536e-07	1.709837e+00
6.920415e-02	1.873143e-07	1.679829e+00
6.896552e-02	1.831023e-07	1.649838e+00
6.872852e-02	1.789250e-07	1.619913e+00
6.849315e-02	1.747894e-07	1.590108e+00
6.825939e-02	1.707022e-07	1.560479e+00
6.802721e-02	1.666695e-07	1.531086e+00
6.779661e-02	1.626972e-07	1.502003e+00
6.756757e-02	1.587908e-07	1.473312e+00
6.734007e-02	1.549551e-07	1.445102e+00
6.711409e-02	1.511945e-07	1.417468e+00
6.688963e-02	1.475127e-07	1.390504e+00
6.666667e-02	1.439130e-07	1.364293e+00
6.644518e-02	1.403978e-07	1.338902e+00
6.622517e-02	1.369692e-07	1.314383e+00
6.600660e-02	1.336284e-07	1.290763e+00
6.578947e-02	1.303762e-07	1.268052e+00
6.557377e-02	1.272130e-07	1.246240e+00
6.535948e-02	1.241383e-07	1.225304e+00
6.514658e-02	1.211517e-07	1.205208e+00
6.493506e-02	1.182523e-07	1.185911e+00
6.472492e-02	1.154393e-07	1.167370e+00
6.451613e-02	1.127119e-07	1.149539e+00
6.430868e-02	1.100699e-07	1.132375e+00
6.410256e-02	1.075130e-07	1.115838e+00
6.389776e-02	1.050417e-07	1.099888e+00
6.369427e-02	1.026566e-07	1.084488e+00
6.349206e-02	1.003585e-07	1.069599e+00
6.329114e-02	9.814807e-08	1.055185e+00
6.309148e-02	9.602566e-08	1.041208e+00
6.289308e-02	9.399105e-08	1.027631e+00
6.269592e-02	9.204319e-08	1.014414e+00
6.250000e-02	9.018003e-08	1.001519e+00
6.230530e-02	8.839841e-08	9.889063e-01
6.211180e-02	8.669407e-08	9.765324e-01
6.191950e-02	8.506174e-08	9.643546e-01
6.172840e-02	8.349533e-08	9.523294e-01
6.153846e-02	8.198814e-08	9.404161e-01
6.134969e-02	8.053315e-08	9.285789e-01
6.116208e-02	7.912329e-08	9.167895e-01
6.097561e-02	7.775164e-08	9.050292e-01
6.079027e-02	7.641160e-08	8.932893e-01
6.060606e-02	7.509695e-08	8.815714e-01
6.042296e-02	7.380188e-08	8.698859e-01
6.024096e-02	7.252092e-08	8.582512e-01
6.006006e-02	7.124883e-08	8.466926e-01
5.988024e-02	6.998047e-08	8.352400e-01
5.970149e-02	6.871079e-08	8.239267e-01
5.952381e-02	6.743473e-08	8.127867e-01
5.934718e-02	6.614725e-08	8.018530e-01
5.917160e-02	6.484337e-08	7.911552e-01
5.899705e-02	6.351827e-08	7.807194e-01
5.882353e-02	6.216739e-08	7.705675e-01
5.865103e-02	6.078654e-08	7.607189e-01
5.847953e-02	5.937213e-08	7.511909e-01
5.830904e-02	5.792131e-08	7.419997e-01
5.813953e-02	5.643227e-08	7.331597e-01
5.797101e-02	5.490439e-08	7.246823e-01
5.780347e-02	5.333848e-08	7.165740e-01
5.763689e-02	5.173687e-08	7.088347e-01
5.747126e-02	5.010348e-08	7.014558e-01
5.730659e-02	4.844382e-08	6.944200e-01
5.714286e-02	4.676494e-08	6.877012e-01
5.698006e-02	4.507521e-08	6.812657e-01
5.681818e-02	4.338413e-08	6.750747e-01
5.665722e-02	4.170204e-08	6.690885e-01
5.649718e-02	4.003975e-08	6.632704e-01
5.633803e-02	3.840819e-08	6.575913e-01
5.617978e-02	3.681804e-08	6.520322e-01
5.602241e-02	3.527937e-08	6.465847e-01
5.586592e-02	3.380126e-08	6.412492e-01
5.571031e-02	3.239153e-08	6.360325e-01
5.555556e-02	3.105646e-08	6.309451e-01
5.540166e-02	2.980062e-08	6.259986e-01
5.524862e-02	2.862682e-08	6.212036e-01
5.509642e-02	2.753622e-08	6.165679e-01
5.494505e-02	2.652853e-08	6.120951e-01
5.479452e-02	2.560230e-08	6.077826e-01
5.464481e-02	2.475525e-08	6.036215e-01
5.449591e-02	2.398459e-08	5.995968e-01
5.434783e-02	2.328714e-08	5.956893e-01
5.420054e-02	2.265936e-08	5.918779e-01
5.405405e-02	2.209713e-08	5.881417e-01
5.390836e-02	2.159537e-08	5.844611e-01
5.376344e-02	2.114763e-08	5.808159e-01
5.361930e-02	2.074587e-08	5.771829e-01
5.347594e-02	2.038042e-08	5.735321e-01
5.333333e-02	2.004034e-08	5.698259e-01
5.319149e-02	1.971403e-08	5.660228e-01
5.305040e-02	1.939004e-08	5.620868e-01
5.291005e-02	1.905796e-08	5.579998e-01
5.277045e-02	1.870917e-08	5.537709e-01
5.263158e-02	1.833743e-08	5.494372e-01
5.249344e-02	1.793917e-08	5.450538e-01
5.235602e-02	1.751337e-08	5.406795e-01
5.221932e-02	1.706121e-08	5.363627e-01
5.208333e-02	1.658548e-08	5.321330e-01
5.194805e-02	1.608999e-08	5.279985e-01
5.181347e-02	1.557906e-08	5.239483e-01
5.167959e-02	1.505719e-08	5.199587e-01
5.154639e-02	1.452888e-08	5.160005e-01
5.141388e-02	1.399858e-08	5.120465e-01
5.128205e-02	1.347074e-08	5.080753e-01
5.115090e-02	1.294976e-08	5.040696e-01
5.102041e-02	1.244004e-08	5.000133e-01
5.089059e-02	1.194580e-08	4.958898e-01
5.076142e-02	1.147083e-08	4.916837e-01
5.063291e-02	1.101838e-08	4.873843e-01
5.050505e-02	1.059090e-08	4.829877e-01
5.037783e-02	1.019009e-08	4.784980e-01
5.025126e-02	9.816953e-09	4.739257e-01
5.012531e-02	9.471898e-09	4.692854e-01
5.000000e-02	9.154920e-09	4.645928e-01
4.987531e-02	8.865716e-09	4.598629e-01
4.975124e-02	8.603768e-09	4.551111e-01
4.962779e-02	8.368389e-09	4.503572e-01
4.950495e-02	8.158733e-09	4.456283e-01
4.938272e-02	7.973797e-09	4.409576e-01
4.926108e-02	7.812424e-09	4.363805e-01
4.914005e-02	7.673300e-09	4.319289e-01
4.901961e-02	7.554975e-09	4.276287e-01
4.889976e-02	7.455876e-09	4.234978e-01
4.878049e-02	7.374331e-09	4.195470e-01
4.866180e-02	7.308582e-09	4.157807e-01
4.854369e-02	7.256811e-09	4.121990e-01
4.842615e-02	7.217147e-09	4.087991e-01
4.830918e-02	7.187691e-09	4.055773e-01
4.819277e-02	7.166530e-09	4.025303e-01
4.807692e-02	7.151764e-09	3.996576e-01
4.796163e-02	7.141535e-09	3.969627e-01
4.784689e-02	7.134055e-09	3.944547e-01
4.773270e-02	7.127629e-09	3.921487e-01
4.761905e-02	7.120685e-09	3.900648e-01
4.750594e-02	7.111787e-09	3.882255e-01
4.739336e-02	7.099644e-09	3.866515e-01
4.728132e-02	7.083134e-09	3.853572e-01
4.716981e-02	7.061323e-09	3.843469e-01
4.705882e-02	7.033503e-09	3.836121e-01
4.694836e-02	6.999237e-09	3.831308e-01
4.683841e-02	6.958404e-09	3.828685e-01
4.672897e-02	6.911245e-09	3.827812e-01
4.662005e-02	6.858387e-09	3.828192e-01
4.651163e-02	6.800863e-09	3.829316e-01
4.640371e-02	6.740095e-09	3.830709e-01
4.629630e-02	6.677872e-09	3.831955e-01
4.618938e-02	6.616297e-09	3.832718e-01
4.608295e-02	6.557714e-09	3.832739e-01
4.597701e-02	6.504621e-09	3.831843e-01
4.587156e-02	6.459560e-09	3.829927e-01
4.576659e-02	6.424987e-09	3.826961e-01
4.566210e-02	6.403128e-09	3.822970e-01
4.555809e-02	6.395841e-09	3.818022e-01
4.545455e-02	6.404470e-09	3.812204e-01
4.535147e-02	6.429729e-09	3.805601e-01
4.524887e-02	6.471626e-09	3.798281e-01
4.514673e-02	6.529438e-09	3.790280e-01
4.504505e-02	6.601755e-09	3.781604e-01
4.494382e-02	6.686592e-09	3.772233e-01
4.484305e-02	6.781555e-09	3.762137e-01
4.474273e-02	6.884052e-09	3.751284e-01
4.464286e-02	6.991492e-09	3.739657e-01
4.454343e-02	7.101464e-09	3.727254e-01
4.444444e-02	7.211861e-09	3.714094e-01
4.434590e-02	7.320932e-09	3.700210e-01
4.424779e-02	7.427284e-09	3.685643e-01
4.415011e-02	7.529832e-09	3.670447e-01
4.405286e-02	7.627736e-09	3.654687e-01
4.395604e-02	7.720328e-09	3.638442e-01
4.385965e-02	7.807052e-09	3.621807e-01
4.376368e-02	7.887416e-09	3.604883e-01
4.366812e-02	7.960950e-09	3.587765e-01
4.357298e-02	8.027184e-09	3.570523e-01
4.347826e-02	8.085626e-09	3.553187e-01
4.338395e-02	8.135753e-09	3.535740e-01
4.329004e-02	8.177023e-09	3.518119e-01
4.319654e-02	8.208888e-09	3.500236e-01
4.310345e-02	8.230817e-09	3.481998e-01
4.301075e-02	8.242319e-09	3.463336e-01
4.291845e-02	8.242950e-09	3.444228e-01
4.282655e-02	8.232312e-09	3.424715e-01
4.273504e-02	8.210034e-09	3.404913e-01
4.264392e-02	8.175752e-09	3.385004e-01
4.255319e-02	8.129096e-09	3.365228e-01
4.246285e-02	8.069679e-09	3.345864e-01
4.237288e-02	7.997116e-09	3.327208e-01
4.228330e-02	7.911038e-09	3.309557e-01
4.219409e-02	7.811130e-09	3.293193e-01
4.210526e-02	7.697167e-09	3.278379e-01
4.201681e-02	7.569066e-09	3.265359e-01
4.192872e-02	7.426942e-09	3.254364e-01
4.184100e-02	7.271172e-09	3.245603e-01
4.175365e-02	7.102460e-09	3.239256e-01
4.166667e-02	6.921907e-09	3.235454e-01
4.158004e-02	6.731073e-09	3.234275e-01
4.149378e-02	6.532037e-09	3.235757e-01
4.140787e-02	6.327445e-09	3.239918e-01
4.132231e-02	6.120535e-09	3.246794e-01
4.123711e-02	5.915131e-09	3.256457e-01
4.115226e-02	5.715593e-09	3.269024e-01
4.106776e-02	5.526717e-09	3.284652e-01
4.098361e-02	5.353591e-09	3.303520e-01
4.089980e-02	5.201425e-09	3.325808e-01
4.081633e-02	5.075371e-09	3.351685e-01
4.073320e-02	4.980361e-09	3.381301e-01
4.065041e-02	4.920970e-09	3.414784e-01
4.056795e-02	4.901330e-09	3.452247e-01
4.048583e-02	4.925055e-09	3.493795e-01
4.040404e-02	4.995194e-09	3.539520e-01
4.032258e-02	5.114181e-09	3.589502e-01
4.024145e-02	5.283767e-09	3.643798e-01
4.016064e-02	5.504945e-09	3.702429e-01
4.008016e-02	5.777855e-09	3.765369e-01
4.000000e-02	6.101702e-09	3.832528e-01
3.992016e-02	6.474687e-09	3.903750e-01
3.984064e-02	6.893990e-09	3.978796e-01
3.976143e-02	7.355818e-09	4.057338e-01
3.968254e-02	7.855527e-09	4.138951e-01
3.960396e-02	8.387819e-09	4.223095e-01
3.952569e-02	8.947006e-09	4.309118e-01
3.944773e-02	9.527298e-09	4.396257e-01
3.937008e-02	1.012307e-08	4.483655e-01
3.929273e-02	1.072906e-08	4.570406e-01
3.921569e-02	1.134047e-08	4.655593e-01
3.913894e-02	1.195297e-08	4.738337e-01
3.906250e-02	1.256264e-08	4.817815e-01
3.898635e-02	1.316591e-08	4.893273e-01
3.891051e-02	1.375956e-08	4.964033e-01
3.883495e-02	1.434065e-08	5.029491e-01
3.875969e-02	1.490665e-08	5.089138e-01
3.868472e-02	1.545539e-08	5.142575e-01
3.861004e-02	1.598523e-08	5.189535e-01
3.853565e-02	1.649503e-08	5.229900e-01
3.846154e-02	1.698423e-08	5.263698e-01
3.838772e-02	1.745288e-08	5.291075e-01
3.831418e-02	1.790163e-08	5.312241e-01
3.824092e-02	1.833177e-08	5.327399e-01
3.816794e-02	1.874523e-08	5.336675e-01
3.809524e-02	1.914464e-08	5.340064e-01
3.802281e-02	1.953332e-08	5.337386e-01
3.795066e-02	1.991487e-08	5.328341e-01
3.787879e-02	2.029241e-08	5.312678e-01
3.780718e-02	2.066682e-08	5.290410e-01
3.773585e-02	2.103461e-08	5.261723e-01
3.766478e-02	2.138598e-08	5.226411e-01
3.759398e-02	2.170510e-08	5.183303e-01
3.752345e-02	2.197402e-08	5.130557e-01
3.745318e-02	2.217914e-08	5.066710e-01
3.738318e-02	2.231530e-08	4.991119e-01
3.731343e-02	2.238505e-08	4.903709e-01
3.724395e-02	2.239583e-08	4.804995e-01
3.717472e-02	2.235791e-08	4.695923e-01
3.710575e-02	2.228266e-08	4.577588e-01
3.703704e-02	2.218086e-08	4.451624e-01
3.696858e-02	2.206117e-08	4.320795e-01
3.690037e-02	2.192966e-08	4.188819e-01
3.683241e-02	2.179038e-08	4.059239e-01
3.676471e-02	2.164563e-08	3.934167e-01
3.669725e-02	2.149528e-08	3.814426e-01
3.663004e-02	2.133667e-08	3.701060e-01
3.656307e-02	2.116686e-08	3.595870e-01
3.649635e-02	2.098491e-08	3.500475e-01
3.642987e-02	2.079217e-08	3.415600e-01
3.636364e-02	2.059134e-08	3.341140e-01
3.629764e-02	2.038544e-08	3.276513e-01
3.623188e-02	2.017730e-08	3.220922e-01
3.616637e-02	1.996925e-08	3.173518e-01
3.610108e-02	1.976317e-08	3.133484e-01
3.603604e-02	1.956054e-08	3.100108e-01
3.597122e-02	1.936254e-08	3.072806e-01
3.590664e-02	1.917013e-08	3.051111e-01
3.584229e-02	1.898403e-08	3.034638e-01
3.577818e-02	1.880476e-08	3.023050e-01
3.571429e-02	1.863266e-08	3.016033e-01
3.565062e-02	1.846781e-08	3.013289e-01
3.558719e-02	1.830988e-08	3.014550e-01
3.552398e-02	1.815803e-08	3.019598e-01
3.546099e-02	1.801079e-08	3.028298e-01
3.539823e-02	1.786605e-08	3.040627e-01
3.533569e-02	1.772129e-08	3.056703e-01
3.527337e-02	1.757378e-08	3.076783e-01
3.521127e-02	1.742089e-08	3.101253e-01
3.514938e-02	1.726040e-08	3.130580e-01
3.508772e-02	1.709065e-08	3.165255e-01
3.502627e-02	1.691069e-08	3.205737e-01
3.496503e-02	1.672030e-08	3.252389e-01
3.490401e-02	1.652000e-08	3.305437e-01
3.484321e-02	1.631107e-08	3.364940e-01
3.478261e-02	1.609548e-08	3.430781e-01
3.472222e-02	1.587581e-08	3.502697e-01
3.466205e-02	1.565508e-08	3.580357e-01
3.460208e-02	1.543653e-08	3.663433e-01
3.454231e-02	1.522342e-08	3.751567e-01
3.448276e-02	1.501878e-08	3.844187e-01
3.442341e-02	1.482511e-08	3.940221e-01
3.436426e-02	1.464430e-08	4.037812e-01
3.430532e-02	1.447756e-08	4.134175e-01
3.424658e-02	1.432557e-08	4.225656e-01
3.418803e-02	1.418855e-08	4.308021e-01
3.412969e-02	1.406619e-08	4.376894e-01
3.407155e-02	1.395750e-08	4.428248e-01
3.401361e-02	1.386086e-08	4.458944e-01
3.395586e-02	1.377437e-08	4.467264e-01
3.389831e-02	1.369659e-08	4.453274e-01
3.384095e-02	1.362689e-08	4.418790e-01
3.378378e-02	1.356522e-08	4.366892e-01
3.372681e-02	1.351118e-08	4.301212e-01
3.367003e-02	1.346319e-08	4.225448e-01
3.361345e-02	1.341855e-08	4.143302e-01
3.355705e-02	1.337435e-08	4.058507e-01
3.350084e-02	1.332855e-08	3.974449e-01
3.344482e-02	1.328048e-08	3.893636e-01
3.338898e-02	1.323087e-08	3.817406e-01
3.333333e-02	1.318139e-08	3.745991e-01
3.327787e-02	1.313423e-08	3.678797e-01
3.322259e-02	1.309173e-08	3.614776e-01
3.316750e-02	1.305604e-08	3.552817e-01
3.311258e-02	1.302905e-08	3.492062e-01
3.305785e-02	1.301229e-08	3.432084e-01
3.300330e-02	1.300694e-08	3.372897e-01
3.294893e-02	1.301393e-08	3.314853e-01
3.289474e-02	1.303395e-08	3.258480e-01
3.284072e-02	1.306753e-08	3.204338e-01
3.278689e-02	1.311506e-08	3.152914e-01
3.273322e-02	1.317679e-08	3.104551e-01
3.267974e-02	1.325279e-08	3.059440e-01
3.262643e-02	1.334294e-08	3.017628e-01
3.257329e-02	1.344688e-08	2.979055e-01
3.252033e-02	1.356401e-08	2.943582e-01
3.246753e-02	1.369347e-08	2.911012e-01
3.241491e-02	1.383417e-08	2.881110e-01
3.236246e-02	1.398489e-08	2.853610e-01
3.231018e-02	1.414426e-08	2.828235e-01
3.225806e-02	1.431088e-08	2.804709e-01
3.220612e-02	1.448337e-08	2.782776e-01
3.215434e-02	1.466037e-08	2.762213e-01
3.210273e-02	1.484065e-08	2.742836e-01
3.205128e-02	1.502307e-08	2.724505e-01
3.200000e-02	1.520665e-08	2.707122e-01
3.194888e-02	1.539057e-08	2.690629e-01
3.189793e-02	1.557414e-08	2.674995e-01
3.184713e-02	1.575685e-08	2.660211e-01
3.179650e-02	1.593832e-08	2.646276e-01
3.174603e-02	1.611831e-08	2.633187e-01
3.169572e-02	1.629667e-08	2.620931e-01
3.164557e-02	1.647333e-08	2.609475e-01
3.159558e-02	1.664825e-08	2.598762e-01
3.154574e-02	1.682145e-08	2.588712e-01
3.149606e-02	1.699293e-08	2.579228e-01
3.144654e-02	1.716273e-08	2.570205e-01
3.139717e-02	1.733087e-08	2.561548e-01
3.134796e-02	1.749741e-08	2.553186e-01
3.129890e-02	1.766243e-08	2.545080e-01
3.125000e-02	1.782603e-08	2.537228e-01
3.120125e-02	1.798834e-08	2.529659e-01
3.115265e-02	1.814952e-08	2.522423e-01
3.110420e-02	1.830976e-08	2.515581e-01
3.105590e-02	1.846928e-08	2.509190e-01
3.100775e-02	1.862834e-08	2.503290e-01
3.095975e-02	1.878728e-08	2.497900e-01
3.091190e-02	1.894649e-08	2.493007e-01
3.086420e-02	1.910639e-08	2.488566e-01
3.081664e-02	1.926740e-08	2.484497e-01
3.076923e-02	1.942988e-08	2.480699e-01
3.072197e-02	1.959403e-08	2.477061e-01
3.067485e-02	1.975981e-08	2.473485e-01
3.062787e-02	1.992694e-08	2.469902e-01
3.058104e-02	2.009492e-08	2.466285e-01
3.053435e-02	2.026304e-08	2.462648e-01
3.048780e-02	2.043051e-08	2.459038e-01
3.044140e-02	2.059648e-08	2.455516e-01
3.039514e-02	2.076015e-08	2.452147e-01
3.034901e-02	2.092076e-08	2.448984e-01
3.030303e-02	2.107764e-08	2.446067e-01
3.025719e-02	2.123021e-08	2.443419e-01
3.021148e-02	2.137796e-08	2.441050e-01
3.016591e-02	2.152046e-08	2.438959e-01
3.012048e-02	2.165733e-08	2.437138e-01
3.007519e-02	2.178827e-08	2.435572e-01
3.003003e-02	2.191305e-08	2.434238e-01
2.998501e-02	2.203149e-08	2.433108e-01
2.994012e-02	2.214350e-08	2.432151e-01
2.989537e-02	2.224903e-08	2.431337e-01
2.985075e-02	2.234810e-08	2.430645e-01
2.980626e-02	2.244074e-08	2.430070e-01
2.976190e-02	2.252704e-08	2.429622e-01
2.971768e-02	2.260707e-08	2.429325e-01
2.967359e-02	2.268095e-08	2.429212e-01
2.962963e-02	2.274879e-08	2.429320e-01
2.958580e-02	2.281073e-08	2.429681e-01
2.954210e-02	2.286691e-08	2.430323e-01
2.949853e-02	2.291749e-08	2.431263e-01
2.945508e-02	2.296259e-08	2.432502e-01
2.941176e-02	2.300232e-08	2.434025e-01
2.936858e-02	2.303668e-08	2.435787e-01
2.932551e-02	2.306558e-08	2.437717e-01
2.928258e-02	2.308877e-08	2.439712e-01
2.923977e-02	2.310588e-08	2.441645e-01
2.919708e-02	2.311639e-08	2.443371e-01
2.915452e-02	2.311978e-08	2.444754e-01
2.911208e-02	2.311558e-08	2.445683e-01
2.906977e-02	2.310349e-08	2.446092e-01
2.902758e-02	2.308352e-08	2.445969e-01
2.898551e-02	2.305596e-08	2.445356e-01
2.894356e-02	2.302144e-08	2.444331e-01
2.890173e-02	2.298083e-08	2.442992e-01
2.886003e-02	2.293516e-08	2.441446e-01
2.881844e-02	2.288556e-08	2.439788e-01
2.877698e-02	2.283313e-08	2.438103e-01
2.873563e-02	2.277895e-08	2.436455e-01
2.869440e-02	2.272397e-08	2.434896e-01
2.865330e-02	2.266907e-08	2.433464e-01
2.861230e-02	2.261498e-08	2.432185e-01
2.857143e-02	2.256237e-08	2.431079e-01
2.853067e-02	2.251180e-08	2.430162e-01
2.849003e-02	2.246376e-08	2.429448e-01
2.844950e-02	2.241869e-08	2.428950e-01
2.840909e-02	2.237700e-08	2.428685e-01
2.836879e-02	2.233906e-08	2.428673e-01
2.832861e-02	2.230524e-08	2.428941e-01
2.828854e-02	2.227590e-08	2.429525e-01
2.824859e-02	2.225139e-08	2.430468e-01
2.820874e-02	2.223209e-08	2.431824e-01
2.816901e-02	2.221838e-08	2.433660e-01
2.812940e-02	2.221064e-08	2.436050e-01
2.808989e-02	2.220929e-08	2.439083e-01
2.805049e-02	2.221473e-08	2.442859e-01
2.801120e-02	2.222735e-08	2.447487e-01
2.797203e-02	2.224757e-08	2.453087e-01
2.793296e-02	2.227575e-08	2.459789e-01
2.789400e-02	2.231222e-08	2.467729e-01
2.785515e-02	2.235729e-08	2.477049e-01
2.781641e-02	2.241115e-08	2.487896e-01
2.777778e-02	2.247393e-08	2.500418e-01
2.773925e-02	2.254561e-08	2.514761e-01
2.770083e-02	2.262607e-08	2.531066e-01
2.766252e-02	2.271498e-08	2.549459e-01
2.762431e-02	2.281187e-08	2.570049e-01
2.758621e-02	2.291606e-08	2.592914e-01
2.754821e-02	2.302669e-08	2.618092e-01
2.751032e-02	2.314271e-08	2.645568e-01
2.747253e-02	2.326289e-08	2.675267e-01
2.743484e-02	2.338587e-08	2.707057e-01
2.739726e-02	2.351022e-08	2.740747e-01
2.735978e-02	2.363439e-08	2.776103e-01
2.732240e-02	2.375686e-08	2.812862e-01
2.728513e-02	2.387612e-08	2.850741e-01
2.724796e-02	2.399073e-08	2.889436e-01
2.721088e-02	2.409936e-08	2.928618e-01
2.717391e-02	2.420080e-08	2.967926e-01
2.713704e-02	2.429402e-08	3.006962e-01
2.710027e-02	2.437809e-08	3.045309e-01
2.706360e-02	2.445220e-08	3.082572e-01
2.702703e-02	2.451560e-08	3.118425e-01
2.699055e-02	2.456754e-08	3.152660e-01
2.695418e-02	2.460727e-08	3.185215e-01
2.691790e-02	2.463406e-08	3.216168e-01
2.688172e-02	2.464722e-08	3.245697e-01
2.684564e-02	2.464620e-08	3.274030e-01
2.680965e-02	2.463063e-08	3.301385e-01
2.677376e-02	2.460041e-08	3.327933e-01
2.673797e-02	2.455579e-08	3.353771e-01
2.670227e-02	2.449748e-08	3.378926e-01
2.666667e-02	2.442663e-08	3.403351e-01
2.663116e-02	2.434491e-08	3.426960e-01
2.659574e-02	2.425444e-08	3.449662e-01
2.656042e-02	2.415771e-08	3.471417e-01
2.652520e-02	2.405741e-08	3.492302e-01
2.649007e-02	2.395616e-08	3.512558e-01
2.645503e-02	2.385625e-08	3.532619e-01
2.642008e-02	2.375936e-08	3.553073e-01
2.638522e-02	2.366637e-08	3.574558e-01
2.635046e-02	2.357732e-08	3.597578e-01
2.631579e-02	2.349145e-08	3.622313e-01
2.628121e-02	2.340735e-08	3.648492e-01
2.624672e-02	2.332320e-08	3.675424e-01
2.621232e-02	2.323699e-08	3.702184e-01
2.617801e-02	2.314687e-08	3.727817e-01
2.614379e-02	2.305130e-08	3.751441e-01
2.610966e-02	2.294916e-08	3.772238e-01
2.607562e-02	2.283974e-08	3.789436e-01
2.604167e-02	2.272265e-08	3.802349e-01
2.600780e-02	2.259768e-08	3.810455e-01
2.597403e-02	2.246463e-08	3.813450e-01
2.594034e-02	2.232315e-08	3.811271e-01
2.590674e-02	2.217272e-08	3.804064e-01
2.587322e-02	2.201267e-08	3.792132e-01
2.583979e-02	2.184237e-08	3.775892e-01
2.580645e-02	2.166143e-08	3.755850e-01
2.577320e-02	2.146986e-08	3.732599e-01
2.574003e-02	2.126815e-08	3.706827e-01
2.570694e-02	2.105723e-08	3.679282e-01
2.567394e-02	2.083830e-08	3.650711e-01
2.564103e-02	2.061276e-08	3.621784e-01
2.560819e-02	2.038200e-08	3.593052e-01
2.557545e-02	2.014739e-08	3.564953e-01
2.554278e-02	1.991018e-08	3.537852e-01
2.551020e-02	1.967154e-08	3.512036e-01
2.547771e-02	1.943255e-08	3.487702e-01
2.544529e-02	1.919415e-08	3.464930e-01
2.541296e-02	1.895716e-08	3.443714e-01
2.538071e-02	1.872218e-08	3.423997e-01
2.534854e-02	1.848964e-08	3.405741e-01
2.531646e-02	1.825974e-08	3.388971e-01
2.528445e-02	1.803258e-08	3.373818e-01
2.525253e-02	1.780815e-08	3.360525e-01
2.522068e-02	1.758647e-08	3.349440e-01
2.518892e-02	1.736758e-08	3.340996e-01
2.515723e-02	1.715161e-08	3.335669e-01
2.512563e-02	1.693882e-08	3.333947e-01
2.509410e-02	1.672961e-08	3.336287e-01
2.506266e-02	1.652450e-08	3.343074e-01
2.503129e-02	1.632413e-08	3.354584e-01
2.500000e-02	1.612928e-08	3.370937e-01
2.496879e-02	1.594086e-08	3.392064e-01
2.493766e-02	1.575991e-08	3.417665e-01
2.490660e-02	1.558762e-08	3.447190e-01
2.487562e-02	1.542531e-08	3.479824e-01
2.484472e-02	1.527444e-08	3.514499e-01
2.481390e-02	1.513660e-08	3.549915e-01
2.478315e-02	1.501346e-08	3.584599e-01
2.475248e-02	1.490673e-08	3.616977e-01
2.472188e-02	1.481811e-08	3.645514e-01
2.469136e-02	1.474907e-08	3.668893e-01
2.466091e-02	1.470073e-08	3.686194e-01
2.463054e-02	1.467366e-08	3.696988e-01
2.460025e-02	1.466773e-08	3.701311e-01
2.457002e-02	1.468203e-08	3.699554e-01
2.453988e-02	1.471497e-08	3.692328e-01
2.450980e-02	1.476428e-08	3.680345e-01
2.447980e-02	1.482720e-08	3.664347e-01
2.444988e-02	1.490056e-08	3.645059e-01
2.442002e-02	1.498092e-08	3.623166e-01
2.439024e-02	1.506472e-08	3.599302e-01
2.436054e-02	1.514838e-08	3.574046e-01
2.433090e-02	1.522843e-08	3.547927e-01
2.430134e-02	1.530161e-08	3.521427e-01
2.427184e-02	1.536495e-08	3.494986e-01
2.424242e-02	1.541590e-08	3.469010e-01
2.421308e-02	1.545231e-08	3.443871e-01
2.418380e-02	1.547255e-08	3.419912e-01
2.415459e-02	1.547546e-08	3.397435e-01
2.412545e-02	1.546037e-08	3.376704e-01
2.409639e-02	1.542706e-08	3.357934e-01
2.406739e-02	1.537571e-08	3.341279e-01
2.403846e-02	1.530683e-08	3.326833e-01
2.400960e-02	1.522123e-08	3.314614e-01
2.398082e-02	1.511995e-08	3.304569e-01
2.395210e-02	1.500417e-08	3.296562e-01
2.392344e-02	1.487521e-08	3.290392e-01
2.389486e-02	1.473445e-08	3.285795e-01
2.386635e-02	1.458328e-08	3.282471e-01
2.383790e-02	1.442307e-08	3.280112e-01
2.380952e-02	1.425514e-08	3.278421e-01
2.378121e-02	1.408068e-08	3.277133e-01
2.375297e-02	1.390078e-08	3.276023e-01
2.372479e-02	1.371639e-08	3.274901e-01
2.369668e-02	1.352831e-08	3.273610e-01
2.366864e-02	1.333719e-08	3.272014e-01
2.364066e-02	1.314351e-08	3.270001e-01
2.361275e-02	1.294757e-08	3.267488e-01
2.358491e-02	1.274954e-08	3.264429e-01
2.355713e-02	1.254939e-08	3.260846e-01
2.352941e-02	1.234698e-08	3.256842e-01
2.350176e-02	1.214208e-08	3.252624e-01
2.347418e-02	1.193435e-08	3.248489e-01
2.344666e-02	1.172341e-08	3.244810e-01
2.341920e-02	1.150883e-08	3.241991e-01
2.339181e-02	1.129006e-08	3.240429e-01
2.336449e-02	1.106649e-08	3.240483e-01
2.333722e-02	1.083735e-08	3.242459e-01
2.331002e-02	1.060168e-08	3.246601e-01
2.328289e-02	1.035838e-08	3.253101e-01
2.325581e-02	1.010612e-08	3.262118e-01
2.322880e-02	9.843426e-09	3.273795e-01
2.320186e-02	9.568653e-09	3.288283e-01
2.317497e-02	9.280068e-09	3.305759e-01
2.314815e-02	8.975904e-09	3.326441e-01
2.312139e-02	8.654464e-09	3.350581e-01
2.309469e-02	8.314253e-09	3.378452e-01
2.306805e-02	7.954146e-09	3.410309e-01
2.304147e-02	7.573599e-09	3.446331e-01
2.301496e-02	7.172875e-09	3.486560e-01
2.298851e-02	6.753269e-09	3.530835e-01
2.296211e-02	6.317311e-09	3.578750e-01
2.293578e-02	5.868884e-09	3.629638e-01
2.290951e-02	5.413235e-09	3.682594e-01
2.288330e-02	4.956854e-09	3.736547e-01
2.285714e-02	4.507194e-09	3.790352e-01
2.283105e-02	4.072270e-09	3.842889e-01
2.280502e-02	3.660147e-09	3.893154e-01
2.277904e-02	3.278367e-09	3.940315e-01
2.275313e-02	2.933351e-09	3.983726e-01
2.272727e-02	2.629848e-09	4.022910e-01
2.270148e-02	2.370466e-09	4.057505e-01
2.267574e-02	2.155411e-09	4.087172e-01
2.265006e-02	1.982477e-09	4.111506e-01
2.262443e-02	1.847366e-09	4.129959e-01
2.259887e-02	1.744322e-09	4.141824e-01
2.257336e-02	1.666999e-09	4.146305e-01
2.254791e-02	1.609407e-09	4.142646e-01
2.252252e-02	1.566733e-09	4.130306e-01
2.249719e-02	1.535867e-09	4.109117e-01
2.247191e-02	1.515531e-09	4.079380e-01
2.244669e-02	1.506007e-09	4.041882e-01
2.242152e-02	1.508599e-09	3.997840e-01
2.239642e-02	1.524962e-09	3.948780e-01
2.237136e-02	1.556488e-09	3.896385e-01
2.234637e-02	1.603862e-09	3.842343e-01
2.232143e-02	1.666821e-09	3.788210e-01
2.229654e-02	1.744133e-09	3.735314e-01
2.227171e-02	1.833728e-09	3.684702e-01
2.224694e-02	1.932918e-09	3.637128e-01
2.222222e-02	2.038661e-09	3.593070e-01
2.219756e-02	2.147807e-09	3.552771e-01
2.217295e-02	2.257306e-09	3.516286e-01
2.214839e-02	2.364367e-09	3.483537e-01
2.212389e-02	2.466557e-09	3.454355e-01
2.209945e-02	2.561852e-09	3.428524e-01
2.207506e-02	2.648643e-09	3.405806e-01
2.205072e-02	2.725710e-09	3.385966e-01
2.202643e-02	2.792173e-09	3.368779e-01
2.200220e-02	2.847424e-09	3.354043e-01
2.197802e-02	2.891065e-09	3.341576e-01
2.195390e-02	2.922841e-09	3.331228e-01
2.192982e-02	2.942583e-09	3.322873e-01
2.190581e-02	2.950168e-09	3.316420e-01
2.188184e-02	2.945486e-09	3.311807e-01
2.185792e-02	2.928418e-09	3.309001e-01
2.183406e-02	2.898822e-09	3.307998e-01
2.181025e-02	2.856517e-09	3.308819e-01
2.178649e-02	2.801270e-09	3.311511e-01
2.176279e-02	2.732785e-09	3.316151e-01
2.173913e-02	2.650693e-09	3.322838e-01
2.171553e-02	2.554551e-09	3.331706e-01
2.169197e-02	2.443842e-09	3.342913e-01
2.166847e-02	2.317998e-09	3.356646e-01
2.164502e-02	2.176432e-09	3.373112e-01
2.162162e-02	2.018605e-09	3.392522e-01
2.159827e-02	1.844105e-09	3.415071e-01
2.157497e-02	1.652771e-09	3.440912e-01
2.155172e-02	1.444832e-09	3.470120e-01
2.152853e-02	1.221055e-09	3.502658e-01
2.150538e-02	9.828924e-10	3.538358e-01
2.148228e-02	7.326034e-10	3.576894e-01
2.145923e-02	4.733364e-10	3.617778e-01
2.143623e-02	2.091598e-10	3.660346e-01
2.141328e-02	-5.497643e-11	3.703772e-01
2.139037e-02	-3.133724e-10	3.747102e-01
2.136752e-02	-5.598285e-10	3.789325e-01
2.134472e-02	-7.880178e-10	3.829495e-01
2.132196e-02	-9.919607e-10	3.866873e-01
2.129925e-02	-1.166533e-09	3.901057e-01
2.127660e-02	-1.307932e-09	3.932066e-01
2.125399e-02	-1.414016e-09	3.960353e-01
2.123142e-02	-1.484460e-09	3.986732e-01
2.120891e-02	-1.520712e-09	4.012232e-01
2.118644e-02	-1.525771e-09	4.037920e-01
2.116402e-02	-1.503818e-09	4.064696e-01
2.114165e-02	-1.459778e-09	4.093129e-01
2.111932e-02	-1.398848e-09	4.123334e-01
2.109705e-02	-1.326055e-09	4.154935e-01
2.107482e-02	-1.245868e-09	4.187128e-01
2.105263e-02	-1.161892e-09	4.218807e-01
2.103049e-02	-1.076651e-09	4.248759e-01
2.100840e-02	-9.914748e-10	4.275845e-01
2.098636e-02	-9.064885e-10	4.299134e-01
2.096436e-02	-8.207071e-10	4.317964e-01
2.094241e-02	-7.322356e-10	4.331937e-01
2.092050e-02	-6.385534e-10	4.340878e-01
2.089864e-02	-5.368628e-10	4.344805e-01
2.087683e-02	-4.244642e-10	4.343913e-01
2.085506e-02	-2.991047e-10	4.338590e-01
2.083333e-02	-1.592564e-10	4.329424e-01
2.081165e-02	-4.289005e-12	4.317188e-01
2.079002e-02	1.654769e-10	4.302791e-01
2.076843e-02	3.488345e-10	4.287201e-01
2.074689e-02	5.438411e-10	4.271352e-01
2.072539e-02	7.480258e-10	4.256065e-01
2.070393e-02	9.586133e-10	4.241980e-01
2.068252e-02	1.172734e-09	4.229529e-01
2.066116e-02	1.387605e-09	4.218932e-01
2.063983e-02	1.600661e-09	4.210216e-01
2.061856e-02	1.809643e-09	4.203256e-01
2.059732e-02	2.012648e-09	4.197824e-01
2.057613e-02	2.208137e-09	4.193639e-01
2.055498e-02	2.394926e-09	4.190414e-01
2.053388e-02	2.572159e-09	4.187895e-01
2.051282e-02	2.739265e-09	4.185884e-01
2.049180e-02	2.895916e-09	4.184246e-01
2.047083e-02	3.041983e-09	4.182891e-01
2.044990e-02	3.177488e-09	4.181756e-01
2.042901e-02	3.302566e-09	4.180762e-01
2.040816e-02	3.417422e-09	4.179787e-01
2.038736e-02	3.522311e-09	4.178638e-01
2.036660e-02	3.617508e-09	4.177049e-01
2.034588e-02	3.703308e-09	4.174695e-01
2.032520e-02	3.780024e-09	4.171229e-01
2.030457e-02	3.848005e-09	4.166323e-01
2.028398e-02	3.907655e-09	4.159710e-01
2.026342e-02	3.959463e-09	4.151208e-01
2.024291e-02	4.004025e-09	4.140724e-01
2.022245e-02	4.042070e-09	4.128239e-01
2.020202e-02	4.074465e-09	4.113786e-01
2.018163e-02	4.102217e-09	4.097425e-01
2.016129e-02	4.126449e-09	4.079234e-01
2.014099e-02	4.148372e-09	4.059320e-01
2.012072e-02	4.169229e-09	4.037835e-01
2.010050e-02	4.190246e-09	4.015006e-01
2.008032e-02	4.212571e-09	3.991152e-01
2.006018e-02	4.237229e-09	3.966693e-01
2.004008e-02	4.265081e-09	3.942135e-01
2.002002e-02	4.296805e-09	3.918040e-01
2.000000e-02	4.332885e-09	3.894983e-01
1.998002e-02	4.373617e-09	3.873502e-01
1.996008e-02	4.419120e-09	3.854050e-01
1.994018e-02	4.469341e-09	3.836950e-01
1.992032e-02	4.524067e-09	3.822356e-01
1.990050e-02	4.582920e-09	3.810235e-01
1.988072e-02	4.645355e-09	3.800346e-01
1.986097e-02	4.710665e-09	3.792266e-01
1.984127e-02	4.777981e-09	3.785420e-01
1.982161e-02	4.846301e-09	3.779151e-01
1.980198e-02	4.914532e-09	3.772800e-01
1.978239e-02	4.981558e-09	3.765793e-01
1.976285e-02	5.046305e-09	3.757704e-01
1.974334e-02	5.107825e-09	3.748291e-01
1.972387e-02	5.165352e-09	3.737499e-01
1.970443e-02	5.218351e-09	3.725423e-01
1.968504e-02	5.266523e-09	3.712263e-01
1.966568e-02	5.309809e-09	3.698279e-01
1.964637e-02	5.348352e-09	3.683753e-01
1.962709e-02	5.382464e-09	3.668966e-01
1.960784e-02	5.412577e-09	3.654197e-01
1.958864e-02	5.439206e-09	3.639721e-01
1.956947e-02	5.462907e-09	3.625825e-01
1.955034e-02	5.484253e-09	3.612810e-01
1.953125e-02	5.503809e-09	3.600998e-01
1.951220e-02	5.522124e-09	3.590742e-01
1.949318e-02	5.539725e-09	3.582419e-01
1.947420e-02	5.557115e-09	3.576434e-01
1.945525e-02	5.574780e-09	3.573219e-01
1.943635e-02	5.593194e-09	3.573232e-01
1.941748e-02	5.612828e-09	3.576968e-01
1.939864e-02	5.634158e-09	3.584954e-01
1.937984e-02	5.657673e-09	3.597764e-01
1.936108e-02	5.683871e-09	3.616010e-01
1.934236e-02	5.713264e-09	3.640345e-01
1.932367e-02	5.746355e-09	3.671430e-01
1.930502e-02	5.783612e-09	3.709884e-01
1.928640e-02	5.825416e-09	3.756192e-01
1.926782e-02	5.871992e-09	3.810561e-01
1.924928e-02	5.923302e-09	3.872733e-01
1.923077e-02	5.978928e-09	3.941767e-01
1.921230e-02	6.037942e-09	4.015864e-01
1.919386e-02	6.098798e-09	4.092311e-01
1.917546e-02	6.159282e-09	4.167684e-01
1.915709e-02	6.216554e-09	4.238358e-01
1.913876e-02	6.267311e-09	4.301265e-01
1.912046e-02	6.308052e-09	4.354701e-01
1.910220e-02	6.335405e-09	4.398825e-01
1.908397e-02	6.346439e-09	4.435603e-01
1.906578e-02	6.338917e-09	4.468129e-01
1.904762e-02	6.311449e-09	4.499515e-01
1.902950e-02	6.263564e-09	4.531723e-01
1.901141e-02	6.195693e-09	4.564746e-01
1.899335e-02	6.109093e-09	4.596455e-01
1.897533e-02	6.005687e-09	4.623278e-01
1.895735e-02	5.887823e-09	4.641524e-01
1.893939e-02	5.757943e-09	4.648868e-01
1.892148e-02	5.618267e-09	4.645336e-01
1.890359e-02	5.470552e-09	4.633340e-01
1.888574e-02	5.316050e-09	4.616772e-01
1.886792e-02	5.155689e-09	4.599590e-01
1.885014e-02	4.990461e-09	4.584474e-01
1.883239e-02	4.821881e-09	4.571988e-01
1.881468e-02	4.652375e-09	4.560496e-01
1.879699e-02	4.485426e-09	4.546838e-01
1.877934e-02	4.325360e-09	4.527577e-01
1.876173e-02	4.176807e-09	4.500340e-01
1.874414e-02	4.043976e-09	4.464757e-01
1.872659e-02	3.929961e-09	4.422639e-01
1.870907e-02	3.836277e-09	4.377459e-01
1.869159e-02	3.762693e-09	4.333497e-01
1.867414e-02	3.707352e-09	4.295031e-01
1.865672e-02	3.667080e-09	4.265830e-01
1.863933e-02	3.637790e-09	4.248952e-01
1.862197e-02	3.614918e-09	4.246715e-01
1.860465e-02	3.593883e-09	4.260708e-01
1.858736e-02	3.570594e-09	4.291667e-01
1.857010e-02	3.542044e-09	4.339171e-01
1.855288e-02	3.506964e-09	4.401205e-01
1.853568e-02	3.466402e-09	4.473824e-01
1.851852e-02	3.423929e-09	4.551255e-01
1.850139e-02	3.385202e-09	4.626646e-01
1.848429e-02	3.356793e-09	4.693273e-01
1.846722e-02	3.344651e-09	4.745744e-01
1.845018e-02	3.352798e-09	4.780865e-01
1.843318e-02	3.382765e-09	4.798186e-01
1.841621e-02	3.433885e-09	4.800150e-01
1.839926e-02	3.504073e-09	4.791593e-01
1.838235e-02	3.590622e-09	4.778511e-01
1.836547e-02	3.690579e-09	4.766406e-01
1.834862e-02	3.800554e-09	4.758788e-01
1.833181e-02	3.916095e-09	4.756283e-01
1.831502e-02	4.031018e-09	4.756727e-01
1.829826e-02	4.137200e-09	4.756428e-01
1.828154e-02	4.225229e-09	4.752218e-01
1.826484e-02	4.285777e-09	4.743257e-01
1.824818e-02	4.311179e-09	4.731543e-01
1.823154e-02	4.296563e-09	4.720952e-01
1.821494e-02	4.240232e-09	4.715580e-01
1.819836e-02	4.143393e-09	4.718311e-01
1.818182e-02	4.009512e-09	4.730108e-01
1.816530e-02	3.843572e-09	4.750097e-01
1.814882e-02	3.651371e-09	4.776208e-01
1.813237e-02	3.438923e-09	4.805953e-01
1.811594e-02	3.211997e-09	4.836820e-01
1.809955e-02	2.975822e-09	4.866025e-01
1.808318e-02	2.734984e-09	4.889905e-01
1.806685e-02	2.493457e-09	4.903743e-01
1.805054e-02	2.254694e-09	4.902608e-01
1.803427e-02	2.021677e-09	4.882981e-01
1.801802e-02	1.796920e-09	4.844142e-01
1.800180e-02	1.582447e-09	4.788364e-01
1.798561e-02	1.379795e-09	4.719855e-01
1.796945e-02	1.190057e-09	4.643264e-01
1.795332e-02	1.013939e-09	4.562579e-01
1.793722e-02	8.517980e-10	4.480779e-01
1.792115e-02	7.036436e-10	4.400036e-01
1.790510e-02	5.691135e-10	4.322101e-01
1.788909e-02	4.474456e-10	4.248582e-01
1.787310e-02	3.374696e-10	4.181047e-01
1.785714e-02	2.376303e-10	4.120990e-01
1.784121e-02	1.460353e-10	4.069785e-01
1.782531e-02	6.051501e-11	4.028677e-01
1.780944e-02	-2.132425e-11	3.998844e-01
1.779359e-02	-1.020650e-10	3.981517e-01
1.777778e-02	-1.844673e-10	3.978129e-01
1.776199e-02	-2.714783e-10	3.990466e-01
1.774623e-02	-3.662528e-10	4.020789e-01
1.773050e-02	-4.721648e-10	4.071875e-01
1.771479e-02	-5.927733e-10	4.146911e-01
1.769912e-02	-7.316996e-10	4.249116e-01
1.768347e-02	-8.923519e-10	4.380982e-01
1.766784e-02	-1.077454e-09	4.543029e-01
1.765225e-02	-1.288361e-09	4.732211e-01
1.763668e-02	-1.524269e-09	4.940478e-01
1.762115e-02	-1.781544e-09	5.154414e-01
1.760563e-02	-2.053498e-09	5.356863e-01
1.759015e-02	-2.330871e-09	5.530599e-01
1.757469e-02	-2.602996e-09	5.662739e-01
1.755926e-02	-2.859343e-09	5.747853e-01
1.754386e-02	-3.090911e-09	5.788304e-01
1.752848e-02	-3.291094e-09	5.791952e-01
1.751313e-02	-3.455886e-09	5.768686e-01
1.749781e-02	-3.583583e-09	5.727484e-01
1.748252e-02	-3.674242e-09	5.674884e-01
1.746725e-02	-3.729147e-09	5.614819e-01
1.745201e-02	-3.750398e-09	5.549258e-01
1.743679e-02	-3.740638e-09	5.479095e-01
1.742160e-02	-3.702883e-09	5.404893e-01
1.740644e-02	-3.640387e-09	5.327281e-01
1.739130e-02	-3.556518e-09	5.246974e-01
1.737619e-02	-3.454645e-09	5.164609e-01
1.736111e-02	-3.338030e-09	5.080627e-01
1.734605e-02	-3.209742e-09	4.995349e-01
1.733102e-02	-3.072602e-09	4.909224e-01
1.731602e-02	-2.929149e-09	4.823057e-01
1.730104e-02	-2.781627e-09	4.738080e-01
1.728608e-02	-2.631982e-09	4.655802e-01
1.727116e-02	-2.481862e-09	4.577730e-01
1.725626e-02	-2.332633e-09	4.505104e-01
1.724138e-02	-2.185385e-09	4.438726e-01
1.722653e-02	-2.040962e-09	4.378908e-01
1.721170e-02	-1.899985e-09	4.325538e-01
1.719690e-02	-1.762882e-09	4.278170e-01
1.718213e-02	-1.629921e-09	4.236144e-01
1.716738e-02	-1.501236e-09	4.198670e-01
1.715266e-02	-1.376849e-09	4.164915e-01
1.713796e-02	-1.256690e-09	4.134053e-01
1.712329e-02	-1.140608e-09	4.105318e-01
1.710864e-02	-1.028385e-09	4.078031e-01
1.709402e-02	-9.197540e-10	4.051619e-01
1.707942e-02	-8.144018e-10	4.025633e-01
1.706485e-02	-7.119888e-10	3.999755e-01
1.705030e-02	-6.121547e-10	3.973796e-01
1.703578e-02	-5.145327e-10	3.947695e-01
1.702128e-02	-4.187543e-10	3.921495e-01
1.700680e-02	-3.244599e-10	3.895334e-01
1.699235e-02	-2.313029e-10	3.869408e-01
1.697793e-02	-1.389544e-10	3.843952e-01
1.696353e-02	-4.710352e-11	3.819218e-01
1.694915e-02	4.453824e-11	3.795451e-01
1.693480e-02	1.362374e-10	3.772877e-01
1.692047e-02	2.282341e-10	3.751680e-01
1.690617e-02	3.207363e-10	3.731991e-01
1.689189e-02	4.139084e-10	3.713862e-01
1.687764e-02	5.078638e-10	3.697271e-01
1.686341e-02	6.026592e-10	3.682151e-01
1.684920e-02	6.983006e-10	3.668443e-01
1.683502e-02	7.947505e-10	3.656114e-01
1.682086e-02	8.919351e-10	3.645149e-01
1.680672e-02	9.897376e-10	3.635517e-01
1.679261e-02	1.087991e-09	3.627161e-01
1.677852e-02	1.186469e-09	3.619989e-01
1.676446e-02	1.284873e-09	3.613893e-01
1.675042e-02	1.382833e-09	3.608752e-01
1.673640e-02	1.479905e-09	3.604442e-01
1.672241e-02	1.575583e-09	3.600846e-01
1.670844e-02	1.669313e-09	3.597853e-01
1.669449e-02	1.760527e-09	3.595356e-01
1.668057e-02	1.848673e-09	3.593245e-01
1.666667e-02	1.933268e-09	3.591400e-01
1.665279e-02	2.013948e-09	3.589676e-01
1.663894e-02	2.090507e-09	3.587905e-01
1.662510e-02	2.162923e-09	3.585915e-01
1.661130e-02	2.231336e-09	3.583562e-01
1.659751e-02	2.295995e-09	3.580787e-01
1.658375e-02	2.357174e-09	3.577662e-01
1.657001e-02	2.415090e-09	3.574412e-01
1.655629e-02	2.469849e-09	3.571402e-01
1.654260e-02	2.521431e-09	3.569091e-01
1.652893e-02	2.569727e-09	3.567978e-01
1.651528e-02	2.614590e-09	3.568550e-01
1.650165e-02	2.655908e-09	3.571248e-01
1.648805e-02	2.693654e-09	3.576436e-01
1.647446e-02	2.727931e-09	3.584391e-01
1.646091e-02	2.758983e-09	3.595285e-01
1.644737e-02	2.787186e-09	3.609189e-01
1.643385e-02	2.813006e-09	3.626063e-01
1.642036e-02	2.836948e-09	3.645760e-01
1.640689e-02	2.859492e-09	3.668005e-01
1.639344e-02	2.881033e-09	3.692365e-01
1.638002e-02	2.901851e-09	3.718201e-01
1.636661e-02	2.922092e-09	3.744636e-01
1.635323e-02	2.941782e-09	3.770580e-01
1.633987e-02	2.960848e-09	3.794804e-01
1.632653e-02	2.979147e-09	3.816091e-01
1.631321e-02	2.996504e-09	3.833410e-01
1.629992e-02	3.012741e-09	3.846087e-01
1.628664e-02	3.027703e-09	3.853923e-01
1.627339e-02	3.041287e-09	3.857234e-01
1.626016e-02	3.053454e-09	3.856803e-01
1.624695e-02	3.064240e-09	3.853768e-01
1.623377e-02	3.073754e-09	3.849466e-01
1.622060e-02	3.082180e-09	3.845277e-01
1.620746e-02	3.089768e-09	3.842479e-01
1.619433e-02	3.096827e-09	3.842133e-01
1.618123e-02	3.103718e-09	3.845004e-01
1.616815e-02	3.110844e-09	3.851500e-01
1.615509e-02	3.118641e-09	3.861636e-01
1.614205e-02	3.127568e-09	3.875022e-01
1.612903e-02	3.138091e-09	3.890865e-01
1.611604e-02	3.150672e-09	3.908023e-01
1.610306e-02	3.165743e-09	3.925091e-01
1.609010e-02	3.183683e-09	3.940544e-01
1.607717e-02	3.204801e-09	3.952911e-01
1.606426e-02	3.229316e-09	3.960954e-01
1.605136e-02	3.257360e-09	3.963837e-01
1.603849e-02	3.288998e-09	3.961227e-01
1.602564e-02	3.324256e-09	3.953325e-01
1.601281e-02	3.363156e-09	3.940813e-01
1.600000e-02	3.405737e-09	3.924752e-01
1.598721e-02	3.452063e-09	3.906444e-01
1.597444e-02	3.502215e-09	3.887284e-01
1.596169e-02	3.556271e-09	3.868629e-01
1.594896e-02	3.614285e-09	3.851680e-01
1.593625e-02	3.676263e-09	3.837420e-01
1.592357e-02	3.744597e-09	4.889758e-01
1.591090e-02	3.813858e-09	5.522567e-01
1.589825e-02	3.886536e-09	5.084026e-01
1.588562e-02	3.962489e-09	4.766696e-01
1.587302e-02	4.041543e-09	4.537189e-01
1.586043e-02	4.123548e-09	4.372127e-01
1.584786e-02	4.208431e-09	4.255047e-01
1.583531e-02	4.296201e-09	4.174218e-01
1.582278e-02	4.386937e-09	4.121147e-01
1.581028e-02	4.480719e-09	4.089548e-01
1.579779e-02	4.577550e-09	4.074629e-01
1.578532e-02	4.677275e-09	4.072590e-01
1.577287e-02	4.779523e-09	4.080324e-01
1.576044e-02	4.883696e-09	4.095239e-01
1.574803e-02	4.988991e-09	4.115167e-01
1.573564e-02	5.094442e-09	4.138294e-01
1.572327e-02	5.198959e-09	4.163055e-01
1.571092e-02	5.301310e-09	4.187972e-01
1.569859e-02	5.400082e-09	4.211448e-01
1.568627e-02	5.493623e-09	4.231633e-01
1.567398e-02	5.580099e-09	4.246632e-01
1.566171e-02	5.657704e-09	4.255144e-01
1.564945e-02	5.724989e-09	4.257100e-01
1.563722e-02	5.781107e-09	4.253668e-01
1.562500e-02	5.825875e-09	4.246680e-01
1.561280e-02	5.859679e-09	4.238041e-01
1.560062e-02	5.883303e-09	4.229447e-01
1.558846e-02	5.897774e-09	4.222339e-01
1.557632e-02	5.904222e-09	4.217941e-01
1.556420e-02	5.903782e-09	4.217302e-01
1.555210e-02	5.897522e-09	4.221318e-01
1.554002e-02	5.886398e-09	4.230722e-01
1.552795e-02	5.871228e-09	4.246073e-01
1.551590e-02	5.852684e-09	4.267724e-01
1.550388e-02	5.831298e-09	4.295780e-01
1.549187e-02	5.807480e-09	4.330044e-01
1.547988e-02	5.781544e-09	4.369954e-01
1.546790e-02	5.753737e-09	4.414525e-01
1.545595e-02	5.724290e-09	4.462307e-01
1.544402e-02	5.693493e-09	4.511394e-01
1.543210e-02	5.661773e-09	4.559511e-01
1.542020e-02	5.629789e-09	4.604200e-01
1.540832e-02	5.598496e-09	4.643080e-01
1.539646e-02	5.569159e-09	4.674152e-01
1.538462e-02	5.543288e-09	4.696056e-01
1.537279e-02	5.522512e-09	4.708233e-01
1.536098e-02	5.508407e-09	4.710938e-01
1.534919e-02	5.502316e-09	4.705139e-01
1.533742e-02	5.505207e-09	4.692308e-01
1.532567e-02	5.517594e-09	4.674182e-01
1.531394e-02	5.539512e-09	4.652544e-01
1.530222e-02	5.570562e-09	4.629058e-01
1.529052e-02	5.609981e-09	4.605173e-01
1.527884e-02	5.656744e-09	4.582076e-01
1.526718e-02	5.709661e-09	4.560696e-01
1.525553e-02	5.777053e-09	5.723570e-01
1.524390e-02	5.838236e-09	6.404036e-01
1.523229e-02	5.903459e-09	5.912154e-01
1.522070e-02	5.971044e-09	5.553968e-01
1.520913e-02	6.039587e-09	5.292322e-01
1.519757e-02	6.107879e-09	5.100540e-01
1.518603e-02	6.174859e-09	4.959542e-01
1.517451e-02	6.280999e-09	7.065682e-01
1.516300e-02	6.332336e-09	6.408950e-01
1.515152e-02	6.381335e-09	5.943550e-01
1.514005e-02	6.427567e-09	5.605520e-01
1.512859e-02	6.470655e-09	5.359839e-01
1.511716e-02	6.510279e-09	5.181581e-01
1.510574e-02	6.546177e-09	5.052922e-01
1.509434e-02	6.578137e-09	4.961069e-01
1.508296e-02	6.605991e-09	4.896803e-01
1.507159e-02	6.629612e-09	4.853458e-01
1.506024e-02	6.648907e-09	4.826192e-01
1.504891e-02	6.663818e-09	4.811472e-01
1.503759e-02	6.674320e-09	4.806685e-01
1.502630e-02	6.680429e-09	4.809864e-01
1.501502e-02	6.682215e-09	4.819473e-01
1.500375e-02	6.679814e-09	4.834246e-01
1.499250e-02	6.673446e-09	4.853052e-01
1.498127e-02	6.663425e-09	4.874812e-01
1.497006e-02	6.650157e-09	4.898437e-01
1.495886e-02	6.634121e-09	4.922838e-01
1.494768e-02	6.615833e-09	4.946972e-01
1.493652e-02	6.595802e-09	4.969938e-01
1.492537e-02	6.574482e-09	4.991061e-01
1.491424e-02	6.552236e-09	5.009932e-01
1.490313e-02	6.529309e-09	5.026381e-01
1.489203e-02	6.505813e-09	5.040395e-01
1.488095e-02	6.481739e-09	5.052033e-01
1.486989e-02	6.456981e-09	5.061347e-01
1.485884e-02	6.431365e-09	5.068356e-01
1.484781e-02	6.404691e-09	5.073038e-01
1.483680e-02	6.376757e-09	5.075350e-01
1.482580e-02	6.347387e-09	5.075253e-01
1.481481e-02	6.316442e-09	5.072736e-01
1.480385e-02	6.283823e-09	5.067834e-01
1.479290e-02	6.249473e-09	5.060643e-01
1.478197e-02	6.213374e-09	5.051333e-01
1.477105e-02	6.175538e-09	5.040150e-01
1.476015e-02	6.136007e-09	5.027416e-01
1.474926e-02	6.094843e-09	5.013523e-01
1.473839e-02	6.052126e-09	4.998923e-01
1.472754e-02	6.007946e-09	4.984112e-01
1.471670e-02	5.962403e-09	4.969611e-01
1.470588e-02	5.915602e-09	4.955949e-01
1.469508e-02	5.867647e-09	4.943645e-01
1.468429e-02	5.818641e-09	4.933189e-01
1.467351e-02	5.768680e-09	4.925033e-01
1.466276e-02	5.717851e-09	4.919582e-01
1.465201e-02	5.666231e-09	4.917182e-01
1.464129e-02	5.613884e-09	4.918123e-01
1.463058e-02	5.560862e-09	4.922638e-01
1.461988e-02	5.507204e-09	4.930898e-01
1.460920e-02	5.452939e-09	4.943023e-01
1.459854e-02	5.398086e-09	4.959078e-01
1.458789e-02	5.342656e-09	4.979073e-01
1.457726e-02	5.286651e-09	5.002964e-01
1.456664e-02	5.230068e-09	5.030647e-01
1.455604e-02	5.172896e-09	5.061952e-01
1.454545e-02	5.115121e-09	5.096630e-01
1.453488e-02	5.056722e-09	5.134345e-01
1.452433e-02	4.997673e-09	5.174666e-01
1.451379e-02	4.937944e-09	5.217056e-01
1.450326e-02	4.877499e-09	5.260871e-01
1.449275e-02	4.816296e-09	5.305364e-01
1.448226e-02	4.754290e-09	5.349695e-01
1.447178e-02	4.691428e-09	5.392951e-01
1.446132e-02	4.627653e-09	5.434177e-01
1.445087e-02	4.562900e-09	5.472412e-01
1.444043e-02	4.497102e-09	5.506735e-01
1.443001e-02	4.430184e-09	5.536310e-01
1.441961e-02	4.362067e-09	5.560437e-01
1.440922e-02	4.292669e-09	5.578590e-01
1.439885e-02	4.221904e-09	5.590451e-01
1.438849e-02	4.149684e-09	5.595930e-01
1.437815e-02	4.075922e-09	5.595159e-01
1.436782e-02	4.000529e-09	5.588487e-01
1.435750e-02	3.923419e-09	5.576438e-01
1.434720e-02	3.844509e-09	5.559673e-01
1.433692e-02	3.763719e-09	5.538937e-01
1.432665e-02	3.680977e-09	5.515011e-01
1.431639e-02	3.596216e-09	5.488663e-01
1.430615e-02	3.509381e-09	5.460621e-01
1.429593e-02	3.420425e-09	5.431546e-01
1.428571e-02	3.329317e-09	5.402031e-01
1.427552e-02	3.236039e-09	5.372610e-01
1.426534e-02	3.140585e-09	5.343778e-01
1.425517e-02	3.042967e-09	5.316011e-01
1.424501e-02	2.943206e-09	5.289787e-01
1.423488e-02	2.841330e-09	5.265593e-01
1.422475e-02	2.737367e-09	5.243907e-01
1.421464e-02	2.631328e-09	5.225146e-01
1.420455e-02	2.523201e-09	5.209581e-01
1.419446e-02	2.412924e-09	5.197205e-01
1.418440e-02	2.300369e-09	5.187598e-01
1.417434e-02	2.185327e-09	5.179822e-01
1.416431e-02	2.067495e-09	5.172421e-01
1.415428e-02	1.946485e-09	5.163603e-01
1.414427e-02	1.821846e-09	5.151592e-01
1.413428e-02	1.693109e-09	5.135090e-01
1.412429e-02	1.559842e-09	5.113666e-01
1.411433e-02	1.421706e-09	5.087921e-01
1.410437e-02	1.278492e-09	5.059342e-01
1.409443e-02	1.130147e-09	5.029918e-01
1.408451e-02	9.767608e-10	5.001655e-01
1.407460e-02	8.185469e-10	4.976149e-01
1.406470e-02	6.558082e-10	4.954305e-01
1.405481e-02	4.889017e-10	4.936243e-01
1.404494e-02	3.182049e-10	4.921373e-01
1.403509e-02	1.440951e-10	4.908623e-01
1.402525e-02	-3.307134e-11	4.896749e-01
