# Finite Temperature Data for J1J2 Model
# Lx=6, Ly=6, J1=1.0000, J2=0.1250, Fz=0.0000, chi_max=130
# Columns: T | Sigmaz | Cv
# 
2.000000e+01	-9.937591e-10	4.282675e-02
1.000000e+01	3.103399e-08	1.634821e-01
6.666667e+00	8.875111e-08	3.495092e-01
5.000000e+00	1.271415e-07	5.878467e-01
4.000000e+00	1.398497e-07	8.652847e-01
3.333333e+00	1.281592e-07	1.168981e+00
2.857143e+00	9.602239e-08	1.486957e+00
2.500000e+00	4.748933e-08	1.808567e+00
2.222222e+00	-1.386318e-08	2.124849e+00
2.000000e+00	-8.841055e-08	2.428725e+00
1.818182e+00	-1.794356e-07	2.714963e+00
1.666667e+00	-2.860233e-07	2.980029e+00
1.538462e+00	-3.980479e-07	3.221957e+00
1.428571e+00	-4.999126e-07	3.440155e+00
1.333333e+00	-5.789348e-07	3.635131e+00
1.250000e+00	-6.305930e-07	3.808218e+00
1.176471e+00	-6.582678e-07	3.961318e+00
1.111111e+00	-6.694009e-07	4.096677e+00
1.052632e+00	-6.717543e-07	4.216683e+00
1.000000e+00	-6.717572e-07	4.323700e+00
9.523810e-01	-6.743443e-07	4.419994e+00
9.090909e-01	-6.832886e-07	4.507708e+00
8.695652e-01	-7.015023e-07	4.588838e+00
8.333333e-01	-7.311903e-07	4.665200e+00
8.000000e-01	-7.738955e-07	4.738414e+00
7.692308e-01	-8.304941e-07	4.809901e+00
7.407407e-01	-9.011898e-07	4.880877e+00
7.142857e-01	-9.855559e-07	4.952352e+00
6.896552e-01	-1.082651e-06	5.025133e+00
6.666667e-01	-1.191191e-06	5.099863e+00
6.451613e-01	-1.309722e-06	5.177067e+00
6.250000e-01	-1.436760e-06	5.257182e+00
6.060606e-01	-1.570852e-06	5.340585e+00
5.882353e-01	-1.710600e-06	5.427595e+00
5.714286e-01	-1.854620e-06	5.518486e+00
5.555556e-01	-2.001482e-06	5.613485e+00
5.405405e-01	-2.149634e-06	5.712781e+00
5.263158e-01	-2.297341e-06	5.816513e+00
5.128205e-01	-2.442641e-06	5.924767e+00
5.000000e-01	-2.583375e-06	6.037551e+00
4.878049e-01	-2.717274e-06	6.154789e+00
4.761905e-01	-2.842127e-06	6.276317e+00
4.651163e-01	-2.955982e-06	6.401907e+00
4.545455e-01	-3.057338e-06	6.531299e+00
4.444444e-01	-3.145276e-06	6.664240e+00
4.347826e-01	-3.219504e-06	6.800519e+00
4.255319e-01	-3.280336e-06	6.939989e+00
4.166667e-01	-3.328624e-06	7.082580e+00
4.081633e-01	-3.365671e-06	7.228292e+00
4.000000e-01	-3.393140e-06	7.377185e+00
3.921569e-01	-3.412950e-06	7.529362e+00
3.846154e-01	-3.427178e-06	7.684963e+00
3.773585e-01	-3.437948e-06	7.844148e+00
3.703704e-01	-3.447325e-06	8.007100e+00
3.636364e-01	-3.457214e-06	8.174007e+00
3.571429e-01	-3.469260e-06	8.345056e+00
3.508772e-01	-3.484767e-06	8.520405e+00
3.448276e-01	-3.504642e-06	8.700162e+00
3.389831e-01	-3.529350e-06	8.884352e+00
3.333333e-01	-3.558881e-06	9.072900e+00
3.278689e-01	-3.592706e-06	9.265623e+00
3.225806e-01	-3.629731e-06	9.462248e+00
3.174603e-01	-3.668287e-06	9.662436e+00
3.125000e-01	-3.706198e-06	9.865795e+00
3.076923e-01	-3.740935e-06	1.007191e+01
3.030303e-01	-3.769830e-06	1.028038e+01
2.985075e-01	-3.790293e-06	1.049084e+01
2.941176e-01	-3.799978e-06	1.070301e+01
2.898551e-01	-3.796891e-06	1.091669e+01
2.857143e-01	-3.779451e-06	1.113172e+01
2.816901e-01	-3.746502e-06	1.134794e+01
2.777778e-01	-3.697314e-06	1.156524e+01
2.739726e-01	-3.631552e-06	1.178347e+01
2.702703e-01	-3.549242e-06	1.200252e+01
2.666667e-01	-3.450720e-06	1.222228e+01
2.631579e-01	-3.336579e-06	1.244260e+01
2.597403e-01	-3.207594e-06	1.266335e+01
2.564103e-01	-3.064635e-06	1.288433e+01
2.531646e-01	-2.908562e-06	1.310535e+01
2.500000e-01	-2.740131e-06	1.332621e+01
2.469136e-01	-2.559940e-06	1.354672e+01
2.439024e-01	-2.368418e-06	1.376674e+01
2.409639e-01	-2.165865e-06	1.398611e+01
2.380952e-01	-1.952515e-06	1.420471e+01
2.352941e-01	-1.728599e-06	1.442235e+01
2.325581e-01	-1.494393e-06	1.463887e+01
2.298851e-01	-1.250256e-06	1.485406e+01
2.272727e-01	-9.966450e-07	1.506773e+01
2.247191e-01	-7.341278e-07	1.527967e+01
2.222222e-01	-4.633910e-07	1.548967e+01
2.197802e-01	-1.852510e-07	1.569748e+01
2.173913e-01	9.932833e-08	1.590277e+01
2.150538e-01	3.892125e-07	1.610515e+01
2.127660e-01	6.830730e-07	1.630417e+01
2.105263e-01	9.793706e-07	1.649939e+01
2.083333e-01	1.276354e-06	1.669044e+01
2.061856e-01	1.572079e-06	1.687704e+01
2.040816e-01	1.864455e-06	1.705899e+01
2.020202e-01	2.151312e-06	1.723613e+01
2.000000e-01	2.430486e-06	1.740826e+01
1.980198e-01	2.699906e-06	1.757522e+01
1.960784e-01	2.957679e-06	1.773680e+01
1.941748e-01	3.202142e-06	1.789283e+01
1.923077e-01	3.431905e-06	1.804318e+01
1.904762e-01	3.645852e-06	1.818772e+01
1.886792e-01	3.843129e-06	1.832639e+01
1.869159e-01	4.023117e-06	1.845911e+01
1.851852e-01	4.185391e-06	1.858578e+01
1.834862e-01	4.329681e-06	1.870628e+01
1.818182e-01	4.455838e-06	1.882045e+01
1.801802e-01	4.563798e-06	1.892807e+01
1.785714e-01	4.653577e-06	1.902890e+01
1.769912e-01	4.725263e-06	1.912270e+01
1.754386e-01	4.779041e-06	1.920922e+01
1.739130e-01	4.815209e-06	1.928826e+01
1.724138e-01	4.834197e-06	1.935963e+01
1.709402e-01	4.836584e-06	1.942317e+01
1.694915e-01	4.823092e-06	1.947879e+01
1.680672e-01	4.794589e-06	1.952643e+01
1.666667e-01	4.752071e-06	1.956611e+01
1.652893e-01	4.696647e-06	1.959790e+01
1.639344e-01	4.629522e-06	1.962197e+01
1.626016e-01	4.551979e-06	1.963854e+01
1.612903e-01	4.465354e-06	1.964791e+01
1.600000e-01	4.371023e-06	1.965039e+01
1.587302e-01	4.270372e-06	1.964635e+01
1.574803e-01	4.164772e-06	1.963616e+01
1.562500e-01	4.055544e-06	1.962017e+01
1.550388e-01	3.943925e-06	1.959873e+01
1.538462e-01	3.831027e-06	1.957212e+01
1.526718e-01	3.717809e-06	1.954055e+01
1.515152e-01	3.605062e-06	1.950407e+01
1.503759e-01	3.493412e-06	1.946254e+01
1.492537e-01	3.383350e-06	1.941564e+01
1.481481e-01	3.275271e-06	1.936287e+01
1.470588e-01	3.169532e-06	1.930371e+01
1.459854e-01	3.066493e-06	1.923787e+01
1.449275e-01	2.966541e-06	1.916552e+01
1.438849e-01	2.870100e-06	1.908727e+01
1.428571e-01	2.777621e-06	1.900394e+01
1.418440e-01	2.689585e-06	1.891623e+01
1.408451e-01	2.606493e-06	1.882435e+01
1.398601e-01	2.528850e-06	1.872805e+01
1.388889e-01	2.457119e-06	1.862677e+01
1.379310e-01	2.391654e-06	1.851993e+01
1.369863e-01	2.332650e-06	1.840672e+01
1.360544e-01	2.280101e-06	1.828594e+01
1.351351e-01	2.233788e-06	1.815618e+01
1.342282e-01	2.193314e-06	1.801652e+01
1.333333e-01	2.158167e-06	1.786715e+01
1.324503e-01	2.127772e-06	1.770955e+01
1.315789e-01	2.101518e-06	1.754599e+01
1.307190e-01	2.078762e-06	1.737893e+01
1.298701e-01	2.058829e-06	1.721051e+01
1.290323e-01	2.041019e-06	1.704240e+01
1.282051e-01	2.024607e-06	1.687559e+01
1.273885e-01	2.008853e-06	1.671042e+01
1.265823e-01	1.993008e-06	1.654655e+01
1.257862e-01	1.976352e-06	1.638306e+01
1.250000e-01	1.958246e-06	1.621856e+01
1.242236e-01	1.938178e-06	1.605130e+01
1.234568e-01	1.915797e-06	1.587942e+01
1.226994e-01	1.890904e-06	1.570135e+01
1.219512e-01	1.863407e-06	1.551597e+01
1.212121e-01	1.833286e-06	1.532243e+01
1.204819e-01	1.800563e-06	1.511984e+01
1.197605e-01	1.765295e-06	1.490684e+01
1.190476e-01	1.727584e-06	1.468138e+01
1.183432e-01	1.687567e-06	1.444126e+01
1.176471e-01	1.645408e-06	1.418541e+01
1.169591e-01	1.601298e-06	1.391499e+01
1.162791e-01	1.555457e-06	1.363324e+01
1.156069e-01	1.508135e-06	1.334438e+01
1.149425e-01	1.459606e-06	1.305245e+01
1.142857e-01	1.410164e-06	1.276076e+01
1.136364e-01	1.360107e-06	1.247172e+01
1.129944e-01	1.309732e-06	1.218696e+01
1.123596e-01	1.259324e-06	1.190754e+01
1.117318e-01	1.209151e-06	1.163409e+01
1.111111e-01	1.159460e-06	1.136696e+01
1.104972e-01	1.110469e-06	1.110629e+01
1.098901e-01	1.062373e-06	1.085210e+01
1.092896e-01	1.015333e-06	1.060428e+01
1.086957e-01	9.694870e-07	1.036267e+01
1.081081e-01	9.249400e-07	1.012705e+01
1.075269e-01	8.817719e-07	9.897145e+00
1.069519e-01	8.400364e-07	9.672686e+00
1.063830e-01	7.997636e-07	9.453406e+00
1.058201e-01	7.609630e-07	9.239068e+00
1.052632e-01	7.236266e-07	9.029472e+00
1.047120e-01	6.877323e-07	8.824465e+00
1.041667e-01	6.532469e-07	8.623930e+00
1.036269e-01	6.201286e-07	8.427783e+00
1.030928e-01	5.883291e-07	8.235966e+00
1.025641e-01	5.577955e-07	8.048444e+00
1.020408e-01	5.284711e-07	7.865203e+00
1.015228e-01	5.002964e-07	7.686249e+00
1.010101e-01	4.732103e-07	7.511595e+00
1.005025e-01	4.471505e-07	7.341235e+00
1.000000e-01	4.220544e-07	7.175098e+00
9.950249e-02	3.978610e-07	7.012998e+00
9.900990e-02	3.745124e-07	6.854628e+00
9.852217e-02	3.519577e-07	6.699638e+00
9.803922e-02	3.301564e-07	6.547758e+00
9.756098e-02	3.090799e-07	6.398841e+00
9.708738e-02	2.887100e-07	6.252840e+00
9.661836e-02	2.690353e-07	6.109777e+00
9.615385e-02	2.500468e-07	5.969727e+00
9.569378e-02	2.317365e-07	5.832793e+00
9.523810e-02	2.140971e-07	5.699050e+00
9.478673e-02	1.971243e-07	5.568510e+00
9.433962e-02	1.808181e-07	5.441104e+00
9.389671e-02	1.651827e-07	5.316701e+00
9.345794e-02	1.502240e-07	5.195127e+00
9.302326e-02	1.359463e-07	5.076200e+00
9.259259e-02	1.223474e-07	4.959768e+00
9.216590e-02	1.094172e-07	4.845735e+00
9.174312e-02	9.713777e-08	4.734068e+00
9.132420e-02	8.548602e-08	4.624796e+00
9.090909e-02	7.443629e-08	4.517983e+00
9.049774e-02	6.396279e-08	4.413705e+00
9.009009e-02	5.404124e-08	4.312020e+00
8.968610e-02	4.464992e-08	4.212957e+00
8.928571e-02	3.577025e-08	4.116510e+00
8.888889e-02	2.738712e-08	4.022645e+00
8.849558e-02	1.948878e-08	3.931310e+00
8.810573e-02	1.206657e-08	3.842437e+00
8.771930e-02	5.114366e-09	3.755953e+00
8.733624e-02	-1.371955e-09	3.671783e+00
8.695652e-02	-7.395144e-09	3.589859e+00
8.658009e-02	-1.295706e-08	3.510121e+00
8.620690e-02	-1.805907e-08	3.432522e+00
8.583691e-02	-2.270248e-08	3.357030e+00
8.547009e-02	-2.688882e-08	3.283623e+00
8.510638e-02	-3.062046e-08	3.212290e+00
8.474576e-02	-3.390118e-08	3.143027e+00
8.438819e-02	-3.673714e-08	3.075834e+00
8.403361e-02	-3.913788e-08	3.010718e+00
8.368201e-02	-4.111719e-08	2.947698e+00
8.333333e-02	-4.269383e-08	2.886793e+00
8.298755e-02	-4.389195e-08	2.828025e+00
8.264463e-02	-4.474118e-08	2.771408e+00
8.230453e-02	-4.527664e-08	2.716949e+00
8.196721e-02	-4.553873e-08	2.664643e+00
8.163265e-02	-4.557279e-08	2.614471e+00
8.130081e-02	-4.542864e-08	2.566390e+00
8.097166e-02	-4.515991e-08	2.520328e+00
8.064516e-02	-4.482315e-08	2.476192e+00
8.032129e-02	-4.447632e-08	2.433884e+00
8.000000e-02	-4.417687e-08	2.393316e+00
7.968127e-02	-4.397935e-08	2.354428e+00
7.936508e-02	-4.393272e-08	2.317186e+00
7.905138e-02	-4.407784e-08	2.281582e+00
7.874016e-02	-4.444524e-08	2.247629e+00
7.843137e-02	-4.505363e-08	2.215351e+00
7.812500e-02	-4.590904e-08	2.184785e+00
7.782101e-02	-4.700480e-08	2.155970e+00
7.751938e-02	-4.832206e-08	2.128947e+00
7.722008e-02	-4.983083e-08	2.103745e+00
7.692308e-02	-5.293949e-08	2.560908e+00
7.662835e-02	-5.354160e-08	2.458849e+00
7.633588e-02	-5.374115e-08	2.371394e+00
7.604563e-02	-5.361812e-08	2.298867e+00
7.575758e-02	-5.417526e-08	2.733677e+00
7.547170e-02	-5.527612e-08	2.857973e+00
7.518797e-02	-5.245628e-08	3.446520e+00
7.490637e-02	-5.366494e-08	3.400400e+00
7.462687e-02	-5.472053e-08	3.354155e+00
7.434944e-02	-5.693059e-08	3.729746e+00
7.407407e-02	-5.776268e-08	3.634174e+00
7.380074e-02	-5.850808e-08	3.350479e+00
7.352941e-02	-5.911008e-08	3.119823e+00
7.326007e-02	-5.953438e-08	2.931301e+00
7.299270e-02	-6.131206e-08	2.992907e+00
7.272727e-02	-6.129232e-08	3.040210e+00
7.246377e-02	-6.099430e-08	2.865533e+00
7.220217e-02	-6.045563e-08	2.722979e+00
7.194245e-02	-5.971474e-08	2.606333e+00
7.168459e-02	-5.860868e-08	2.739430e+00
7.142857e-02	-5.781471e-08	3.302357e+00
7.117438e-02	-5.711995e-08	3.090271e+00
7.092199e-02	-5.769925e-08	3.156314e+00
7.067138e-02	-5.693786e-08	3.203210e+00
7.042254e-02	-5.627243e-08	3.480172e+00
7.017544e-02	-5.545966e-08	3.248953e+00
6.993007e-02	-5.366230e-08	3.298538e+00
6.968641e-02	-5.269008e-08	3.336897e+00
6.944444e-02	-5.166638e-08	3.128645e+00
6.920415e-02	-5.106673e-08	3.703636e+00
6.896552e-02	-4.907163e-08	3.938800e+00
6.872852e-02	-4.713015e-08	3.869505e+00
6.849315e-02	-4.483384e-08	3.572108e+00
6.825939e-02	-4.217717e-08	3.329191e+00
6.802721e-02	-3.915363e-08	3.129452e+00
6.779661e-02	-3.575820e-08	2.964168e+00
6.756757e-02	-3.198956e-08	2.826562e+00
6.734007e-02	-2.785190e-08	2.711338e+00
6.711409e-02	-2.335660e-08	2.614325e+00
6.688963e-02	-1.852335e-08	2.532216e+00
6.666667e-02	-1.338099e-08	2.462366e+00
6.644518e-02	-7.967730e-09	2.402650e+00
6.622517e-02	-2.330767e-09	2.351344e+00
6.600660e-02	3.474599e-09	2.307047e+00
6.578947e-02	9.386396e-09	2.268609e+00
6.557377e-02	1.533776e-08	2.235085e+00
6.535948e-02	2.125896e-08	2.205690e+00
6.514658e-02	2.707956e-08	2.179763e+00
6.493506e-02	3.273059e-08	2.156745e+00
6.472492e-02	3.814676e-08	2.136146e+00
6.451613e-02	4.326851e-08	2.117539e+00
6.430868e-02	4.804380e-08	2.100536e+00
6.410256e-02	5.242959e-08	2.084787e+00
6.389776e-02	5.639272e-08	2.069980e+00
6.369427e-02	5.991025e-08	2.055837e+00
6.349206e-02	6.296911e-08	2.042124e+00
6.329114e-02	6.556512e-08	2.028654e+00
6.309148e-02	6.770162e-08	2.015288e+00
6.289308e-02	6.938778e-08	2.001935e+00
6.269592e-02	7.063677e-08	1.988544e+00
6.250000e-02	7.146402e-08	1.975099e+00
6.230530e-02	7.188570e-08	1.961607e+00
6.211180e-02	7.191744e-08	1.948096e+00
6.191950e-02	7.157347e-08	1.934613e+00
6.172840e-02	7.086621e-08	1.921220e+00
6.153846e-02	6.980620e-08	1.908005e+00
6.134969e-02	6.840247e-08	1.895074e+00
6.116208e-02	6.666317e-08	1.882558e+00
6.097561e-02	6.459645e-08	1.870606e+00
6.079027e-02	6.221136e-08	1.859377e+00
6.060606e-02	5.951882e-08	1.849031e+00
6.042296e-02	5.653239e-08	1.839723e+00
6.024096e-02	5.326886e-08	1.831588e+00
6.006006e-02	4.974856e-08	1.824738e+00
5.988024e-02	4.599541e-08	1.819251e+00
5.970149e-02	4.203667e-08	1.815170e+00
5.952381e-02	3.790245e-08	1.812492e+00
5.934718e-02	3.362510e-08	1.811172e+00
5.917160e-02	2.923841e-08	1.811113e+00
5.899705e-02	2.477674e-08	1.812175e+00
5.882353e-02	2.027413e-08	1.814174e+00
5.865103e-02	1.576340e-08	1.816896e+00
5.847953e-02	1.127542e-08	1.820110e+00
5.830904e-02	6.838422e-09	1.823581e+00
5.813953e-02	2.477590e-09	1.827089e+00
5.797101e-02	-1.785172e-09	1.830442e+00
5.780347e-02	-5.931219e-09	1.833481e+00
5.763689e-02	-9.944946e-09	1.836081e+00
5.747126e-02	-1.381341e-08	1.838154e+00
5.730659e-02	-1.752588e-08	1.839641e+00
5.714286e-02	-2.107332e-08	1.840508e+00
5.698006e-02	-2.444794e-08	1.840737e+00
5.681818e-02	-2.764282e-08	1.840329e+00
5.665722e-02	-3.065158e-08	1.839290e+00
5.649718e-02	-3.346825e-08	1.837639e+00
5.633803e-02	-3.608715e-08	1.835398e+00
5.617978e-02	-3.850291e-08	1.832596e+00
5.602241e-02	-4.071054e-08	1.829263e+00
5.586592e-02	-4.270555e-08	1.825424e+00
5.571031e-02	-4.448408e-08	1.821100e+00
5.555556e-02	-4.604305e-08	1.816300e+00
5.540166e-02	-4.738034e-08	1.811022e+00
5.524862e-02	-4.849491e-08	1.805247e+00
5.509642e-02	-4.938692e-08	1.798947e+00
5.494505e-02	-5.005784e-08	1.792083e+00
5.479452e-02	-5.051053e-08	1.784611e+00
5.464481e-02	-5.074931e-08	1.776484e+00
5.449591e-02	-5.078005e-08	1.767655e+00
5.434783e-02	-5.061020e-08	1.758079e+00
5.420054e-02	-5.024886e-08	1.747708e+00
5.405405e-02	-4.970681e-08	1.736496e+00
5.390836e-02	-4.899654e-08	1.724394e+00
5.376344e-02	-4.813213e-08	1.711352e+00
5.361930e-02	-4.712918e-08	1.697327e+00
5.347594e-02	-4.600461e-08	1.682282e+00
5.333333e-02	-4.477640e-08	1.666197e+00
5.319149e-02	-4.346335e-08	1.649067e+00
5.305040e-02	-4.208474e-08	1.630900e+00
5.291005e-02	-4.066007e-08	1.611721e+00
5.277045e-02	-3.920870e-08	1.591577e+00
5.263158e-02	-3.774952e-08	1.570536e+00
5.249344e-02	-3.630069e-08	1.548692e+00
5.235602e-02	-3.487924e-08	1.526160e+00
5.221932e-02	-3.350082e-08	1.503065e+00
5.208333e-02	-3.217931e-08	1.479527e+00
5.194805e-02	-3.092657e-08	1.455655e+00
5.181347e-02	-2.975212e-08	1.431530e+00
5.167959e-02	-2.866295e-08	1.407212e+00
5.154639e-02	-2.766334e-08	1.382734e+00
5.141388e-02	-2.675477e-08	1.358114e+00
5.128205e-02	-2.593601e-08	1.333359e+00
5.115090e-02	-2.520324e-08	1.308477e+00
5.102041e-02	-2.455035e-08	1.283477e+00
5.089059e-02	-2.396929e-08	1.258382e+00
5.076142e-02	-2.345057e-08	1.233223e+00
5.063291e-02	-2.298374e-08	1.208051e+00
5.050505e-02	-2.255797e-08	1.182927e+00
5.037783e-02	-2.216261e-08	1.157929e+00
5.025126e-02	-2.178768e-08	1.133148e+00
5.012531e-02	-2.142436e-08	1.108681e+00
5.000000e-02	-2.106530e-08	1.084632e+00
4.987531e-02	-2.070496e-08	1.061104e+00
4.975124e-02	-2.033970e-08	1.038197e+00
4.962779e-02	-1.996789e-08	1.015999e+00
4.950495e-02	-1.958987e-08	9.945881e-01
4.938272e-02	-1.920789e-08	9.740228e-01
4.926108e-02	-1.882593e-08	9.543414e-01
4.914005e-02	-1.844953e-08	9.355589e-01
4.901961e-02	-1.808559e-08	9.176655e-01
4.889976e-02	-1.774213e-08	9.006273e-01
4.878049e-02	-1.742798e-08	8.843879e-01
4.866180e-02	-1.715250e-08	8.688718e-01
4.854369e-02	-1.692521e-08	8.539905e-01
4.842615e-02	-1.675545e-08	8.396485e-01
4.830918e-02	-1.665196e-08	8.257504e-01
4.819277e-02	-1.662254e-08	8.122081e-01
4.807692e-02	-1.667375e-08	7.989455e-01
4.796163e-02	-1.681060e-08	7.859025e-01
4.784689e-02	-1.703645e-08	7.730361e-01
4.773270e-02	-1.735291e-08	7.603201e-01
4.761905e-02	-1.775989e-08	7.477426e-01
4.750594e-02	-1.825570e-08	7.353030e-01
4.739336e-02	-1.883725e-08	7.230090e-01
4.728132e-02	-1.950027e-08	7.108729e-01
4.716981e-02	-2.023959e-08	6.989095e-01
4.705882e-02	-2.104938e-08	6.871339e-01
4.694836e-02	-2.192345e-08	6.755605e-01
4.683841e-02	-2.285546e-08	6.642022e-01
4.672897e-02	-2.383917e-08	6.530705e-01
4.662005e-02	-2.486856e-08	6.421750e-01
4.651163e-02	-2.593798e-08	6.315246e-01
4.640371e-02	-2.704221e-08	6.211267e-01
4.629630e-02	-2.817654e-08	6.109880e-01
4.618938e-02	-2.933669e-08	6.011147e-01
4.608295e-02	-3.051888e-08	5.915123e-01
4.597701e-02	-3.171969e-08	5.821857e-01
4.587156e-02	-3.293605e-08	5.731395e-01
4.576659e-02	-3.416517e-08	5.643778e-01
4.566210e-02	-3.540448e-08	5.559040e-01
4.555809e-02	-3.665153e-08	5.477208e-01
4.545455e-02	-3.790403e-08	5.398308e-01
4.535147e-02	-3.915974e-08	5.322364e-01
4.524887e-02	-4.041650e-08	5.249403e-01
4.514673e-02	-4.167221e-08	5.179454e-01
4.504505e-02	-4.292488e-08	5.112556e-01
4.494382e-02	-4.417261e-08	5.048747e-01
4.484305e-02	-4.541362e-08	4.988070e-01
4.474273e-02	-4.664628e-08	4.930564e-01
4.464286e-02	-4.786909e-08	4.876269e-01
4.454343e-02	-4.908073e-08	4.825225e-01
4.444444e-02	-5.028005e-08	4.777474e-01
4.434590e-02	-5.146608e-08	4.733059e-01
4.424779e-02	-5.263803e-08	4.692033e-01
4.415011e-02	-5.379529e-08	4.654458e-01
4.405286e-02	-5.493747e-08	4.620410e-01
4.395604e-02	-5.606432e-08	4.589983e-01
4.385965e-02	-5.717580e-08	4.563293e-01
4.376368e-02	-5.827202e-08	4.540480e-01
4.366812e-02	-5.935330e-08	4.521714e-01
4.357298e-02	-6.042007e-08	4.507194e-01
4.347826e-02	-6.147297e-08	4.497153e-01
4.338395e-02	-6.251274e-08	4.491858e-01
4.329004e-02	-6.354029e-08	4.491606e-01
4.319654e-02	-6.455664e-08	4.496721e-01
4.310345e-02	-6.556290e-08	4.507550e-01
4.301075e-02	-6.656027e-08	4.524446e-01
4.291845e-02	-6.754995e-08	4.547759e-01
4.282655e-02	-6.853314e-08	4.577809e-01
4.273504e-02	-6.951092e-08	4.614871e-01
4.264392e-02	-7.048421e-08	4.659134e-01
4.255319e-02	-7.145365e-08	4.710680e-01
4.246285e-02	-7.241952e-08	4.769442e-01
4.237288e-02	-7.338163e-08	4.835179e-01
4.228330e-02	-7.433923e-08	4.907449e-01
4.219409e-02	-7.529096e-08	4.985597e-01
4.210526e-02	-7.623478e-08	5.068765e-01
4.201681e-02	-7.716797e-08	5.155914e-01
4.192872e-02	-7.808719e-08	5.245877e-01
4.184100e-02	-7.898852e-08	5.337435e-01
4.175365e-02	-7.986762e-08	5.429403e-01
4.166667e-02	-8.071987e-08	5.520734e-01
4.158004e-02	-8.154055e-08	5.610605e-01
4.149378e-02	-8.232502e-08	5.698499e-01
4.140787e-02	-8.306887e-08	5.784245e-01
4.132231e-02	-8.376811e-08	5.868029e-01
4.123711e-02	-8.441923e-08	5.950361e-01
4.115226e-02	-8.501930e-08	6.032025e-01
4.106776e-02	-8.556603e-08	6.113998e-01
4.098361e-02	-8.605776e-08	6.197375e-01
4.089980e-02	-8.649344e-08	6.283288e-01
4.081633e-02	-8.687260e-08	6.372845e-01
4.073320e-02	-8.719528e-08	6.467055e-01
4.065041e-02	-8.746197e-08	6.566775e-01
4.056795e-02	-8.767350e-08	6.672642e-01
4.048583e-02	-8.783096e-08	6.785013e-01
4.040404e-02	-8.793562e-08	6.903903e-01
4.032258e-02	-8.798883e-08	7.028928e-01
4.024145e-02	-8.799199e-08	7.159247e-01
4.016064e-02	-8.794646e-08	7.293512e-01
4.008016e-02	-8.785356e-08	7.429826e-01
4.000000e-02	-8.771456e-08	7.565731e-01
3.992016e-02	-8.753065e-08	7.698235e-01
3.984064e-02	-8.730295e-08	7.823910e-01
3.976143e-02	-8.703251e-08	7.939076e-01
3.968254e-02	-8.672028e-08	8.040067e-01
3.960396e-02	-8.636712e-08	8.123561e-01
3.952569e-02	-8.597371e-08	8.186931e-01
3.944773e-02	-8.554060e-08	8.228545e-01
3.937008e-02	-8.506814e-08	8.247978e-01
3.929273e-02	-8.455649e-08	8.246078e-01
3.921569e-02	-8.400561e-08	8.224885e-01
3.913894e-02	-8.341530e-08	8.187434e-01
3.906250e-02	-8.278517e-08	8.137482e-01
3.898635e-02	-8.211476e-08	8.079217e-01
3.891051e-02	-8.140350e-08	8.016989e-01
3.883495e-02	-8.065080e-08	7.955086e-01
3.875969e-02	-7.985613e-08	7.897565e-01
3.868472e-02	-7.901902e-08	7.848117e-01
3.861004e-02	-7.813915e-08	7.809976e-01
3.853565e-02	-7.721647e-08	7.785841e-01
3.846154e-02	-7.625117e-08	7.777824e-01
3.838772e-02	-7.524384e-08	7.787408e-01
3.831418e-02	-7.419546e-08	7.815417e-01
3.824092e-02	-7.310748e-08	7.861974e-01
3.816794e-02	-7.198180e-08	7.926448e-01
3.809524e-02	-7.082076e-08	8.007353e-01
3.802281e-02	-6.962714e-08	8.102228e-01
3.795066e-02	-6.840403e-08	8.207491e-01
3.787879e-02	-6.715484e-08	8.318365e-01
3.780718e-02	-6.588323e-08	8.428926e-01
3.773585e-02	-6.459312e-08	8.532405e-01
3.766478e-02	-6.328870e-08	8.621793e-01
3.759398e-02	-6.197443e-08	8.690712e-01
3.752345e-02	-6.065504e-08	8.734404e-01
3.745318e-02	-5.933530e-08	8.750546e-01
3.738318e-02	-5.801970e-08	8.739612e-01
3.731343e-02	-5.671197e-08	8.704632e-01
3.724395e-02	-5.541450e-08	8.650375e-01
3.717472e-02	-5.412778e-08	8.582244e-01
3.710575e-02	-5.285002e-08	8.505187e-01
3.703704e-02	-5.157704e-08	8.422947e-01
3.696858e-02	-5.030242e-08	8.337795e-01
3.690037e-02	-4.901826e-08	8.250771e-01
3.683241e-02	-4.771623e-08	8.162259e-01
3.676471e-02	-4.638894e-08	8.072608e-01
3.669725e-02	-4.503144e-08	7.982499e-01
3.663004e-02	-4.364242e-08	7.892889e-01
3.656307e-02	-4.222503e-08	7.804611e-01
3.649635e-02	-4.078702e-08	7.717891e-01
3.642987e-02	-3.934022e-08	7.632137e-01
3.636364e-02	-3.789957e-08	7.546165e-01
3.629764e-02	-3.648180e-08	7.458831e-01
3.623188e-02	-3.510391e-08	7.369800e-01
3.616637e-02	-3.378184e-08	7.280145e-01
3.610108e-02	-3.252929e-08	7.192509e-01
3.603604e-02	-3.135691e-08	7.110782e-01
3.597122e-02	-3.027176e-08	7.039409e-01
3.590664e-02	-2.927706e-08	6.982547e-01
3.584229e-02	-2.837222e-08	6.943317e-01
3.577818e-02	-2.755302e-08	6.923300e-01
3.571429e-02	-2.681209e-08	6.922386e-01
3.565062e-02	-2.613962e-08	6.938947e-01
3.558719e-02	-2.552428e-08	6.970247e-01
3.552398e-02	-2.495432e-08	7.012927e-01
3.546099e-02	-2.441873e-08	7.063383e-01
3.539823e-02	-2.390822e-08	7.117918e-01
3.533569e-02	-2.341599e-08	7.172638e-01
3.527337e-02	-2.293816e-08	7.223236e-01
3.521127e-02	-2.247386e-08	7.264885e-01
3.514938e-02	-2.202499e-08	7.292502e-01
3.508772e-02	-2.159576e-08	7.301457e-01
3.502627e-02	-2.119209e-08	7.288482e-01
3.496503e-02	-2.082091e-08	7.252300e-01
3.490401e-02	-2.048948e-08	7.193607e-01
3.484321e-02	-2.020478e-08	7.114428e-01
3.478261e-02	-1.997301e-08	7.017252e-01
3.472222e-02	-1.979921e-08	6.904416e-01
3.466205e-02	-1.968706e-08	6.777942e-01
3.460208e-02	-1.963883e-08	6.639770e-01
3.454231e-02	-1.965545e-08	6.492119e-01
3.448276e-02	-1.973661e-08	6.337745e-01
3.442341e-02	-1.988099e-08	6.179950e-01
3.436426e-02	-2.008638e-08	6.022378e-01
3.430532e-02	-2.034991e-08	5.868695e-01
3.424658e-02	-2.066812e-08	5.722281e-01
3.418803e-02	-2.103714e-08	5.586013e-01
3.412969e-02	-2.145276e-08	5.462173e-01
3.407155e-02	-2.191055e-08	5.352453e-01
3.401361e-02	-2.240595e-08	5.258029e-01
3.395586e-02	-2.293435e-08	5.179655e-01
3.389831e-02	-2.349120e-08	5.117738e-01
3.384095e-02	-2.407214e-08	5.072377e-01
3.378378e-02	-2.467305e-08	5.043338e-01
3.372681e-02	-2.529027e-08	5.029980e-01
3.367003e-02	-2.592064e-08	5.031143e-01
3.361345e-02	-2.656168e-08	5.045054e-01
3.355705e-02	-2.721162e-08	5.069274e-01
3.350084e-02	-2.786942e-08	5.100727e-01
3.344482e-02	-2.853470e-08	5.135783e-01
3.338898e-02	-2.920756e-08	5.170344e-01
3.333333e-02	-2.988837e-08	5.199918e-01
3.327787e-02	-3.057748e-08	5.219802e-01
3.322259e-02	-3.127505e-08	5.225551e-01
3.316750e-02	-3.198080e-08	5.213806e-01
3.311258e-02	-3.269392e-08	5.183243e-01
3.305785e-02	-3.341304e-08	5.135118e-01
3.300330e-02	-3.413629e-08	5.073058e-01
3.294893e-02	-3.486133e-08	5.002141e-01
3.289474e-02	-3.558555e-08	4.927717e-01
3.284072e-02	-3.630611e-08	4.854445e-01
3.278689e-02	-3.702014e-08	4.785784e-01
3.273322e-02	-3.772479e-08	4.723905e-01
3.267974e-02	-3.841735e-08	4.669880e-01
3.262643e-02	-3.909524e-08	4.623964e-01
3.257329e-02	-3.975610e-08	4.585884e-01
3.252033e-02	-4.039777e-08	4.555071e-01
3.246753e-02	-4.101833e-08	4.530817e-01
3.241491e-02	-4.161605e-08	4.512385e-01
3.236246e-02	-4.218941e-08	4.499073e-01
3.231018e-02	-4.273712e-08	4.490242e-01
3.225806e-02	-4.325802e-08	4.485329e-01
3.220612e-02	-4.375114e-08	4.483850e-01
3.215434e-02	-4.421565e-08	4.485392e-01
3.210273e-02	-4.465088e-08	4.489608e-01
3.205128e-02	-4.505626e-08	4.496202e-01
3.200000e-02	-4.543133e-08	4.504926e-01
3.194888e-02	-4.577574e-08	4.515565e-01
3.189793e-02	-4.608925e-08	4.527933e-01
3.184713e-02	-4.637167e-08	4.541861e-01
3.179650e-02	-4.662292e-08	4.557196e-01
3.174603e-02	-4.684298e-08	4.573789e-01
3.169572e-02	-4.703190e-08	4.591494e-01
3.164557e-02	-4.718981e-08	4.610165e-01
3.159558e-02	-4.731688e-08	4.629647e-01
3.154574e-02	-4.741337e-08	4.649784e-01
3.149606e-02	-4.747957e-08	4.670407e-01
3.144654e-02	-4.751583e-08	4.691343e-01
3.139717e-02	-4.752257e-08	4.712416e-01
3.134796e-02	-4.750024e-08	4.733445e-01
3.129890e-02	-4.744935e-08	4.754255e-01
3.125000e-02	-4.737048e-08	4.774680e-01
3.120125e-02	-4.726425e-08	4.794569e-01
3.115265e-02	-4.713136e-08	4.813790e-01
3.110420e-02	-4.697257e-08	4.832239e-01
3.105590e-02	-4.678875e-08	4.849834e-01
3.100775e-02	-4.658083e-08	4.866516e-01
3.095975e-02	-4.634987e-08	4.882231e-01
3.091190e-02	-4.609708e-08	4.896909e-01
3.086420e-02	-4.582377e-08	4.910437e-01
3.081664e-02	-4.553145e-08	4.922652e-01
3.076923e-02	-4.522172e-08	4.933368e-01
3.072197e-02	-4.489625e-08	4.942435e-01
3.067485e-02	-4.455663e-08	4.949800e-01
3.062787e-02	-4.420432e-08	4.955488e-01
3.058104e-02	-4.384064e-08	4.959539e-01
3.053435e-02	-4.346675e-08	4.961948e-01
3.048780e-02	-4.308374e-08	4.962656e-01
3.044140e-02	-4.269262e-08	4.961605e-01
3.039514e-02	-4.229440e-08	4.958827e-01
3.034901e-02	-4.189007e-08	4.954499e-01
3.030303e-02	-4.148065e-08	4.948943e-01
3.025719e-02	-4.106713e-08	4.942567e-01
3.021148e-02	-4.065050e-08	4.935813e-01
3.016591e-02	-4.023173e-08	4.929116e-01
3.012048e-02	-3.981176e-08	4.922884e-01
3.007519e-02	-3.939147e-08	4.917488e-01
3.003003e-02	-3.897173e-08	4.913254e-01
2.998501e-02	-3.855334e-08	4.910456e-01
2.994012e-02	-3.813704e-08	4.909314e-01
2.989537e-02	-3.772350e-08	4.909991e-01
2.985075e-02	-3.731332e-08	4.912603e-01
2.980626e-02	-3.690701e-08	4.917232e-01
2.976190e-02	-3.650496e-08	4.923950e-01
2.971768e-02	-3.610749e-08	4.932853e-01
2.967359e-02	-3.571474e-08	4.944104e-01
2.962963e-02	-3.532672e-08	4.957969e-01
2.958580e-02	-3.494327e-08	4.974829e-01
2.954210e-02	-3.456413e-08	4.995090e-01
2.949853e-02	-3.418903e-08	5.018769e-01
2.945508e-02	-3.381786e-08	5.044749e-01
2.941176e-02	-3.345082e-08	5.070738e-01
2.936858e-02	-3.308859e-08	5.094772e-01
2.932551e-02	-3.273245e-08	5.116385e-01
2.928258e-02	-3.238442e-08	5.135968e-01
2.923977e-02	-3.204700e-08	5.153729e-01
2.919708e-02	-3.172258e-08	5.169867e-01
2.915452e-02	-3.141256e-08	5.185246e-01
2.911208e-02	-3.111684e-08	5.201056e-01
2.906977e-02	-3.083387e-08	5.217763e-01
2.902758e-02	-3.056205e-08	5.235274e-01
2.898551e-02	-3.030005e-08	5.253561e-01
2.894356e-02	-3.004634e-08	5.272320e-01
2.890173e-02	-2.979962e-08	5.291151e-01
2.886003e-02	-2.955895e-08	5.309767e-01
2.881844e-02	-2.932354e-08	5.327934e-01
2.877698e-02	-2.909262e-08	5.345351e-01
2.873563e-02	-2.886551e-08	5.361597e-01
2.869440e-02	-2.864169e-08	5.376349e-01
2.865330e-02	-2.842047e-08	5.389340e-01
2.861230e-02	-2.820121e-08	5.400353e-01
2.857143e-02	-2.798322e-08	5.409318e-01
2.853067e-02	-2.776581e-08	5.416227e-01
2.849003e-02	-2.754822e-08	5.421106e-01
2.844950e-02	-2.732971e-08	5.424042e-01
2.840909e-02	-2.710958e-08	5.425188e-01
2.836879e-02	-2.688711e-08	5.424757e-01
2.832861e-02	-2.666163e-08	5.423010e-01
2.828854e-02	-2.643249e-08	5.420246e-01
2.824859e-02	-2.619908e-08	5.416780e-01
2.820874e-02	-2.596082e-08	5.412928e-01
2.816901e-02	-2.571715e-08	5.408992e-01
2.812940e-02	-2.546759e-08	5.405247e-01
2.808989e-02	-2.521168e-08	5.401926e-01
2.805049e-02	-2.494903e-08	5.399220e-01
2.801120e-02	-2.467931e-08	5.397267e-01
2.797203e-02	-2.440223e-08	5.396156e-01
2.793296e-02	-2.411760e-08	5.395926e-01
2.789400e-02	-2.382527e-08	5.396570e-01
2.785515e-02	-2.352517e-08	5.398039e-01
2.781641e-02	-2.321732e-08	5.400253e-01
2.777778e-02	-2.290179e-08	5.403106e-01
2.773925e-02	-2.257873e-08	5.406477e-01
2.770083e-02	-2.224835e-08	5.410242e-01
2.766252e-02	-2.191094e-08	5.414285e-01
2.762431e-02	-2.156684e-08	5.418506e-01
2.758621e-02	-2.121643e-08	5.422829e-01
2.754821e-02	-2.086016e-08	5.427206e-01
2.751032e-02	-2.049849e-08	5.431614e-01
2.747253e-02	-2.013195e-08	5.436056e-01
2.743484e-02	-1.976107e-08	5.440554e-01
2.739726e-02	-1.938642e-08	5.445147e-01
2.735978e-02	-1.900858e-08	5.449884e-01
2.732240e-02	-1.862816e-08	5.454820e-01
2.728513e-02	-1.824576e-08	5.460008e-01
2.724796e-02	-1.786200e-08	5.465500e-01
2.721088e-02	-1.747748e-08	5.471342e-01
2.717391e-02	-1.709281e-08	5.477572e-01
2.713704e-02	-1.670858e-08	5.484218e-01
2.710027e-02	-1.632538e-08	5.491299e-01
2.706360e-02	-1.594375e-08	5.498828e-01
2.702703e-02	-1.556423e-08	5.506806e-01
2.699055e-02	-1.518733e-08	5.515233e-01
2.695418e-02	-1.481354e-08	5.524098e-01
2.691790e-02	-1.444329e-08	5.533392e-01
2.688172e-02	-1.407701e-08	5.543097e-01
2.684564e-02	-1.371508e-08	5.553198e-01
2.680965e-02	-1.335785e-08	5.563676e-01
2.677376e-02	-1.300562e-08	5.574511e-01
2.673797e-02	-1.265868e-08	5.585684e-01
2.670227e-02	-1.231726e-08	5.597176e-01
2.666667e-02	-1.198157e-08	5.608967e-01
2.663116e-02	-1.165178e-08	5.621041e-01
2.659574e-02	-1.132804e-08	5.633377e-01
2.656042e-02	-1.101044e-08	5.645960e-01
2.652520e-02	-1.069906e-08	5.658772e-01
2.649007e-02	-1.039396e-08	5.671798e-01
2.645503e-02	-1.009516e-08	5.685023e-01
2.642008e-02	-9.802647e-09	5.698432e-01
2.638522e-02	-9.516402e-09	5.712012e-01
2.635046e-02	-9.236378e-09	5.725749e-01
2.631579e-02	-8.962510e-09	5.739633e-01
2.628121e-02	-8.694714e-09	5.753651e-01
2.624672e-02	-8.432893e-09	5.767793e-01
2.621232e-02	-8.176936e-09	5.782050e-01
2.617801e-02	-7.926720e-09	5.796412e-01
2.614379e-02	-7.682111e-09	5.810871e-01
2.610966e-02	-7.442966e-09	5.825420e-01
2.607562e-02	-7.209133e-09	5.840053e-01
2.604167e-02	-6.980455e-09	5.854765e-01
2.600780e-02	-6.756770e-09	5.869556e-01
2.597403e-02	-6.537913e-09	5.884424e-01
2.594034e-02	-6.323722e-09	5.899373e-01
2.590674e-02	-6.114034e-09	5.914406e-01
2.587322e-02	-5.908692e-09	5.929530e-01
2.583979e-02	-5.707540e-09	5.944753e-01
2.580645e-02	-5.510431e-09	5.960085e-01
2.577320e-02	-5.317219e-09	5.975537e-01
2.574003e-02	-5.127768e-09	5.991121e-01
2.570694e-02	-4.941945e-09	6.006851e-01
2.567394e-02	-4.759624e-09	6.022742e-01
2.564103e-02	-4.580684e-09	6.038809e-01
2.560819e-02	-4.405012e-09	6.055068e-01
2.557545e-02	-4.232499e-09	6.071531e-01
2.554278e-02	-4.063044e-09	6.088209e-01
2.551020e-02	-3.896546e-09	6.105109e-01
2.547771e-02	-3.732911e-09	6.122236e-01
2.544529e-02	-3.572053e-09	6.139595e-01
2.541296e-02	-3.413888e-09	6.157199e-01
2.538071e-02	-3.258346e-09	6.175063e-01
2.534854e-02	-3.105368e-09	6.193206e-01
2.531646e-02	-2.954932e-09	6.212520e-01
2.528445e-02	-2.806942e-09	6.231836e-01
2.525253e-02	-2.661404e-09	6.250627e-01
2.522068e-02	-2.518308e-09	6.269838e-01
2.518892e-02	-2.377658e-09	6.289464e-01
2.515723e-02	-2.239466e-09	6.309502e-01
2.512563e-02	-2.103755e-09	6.329952e-01
2.509410e-02	-1.970555e-09	6.350813e-01
2.506266e-02	-1.839908e-09	6.372086e-01
2.503129e-02	-1.711863e-09	6.393773e-01
2.500000e-02	-1.586481e-09	6.415873e-01
2.496879e-02	-1.463827e-09	6.438387e-01
2.493766e-02	-1.343978e-09	6.461313e-01
2.490660e-02	-1.227017e-09	6.484650e-01
2.487562e-02	-1.113036e-09	6.508395e-01
2.484472e-02	-1.002130e-09	6.532544e-01
2.481390e-02	-8.944058e-10	6.557092e-01
2.478315e-02	-7.899705e-10	6.582033e-01
2.475248e-02	-6.889381e-10	6.607359e-01
2.472188e-02	-5.914254e-10	6.633062e-01
2.469136e-02	-4.975524e-10	6.659132e-01
2.466091e-02	-4.074403e-10	6.685559e-01
2.463054e-02	-3.212108e-10	6.712331e-01
2.460025e-02	-2.389851e-10	6.739436e-01
2.457002e-02	-1.608818e-10	6.766859e-01
2.453988e-02	-8.701769e-11	6.794588e-01
2.450980e-02	-1.750430e-11	6.822607e-01
2.447980e-02	4.755200e-11	6.850901e-01
2.444988e-02	1.080517e-10	6.879454e-01
2.442002e-02	1.639037e-10	6.908251e-01
2.439024e-02	2.150249e-10	6.937275e-01
2.436054e-02	2.613435e-10	6.966509e-01
2.433090e-02	3.027980e-10	6.995937e-01
2.430134e-02	3.393397e-10	7.025542e-01
2.427184e-02	3.709330e-10	7.055306e-01
2.424242e-02	3.975550e-10	7.085214e-01
2.421308e-02	4.191981e-10	7.115249e-01
2.418380e-02	4.358689e-10	7.145393e-01
2.415459e-02	4.475892e-10	7.175630e-01
2.412545e-02	4.543959e-10	7.205944e-01
2.409639e-02	4.563413e-10	7.236319e-01
2.406739e-02	4.534924e-10	7.266737e-01
2.403846e-02	4.459317e-10	7.297184e-01
2.400960e-02	4.337559e-10	7.327643e-01
2.398082e-02	4.170756e-10	7.358098e-01
2.395210e-02	3.960143e-10	7.388534e-01
2.392344e-02	3.707093e-10	7.418936e-01
2.389486e-02	3.413082e-10	7.449287e-01
2.386635e-02	3.079703e-10	7.479573e-01
2.383790e-02	2.708645e-10	7.509778e-01
2.380952e-02	2.301683e-10	7.539889e-01
2.378121e-02	1.860680e-10	7.569889e-01
2.375297e-02	1.387548e-10	7.599765e-01
2.372479e-02	8.842752e-11	7.629502e-01
2.369668e-02	3.528814e-11	7.659087e-01
2.366864e-02	-2.045720e-11	7.688504e-01
2.364066e-02	-7.860010e-11	7.717740e-01
2.361275e-02	-1.389305e-10	7.746781e-01
2.358491e-02	-2.012377e-10	7.775612e-01
2.355713e-02	-2.653114e-10	7.804221e-01
2.352941e-02	-3.309427e-10	7.832592e-01
2.350176e-02	-3.979244e-10	7.860711e-01
2.347418e-02	-4.660516e-10	7.888564e-01
2.344666e-02	-5.351236e-10	7.916135e-01
2.341920e-02	-6.049437e-10	7.943410e-01
2.339181e-02	-6.753194e-10	7.970371e-01
2.336449e-02	-7.460641e-10	7.997005e-01
2.333722e-02	-8.169963e-10	8.023294e-01
2.331002e-02	-8.879415e-10	8.049221e-01
2.328289e-02	-9.587321e-10	8.074772e-01
2.325581e-02	-1.029207e-09	8.099930e-01
2.322880e-02	-1.099213e-09	8.124681e-01
2.320186e-02	-1.168604e-09	8.149009e-01
2.317497e-02	-1.237244e-09	8.172903e-01
2.314815e-02	-1.305004e-09	8.196353e-01
2.312139e-02	-1.371761e-09	8.219350e-01
2.309469e-02	-1.437405e-09	8.241889e-01
2.306805e-02	-1.501829e-09	8.263970e-01
2.304147e-02	-1.564939e-09	8.285597e-01
2.301496e-02	-1.626644e-09	8.306778e-01
2.298851e-02	-1.686864e-09	8.327526e-01
2.296211e-02	-1.745523e-09	8.347862e-01
2.293578e-02	-1.802551e-09	8.367813e-01
2.290951e-02	-1.857884e-09	8.387412e-01
2.288330e-02	-1.911461e-09	8.406698e-01
2.285714e-02	-1.963225e-09	8.425720e-01
2.283105e-02	-2.013118e-09	8.444531e-01
2.280502e-02	-2.061084e-09	8.463193e-01
2.277904e-02	-2.107066e-09	8.481773e-01
2.275313e-02	-2.151001e-09	8.500344e-01
2.272727e-02	-2.192825e-09	8.518985e-01
2.270148e-02	-2.232465e-09	8.537779e-01
2.267574e-02	-2.269840e-09	8.556813e-01
2.265006e-02	-2.304859e-09	8.576174e-01
2.262443e-02	-2.337420e-09	8.595955e-01
2.259887e-02	-2.367406e-09	8.616245e-01
2.257336e-02	-2.394686e-09	8.637136e-01
2.254791e-02	-2.419111e-09	8.658715e-01
2.252252e-02	-2.440515e-09	8.681068e-01
2.249719e-02	-2.458713e-09	8.704277e-01
2.247191e-02	-2.473499e-09	8.728417e-01
2.244669e-02	-2.484646e-09	8.753560e-01
2.242152e-02	-2.491908e-09	8.779770e-01
2.239642e-02	-2.495017e-09	8.807102e-01
2.237136e-02	-2.493686e-09	8.835606e-01
2.234637e-02	-2.487608e-09	8.865322e-01
2.232143e-02	-2.476458e-09	8.896282e-01
2.229654e-02	-2.459900e-09	8.928509e-01
2.227171e-02	-2.437583e-09	8.962017e-01
2.224694e-02	-2.409148e-09	8.996812e-01
2.222222e-02	-2.374234e-09	9.032892e-01
2.219756e-02	-2.332480e-09	9.070246e-01
2.217295e-02	-2.283534e-09	9.108855e-01
2.214839e-02	-2.227055e-09	9.148692e-01
2.212389e-02	-2.162726e-09	9.189726e-01
2.209945e-02	-2.090259e-09	9.231914e-01
2.207506e-02	-2.009400e-09	9.275211e-01
2.205072e-02	-1.919946e-09	9.319564e-01
2.202643e-02	-1.821745e-09	9.364912e-01
2.200220e-02	-1.714714e-09	9.411190e-01
2.197802e-02	-1.598838e-09	9.458327e-01
2.195390e-02	-1.474188e-09	9.506244e-01
2.192982e-02	-1.340925e-09	9.554859e-01
2.190581e-02	-1.199304e-09	9.604079e-01
2.188184e-02	-1.049686e-09	9.653811e-01
2.185792e-02	-8.925374e-10	9.703950e-01
2.183406e-02	-7.284345e-10	9.754391e-01
2.181025e-02	-5.580647e-10	9.805020e-01
2.178649e-02	-3.822233e-10	9.855720e-01
2.176279e-02	-2.018101e-10	9.906368e-01
2.173913e-02	-1.782208e-11	9.956839e-01
2.171553e-02	1.686544e-10	1.000701e+00
2.169197e-02	3.564570e-10	1.005674e+00
2.166847e-02	5.443603e-10	1.010591e+00
2.164502e-02	7.310920e-10	1.015438e+00
2.162162e-02	9.153503e-10	1.020204e+00
2.159827e-02	1.095824e-09	1.024873e+00
2.157497e-02	1.271212e-09	1.029435e+00
2.155172e-02	1.440241e-09	1.033876e+00
2.152853e-02	1.601690e-09	1.038184e+00
2.150538e-02	1.754406e-09	1.042347e+00
2.148228e-02	1.897325e-09	1.046353e+00
2.145923e-02	2.029485e-09	1.050191e+00
2.143623e-02	2.150043e-09	1.053849e+00
2.141328e-02	2.258286e-09	1.057318e+00
2.139037e-02	2.353642e-09	1.060587e+00
2.136752e-02	2.435685e-09	1.063647e+00
2.134472e-02	2.504141e-09	1.066490e+00
2.132196e-02	2.558884e-09	1.069109e+00
2.129925e-02	2.599943e-09	1.071498e+00
2.127660e-02	2.627489e-09	1.073654e+00
2.125399e-02	2.641834e-09	1.075576e+00
2.123142e-02	2.643417e-09	1.077262e+00
2.120891e-02	2.632797e-09	1.078716e+00
2.118644e-02	2.610639e-09	1.079942e+00
2.116402e-02	2.577697e-09	1.080949e+00
2.114165e-02	2.534803e-09	1.081745e+00
2.111932e-02	2.482848e-09	1.082344e+00
2.109705e-02	2.422766e-09	1.082759e+00
2.107482e-02	2.355520e-09	1.083009e+00
2.105263e-02	2.282086e-09	1.083112e+00
2.103049e-02	2.203437e-09	1.083089e+00
2.100840e-02	2.120529e-09	1.082962e+00
2.098636e-02	2.034292e-09	1.082754e+00
2.096436e-02	1.945615e-09	1.082489e+00
2.094241e-02	1.855339e-09	1.082191e+00
2.092050e-02	1.764249e-09	1.081883e+00
2.089864e-02	1.673069e-09	1.081590e+00
2.087683e-02	1.582458e-09	1.081333e+00
2.085506e-02	1.493005e-09	1.081134e+00
2.083333e-02	1.405230e-09	1.081013e+00
2.081165e-02	1.319587e-09	1.080988e+00
2.079002e-02	1.236458e-09	1.081075e+00
2.076843e-02	1.156163e-09	1.081287e+00
2.074689e-02	1.078961e-09	1.081636e+00
2.072539e-02	1.005053e-09	1.082132e+00
2.070393e-02	9.345867e-10	1.082780e+00
2.068252e-02	8.676608e-10	1.083586e+00
2.066116e-02	8.043325e-10	1.084551e+00
2.063983e-02	7.446197e-10	1.085674e+00
2.061856e-02	6.885077e-10	1.086953e+00
2.059732e-02	6.359520e-10	1.088384e+00
2.057613e-02	5.868853e-10	1.089961e+00
2.055498e-02	5.412191e-10	1.091676e+00
2.053388e-02	4.988495e-10	1.093522e+00
2.051282e-02	4.596596e-10	1.095490e+00
2.049180e-02	4.235234e-10	1.097569e+00
2.047083e-02	3.903076e-10	1.099751e+00
2.044990e-02	3.598745e-10	1.102027e+00
2.042901e-02	3.320846e-10	1.104388e+00
2.040816e-02	3.067966e-10	1.106826e+00
2.038736e-02	2.838715e-10	1.109335e+00
2.036660e-02	2.631706e-10	1.111908e+00
2.034588e-02	2.445588e-10	1.114541e+00
2.032520e-02	2.279039e-10	1.117232e+00
2.030457e-02	2.130773e-10	1.119978e+00
2.028398e-02	1.999553e-10	1.122779e+00
2.026342e-02	1.884170e-10	1.125635e+00
2.024291e-02	1.783468e-10	1.128550e+00
2.022245e-02	1.696326e-10	1.131525e+00
2.020202e-02	1.621665e-10	1.134564e+00
2.018163e-02	1.558441e-10	1.137671e+00
2.016129e-02	1.505646e-10	1.140852e+00
2.014099e-02	1.462300e-10	1.144111e+00
2.012072e-02	1.427460e-10	1.147453e+00
2.010050e-02	1.400200e-10	1.150882e+00
2.008032e-02	1.379625e-10	1.154403e+00
2.006018e-02	1.364853e-10	1.158020e+00
2.004008e-02	1.355029e-10	1.161736e+00
2.002002e-02	1.349307e-10	1.165553e+00
2.000000e-02	1.346862e-10	1.169472e+00
1.998002e-02	1.346869e-10	1.173494e+00
1.996008e-02	1.348526e-10	1.177618e+00
1.994018e-02	1.351038e-10	1.181843e+00
1.992032e-02	1.353613e-10	1.186167e+00
1.990050e-02	1.355470e-10	1.190584e+00
1.988072e-02	1.355834e-10	1.195092e+00
1.986097e-02	1.353940e-10	1.199683e+00
1.984127e-02	1.349025e-10	1.204351e+00
1.982161e-02	1.340335e-10	1.209090e+00
1.980198e-02	1.327126e-10	1.213889e+00
1.978239e-02	1.308659e-10	1.218739e+00
1.976285e-02	1.284208e-10	1.223632e+00
1.974334e-02	1.253061e-10	1.228554e+00
1.972387e-02	1.214522e-10	1.233496e+00
1.970443e-02	1.167914e-10	1.238444e+00
1.968504e-02	1.112580e-10	1.243387e+00
1.966568e-02	1.047906e-10	1.248309e+00
1.964637e-02	9.733023e-11	1.253199e+00
1.962709e-02	8.882309e-11	1.258041e+00
1.960784e-02	7.922050e-11	1.262821e+00
1.958864e-02	6.848012e-11	1.267523e+00
1.956947e-02	5.656736e-11	1.272133e+00
1.955034e-02	4.345535e-11	1.276635e+00
1.953125e-02	2.912745e-11	1.281014e+00
1.951220e-02	1.357693e-11	1.285253e+00
1.949318e-02	-3.190526e-12	1.289336e+00
1.947420e-02	-2.115752e-11	1.293248e+00
1.945525e-02	-4.029261e-11	1.296973e+00
1.943635e-02	-6.055096e-11	1.300495e+00
1.941748e-02	-8.187350e-11	1.303801e+00
1.939864e-02	-1.041870e-10	1.306875e+00
1.937984e-02	-1.274039e-10	1.309706e+00
1.936108e-02	-1.514233e-10	1.312281e+00
1.934236e-02	-1.761318e-10	1.314591e+00
1.932367e-02	-2.014037e-10	1.316628e+00
1.930502e-02	-2.271035e-10	1.318387e+00
1.928640e-02	-2.530873e-10	1.319865e+00
1.926782e-02	-2.792038e-10	1.321062e+00
1.924928e-02	-3.052967e-10	1.321982e+00
1.923077e-02	-3.312069e-10	1.322631e+00
1.921230e-02	-3.567746e-10	1.323020e+00
1.919386e-02	-3.818413e-10	1.323160e+00
1.917546e-02	-4.062511e-10	1.323069e+00
1.915709e-02	-4.298537e-10	1.322765e+00
1.913876e-02	-4.525055e-10	1.322267e+00
1.912046e-02	-4.740719e-10	1.321598e+00
1.910220e-02	-4.944278e-10	1.320780e+00
1.908397e-02	-5.134587e-10	1.319837e+00
1.906578e-02	-5.310638e-10	1.318790e+00
1.904762e-02	-5.471536e-10	1.317663e+00
1.902950e-02	-5.616529e-10	1.316473e+00
1.901141e-02	-5.744996e-10	1.315239e+00
1.899335e-02	-5.856466e-10	1.313975e+00
1.897533e-02	-5.950598e-10	1.312692e+00
1.895735e-02	-6.027184e-10	1.311399e+00
1.893939e-02	-6.086157e-10	1.310099e+00
1.892148e-02	-6.127577e-10	1.308794e+00
1.890359e-02	-6.151618e-10	1.307481e+00
1.888574e-02	-6.158583e-10	1.306154e+00
1.886792e-02	-6.148870e-10	1.304805e+00
1.885014e-02	-6.122988e-10	1.303425e+00
1.883239e-02	-6.081538e-10	1.302001e+00
1.881468e-02	-6.025205e-10	1.300524e+00
1.879699e-02	-5.954740e-10	1.298981e+00
1.877934e-02	-5.870976e-10	1.297362e+00
1.876173e-02	-5.774790e-10	1.295661e+00
1.874414e-02	-5.667109e-10	1.293871e+00
1.872659e-02	-5.548890e-10	1.291991e+00
1.870907e-02	-5.421127e-10	1.290023e+00
1.869159e-02	-5.284822e-10	1.287972e+00
1.867414e-02	-5.140981e-10	1.285848e+00
1.865672e-02	-4.990624e-10	1.283662e+00
1.863933e-02	-4.834758e-10	1.281431e+00
1.862197e-02	-4.674385e-10	1.279173e+00
1.860465e-02	-4.510490e-10	1.276910e+00
1.858736e-02	-4.344046e-10	1.274663e+00
1.857010e-02	-4.176002e-10	1.272455e+00
1.855288e-02	-4.007284e-10	1.270310e+00
1.853568e-02	-3.838789e-10	1.268250e+00
1.851852e-02	-3.671376e-10	1.266297e+00
1.850139e-02	-3.505869e-10	1.264471e+00
1.848429e-02	-3.343047e-10	1.262792e+00
1.846722e-02	-3.183650e-10	1.261274e+00
1.845018e-02	-3.028374e-10	1.259933e+00
1.843318e-02	-2.877872e-10	1.258780e+00
1.841621e-02	-2.732761e-10	1.257824e+00
1.839926e-02	-2.593616e-10	1.257073e+00
1.838235e-02	-2.460977e-10	1.256532e+00
1.836547e-02	-2.335332e-10	1.256202e+00
1.834862e-02	-2.217127e-10	1.256084e+00
1.833181e-02	-2.106737e-10	1.256179e+00
1.831502e-02	-2.004476e-10	1.256484e+00
1.829826e-02	-1.910593e-10	1.256997e+00
1.828154e-02	-1.825267e-10	1.257716e+00
1.826484e-02	-1.748625e-10	1.258639e+00
1.824818e-02	-1.680750e-10	1.259762e+00
1.823154e-02	-1.621679e-10	1.261084e+00
1.821494e-02	-1.571415e-10	1.262601e+00
1.819836e-02	-1.529951e-10	1.264310e+00
1.818182e-02	-1.497251e-10	1.266208e+00
1.816530e-02	-1.473281e-10	1.268288e+00
1.814882e-02	-1.458005e-10	1.270547e+00
1.813237e-02	-1.451390e-10	1.272979e+00
1.811594e-02	-1.453413e-10	1.275576e+00
1.809955e-02	-1.464059e-10	1.278332e+00
1.808318e-02	-1.483321e-10	1.281237e+00
1.806685e-02	-1.511193e-10	1.284284e+00
1.805054e-02	-1.547671e-10	1.287461e+00
1.803427e-02	-1.592748e-10	1.290756e+00
1.801802e-02	-1.646406e-10	1.294158e+00
1.800180e-02	-1.708612e-10	1.297652e+00
1.798561e-02	-1.779322e-10	1.301224e+00
1.796945e-02	-1.858464e-10	1.304859e+00
1.795332e-02	-1.945946e-10	1.308541e+00
1.793722e-02	-2.041652e-10	1.312254e+00
1.792115e-02	-2.145440e-10	1.315983e+00
1.790510e-02	-2.257128e-10	1.319712e+00
1.788909e-02	-2.376516e-10	1.323428e+00
1.787310e-02	-2.503356e-10	1.327118e+00
1.785714e-02	-2.637360e-10	1.330770e+00
1.784121e-02	-2.778206e-10	1.334375e+00
1.782531e-02	-2.925519e-10	1.337926e+00
1.780944e-02	-3.078888e-10	1.341417e+00
1.779359e-02	-3.237863e-10	1.344846e+00
1.777778e-02	-3.401967e-10	1.348211e+00
1.776199e-02	-3.570721e-10	1.351515e+00
1.774623e-02	-3.743645e-10	1.354761e+00
1.773050e-02	-3.920268e-10	1.357953e+00
1.771479e-02	-4.100144e-10	1.361097e+00
1.769912e-02	-4.282853e-10	1.364199e+00
1.768347e-02	-4.467990e-10	1.367264e+00
1.766784e-02	-4.655190e-10	1.370295e+00
1.765225e-02	-4.844113e-10	1.373298e+00
1.763668e-02	-5.034329e-10	1.376710e+00
1.762115e-02	-5.225790e-10	1.379582e+00
1.760563e-02	-5.418208e-10	1.382437e+00
1.759015e-02	-5.611413e-10	1.385276e+00
1.757469e-02	-5.805296e-10	1.388094e+00
1.755926e-02	-5.999805e-10	1.390889e+00
1.754386e-02	-6.194928e-10	1.393658e+00
1.752848e-02	-6.390706e-10	1.396404e+00
1.751313e-02	-6.587206e-10	1.399127e+00
1.749781e-02	-6.784532e-10	1.401836e+00
1.748252e-02	-6.982782e-10	1.404538e+00
1.746725e-02	-7.182051e-10	1.407245e+00
1.745201e-02	-7.382406e-10	1.409973e+00
1.743679e-02	-7.583878e-10	1.412738e+00
1.742160e-02	-7.786438e-10	1.415561e+00
1.740644e-02	-7.989984e-10	1.418462e+00
1.739130e-02	-8.194332e-10	1.421461e+00
1.737619e-02	-8.399213e-10	1.424579e+00
1.736111e-02	-8.604268e-10	1.427837e+00
1.734605e-02	-8.809053e-10	1.431252e+00
1.733102e-02	-9.013046e-10	1.434843e+00
1.731602e-02	-9.215661e-10	1.438623e+00
1.730104e-02	-9.416255e-10	1.442604e+00
1.728608e-02	-9.614167e-10	1.446798e+00
1.727116e-02	-9.808722e-10	1.451210e+00
1.725626e-02	-9.999271e-10	1.455848e+00
1.724138e-02	-1.018521e-09	1.460715e+00
1.722653e-02	-1.036603e-09	1.465811e+00
1.721170e-02	-1.054129e-09	1.471138e+00
1.719690e-02	-1.071072e-09	1.476695e+00
1.718213e-02	-1.087419e-09	1.482477e+00
1.716738e-02	-1.103173e-09	1.488482e+00
1.715266e-02	-1.118358e-09	1.494704e+00
1.713796e-02	-1.133016e-09	1.501135e+00
1.712329e-02	-1.147210e-09	1.507767e+00
1.710864e-02	-1.161019e-09	1.514590e+00
1.709402e-02	-1.174545e-09	1.521591e+00
1.707942e-02	-1.187904e-09	1.529195e+00
1.706485e-02	-1.201228e-09	1.536427e+00
1.705030e-02	-1.214663e-09	1.543792e+00
1.703578e-02	-1.228365e-09	1.551270e+00
1.702128e-02	-1.242499e-09	1.558828e+00
1.700680e-02	-1.257235e-09	1.566434e+00
1.699235e-02	-1.272744e-09	1.574050e+00
1.697793e-02	-1.289198e-09	1.581636e+00
1.696353e-02	-1.306765e-09	1.589148e+00
1.694915e-02	-1.325605e-09	1.596537e+00
1.693480e-02	-1.345866e-09	1.603753e+00
1.692047e-02	-1.367684e-09	1.610741e+00
1.690617e-02	-1.391177e-09	1.617443e+00
1.689189e-02	-1.416441e-09	1.623801e+00
1.687764e-02	-1.443550e-09	1.629753e+00
1.686341e-02	-1.472553e-09	1.635238e+00
1.684920e-02	-1.503468e-09	1.640636e+00
1.683502e-02	-1.536287e-09	1.644923e+00
1.682086e-02	-1.570968e-09	1.648584e+00
1.680672e-02	-1.607439e-09	1.651563e+00
1.679261e-02	-1.645599e-09	1.653809e+00
1.677852e-02	-1.685315e-09	1.655283e+00
1.676446e-02	-1.726428e-09	1.655954e+00
1.675042e-02	-1.768753e-09	1.655800e+00
1.673640e-02	-1.812083e-09	1.654812e+00
1.672241e-02	-1.856192e-09	1.652993e+00
1.670844e-02	-1.900841e-09	1.650356e+00
1.669449e-02	-1.945778e-09	1.646928e+00
1.668057e-02	-1.990747e-09	1.643211e+00
1.666667e-02	-2.035486e-09	1.638236e+00
1.665279e-02	-2.079737e-09	1.632629e+00
1.663894e-02	-2.123245e-09	1.626449e+00
1.662510e-02	-2.165761e-09	1.619761e+00
1.661130e-02	-2.207048e-09	1.612638e+00
1.659751e-02	-2.246879e-09	1.605152e+00
1.658375e-02	-2.285043e-09	1.597380e+00
1.657001e-02	-2.321343e-09	1.589395e+00
1.655629e-02	-2.355602e-09	1.581270e+00
1.654260e-02	-2.387662e-09	1.573075e+00
1.652893e-02	-2.417385e-09	1.564876e+00
1.651528e-02	-2.444657e-09	1.556735e+00
1.650165e-02	-2.469386e-09	1.548708e+00
1.648805e-02	-2.491507e-09	1.540847e+00
1.647446e-02	-2.510977e-09	1.533199e+00
1.646091e-02	-2.527783e-09	1.525804e+00
1.644737e-02	-2.541933e-09	1.518697e+00
1.643385e-02	-2.553466e-09	1.511907e+00
1.642036e-02	-2.562444e-09	1.505461e+00
1.640689e-02	-2.568951e-09	1.499379e+00
1.639344e-02	-2.573098e-09	1.493675e+00
1.638002e-02	-2.575017e-09	1.488363e+00
1.636661e-02	-2.574858e-09	1.483450e+00
1.635323e-02	-2.572790e-09	1.478940e+00
1.633987e-02	-2.568995e-09	1.474835e+00
1.632653e-02	-2.563668e-09	1.471134e+00
1.631321e-02	-2.557010e-09	1.467833e+00
1.629992e-02	-2.549231e-09	1.464925e+00
1.628664e-02	-2.540542e-09	1.462402e+00
1.627339e-02	-2.531152e-09	1.460254e+00
1.626016e-02	-2.521271e-09	1.458468e+00
1.624695e-02	-2.511102e-09	1.457030e+00
1.623377e-02	-2.500841e-09	1.455926e+00
1.622060e-02	-2.490678e-09	1.455138e+00
1.620746e-02	-2.480790e-09	1.454649e+00
1.619433e-02	-2.471346e-09	1.454439e+00
1.618123e-02	-2.462501e-09	1.454489e+00
1.616815e-02	-2.454399e-09	1.454777e+00
1.615509e-02	-2.447169e-09	1.455281e+00
1.614205e-02	-2.440928e-09	1.455980e+00
1.612903e-02	-2.435776e-09	1.456851e+00
1.611604e-02	-2.431800e-09	1.457870e+00
1.610306e-02	-2.429069e-09	1.459015e+00
1.609010e-02	-2.427640e-09	1.460264e+00
1.607717e-02	-2.427550e-09	1.461593e+00
1.606426e-02	-2.428824e-09	1.462983e+00
1.605136e-02	-2.431471e-09	1.464413e+00
1.603849e-02	-2.435485e-09	1.465865e+00
1.602564e-02	-2.440850e-09	1.467323e+00
1.601281e-02	-2.447537e-09	1.468773e+00
1.600000e-02	-2.455510e-09	1.470202e+00
1.598721e-02	-2.464725e-09	1.471601e+00
1.597444e-02	-2.475138e-09	1.472966e+00
1.596169e-02	-2.486703e-09	1.474293e+00
1.594896e-02	-2.499378e-09	1.475583e+00
1.593625e-02	-2.513128e-09	1.476839e+00
1.592357e-02	-2.527924e-09	1.478070e+00
1.591090e-02	-2.543754e-09	1.479287e+00
1.589825e-02	-2.560616e-09	1.480503e+00
1.588562e-02	-2.578526e-09	1.481736e+00
1.587302e-02	-2.597513e-09	1.483007e+00
1.586043e-02	-2.617625e-09	1.484339e+00
1.584786e-02	-2.638922e-09	1.485756e+00
1.583531e-02	-2.661477e-09	1.487286e+00
1.582278e-02	-2.685377e-09	1.488958e+00
1.581028e-02	-2.710712e-09	1.490801e+00
1.579779e-02	-2.737580e-09	1.492848e+00
1.578532e-02	-2.766078e-09	1.495128e+00
1.577287e-02	-2.796300e-09	1.497674e+00
1.576044e-02	-2.828334e-09	1.500516e+00
1.574803e-02	-2.862263e-09	1.503684e+00
1.573564e-02	-2.898154e-09	1.507209e+00
1.572327e-02	-2.936065e-09	1.511119e+00
1.571092e-02	-2.976038e-09	1.515439e+00
1.569859e-02	-3.018103e-09	1.520195e+00
1.568627e-02	-3.062276e-09	1.525408e+00
1.567398e-02	-3.108560e-09	1.531098e+00
1.566171e-02	-3.156949e-09	1.537283e+00
1.564945e-02	-3.207428e-09	1.543975e+00
1.563722e-02	-3.259976e-09	1.551186e+00
1.562500e-02	-3.314567e-09	1.558920e+00
1.561280e-02	-3.371178e-09	1.567180e+00
1.560062e-02	-3.429789e-09	1.575964e+00
1.558846e-02	-3.490383e-09	1.585265e+00
1.557632e-02	-3.552956e-09	1.595071e+00
1.556420e-02	-3.617516e-09	1.605365e+00
1.555210e-02	-3.684086e-09	1.616127e+00
1.554002e-02	-3.752709e-09	1.627329e+00
1.552795e-02	-3.823451e-09	1.638942e+00
1.551590e-02	-3.896402e-09	1.650929e+00
1.550388e-02	-3.971683e-09	1.663252e+00
1.549187e-02	-4.049446e-09	1.675868e+00
1.547988e-02	-4.129879e-09	1.688734e+00
1.546790e-02	-4.213207e-09	1.701802e+00
1.545595e-02	-4.299697e-09	1.715026e+00
1.544402e-02	-4.389661e-09	1.728359e+00
1.543210e-02	-4.483455e-09	1.741755e+00
1.542020e-02	-4.581485e-09	1.755170e+00
1.540832e-02	-4.684208e-09	1.768563e+00
1.539646e-02	-4.792128e-09	1.781896e+00
1.538462e-02	-4.905801e-09	1.795137e+00
1.537279e-02	-5.025832e-09	1.808255e+00
1.536098e-02	-5.152870e-09	1.821225e+00
1.534919e-02	-5.287606e-09	1.834027e+00
1.533742e-02	-5.430766e-09	1.846645e+00
1.532567e-02	-5.583101e-09	1.859063e+00
1.531394e-02	-5.745382e-09	1.871273e+00
1.530222e-02	-5.918387e-09	1.883267e+00
1.529052e-02	-6.102884e-09	1.895037e+00
1.527884e-02	-6.299624e-09	1.906581e+00
1.526718e-02	-6.509321e-09	1.917892e+00
1.525553e-02	-6.732641e-09	1.928969e+00
1.524390e-02	-6.970185e-09	1.939807e+00
1.523229e-02	-7.222476e-09	1.950403e+00
1.522070e-02	-7.489948e-09	1.960754e+00
1.520913e-02	-7.772935e-09	1.970857e+00
1.519757e-02	-8.071664e-09	1.980709e+00
1.518603e-02	-8.386254e-09	1.990307e+00
1.517451e-02	-8.716712e-09	1.999651e+00
1.516300e-02	-9.062937e-09	2.008738e+00
1.515152e-02	-9.424724e-09	2.017569e+00
1.514005e-02	-9.801776e-09	2.026143e+00
1.512859e-02	-1.019371e-08	2.034461e+00
1.511716e-02	-1.060008e-08	2.042523e+00
1.510574e-02	-1.102037e-08	2.050332e+00
1.509434e-02	-1.145403e-08	2.057886e+00
1.508296e-02	-1.190048e-08	2.065185e+00
1.507159e-02	-1.235911e-08	2.072230e+00
1.506024e-02	-1.282931e-08	2.079016e+00
1.504891e-02	-1.331047e-08	2.085542e+00
1.503759e-02	-1.380199e-08	2.091801e+00
1.502630e-02	-1.430327e-08	2.097788e+00
1.501502e-02	-1.481372e-08	2.103496e+00
1.500375e-02	-1.533275e-08	2.108914e+00
1.499250e-02	-1.585977e-08	2.114034e+00
1.498127e-02	-1.639417e-08	2.118842e+00
1.497006e-02	-1.693530e-08	2.123327e+00
1.495886e-02	-1.748249e-08	2.127475e+00
1.494768e-02	-1.803498e-08	2.131268e+00
1.493652e-02	-1.859192e-08	2.134690e+00
1.492537e-02	-1.915238e-08	2.137720e+00
1.491424e-02	-1.971529e-08	2.140335e+00
1.490313e-02	-2.027944e-08	2.142510e+00
1.489203e-02	-2.084348e-08	2.144215e+00
1.488095e-02	-2.140592e-08	2.145418e+00
1.486989e-02	-2.196513e-08	2.146081e+00
1.485884e-02	-2.251938e-08	2.146165e+00
1.484781e-02	-2.306682e-08	2.145629e+00
1.483680e-02	-2.360560e-08	2.144428e+00
1.482580e-02	-2.413387e-08	2.142523e+00
1.481481e-02	-2.464982e-08	2.139876e+00
1.480385e-02	-2.515182e-08	2.136458e+00
1.479290e-02	-2.563837e-08	2.132248e+00
1.478197e-02	-2.610826e-08	2.127240e+00
1.477105e-02	-2.656050e-08	2.121441e+00
1.476015e-02	-2.699444e-08	2.114874e+00
1.474926e-02	-2.740969e-08	2.107580e+00
1.473839e-02	-2.780616e-08	2.099616e+00
1.472754e-02	-2.818404e-08	2.091052e+00
1.471670e-02	-2.854370e-08	2.081969e+00
1.470588e-02	-2.888570e-08	2.072457e+00
1.469508e-02	-2.921072e-08	2.062613e+00
1.468429e-02	-2.951951e-08	2.052533e+00
1.467351e-02	-2.981282e-08	2.042315e+00
1.466276e-02	-3.009141e-08	2.032052e+00
1.465201e-02	-3.035597e-08	2.021831e+00
1.464129e-02	-3.060712e-08	2.011733e+00
1.463058e-02	-3.084539e-08	2.001832e+00
1.461988e-02	-3.107122e-08	1.992191e+00
1.460920e-02	-3.128496e-08	1.982869e+00
1.459854e-02	-3.148688e-08	1.973913e+00
1.458789e-02	-3.167714e-08	1.965364e+00
1.457726e-02	-3.185587e-08	1.957255e+00
1.456664e-02	-3.202314e-08	1.949615e+00
1.455604e-02	-3.217896e-08	1.942464e+00
1.454545e-02	-3.232334e-08	1.935818e+00
1.453488e-02	-3.245624e-08	1.929688e+00
1.452433e-02	-3.257763e-08	1.924082e+00
1.451379e-02	-3.268746e-08	1.919002e+00
1.450326e-02	-3.278568e-08	1.914449e+00
1.449275e-02	-3.287225e-08	1.910419e+00
1.448226e-02	-3.294711e-08	1.906908e+00
1.447178e-02	-3.301020e-08	1.903906e+00
1.446132e-02	-3.306147e-08	1.901404e+00
1.445087e-02	-3.310082e-08	1.899391e+00
1.444043e-02	-3.312819e-08	1.897853e+00
1.443001e-02	-3.314345e-08	1.896776e+00
1.441961e-02	-3.314650e-08	1.896144e+00
1.440922e-02	-3.313719e-08	1.895941e+00
1.439885e-02	-3.311538e-08	1.896150e+00
1.438849e-02	-3.308088e-08	1.896756e+00
1.437815e-02	-3.303353e-08	1.897741e+00
1.436782e-02	-3.297315e-08	1.899090e+00
1.435750e-02	-3.289956e-08	1.900787e+00
1.434720e-02	-3.281261e-08	1.902819e+00
1.433692e-02	-3.271218e-08	1.905172e+00
1.432665e-02	-3.259817e-08	1.907836e+00
1.431639e-02	-3.247057e-08	1.910802e+00
1.430615e-02	-3.232941e-08	1.914063e+00
1.429593e-02	-3.217480e-08	1.917613e+00
1.428571e-02	-3.200697e-08	1.921452e+00
1.427552e-02	-3.182622e-08	1.925578e+00
1.426534e-02	-3.163297e-08	1.929993e+00
1.425517e-02	-3.142775e-08	1.934701e+00
1.424501e-02	-3.121120e-08	1.939706e+00
1.423488e-02	-3.098407e-08	1.945013e+00
1.422475e-02	-3.074721e-08	1.950627e+00
1.421464e-02	-3.050154e-08	1.956553e+00
1.420455e-02	-3.024804e-08	1.962793e+00
1.419446e-02	-2.998777e-08	1.969345e+00
1.418440e-02	-2.972176e-08	1.976204e+00
1.417434e-02	-2.945104e-08	1.983361e+00
1.416431e-02	-2.917660e-08	1.990798e+00
1.415428e-02	-2.889935e-08	1.998492e+00
1.414427e-02	-2.862008e-08	2.006413e+00
1.413428e-02	-2.833943e-08	2.014523e+00
1.412429e-02	-2.805787e-08	2.022776e+00
1.411433e-02	-2.777571e-08	2.031120e+00
1.410437e-02	-2.749301e-08	2.039498e+00
1.409443e-02	-2.720965e-08	2.047848e+00
1.408451e-02	-2.692530e-08	2.056107e+00
1.407460e-02	-2.663941e-08	2.064211e+00
1.406470e-02	-2.635128e-08	2.072101e+00
1.405481e-02	-2.606005e-08	2.079719e+00
1.404494e-02	-2.576471e-08	2.087016e+00
1.403509e-02	-2.546419e-08	2.093953e+00
1.402525e-02	-2.515731e-08	2.100499e+00
1.401542e-02	-2.484290e-08	2.106634e+00
1.400560e-02	-2.451972e-08	2.112348e+00
1.399580e-02	-2.418656e-08	2.117645e+00
1.398601e-02	-2.384223e-08	2.122536e+00
1.397624e-02	-2.348553e-08	2.127043e+00
1.396648e-02	-2.311532e-08	2.131192e+00
1.395673e-02	-2.273046e-08	2.135020e+00
1.394700e-02	-2.232989e-08	2.138565e+00
1.393728e-02	-2.191256e-08	2.141869e+00
1.392758e-02	-2.147749e-08	2.144976e+00
1.391788e-02	-2.102375e-08	2.147931e+00
1.390821e-02	-2.055051e-08	2.150778e+00
1.389854e-02	-2.005704e-08	2.153560e+00
1.388889e-02	-1.954273e-08	2.156316e+00
1.387925e-02	-1.900712e-08	2.159084e+00
1.386963e-02	-1.844995e-08	2.161900e+00
1.386001e-02	-1.787115e-08	2.164793e+00
1.385042e-02	-1.727089e-08	2.167791e+00
1.384083e-02	-1.664960e-08	2.170916e+00
1.383126e-02	-1.600797e-08	2.174187e+00
1.382170e-02	-1.534699e-08	2.177618e+00
1.381215e-02	-1.466794e-08	2.181218e+00
1.380262e-02	-1.397238e-08	2.184994e+00
1.379310e-02	-1.326216e-08	2.188945e+00
1.378360e-02	-1.253939e-08	2.193070e+00
1.377410e-02	-1.180644e-08	2.197361e+00
1.376462e-02	-1.106585e-08	2.201807e+00
1.375516e-02	-1.032036e-08	2.206395e+00
1.374570e-02	-9.572813e-09	2.211108e+00
1.373626e-02	-8.826121e-09	2.215924e+00
1.372684e-02	-8.083214e-09	2.220821e+00
1.371742e-02	-7.346976e-09	2.225772e+00
1.370802e-02	-6.620186e-09	2.230748e+00
1.369863e-02	-5.905462e-09	2.235717e+00
1.368925e-02	-5.205206e-09	2.240645e+00
1.367989e-02	-4.521554e-09	2.245495e+00
1.367054e-02	-3.856340e-09	2.250228e+00
1.366120e-02	-3.211055e-09	2.254803e+00
1.365188e-02	-2.586837e-09	2.259177e+00
1.364256e-02	-1.984456e-09	2.263307e+00
1.363327e-02	-1.404324e-09	2.267150e+00
1.362398e-02	-8.465126e-10	2.270665e+00
1.361470e-02	-3.107868e-10	2.273815e+00
1.360544e-02	2.033508e-10	2.276565e+00
1.359619e-02	6.966081e-10	2.278887e+00
1.358696e-02	1.169843e-09	2.280763e+00
1.357773e-02	1.624002e-09	2.282182e+00
1.356852e-02	2.060061e-09	2.283145e+00
1.355932e-02	2.478967e-09	2.283665e+00
1.355014e-02	2.881593e-09	2.283766e+00
1.354096e-02	3.268698e-09	2.283486e+00
1.353180e-02	3.640903e-09	2.282873e+00
1.352265e-02	3.998677e-09	2.281987e+00
1.351351e-02	4.342338e-09	2.280899e+00
1.350439e-02	4.672061e-09	2.279685e+00
1.349528e-02	4.987898e-09	2.278429e+00
1.348618e-02	5.289805e-09	2.277219e+00
1.347709e-02	5.577671e-09	2.276145e+00
1.346801e-02	5.851350e-09	2.275296e+00
1.345895e-02	6.110694e-09	2.274762e+00
1.344990e-02	6.355577e-09	2.274629e+00
1.344086e-02	6.585928e-09	2.274980e+00
1.343183e-02	6.801744e-09	2.275891e+00
1.342282e-02	7.003109e-09	2.277435e+00
1.341382e-02	7.190206e-09	2.279678e+00
1.340483e-02	7.363316e-09	2.282678e+00
1.339585e-02	7.522827e-09	2.286489e+00
1.338688e-02	7.669225e-09	2.291155e+00
1.337793e-02	7.803092e-09	2.296715e+00
1.336898e-02	7.925097e-09	2.303199e+00
1.336005e-02	8.035987e-09	2.310630e+00
1.335113e-02	8.136576e-09	2.319023e+00
1.334223e-02	8.227738e-09	2.328389e+00
1.333333e-02	8.310391e-09	2.338727e+00
1.332445e-02	8.385494e-09	2.350034e+00
1.331558e-02	8.454033e-09	2.362300e+00
1.330672e-02	8.517015e-09	2.375511e+00
1.329787e-02	8.575462e-09	2.389649e+00
1.328904e-02	8.630401e-09	2.404695e+00
1.328021e-02	8.682860e-09	2.420631e+00
1.327140e-02	8.733862e-09	2.437436e+00
1.326260e-02	8.784420e-09	2.455094e+00
1.325381e-02	8.835531e-09	2.473590e+00
1.324503e-02	8.888168e-09	2.492911e+00
1.323627e-02	8.943272e-09	2.513040e+00
1.322751e-02	9.001746e-09	2.533957e+00
1.321877e-02	9.064440e-09	2.555631e+00
1.321004e-02	9.132143e-09	2.578012e+00
1.320132e-02	9.205568e-09	2.601019e+00
1.319261e-02	9.285334e-09	2.624531e+00
1.318392e-02	9.371958e-09	2.648373e+00
1.317523e-02	9.465835e-09	2.672308e+00
1.316656e-02	9.567230e-09	2.696028e+00
1.315789e-02	9.676274e-09	2.719151e+00
1.314924e-02	9.792956e-09	2.741231e+00
1.314060e-02	9.917134e-09	2.761771e+00
1.313198e-02	1.004855e-08	2.780245e+00
1.312336e-02	1.018684e-08	2.796134e+00
1.311475e-02	1.033158e-08	2.808961e+00
1.310616e-02	1.048230e-08	2.818323e+00
1.309758e-02	1.063854e-08	2.823927e+00
1.308901e-02	1.079985e-08	2.825606e+00
1.308044e-02	1.096586e-08	2.823328e+00
1.307190e-02	1.113628e-08	2.817196e+00
1.306336e-02	1.131089e-08	2.807431e+00
1.305483e-02	1.148958e-08	2.794350e+00
1.304631e-02	1.167234e-08	2.778338e+00
1.303781e-02	1.185922e-08	2.759825e+00
1.302932e-02	1.205031e-08	2.739256e+00
1.302083e-02	1.224573e-08	2.717075e+00
1.301236e-02	1.244558e-08	2.693702e+00
1.300390e-02	1.264990e-08	2.669527e+00
1.299545e-02	1.285866e-08	2.644899e+00
1.298701e-02	1.307171e-08	2.620122e+00
1.297859e-02	1.328876e-08	2.595455e+00
1.297017e-02	1.350937e-08	2.571113e+00
1.296176e-02	1.373291e-08	2.547268e+00
1.295337e-02	1.395857e-08	2.524053e+00
1.294498e-02	1.418535e-08	2.501564e+00
1.293661e-02	1.441208e-08	2.479868e+00
1.292825e-02	1.463738e-08	2.459006e+00
1.291990e-02	1.485974e-08	2.438994e+00
1.291156e-02	1.507749e-08	2.419832e+00
1.290323e-02	1.528884e-08	2.401506e+00
1.289491e-02	1.549189e-08	2.383992e+00
1.288660e-02	1.568471e-08	2.367261e+00
1.287830e-02	1.586530e-08	2.351281e+00
1.287001e-02	1.603166e-08	2.336021e+00
1.286174e-02	1.618186e-08	2.321450e+00
1.285347e-02	1.631398e-08	2.307544e+00
1.284522e-02	1.642627e-08	2.294285e+00
1.283697e-02	1.651705e-08	2.281660e+00
1.282874e-02	1.658485e-08	2.269659e+00
1.282051e-02	1.662836e-08	2.258280e+00
1.281230e-02	1.664653e-08	2.247523e+00
1.280410e-02	1.663850e-08	2.237386e+00
1.279591e-02	1.660367e-08	2.227869e+00
1.278772e-02	1.654172e-08	2.218962e+00
1.277955e-02	1.645256e-08	2.210652e+00
1.277139e-02	1.633638e-08	2.202911e+00
1.276324e-02	1.619359e-08	2.195699e+00
1.275510e-02	1.602487e-08	2.188961e+00
1.274697e-02	1.583110e-08	2.182626e+00
1.273885e-02	1.561335e-08	2.176608e+00
1.273074e-02	1.537289e-08	2.170807e+00
1.272265e-02	1.511111e-08	2.165116e+00
1.271456e-02	1.482954e-08	2.159421e+00
1.270648e-02	1.452983e-08	2.153612e+00
1.269841e-02	1.421367e-08	2.147587e+00
1.269036e-02	1.388285e-08	2.141258e+00
1.268231e-02	1.353918e-08	2.134559e+00
1.267427e-02	1.318451e-08	2.127448e+00
1.266624e-02	1.282068e-08	2.119912e+00
1.265823e-02	1.244955e-08	2.111964e+00
1.265022e-02	1.207296e-08	2.103645e+00
1.264223e-02	1.169270e-08	2.095018e+00
1.263424e-02	1.131056e-08	2.086167e+00
1.262626e-02	1.092824e-08	2.077186e+00
1.261830e-02	1.054739e-08	2.068183e+00
1.261034e-02	1.016958e-08	2.059268e+00
1.260239e-02	9.796285e-09	2.050550e+00
1.259446e-02	9.428890e-09	2.042136e+00
1.258653e-02	9.068661e-09	2.034126e+00
1.257862e-02	8.716749e-09	2.026615e+00
1.257071e-02	8.374182e-09	2.019684e+00
1.256281e-02	8.041861e-09	2.013409e+00
1.255493e-02	7.720560e-09	2.007854e+00
1.254705e-02	7.410922e-09	2.003073e+00
1.253918e-02	7.113463e-09	1.999111e+00
1.253133e-02	6.828574e-09	1.996002e+00
1.252348e-02	6.556523e-09	1.993773e+00
1.251564e-02	6.297459e-09	1.992439e+00
1.250782e-02	6.051421e-09	1.992007e+00
1.250000e-02	5.818335e-09	1.992473e+00
1.249219e-02	5.598029e-09	1.993824e+00
1.248439e-02	5.390229e-09	1.996034e+00
1.247661e-02	5.194573e-09	1.999070e+00
1.246883e-02	5.010616e-09	2.002884e+00
1.246106e-02	4.837832e-09	2.007420e+00
1.245330e-02	4.675628e-09	2.012610e+00
1.244555e-02	4.523350e-09	2.018378e+00
1.243781e-02	4.380293e-09	2.024638e+00
1.243008e-02	4.245709e-09	2.031297e+00
1.242236e-02	4.118824e-09	2.038261e+00
1.241465e-02	3.998842e-09	2.045430e+00
1.240695e-02	3.884964e-09	2.052711e+00
1.239926e-02	3.776396e-09	2.060013e+00
1.239157e-02	3.672364e-09	2.067253e+00
1.238390e-02	3.572124e-09	2.074362e+00
1.237624e-02	3.474968e-09	2.081284e+00
1.236858e-02	3.380240e-09	2.087979e+00
1.236094e-02	3.287335e-09	2.094426e+00
1.235330e-02	3.195708e-09	2.100619e+00
1.234568e-02	3.104874e-09	2.106571e+00
1.233806e-02	3.014408e-09	2.112311e+00
1.233046e-02	2.923944e-09	2.117879e+00
1.232286e-02	2.833171e-09	2.123330e+00
1.231527e-02	2.741830e-09	2.128723e+00
1.230769e-02	2.649708e-09	2.134125e+00
1.230012e-02	2.556632e-09	2.139605e+00
1.229256e-02	2.462463e-09	2.145231e+00
1.228501e-02	2.367094e-09	2.151070e+00
1.227747e-02	2.270443e-09	2.157183e+00
1.226994e-02	2.172448e-09	2.163631e+00
1.226242e-02	2.073068e-09	2.170463e+00
1.225490e-02	1.972275e-09	2.177728e+00
1.224740e-02	1.870058e-09	2.185465e+00
1.223990e-02	1.766414e-09	2.193710e+00
1.223242e-02	1.661358e-09	2.202492e+00
1.222494e-02	1.554911e-09	2.211838e+00
1.221747e-02	1.447108e-09	2.221768e+00
1.221001e-02	1.337995e-09	2.232304e+00
1.220256e-02	1.227629e-09	2.243461e+00
1.219512e-02	1.116079e-09	2.255255e+00
1.218769e-02	1.003422e-09	2.267700e+00
1.218027e-02	8.897480e-10	2.280812e+00
1.217285e-02	7.751567e-10	2.294603e+00
1.216545e-02	6.597570e-10	2.309089e+00
1.215805e-02	5.436653e-10	2.324285e+00
1.215067e-02	4.270063e-10	2.340205e+00
1.214329e-02	3.099099e-10	2.356868e+00
1.213592e-02	1.925109e-10	2.374289e+00
1.212856e-02	7.494723e-11	2.392484e+00
1.212121e-02	-4.264133e-11	2.411467e+00
1.211387e-02	-1.601156e-10	2.431251e+00
1.210654e-02	-2.773366e-10	2.451839e+00
1.209921e-02	-3.941691e-10	2.473232e+00
1.209190e-02	-5.104813e-10	2.495414e+00
1.208459e-02	-6.261474e-10	2.518358e+00
1.207729e-02	-7.410469e-10	2.542015e+00
1.207001e-02	-8.550680e-10	2.566315e+00
1.206273e-02	-9.681064e-10	2.591155e+00
1.205546e-02	-1.080066e-09	2.616400e+00
1.204819e-02	-1.190862e-09	2.641877e+00
1.204094e-02	-1.300416e-09	2.667369e+00
1.203369e-02	-1.408660e-09	2.692615e+00
1.202646e-02	-1.515536e-09	2.717309e+00
1.201923e-02	-1.620990e-09	2.741102e+00
1.201201e-02	-1.724978e-09	2.763606e+00
1.200480e-02	-1.827461e-09	2.784406e+00
1.199760e-02	-1.928400e-09	2.803070e+00
1.199041e-02	-2.027760e-09	2.819168e+00
1.198322e-02	-2.125503e-09	2.832292e+00
1.197605e-02	-2.221587e-09	2.842082e+00
1.196888e-02	-2.315964e-09	2.848249e+00
1.196172e-02	-2.408578e-09	2.850605e+00
1.195457e-02	-2.499366e-09	2.849075e+00
1.194743e-02	-2.588256e-09	2.843723e+00
1.194030e-02	-2.675171e-09	2.834747e+00
1.193317e-02	-2.760029e-09	2.822479e+00
1.192606e-02	-2.842751e-09	2.807367e+00
1.191895e-02	-2.923263e-09	2.789944e+00
1.191185e-02	-3.001503e-09	2.770800e+00
1.190476e-02	-3.077424e-09	2.750532e+00
1.189768e-02	-3.151002e-09	2.729709e+00
1.189061e-02	-3.222239e-09	2.708826e+00
1.188354e-02	-3.291164e-09	2.688269e+00
1.187648e-02	-3.357836e-09	2.668287e+00
1.186944e-02	-3.422347e-09	2.648968e+00
1.186240e-02	-3.484814e-09	2.630239e+00
1.185536e-02	-3.545385e-09	2.611875e+00
1.184834e-02	-3.604233e-09	2.593527e+00
1.184133e-02	-3.661550e-09	2.574773e+00
1.183432e-02	-3.717548e-09	2.555181e+00
1.182732e-02	-3.772451e-09	2.534380e+00
1.182033e-02	-3.826487e-09	2.512125e+00
1.181335e-02	-3.879887e-09	2.488344e+00
1.180638e-02	-3.932875e-09	2.463161e+00
1.179941e-02	-3.985662e-09	2.436889e+00
1.179245e-02	-4.038439e-09	2.409990e+00
1.178550e-02	-4.091376e-09	2.383033e+00
1.177856e-02	-4.144611e-09	2.356630e+00
1.177163e-02	-4.198254e-09	2.331386e+00
1.176471e-02	-4.252385e-09	2.307857e+00
1.175779e-02	-4.307054e-09	2.286528e+00
1.175088e-02	-4.362282e-09	2.267792e+00
1.174398e-02	-4.418065e-09	2.251953e+00
1.173709e-02	-4.474378e-09	2.239230e+00
1.173021e-02	-4.531176e-09	2.229760e+00
1.172333e-02	-4.588398e-09	2.223612e+00
1.171646e-02	-4.645967e-09	2.220792e+00
1.170960e-02	-4.703794e-09	2.221251e+00
1.170275e-02	-4.761777e-09	2.224888e+00
1.169591e-02	-4.819801e-09	2.231553e+00
1.168907e-02	-4.877738e-09	2.241049e+00
1.168224e-02	-4.935444e-09	2.253131e+00
1.167542e-02	-4.992756e-09	2.267512e+00
1.166861e-02	-5.049490e-09	2.283856e+00
1.166181e-02	-5.105431e-09	2.301795e+00
1.165501e-02	-5.160332e-09	2.320926e+00
1.164822e-02	-5.213903e-09	2.340830e+00
1.164144e-02	-5.265808e-09	2.361089e+00
1.163467e-02	-5.315653e-09	2.381311e+00
1.162791e-02	-5.362985e-09	2.401161e+00
1.162115e-02	-5.407291e-09	2.420395e+00
1.161440e-02	-5.448007e-09	2.438893e+00
1.160766e-02	-5.484523e-09	2.456681e+00
1.160093e-02	-5.516217e-09	2.473931e+00
1.159420e-02	-5.542484e-09	2.490943e+00
1.158749e-02	-5.562783e-09	2.508090e+00
1.158078e-02	-5.576690e-09	2.525735e+00
1.157407e-02	-5.583957e-09	2.544131e+00
1.156738e-02	-5.584565e-09	2.563304e+00
1.156069e-02	-5.578775e-09	2.582953e+00
1.155402e-02	-5.567157e-09	2.602374e+00
1.154734e-02	-5.550594e-09	2.620446e+00
1.154068e-02	-5.530262e-09	2.635684e+00
1.153403e-02	-5.507577e-09	2.646381e+00
1.152738e-02	-5.484119e-09	2.650820e+00
1.152074e-02	-5.461536e-09	2.647536e+00
1.151410e-02	-5.441447e-09	2.635554e+00
1.150748e-02	-5.425345e-09	2.614558e+00
1.150086e-02	-5.414513e-09	2.584943e+00
1.149425e-02	-5.409971e-09	2.547735e+00
1.148765e-02	-5.412430e-09	2.504420e+00
1.148106e-02	-5.422289e-09	2.456724e+00
1.147447e-02	-5.439630e-09	2.406400e+00
1.146789e-02	-5.464252e-09	2.355063e+00
1.146132e-02	-5.495698e-09	2.304080e+00
1.145475e-02	-5.533297e-09	2.254530e+00
1.144820e-02	-5.576205e-09	2.207196e+00
1.144165e-02	-5.623449e-09	2.162600e+00
1.143511e-02	-5.673965e-09	2.121041e+00
1.142857e-02	-5.726632e-09	2.082647e+00
1.142204e-02	-5.780303e-09	2.047417e+00
1.141553e-02	-5.833826e-09	2.015260e+00
1.140901e-02	-5.886070e-09	1.986029e+00
1.140251e-02	-5.935936e-09	1.959541e+00
1.139601e-02	-5.982372e-09	1.935598e+00
1.138952e-02	-6.024383e-09	1.913997e+00
1.138304e-02	-6.061036e-09	1.894542e+00
1.137656e-02	-6.091468e-09	1.877044e+00
1.137010e-02	-6.114891e-09	1.861330e+00
1.136364e-02	-6.130594e-09	1.847239e+00
1.135718e-02	-6.137947e-09	1.834625e+00
1.135074e-02	-6.136403e-09	1.823357e+00
1.134430e-02	-6.125501e-09	1.813315e+00
1.133787e-02	-6.104870e-09	1.804392e+00
1.133144e-02	-6.074227e-09	1.796490e+00
1.132503e-02	-6.033380e-09	1.789522e+00
1.131862e-02	-5.982232e-09	1.783404e+00
1.131222e-02	-5.920774e-09	1.778061e+00
1.130582e-02	-5.849092e-09	1.773419e+00
1.129944e-02	-5.767357e-09	1.769409e+00
1.129305e-02	-5.675830e-09	1.765962e+00
1.128668e-02	-5.574853e-09	1.763011e+00
1.128032e-02	-5.464846e-09	1.760487e+00
1.127396e-02	-5.346299e-09	1.758321e+00
1.126761e-02	-5.219767e-09	1.756444e+00
1.126126e-02	-5.085861e-09	1.754785e+00
1.125492e-02	-4.945240e-09	1.753274e+00
1.124859e-02	-4.798600e-09	1.751841e+00
1.124227e-02	-4.646670e-09	1.750418e+00
1.123596e-02	-4.490198e-09	1.748940e+00
1.122965e-02	-4.329944e-09	1.747347e+00
1.122334e-02	-4.166674e-09	1.745587e+00
1.121705e-02	-4.001149e-09	1.743613e+00
1.121076e-02	-3.834120e-09	1.741391e+00
1.120448e-02	-3.666321e-09	1.738896e+00
1.119821e-02	-3.498463e-09	1.736115e+00
1.119194e-02	-3.331230e-09	1.733047e+00
1.118568e-02	-3.165271e-09	1.729703e+00
1.117943e-02	-3.001201e-09	1.726105e+00
1.117318e-02	-2.839591e-09	1.722285e+00
1.116695e-02	-2.680970e-09	1.718286e+00
1.116071e-02	-2.525820e-09	1.714155e+00
1.115449e-02	-2.374573e-09	1.709948e+00
1.114827e-02	-2.227614e-09	1.705724e+00
1.114206e-02	-2.085272e-09	1.701544e+00
1.113586e-02	-1.947828e-09	1.697474e+00
1.112966e-02	-1.815510e-09	1.693577e+00
1.112347e-02	-1.688496e-09	1.689918e+00
1.111729e-02	-1.566915e-09	1.686564e+00
1.111111e-02	-1.450851e-09	1.683577e+00
1.110494e-02	-1.340342e-09	1.681023e+00
1.109878e-02	-1.235385e-09	1.678965e+00
1.109262e-02	-1.135942e-09	1.677466e+00
1.108647e-02	-1.041938e-09	1.676591e+00
1.108033e-02	-9.532703e-10	1.676406e+00
1.107420e-02	-8.698095e-10	1.676974e+00
1.106807e-02	-7.914036e-10	1.678365e+00
1.106195e-02	-7.178822e-10	1.680646e+00
1.105583e-02	-6.490603e-10	1.683890e+00
1.104972e-02	-5.847414e-10	1.688170e+00
1.104362e-02	-5.247206e-10	1.693563e+00
1.103753e-02	-4.687883e-10	1.700146e+00
1.103144e-02	-4.167325e-10	1.708003e+00
1.102536e-02	-3.683403e-10	1.717214e+00
1.101928e-02	-3.234020e-10	1.727863e+00
1.101322e-02	-2.817108e-10	1.740033e+00
1.100715e-02	-2.430657e-10	1.753804e+00
1.100110e-02	-2.072728e-10	1.769250e+00
1.099505e-02	-1.741452e-10	1.786440e+00
1.098901e-02	-1.435050e-10	1.805431e+00
1.098298e-02	-1.151832e-10	1.826267e+00
1.097695e-02	-8.902059e-11	1.848976e+00
1.097093e-02	-6.486723e-11	1.873565e+00
1.096491e-02	-4.258325e-11	1.900018e+00
1.095890e-02	-2.203841e-11	1.928296e+00
1.095290e-02	-3.112338e-12	1.958329e+00
1.094691e-02	1.430615e-11	1.990019e+00
1.094092e-02	3.031923e-11	2.023236e+00
1.093494e-02	4.501970e-11	2.057814e+00
1.092896e-02	5.849305e-11	2.093552e+00
1.092299e-02	7.081597e-11	2.130204e+00
1.091703e-02	8.205738e-11	2.167479e+00
1.091107e-02	9.228009e-11	2.205033e+00
1.090513e-02	1.015399e-10	2.242468e+00
1.089918e-02	1.098869e-10	2.279327e+00
1.089325e-02	1.173661e-10	2.315096e+00
1.088732e-02	1.240179e-10	2.349210e+00
1.088139e-02	1.298792e-10	2.381063e+00
1.087548e-02	1.349839e-10	2.410027e+00
1.086957e-02	1.393633e-10	2.435471e+00
1.086366e-02	1.430475e-10	2.456793e+00
1.085776e-02	1.460654e-10	2.473462e+00
1.085187e-02	1.484445e-10	2.485055e+00
1.084599e-02	1.502115e-10	2.491308e+00
1.084011e-02	1.513926e-10	2.492161e+00
1.083424e-02	1.520114e-10	2.487784e+00
1.082837e-02	1.520910e-10	2.478590e+00
1.082251e-02	1.516515e-10	2.465220e+00
1.081666e-02	1.507107e-10	2.448499e+00
1.081081e-02	1.492841e-10	2.429379e+00
1.080497e-02	1.473840e-10	2.408860e+00
1.079914e-02	1.450210e-10	2.387922e+00
1.079331e-02	1.422030e-10	2.367456e+00
1.078749e-02	1.389369e-10	2.348220e+00
1.078167e-02	1.352269e-10	2.330798e+00
1.077586e-02	1.310765e-10	2.315583e+00
1.077006e-02	1.264879e-10	2.302777e+00
1.076426e-02	1.214614e-10	2.292386e+00
1.075847e-02	1.159949e-10	2.284239e+00
1.075269e-02	1.100835e-10	2.278002e+00
1.074691e-02	1.037174e-10	2.273201e+00
1.074114e-02	9.688143e-11	2.269246e+00
1.073537e-02	8.955322e-11	2.265469e+00
1.072961e-02	8.170143e-11	2.261160e+00
1.072386e-02	7.328474e-11	2.255612e+00
1.071811e-02	6.424998e-11	2.248175e+00
1.071237e-02	5.453253e-11	2.238298e+00
1.070664e-02	4.405443e-11	2.225580e+00
1.070091e-02	3.272577e-11	2.209801e+00
1.069519e-02	2.044488e-11	2.190938e+00
1.068947e-02	7.097696e-12	2.169158e+00
1.068376e-02	-7.438384e-12	2.144801e+00
1.067806e-02	-2.329695e-11	2.118338e+00
1.067236e-02	-4.061872e-11	2.090325e+00
1.066667e-02	-5.955320e-11	2.061354e+00
1.066098e-02	-8.025654e-11	2.032007e+00
1.065530e-02	-1.028934e-10	2.002825e+00
1.064963e-02	-1.276347e-10	1.974277e+00
1.064396e-02	-1.546610e-10	1.946755e+00
1.063830e-02	-1.841608e-10	1.920560e+00
1.063264e-02	-2.163330e-10	1.895916e+00
1.062699e-02	-2.513879e-10	1.872969e+00
1.062135e-02	-2.895475e-10	1.851806e+00
1.061571e-02	-3.310479e-10	1.832460e+00
1.061008e-02	-3.761392e-10	1.814926e+00
1.060445e-02	-4.250877e-10	1.799170e+00
1.059883e-02	-4.781760e-10	1.785139e+00
1.059322e-02	-5.357056e-10	1.772765e+00
1.058761e-02	-5.979956e-10	1.761979e+00
1.058201e-02	-6.653849e-10	1.752706e+00
1.057641e-02	-7.382322e-10	1.744875e+00
1.057082e-02	-8.169156e-10	1.738421e+00
1.056524e-02	-9.018335e-10	1.733285e+00
1.055966e-02	-9.934029e-10	1.729416e+00
1.055409e-02	-1.092059e-09	1.726773e+00
1.054852e-02	-1.198254e-09	1.725326e+00
1.054296e-02	-1.312453e-09	1.725051e+00
1.053741e-02	-1.435133e-09	1.725939e+00
1.053186e-02	-1.566775e-09	1.727988e+00
1.052632e-02	-1.707863e-09	1.731206e+00
1.052078e-02	-1.858873e-09	1.735613e+00
1.051525e-02	-2.020266e-09	1.741236e+00
1.050972e-02	-2.192478e-09	1.748110e+00
1.050420e-02	-2.375905e-09	1.756280e+00
1.049869e-02	-2.570889e-09	1.765796e+00
1.049318e-02	-2.777700e-09	1.776712e+00
1.048768e-02	-2.996517e-09	1.789085e+00
1.048218e-02	-3.227404e-09	1.802974e+00
1.047669e-02	-3.470284e-09	1.818430e+00
1.047120e-02	-3.724911e-09	1.835502e+00
1.046572e-02	-3.990846e-09	1.854223e+00
1.046025e-02	-4.267421e-09	1.874609e+00
1.045478e-02	-4.553716e-09	1.896652e+00
1.044932e-02	-4.848534e-09	1.920311e+00
1.044386e-02	-5.150377e-09	1.945510e+00
1.043841e-02	-5.457442e-09	1.972123e+00
1.043297e-02	-5.767614e-09	1.999975e+00
1.042753e-02	-6.078484e-09	2.028835e+00
1.042209e-02	-6.387381e-09	2.058418e+00
1.041667e-02	-6.691423e-09	2.088384e+00
1.041124e-02	-6.987589e-09	2.118349e+00
1.040583e-02	-7.272810e-09	2.147898e+00
1.040042e-02	-7.544082e-09	2.176605e+00
1.039501e-02	-7.798582e-09	2.204056e+00
1.038961e-02	-8.033800e-09	2.229876e+00
1.038422e-02	-8.247657e-09	2.253754e+00
1.037883e-02	-8.438614e-09	2.275468e+00
1.037344e-02	-8.605758e-09	2.294899e+00
1.036807e-02	-8.748854e-09	2.312042e+00
1.036269e-02	-8.868361e-09	2.326999e+00
1.035733e-02	-8.965409e-09	2.339970e+00
1.035197e-02	-9.041746e-09	2.351223e+00
1.034661e-02	-9.099637e-09	2.361071e+00
1.034126e-02	-9.141758e-09	2.369838e+00
1.033592e-02	-9.171061e-09	2.377831e+00
1.033058e-02	-9.190641e-09	2.385315e+00
1.032525e-02	-9.203608e-09	2.392505e+00
1.031992e-02	-9.212964e-09	2.399558e+00
1.031460e-02	-9.221505e-09	2.406589e+00
1.030928e-02	-9.231743e-09	2.413684e+00
1.030397e-02	-9.245846e-09	2.420927e+00
1.029866e-02	-9.265607e-09	2.428426e+00
1.029336e-02	-9.292422e-09	2.436330e+00
1.028807e-02	-9.327299e-09	2.444842e+00
1.028278e-02	-9.370860e-09	2.454215e+00
1.027749e-02	-9.423370e-09	2.464737e+00
1.027221e-02	-9.484757e-09	2.476690e+00
1.026694e-02	-9.554642e-09	2.490305e+00
1.026167e-02	-9.632365e-09	2.505699e+00
1.025641e-02	-9.717019e-09	2.522807e+00
1.025115e-02	-9.807472e-09	2.541318e+00
1.024590e-02	-9.902393e-09	2.560624e+00
1.024066e-02	-1.000028e-08	2.579807e+00
1.023541e-02	-1.009947e-08	2.597676e+00
1.023018e-02	-1.019816e-08	2.612857e+00
1.022495e-02	-1.029444e-08	2.623945e+00
1.021972e-02	-1.038626e-08	2.629686e+00
1.021450e-02	-1.047149e-08	2.629148e+00
1.020929e-02	-1.054791e-08	2.621848e+00
1.020408e-02	-1.061320e-08	2.607792e+00
1.019888e-02	-1.066501e-08	2.587439e+00
1.019368e-02	-1.070094e-08	2.561599e+00
1.018849e-02	-1.071854e-08	2.531298e+00
1.018330e-02	-1.071539e-08	2.497646e+00
1.017812e-02	-1.068902e-08	2.461728e+00
1.017294e-02	-1.063702e-08	2.424533e+00
1.016777e-02	-1.055698e-08	2.386904e+00
1.016260e-02	-1.044650e-08	2.349529e+00
1.015744e-02	-1.030325e-08	2.312944e+00
1.015228e-02	-1.012498e-08	2.277543e+00
1.014713e-02	-9.909488e-09	2.243599e+00
1.014199e-02	-9.654724e-09	2.211285e+00
1.013685e-02	-9.358785e-09	2.180695e+00
1.013171e-02	-9.019966e-09	2.151860e+00
1.012658e-02	-8.636810e-09	2.124764e+00
1.012146e-02	-8.208146e-09	2.099360e+00
1.011634e-02	-7.733137e-09	2.075578e+00
1.011122e-02	-7.211316e-09	2.053338e+00
1.010611e-02	-6.642619e-09	2.032550e+00
1.010101e-02	-6.027406e-09	2.013128e+00
1.009591e-02	-5.366470e-09	1.994988e+00
1.009082e-02	-4.661042e-09	1.978051e+00
1.008573e-02	-3.912774e-09	1.962248e+00
1.008065e-02	-3.123721e-09	1.947518e+00
1.007557e-02	-2.296302e-09	1.933807e+00
1.007049e-02	-1.433266e-09	1.921070e+00
1.006543e-02	-5.376422e-10	1.909271e+00
1.006036e-02	3.873089e-10	1.898375e+00
1.005530e-02	1.338147e-09	1.888357e+00
1.005025e-02	2.311302e-09	1.879192e+00
1.004520e-02	3.303120e-09	1.870857e+00
1.004016e-02	4.309908e-09	1.863333e+00
1.003512e-02	5.327971e-09	1.856598e+00
1.003009e-02	6.353642e-09	1.850630e+00
1.002506e-02	7.383306e-09	1.845408e+00
1.002004e-02	8.413420e-09	1.840905e+00
1.001502e-02	9.440525e-09	1.837095e+00
1.001001e-02	1.046125e-08	1.833947e+00
1.000500e-02	1.147232e-08	1.831428e+00
1.000000e-02	1.247054e-08	1.829503e+00
