# Finite Temperature Data for J1J2 Model
# Lx=6, Ly=6, J1=1.0000, J2=0.1250, Fz=0.0000, chi_max=70
# Columns: T | Sigmaz | Cv
# 
2.000000e+01	8.476809e-11	4.268763e-02
1.000000e+01	2.078647e-09	1.620177e-01
6.666667e+00	3.868037e-08	3.435608e-01
5.000000e+00	1.920927e-07	5.722897e-01
4.000000e+00	5.209761e-07	8.339263e-01
3.333333e+00	1.000092e-06	1.115322e+00
2.857143e+00	1.575175e-06	1.404723e+00
2.500000e+00	2.232514e-06	1.692651e+00
2.222222e+00	2.930857e-06	1.972078e+00
2.000000e+00	3.652142e-06	2.238156e+00
1.818182e+00	4.394850e-06	2.487940e+00
1.666667e+00	5.164153e-06	2.720063e+00
1.538462e+00	5.967207e-06	2.934386e+00
1.428571e+00	6.810648e-06	3.131683e+00
1.333333e+00	7.698797e-06	3.313369e+00
1.250000e+00	8.632217e-06	3.481270e+00
1.176471e+00	9.606494e-06	3.637422e+00
1.111111e+00	1.061070e-05	3.783872e+00
1.052632e+00	1.162465e-05	3.922531e+00
1.000000e+00	1.261624e-05	4.055098e+00
9.523810e-01	1.354309e-05	4.183046e+00
9.090909e-01	1.436099e-05	4.307618e+00
8.695652e-01	1.503472e-05	4.429857e+00
8.333333e-01	1.554444e-05	4.550665e+00
8.000000e-01	1.588530e-05	4.670857e+00
7.692308e-01	1.606351e-05	4.791208e+00
7.407407e-01	1.609210e-05	4.912504e+00
7.142857e-01	1.598732e-05	5.035527e+00
6.896552e-01	1.576570e-05	5.160973e+00
6.666667e-01	1.544198e-05	5.289360e+00
6.451613e-01	1.502800e-05	5.420999e+00
6.250000e-01	1.453247e-05	5.556047e+00
6.060606e-01	1.396147e-05	5.694572e+00
5.882353e-01	1.331934e-05	5.836575e+00
5.714286e-01	1.261005e-05	5.981967e+00
5.555556e-01	1.183866e-05	6.130548e+00
5.405405e-01	1.101279e-05	6.282036e+00
5.263158e-01	1.014328e-05	6.436124e+00
5.128205e-01	9.243711e-06	6.592548e+00
5.000000e-01	8.328943e-06	6.751118e+00
4.878049e-01	7.413281e-06	6.911716e+00
4.761905e-01	6.508943e-06	7.074260e+00
4.651163e-01	5.625249e-06	7.238669e+00
4.545455e-01	4.768504e-06	7.404841e+00
4.444444e-01	3.942359e-06	7.572660e+00
4.347826e-01	3.148388e-06	7.742007e+00
4.255319e-01	2.386694e-06	7.912774e+00
4.166667e-01	1.656416e-06	8.084880e+00
4.081633e-01	9.561252e-07	8.258266e+00
4.000000e-01	2.840820e-07	8.432888e+00
3.921569e-01	-3.615907e-07	8.608717e+00
3.846154e-01	-9.828160e-07	8.785729e+00
3.773585e-01	-1.581515e-06	8.963901e+00
3.703704e-01	-2.159590e-06	9.143210e+00
3.636364e-01	-2.718917e-06	9.323628e+00
3.571429e-01	-3.261356e-06	9.505122e+00
3.508772e-01	-3.788748e-06	9.687652e+00
3.448276e-01	-4.302915e-06	9.871169e+00
3.389831e-01	-4.805658e-06	1.005561e+01
3.333333e-01	-5.298735e-06	1.024089e+01
3.278689e-01	-5.783844e-06	1.042692e+01
3.225806e-01	-6.262586e-06	1.061356e+01
3.174603e-01	-6.736422e-06	1.080066e+01
3.125000e-01	-7.206630e-06	1.098801e+01
3.076923e-01	-7.674251e-06	1.117540e+01
3.030303e-01	-8.140045e-06	1.136256e+01
2.985075e-01	-8.604448e-06	1.154924e+01
2.941176e-01	-9.067554e-06	1.173516e+01
2.898551e-01	-9.529111e-06	1.192007e+01
2.857143e-01	-9.988540e-06	1.210377e+01
2.816901e-01	-1.044498e-05	1.228611e+01
2.777778e-01	-1.089735e-05	1.246700e+01
2.739726e-01	-1.134440e-05	1.264642e+01
2.702703e-01	-1.178481e-05	1.282446e+01
2.666667e-01	-1.221721e-05	1.300127e+01
2.631579e-01	-1.264026e-05	1.317707e+01
2.597403e-01	-1.305264e-05	1.335219e+01
2.564103e-01	-1.345302e-05	1.352703e+01
2.531646e-01	-1.384005e-05	1.370205e+01
2.500000e-01	-1.421227e-05	1.387775e+01
2.469136e-01	-1.456798e-05	1.405465e+01
2.439024e-01	-1.490523e-05	1.423311e+01
2.409639e-01	-1.522173e-05	1.441327e+01
2.380952e-01	-1.551496e-05	1.459486e+01
2.352941e-01	-1.578241e-05	1.477726e+01
2.325581e-01	-1.602185e-05	1.495959e+01
2.298851e-01	-1.623158e-05	1.514111e+01
2.272727e-01	-1.641053e-05	1.532135e+01
2.247191e-01	-1.655822e-05	1.550021e+01
2.222222e-01	-1.667451e-05	1.567782e+01
2.197802e-01	-1.675954e-05	1.585441e+01
2.173913e-01	-1.681345e-05	1.603016e+01
2.150538e-01	-1.683638e-05	1.620516e+01
2.127660e-01	-1.682840e-05	1.637939e+01
2.105263e-01	-1.678948e-05	1.655273e+01
2.083333e-01	-1.671961e-05	1.672501e+01
2.061856e-01	-1.661880e-05	1.689606e+01
2.040816e-01	-1.648725e-05	1.706565e+01
2.020202e-01	-1.632538e-05	1.723361e+01
2.000000e-01	-1.613394e-05	1.739975e+01
1.980198e-01	-1.591407e-05	1.756392e+01
1.960784e-01	-1.566727e-05	1.772597e+01
1.941748e-01	-1.539548e-05	1.788571e+01
1.923077e-01	-1.510098e-05	1.804294e+01
1.904762e-01	-1.478639e-05	1.819739e+01
1.886792e-01	-1.445463e-05	1.834869e+01
1.869159e-01	-1.410883e-05	1.849643e+01
1.851852e-01	-1.375227e-05	1.864012e+01
1.834862e-01	-1.338824e-05	1.877923e+01
1.818182e-01	-1.301997e-05	1.891323e+01
1.801802e-01	-1.265052e-05	1.904158e+01
1.785714e-01	-1.228265e-05	1.916381e+01
1.769912e-01	-1.191875e-05	1.927950e+01
1.754386e-01	-1.156081e-05	1.938828e+01
1.739130e-01	-1.121035e-05	1.948987e+01
1.724138e-01	-1.086847e-05	1.958406e+01
1.709402e-01	-1.053587e-05	1.967069e+01
1.694915e-01	-1.021289e-05	1.974969e+01
1.680672e-01	-9.899578e-06	1.982102e+01
1.666667e-01	-9.595791e-06	1.988470e+01
1.652893e-01	-9.301237e-06	1.994077e+01
1.639344e-01	-9.015562e-06	1.998933e+01
1.626016e-01	-8.738407e-06	2.003050e+01
1.612903e-01	-8.469452e-06	2.006441e+01
1.600000e-01	-8.208453e-06	2.009124e+01
1.587302e-01	-7.955272e-06	2.011118e+01
1.574803e-01	-7.709880e-06	2.012443e+01
1.562500e-01	-7.472369e-06	2.013123e+01
1.550388e-01	-7.242944e-06	2.013180e+01
1.538462e-01	-7.021912e-06	2.012640e+01
1.526718e-01	-6.809668e-06	2.011526e+01
1.515152e-01	-6.606673e-06	2.009861e+01
1.503759e-01	-6.413425e-06	2.007664e+01
1.492537e-01	-6.230434e-06	2.004952e+01
1.481481e-01	-6.058177e-06	2.001737e+01
1.470588e-01	-5.897065e-06	1.998025e+01
1.459854e-01	-5.747402e-06	1.993815e+01
1.449275e-01	-5.609345e-06	1.989101e+01
1.438849e-01	-5.482881e-06	1.983871e+01
1.428571e-01	-5.367815e-06	1.978106e+01
1.418440e-01	-5.263776e-06	1.971785e+01
1.408451e-01	-5.170236e-06	1.964881e+01
1.398601e-01	-5.086555e-06	1.957367e+01
1.388889e-01	-5.012030e-06	1.949214e+01
1.379310e-01	-4.945943e-06	1.940397e+01
1.369863e-01	-4.887609e-06	1.930894e+01
1.360544e-01	-4.836416e-06	1.920689e+01
1.351351e-01	-4.791841e-06	1.909765e+01
1.342282e-01	-4.753464e-06	1.898111e+01
1.333333e-01	-4.720963e-06	1.885717e+01
1.324503e-01	-4.694104e-06	1.872577e+01
1.315789e-01	-4.672727e-06	1.858691e+01
1.307190e-01	-4.656725e-06	1.844069e+01
1.298701e-01	-4.646027e-06	1.828733e+01
1.290323e-01	-4.640575e-06	1.812725e+01
1.282051e-01	-4.640303e-06	1.796107e+01
1.273885e-01	-4.645113e-06	1.778961e+01
1.265823e-01	-4.654845e-06	1.761382e+01
1.257862e-01	-4.669245e-06	1.743469e+01
1.250000e-01	-4.687933e-06	1.725287e+01
1.242236e-01	-4.710389e-06	1.706824e+01
1.234568e-01	-4.736000e-06	1.687977e+01
1.226994e-01	-4.764167e-06	1.668616e+01
1.219512e-01	-4.794401e-06	1.648702e+01
1.212121e-01	-4.826328e-06	1.628301e+01
1.204819e-01	-4.859621e-06	1.607530e+01
1.197605e-01	-4.893909e-06	1.586504e+01
1.190476e-01	-4.928677e-06	1.565320e+01
1.183432e-01	-4.963169e-06	1.544038e+01
1.176471e-01	-4.996332e-06	1.522663e+01
1.169591e-01	-5.026811e-06	1.501139e+01
1.162791e-01	-5.053014e-06	1.479384e+01
1.156069e-01	-5.073257e-06	1.457329e+01
1.149425e-01	-5.085931e-06	1.434966e+01
1.142857e-01	-5.089679e-06	1.412352e+01
1.136364e-01	-5.083533e-06	1.389603e+01
1.129944e-01	-5.066993e-06	1.366871e+01
1.123596e-01	-5.040039e-06	1.344318e+01
1.117318e-01	-5.003079e-06	1.322088e+01
1.111111e-01	-4.956866e-06	1.300281e+01
1.104972e-01	-4.902394e-06	1.278940e+01
1.098901e-01	-4.840793e-06	1.258044e+01
1.092896e-01	-4.773245e-06	1.237513e+01
1.086957e-01	-4.700907e-06	1.217226e+01
1.081081e-01	-4.624864e-06	1.197047e+01
1.075269e-01	-4.546092e-06	1.176861e+01
1.069519e-01	-4.465440e-06	1.156600e+01
1.063830e-01	-4.383622e-06	1.136266e+01
1.058201e-01	-4.301213e-06	1.115932e+01
1.052632e-01	-4.218646e-06	1.095733e+01
1.047120e-01	-4.136219e-06	1.075850e+01
1.041667e-01	-4.054100e-06	1.056494e+01
1.036269e-01	-3.972347e-06	1.037877e+01
1.030928e-01	-3.890926e-06	1.020200e+01
1.025641e-01	-3.809748e-06	1.003627e+01
1.020408e-01	-3.728690e-06	9.882722e+00
1.015228e-01	-3.647618e-06	9.741846e+00
1.010101e-01	-3.566410e-06	9.613404e+00
1.005025e-01	-3.484961e-06	9.496484e+00
1.000000e-01	-3.403196e-06	9.389678e+00
9.950249e-02	-3.321075e-06	9.291350e+00
9.900990e-02	-3.238584e-06	9.199898e+00
9.852217e-02	-3.155719e-06	9.113931e+00
9.803922e-02	-3.072449e-06	9.032235e+00
9.756098e-02	-2.988703e-06	8.953505e+00
9.708738e-02	-2.904377e-06	8.875992e+00
9.661836e-02	-2.819391e-06	8.797353e+00
9.615385e-02	-2.733762e-06	8.714877e+00
9.569378e-02	-2.647692e-06	8.626039e+00
9.523810e-02	-2.561619e-06	8.529263e+00
9.478673e-02	-2.476219e-06	8.424403e+00
9.433962e-02	-2.392343e-06	8.312482e+00
9.389671e-02	-2.310908e-06	8.195070e+00
9.345794e-02	-2.232746e-06	8.073515e+00
9.302326e-02	-2.158457e-06	7.947760e+00
9.259259e-02	-2.087301e-06	7.889610e+00
9.216590e-02	-2.020899e-06	7.805817e+00
9.174312e-02	-1.957518e-06	7.636193e+00
9.132420e-02	-1.896996e-06	7.463131e+00
9.090909e-02	-1.839110e-06	7.287129e+00
9.049774e-02	-1.783647e-06	7.107818e+00
9.009009e-02	-1.730432e-06	6.923853e+00
8.968610e-02	-1.679327e-06	6.734178e+00
8.928571e-02	-1.630074e-06	6.693078e+00
8.888889e-02	-1.583901e-06	6.470423e+00
8.849558e-02	-1.540026e-06	6.251776e+00
8.810573e-02	-1.498202e-06	6.039854e+00
8.771930e-02	-1.458241e-06	5.835529e+00
8.733624e-02	-1.420008e-06	5.638918e+00
8.695652e-02	-1.383417e-06	5.449637e+00
8.658009e-02	-1.348414e-06	5.267089e+00
8.620690e-02	-1.314958e-06	5.090643e+00
8.583691e-02	-1.283005e-06	4.919712e+00
8.547009e-02	-1.252500e-06	4.753794e+00
8.510638e-02	-1.223377e-06	4.592547e+00
8.474576e-02	-1.195561e-06	4.435870e+00
8.438819e-02	-1.165051e-06	4.581475e+00
8.403361e-02	-1.141134e-06	4.656591e+00
8.368201e-02	-1.124918e-06	4.521350e+00
8.333333e-02	-1.105830e-06	4.384818e+00
8.298755e-02	-1.088867e-06	4.171977e+00
8.264463e-02	-1.073671e-06	3.980844e+00
8.230453e-02	-1.059964e-06	3.808248e+00
8.196721e-02	-1.047527e-06	3.651556e+00
8.163265e-02	-1.036183e-06	3.508546e+00
8.130081e-02	-1.031157e-06	3.601982e+00
8.097166e-02	-1.019699e-06	3.645409e+00
8.064516e-02	-1.007538e-06	3.466656e+00
8.032129e-02	-9.949583e-07	3.308654e+00
8.000000e-02	-9.821696e-07	3.167653e+00
7.968127e-02	-9.693225e-07	3.040745e+00
7.936508e-02	-9.565245e-07	2.925660e+00
7.905138e-02	-9.438513e-07	2.820605e+00
7.874016e-02	-9.313547e-07	2.724145e+00
7.843137e-02	-9.190696e-07	2.635108e+00
7.812500e-02	-9.070176e-07	2.552531e+00
7.782101e-02	-8.952104e-07	2.475610e+00
7.751938e-02	-8.836511e-07	2.403667e+00
7.722008e-02	-8.631496e-07	2.601952e+00
7.692308e-02	-8.507955e-07	2.728802e+00
7.662835e-02	-8.375395e-07	2.590739e+00
7.633588e-02	-8.326105e-07	2.977128e+00
7.604563e-02	-8.204160e-07	2.781438e+00
7.575758e-02	-8.090896e-07	2.618653e+00
7.547170e-02	-7.983695e-07	2.479403e+00
7.518797e-02	-7.880597e-07	2.358975e+00
7.490637e-02	-7.780142e-07	2.253688e+00
7.462687e-02	-7.681245e-07	2.160647e+00
7.434944e-02	-7.583118e-07	2.077554e+00
7.407407e-02	-7.485206e-07	2.002585e+00
7.380074e-02	-7.387148e-07	1.934292e+00
7.352941e-02	-7.288734e-07	1.871535e+00
7.326007e-02	-7.189878e-07	1.813434e+00
7.299270e-02	-7.090585e-07	1.759325e+00
7.272727e-02	-6.990925e-07	1.708718e+00
7.246377e-02	-6.891012e-07	1.661257e+00
7.220217e-02	-6.790988e-07	1.616685e+00
7.194245e-02	-6.691009e-07	1.574807e+00
7.168459e-02	-6.591240e-07	1.535463e+00
7.142857e-02	-6.491841e-07	1.498510e+00
7.117438e-02	-6.392971e-07	1.463808e+00
7.092199e-02	-6.294775e-07	1.431208e+00
7.067138e-02	-6.197384e-07	1.400555e+00
7.042254e-02	-6.100912e-07	1.371679e+00
7.017544e-02	-6.005451e-07	1.344400e+00
6.993007e-02	-5.911076e-07	1.318527e+00
6.968641e-02	-5.817841e-07	1.293860e+00
6.944444e-02	-5.725790e-07	1.270201e+00
6.920415e-02	-5.634956e-07	1.247354e+00
6.896552e-02	-5.545368e-07	1.225136e+00
6.872852e-02	-5.457058e-07	1.203392e+00
6.849315e-02	-5.370061e-07	1.181996e+00
6.825939e-02	-5.284415e-07	1.160859e+00
6.802721e-02	-5.200165e-07	1.139931e+00
6.779661e-02	-5.117348e-07	1.119191e+00
6.756757e-02	-5.035997e-07	1.098646e+00
6.734007e-02	-4.956125e-07	1.078316e+00
6.711409e-02	-4.877727e-07	1.058235e+00
6.688963e-02	-4.800771e-07	1.038437e+00
6.666667e-02	-4.725203e-07	1.018961e+00
6.644518e-02	-4.650941e-07	9.998430e-01
6.622517e-02	-4.577892e-07	9.811220e-01
6.600660e-02	-4.505947e-07	9.628376e-01
6.578947e-02	-4.434995e-07	9.450315e-01
6.557377e-02	-4.364930e-07	9.277467e-01
6.535948e-02	-4.295649e-07	9.110252e-01
6.514658e-02	-4.227061e-07	8.949049e-01
6.493506e-02	-4.159086e-07	8.794160e-01
6.472492e-02	-4.091657e-07	8.645781e-01
6.451613e-02	-4.024718e-07	8.503990e-01
6.430868e-02	-3.958228e-07	8.368725e-01
6.410256e-02	-3.892156e-07	8.239785e-01
6.389776e-02	-3.826489e-07	8.116814e-01
6.369427e-02	-3.761225e-07	7.999305e-01
6.349206e-02	-3.696374e-07	7.886598e-01
6.329114e-02	-3.631963e-07	7.777896e-01
6.309148e-02	-3.568027e-07	7.672306e-01
6.289308e-02	-3.504613e-07	7.568891e-01
6.269592e-02	-3.441779e-07	7.466754e-01
6.250000e-02	-3.379591e-07	7.365122e-01
6.230530e-02	-3.318119e-07	7.263431e-01
6.211180e-02	-3.257439e-07	7.161395e-01
6.191950e-02	-3.197628e-07	7.059027e-01
6.172840e-02	-3.138761e-07	6.956631e-01
6.153846e-02	-3.080905e-07	6.854732e-01
6.134969e-02	-3.024121e-07	6.753985e-01
6.116208e-02	-2.968453e-07	6.655046e-01
6.097561e-02	-2.913935e-07	6.558459e-01
6.079027e-02	-2.860580e-07	6.464547e-01
6.060606e-02	-2.808390e-07	6.373356e-01
6.042296e-02	-2.757350e-07	6.284654e-01
6.024096e-02	-2.707438e-07	6.198001e-01
6.006006e-02	-2.658630e-07	6.112866e-01
5.988024e-02	-2.610903e-07	6.028762e-01
5.970149e-02	-2.564247e-07	5.945359e-01
5.952381e-02	-2.518663e-07	5.862546e-01
5.934718e-02	-2.474168e-07	5.780442e-01
5.917160e-02	-2.430794e-07	5.699371e-01
5.899705e-02	-2.388587e-07	5.619823e-01
5.882353e-02	-2.347603e-07	5.542409e-01
5.865103e-02	-2.307900e-07	5.467819e-01
5.847953e-02	-2.269538e-07	5.396778e-01
5.830904e-02	-2.232568e-07	5.329998e-01
5.813953e-02	-2.197029e-07	5.268131e-01
5.797101e-02	-2.162942e-07	5.211717e-01
5.780347e-02	-2.130301e-07	5.161130e-01
5.763689e-02	-2.099073e-07	5.116535e-01
5.747126e-02	-2.069191e-07	5.077844e-01
5.730659e-02	-2.040549e-07	5.044697e-01
5.714286e-02	-2.012999e-07	5.016468e-01
5.698006e-02	-1.986354e-07	4.992304e-01
5.681818e-02	-1.960391e-07	4.971208e-01
5.665722e-02	-1.934852e-07	4.952161e-01
5.649718e-02	-1.909460e-07	4.934263e-01
5.633803e-02	-1.883928e-07	4.916871e-01
5.617978e-02	-1.857976e-07	4.899705e-01
5.602241e-02	-1.831343e-07	4.882886e-01
5.586592e-02	-1.803801e-07	4.866910e-01
5.571031e-02	-1.775166e-07	4.852562e-01
5.555556e-02	-1.745301e-07	4.840771e-01
5.540166e-02	-1.714123e-07	4.832457e-01
5.524862e-02	-1.681597e-07	4.828360e-01
5.509642e-02	-1.647740e-07	4.828893e-01
5.494505e-02	-1.612607e-07	4.834010e-01
5.479452e-02	-1.576292e-07	4.843135e-01
5.464481e-02	-1.538917e-07	4.855148e-01
5.449591e-02	-1.500623e-07	4.868452e-01
5.434783e-02	-1.461568e-07	4.881136e-01
5.420054e-02	-1.421913e-07	4.891202e-01
5.405405e-02	-1.381820e-07	4.896825e-01
5.390836e-02	-1.341446e-07	4.896585e-01
5.376344e-02	-1.300938e-07	4.889616e-01
5.361930e-02	-1.260436e-07	4.875643e-01
5.347594e-02	-1.220072e-07	4.854922e-01
5.333333e-02	-1.179974e-07	4.828102e-01
5.319149e-02	-1.140274e-07	4.796069e-01
5.305040e-02	-1.101112e-07	4.759800e-01
5.291005e-02	-1.062644e-07	4.720245e-01
5.277045e-02	-1.025050e-07	4.678251e-01
5.263158e-02	-9.885377e-08	4.634504e-01
5.249344e-02	-9.533411e-08	4.589522e-01
5.235602e-02	-9.197200e-08	4.543655e-01
5.221932e-02	-8.879492e-08	4.497125e-01
5.208333e-02	-8.583042e-08	4.450084e-01
5.194805e-02	-8.310431e-08	4.402672e-01
5.181347e-02	-8.063869e-08	4.355074e-01
5.167959e-02	-7.845009e-08	4.307558e-01
5.154639e-02	-7.654806e-08	4.260480e-01
5.141388e-02	-7.493438e-08	4.214265e-01
5.128205e-02	-7.360289e-08	4.169379e-01
5.115090e-02	-7.254008e-08	4.126282e-01
5.102041e-02	-7.172605e-08	4.085393e-01
5.089059e-02	-7.113591e-08	4.047068e-01
5.076142e-02	-7.074126e-08	4.011581e-01
5.063291e-02	-7.051171e-08	3.979131e-01
5.050505e-02	-7.041620e-08	3.949847e-01
5.037783e-02	-7.042420e-08	3.923802e-01
5.025126e-02	-7.050658e-08	3.901031e-01
5.012531e-02	-7.063634e-08	3.881537e-01
5.000000e-02	-7.078899e-08	3.865312e-01
4.987531e-02	-7.094287e-08	3.852338e-01
4.975124e-02	-7.107919e-08	3.842594e-01
4.962779e-02	-7.118197e-08	3.836062e-01
4.950495e-02	-7.123793e-08	3.832724e-01
4.938272e-02	-7.123624e-08	3.832561e-01
4.926108e-02	-7.116826e-08	3.835557e-01
4.914005e-02	-7.102731e-08	3.841694e-01
4.901961e-02	-7.080836e-08	3.850947e-01
4.889976e-02	-7.050784e-08	3.863287e-01
4.878049e-02	-7.012344e-08	3.878678e-01
4.866180e-02	-6.965393e-08	3.897071e-01
4.854369e-02	-6.909911e-08	3.918405e-01
4.842615e-02	-6.845978e-08	3.942601e-01
4.830918e-02	-6.773780e-08	3.969566e-01
4.819277e-02	-6.693618e-08	3.999179e-01
4.807692e-02	-6.605925e-08	4.031299e-01
4.796163e-02	-6.511288e-08	4.065752e-01
4.784689e-02	-6.410478e-08	4.102333e-01
4.773270e-02	-6.304469e-08	4.140801e-01
4.761905e-02	-6.194467e-08	4.180879e-01
4.750594e-02	-6.081926e-08	4.222256e-01
4.739336e-02	-5.968562e-08	4.264599e-01
4.728132e-02	-5.856342e-08	4.307558e-01
4.716981e-02	-5.747469e-08	4.350793e-01
4.705882e-02	-5.644335e-08	4.393991e-01
4.694836e-02	-5.549471e-08	4.436893e-01
4.683841e-02	-5.465461e-08	4.479319e-01
4.672897e-02	-5.394859e-08	4.521179e-01
4.662005e-02	-5.340086e-08	4.562483e-01
4.651163e-02	-5.303336e-08	4.603332e-01
4.640371e-02	-5.286475e-08	4.643901e-01
4.629630e-02	-5.290966e-08	4.684400e-01
4.618938e-02	-5.317799e-08	4.725037e-01
4.608295e-02	-5.367446e-08	4.765968e-01
4.597701e-02	-5.439838e-08	4.807257e-01
4.587156e-02	-5.534359e-08	4.848833e-01
4.576659e-02	-5.649873e-08	4.890477e-01
4.566210e-02	-5.784758e-08	4.931809e-01
4.555809e-02	-5.936968e-08	4.972311e-01
4.545455e-02	-6.104103e-08	5.011362e-01
4.535147e-02	-6.283491e-08	5.048290e-01
4.524887e-02	-6.472281e-08	5.082431e-01
4.514673e-02	-6.667527e-08	5.113182e-01
4.504505e-02	-6.866272e-08	5.140057e-01
4.494382e-02	-7.065629e-08	5.162708e-01
4.484305e-02	-7.262841e-08	5.180942e-01
4.474273e-02	-7.455339e-08	5.194719e-01
4.464286e-02	-7.640787e-08	5.204136e-01
4.454343e-02	-7.817118e-08	5.209410e-01
4.444444e-02	-7.982565e-08	5.210849e-01
4.434590e-02	-8.135676e-08	5.208828e-01
4.424779e-02	-8.275328e-08	5.203763e-01
4.415011e-02	-8.400723e-08	5.196073e-01
4.405286e-02	-8.511370e-08	5.186157e-01
4.395604e-02	-8.607058e-08	5.174368e-01
4.385965e-02	-8.687821e-08	5.160993e-01
4.376368e-02	-8.753898e-08	5.146250e-01
4.366812e-02	-8.805696e-08	5.130293e-01
4.357298e-02	-8.843753e-08	5.113233e-01
4.347826e-02	-8.868717e-08	5.095154e-01
4.338395e-02	-8.881327e-08	5.076133e-01
4.329004e-02	-8.882399e-08	5.056250e-01
4.319654e-02	-8.872818e-08	5.035588e-01
4.310345e-02	-8.853525e-08	5.014232e-01
4.301075e-02	-8.825498e-08	4.992272e-01
4.291845e-02	-8.789741e-08	4.969809e-01
4.282655e-02	-8.747255e-08	4.946968e-01
4.273504e-02	-8.699019e-08	4.923923e-01
4.264392e-02	-8.645971e-08	4.900903e-01
4.255319e-02	-8.588986e-08	4.878204e-01
4.246285e-02	-8.528874e-08	4.856182e-01
4.237288e-02	-8.466368e-08	4.835237e-01
4.228330e-02	-8.402131e-08	4.815794e-01
4.219409e-02	-8.336762e-08	4.798274e-01
4.210526e-02	-8.270804e-08	4.783068e-01
4.201681e-02	-8.204761e-08	4.770510e-01
4.192872e-02	-8.139100e-08	4.760839e-01
4.184100e-02	-8.074264e-08	4.754174e-01
4.175365e-02	-8.010667e-08	4.750478e-01
4.166667e-02	-7.948703e-08	4.749539e-01
4.158004e-02	-7.888728e-08	4.750946e-01
4.149378e-02	-7.831064e-08	4.754098e-01
4.140787e-02	-7.775982e-08	4.758215e-01
4.132231e-02	-7.723697e-08	4.762383e-01
4.123711e-02	-7.674360e-08	4.765613e-01
4.115226e-02	-7.628054e-08	4.766911e-01
4.106776e-02	-7.584792e-08	4.765358e-01
4.098361e-02	-7.544523e-08	4.760171e-01
4.089980e-02	-7.507129e-08	4.750758e-01
4.081633e-02	-7.472443e-08	4.736738e-01
4.073320e-02	-7.440254e-08	4.717948e-01
4.065041e-02	-7.410325e-08	4.694424e-01
4.056795e-02	-7.382401e-08	4.666374e-01
4.048583e-02	-7.356228e-08	4.634147e-01
4.040404e-02	-7.331557e-08	4.598199e-01
4.032258e-02	-7.308159e-08	4.559069e-01
4.024145e-02	-7.285824e-08	4.517355e-01
4.016064e-02	-7.264366e-08	4.473700e-01
4.008016e-02	-7.243618e-08	4.428773e-01
4.000000e-02	-7.223433e-08	4.383242e-01
3.992016e-02	-7.203677e-08	4.337756e-01
3.984064e-02	-7.184226e-08	4.292906e-01
3.976143e-02	-7.164962e-08	4.249207e-01
3.968254e-02	-7.145771e-08	4.207069e-01
3.960396e-02	-7.126543e-08	4.166796e-01
3.952569e-02	-7.107171e-08	4.128582e-01
3.944773e-02	-7.087549e-08	4.092530e-01
3.937008e-02	-7.067576e-08	4.058672e-01
3.929273e-02	-7.047156e-08	4.026995e-01
3.921569e-02	-7.026195e-08	3.997461e-01
3.913894e-02	-7.004610e-08	3.970021e-01
3.906250e-02	-6.982324e-08	3.944627e-01
3.898635e-02	-6.959272e-08	3.921235e-01
3.891051e-02	-6.935402e-08	3.899796e-01
3.883495e-02	-6.910675e-08	3.880262e-01
3.875969e-02	-6.885074e-08	3.862579e-01
3.868472e-02	-6.858597e-08	3.846683e-01
3.861004e-02	-6.831262e-08	3.832504e-01
3.853565e-02	-6.803109e-08	3.819966e-01
3.846154e-02	-6.774196e-08	3.808987e-01
3.838772e-02	-6.744598e-08	3.799485e-01
3.831418e-02	-6.714408e-08	3.791377e-01
3.824092e-02	-6.683731e-08	3.784584e-01
3.816794e-02	-6.652684e-08	3.779029e-01
3.809524e-02	-6.621393e-08	3.774643e-01
3.802281e-02	-6.589991e-08	3.771359e-01
3.795066e-02	-6.558612e-08	3.769119e-01
3.787879e-02	-6.527394e-08	3.767870e-01
3.780718e-02	-6.496474e-08	3.767566e-01
3.773585e-02	-6.465986e-08	3.768165e-01
3.766478e-02	-6.436062e-08	3.769631e-01
3.759398e-02	-6.406828e-08	3.771932e-01
3.752345e-02	-6.378406e-08	3.775041e-01
3.745318e-02	-6.350914e-08	3.778934e-01
3.738318e-02	-6.324460e-08	3.783590e-01
3.731343e-02	-6.299151e-08	3.788988e-01
3.724395e-02	-6.275084e-08	3.795110e-01
3.717472e-02	-6.252354e-08	3.801939e-01
3.710575e-02	-6.231048e-08	3.809454e-01
3.703704e-02	-6.211250e-08	3.817637e-01
3.696858e-02	-6.193036e-08	3.826462e-01
3.690037e-02	-6.176483e-08	3.835904e-01
3.683241e-02	-6.161657e-08	3.845929e-01
3.676471e-02	-6.148626e-08	3.856500e-01
3.669725e-02	-6.137448e-08	3.867570e-01
3.663004e-02	-6.128182e-08	3.879086e-01
3.656307e-02	-6.120879e-08	3.890983e-01
3.649635e-02	-6.115588e-08	3.903188e-01
3.642987e-02	-6.112349e-08	3.915617e-01
3.636364e-02	-6.111200e-08	3.928176e-01
3.629764e-02	-6.112173e-08	3.940761e-01
3.623188e-02	-6.115291e-08	3.953259e-01
3.616637e-02	-6.120572e-08	3.965552e-01
3.610108e-02	-6.128026e-08	3.977520e-01
3.603604e-02	-6.137657e-08	3.989041e-01
3.597122e-02	-6.149459e-08	3.999996e-01
3.590664e-02	-6.163418e-08	4.010277e-01
3.584229e-02	-6.179513e-08	4.019783e-01
3.577818e-02	-6.197714e-08	4.028431e-01
3.571429e-02	-6.217983e-08	4.036155e-01
3.565062e-02	-6.240276e-08	4.042908e-01
3.558719e-02	-6.264540e-08	4.048664e-01
3.552398e-02	-6.290716e-08	4.053420e-01
3.546099e-02	-6.318739e-08	4.057192e-01
3.539823e-02	-6.348538e-08	4.060017e-01
3.533569e-02	-6.380037e-08	4.061947e-01
3.527337e-02	-6.413157e-08	4.063051e-01
3.521127e-02	-6.447814e-08	4.063411e-01
3.514938e-02	-6.483924e-08	4.063114e-01
3.508772e-02	-6.521398e-08	4.062258e-01
3.502627e-02	-6.560149e-08	4.060939e-01
3.496503e-02	-6.600091e-08	4.059259e-01
3.490401e-02	-6.641138e-08	4.057314e-01
3.484321e-02	-6.683207e-08	4.055199e-01
3.478261e-02	-6.726219e-08	4.053004e-01
3.472222e-02	-6.770098e-08	4.050813e-01
3.466205e-02	-6.814774e-08	4.048701e-01
3.460208e-02	-6.860183e-08	4.046738e-01
3.454231e-02	-6.906266e-08	4.044985e-01
3.448276e-02	-6.952969e-08	4.043495e-01
3.442341e-02	-7.000246e-08	4.042313e-01
3.436426e-02	-7.048054e-08	4.041477e-01
3.430532e-02	-7.096359e-08	4.041014e-01
3.424658e-02	-7.145127e-08	4.040949e-01
3.418803e-02	-7.194334e-08	4.041297e-01
3.412969e-02	-7.243956e-08	4.042069e-01
3.407155e-02	-7.293973e-08	4.043272e-01
3.401361e-02	-7.344372e-08	4.044907e-01
3.395586e-02	-7.395137e-08	4.046972e-01
3.389831e-02	-7.446258e-08	4.049462e-01
3.384095e-02	-7.497725e-08	4.052369e-01
3.378378e-02	-7.549531e-08	4.055681e-01
3.372681e-02	-7.601668e-08	4.059381e-01
3.367003e-02	-7.654130e-08	4.063452e-01
3.361345e-02	-7.706912e-08	4.067866e-01
3.355705e-02	-7.760007e-08	4.072595e-01
3.350084e-02	-7.813410e-08	4.077599e-01
3.344482e-02	-7.867117e-08	4.082832e-01
3.338898e-02	-7.921122e-08	4.088238e-01
3.333333e-02	-7.975422e-08	4.093751e-01
3.327787e-02	-8.030014e-08	4.099296e-01
3.322259e-02	-8.084894e-08	4.104791e-01
3.316750e-02	-8.140061e-08	4.110148e-01
3.311258e-02	-8.195512e-08	4.115283e-01
3.305785e-02	-8.251246e-08	4.120115e-01
3.300330e-02	-8.307258e-08	4.124582e-01
3.294893e-02	-8.363545e-08	4.128638e-01
3.289474e-02	-8.420100e-08	4.132262e-01
3.284072e-02	-8.476912e-08	4.135462e-01
3.278689e-02	-8.533967e-08	4.138268e-01
3.273322e-02	-8.591249e-08	4.140733e-01
3.267974e-02	-8.648736e-08	4.142924e-01
3.262643e-02	-8.706406e-08	4.144919e-01
3.257329e-02	-8.764233e-08	4.146794e-01
3.252033e-02	-8.822188e-08	4.148626e-01
3.246753e-02	-8.880242e-08	4.150481e-01
3.241491e-02	-8.938366e-08	4.152417e-01
3.236246e-02	-8.996529e-08	4.154478e-01
3.231018e-02	-9.054701e-08	4.156701e-01
3.225806e-02	-9.112852e-08	4.159109e-01
3.220612e-02	-9.170952e-08	4.161718e-01
3.215434e-02	-9.228972e-08	4.164538e-01
3.210273e-02	-9.286883e-08	4.167571e-01
3.205128e-02	-9.344656e-08	4.170817e-01
3.200000e-02	-9.402263e-08	4.174271e-01
3.194888e-02	-9.459674e-08	4.177928e-01
3.189793e-02	-9.516861e-08	4.181780e-01
3.184713e-02	-9.573796e-08	4.185821e-01
3.179650e-02	-9.630448e-08	4.190041e-01
3.174603e-02	-9.686790e-08	4.194433e-01
3.169572e-02	-9.742790e-08	4.198989e-01
3.164557e-02	-9.798421e-08	4.203703e-01
3.159558e-02	-9.853650e-08	4.208566e-01
3.154574e-02	-9.908447e-08	4.213574e-01
3.149606e-02	-9.962782e-08	4.218718e-01
3.144654e-02	-1.001662e-07	4.223995e-01
3.139717e-02	-1.006994e-07	4.229397e-01
3.134796e-02	-1.012270e-07	4.234921e-01
3.129890e-02	-1.017486e-07	4.240559e-01
3.125000e-02	-1.022641e-07	4.246308e-01
3.120125e-02	-1.027729e-07	4.252161e-01
3.115265e-02	-1.032749e-07	4.258115e-01
3.110420e-02	-1.037697e-07	4.264163e-01
3.105590e-02	-1.042569e-07	4.270301e-01
3.100775e-02	-1.047361e-07	4.276522e-01
3.095975e-02	-1.052072e-07	4.282822e-01
3.091190e-02	-1.056697e-07	4.289196e-01
3.086420e-02	-1.061233e-07	4.295636e-01
3.081664e-02	-1.065677e-07	4.302139e-01
3.076923e-02	-1.070025e-07	4.308697e-01
3.072197e-02	-1.074275e-07	4.315305e-01
3.067485e-02	-1.078424e-07	4.321958e-01
3.062787e-02	-1.082468e-07	4.328648e-01
3.058104e-02	-1.086404e-07	4.335371e-01
3.053435e-02	-1.090231e-07	4.342121e-01
3.048780e-02	-1.093945e-07	4.348891e-01
3.044140e-02	-1.097544e-07	4.355677e-01
3.039514e-02	-1.101026e-07	4.362472e-01
3.034901e-02	-1.104390e-07	4.369272e-01
3.030303e-02	-1.107632e-07	4.376072e-01
3.025719e-02	-1.110752e-07	4.382868e-01
3.021148e-02	-1.113749e-07	4.389655e-01
3.016591e-02	-1.116621e-07	4.396430e-01
3.012048e-02	-1.119368e-07	4.403189e-01
3.007519e-02	-1.121989e-07	4.409931e-01
3.003003e-02	-1.124484e-07	4.416652e-01
2.998501e-02	-1.126853e-07	4.423351e-01
2.994012e-02	-1.129097e-07	4.430027e-01
2.989537e-02	-1.131215e-07	4.436679e-01
2.985075e-02	-1.133210e-07	4.443308e-01
2.980626e-02	-1.135082e-07	4.449912e-01
2.976190e-02	-1.136832e-07	4.456494e-01
2.971768e-02	-1.138462e-07	4.463053e-01
2.967359e-02	-1.139975e-07	4.469591e-01
2.962963e-02	-1.141372e-07	4.476110e-01
2.958580e-02	-1.142656e-07	4.482611e-01
2.954210e-02	-1.143830e-07	4.489097e-01
2.949853e-02	-1.144896e-07	4.495568e-01
2.945508e-02	-1.145859e-07	4.502028e-01
2.941176e-02	-1.146720e-07	4.508478e-01
2.936858e-02	-1.147484e-07	4.514920e-01
2.932551e-02	-1.148154e-07	4.521356e-01
2.928258e-02	-1.148735e-07	4.527789e-01
2.923977e-02	-1.149230e-07	4.534220e-01
2.919708e-02	-1.149644e-07	4.540651e-01
2.915452e-02	-1.149981e-07	4.547084e-01
2.911208e-02	-1.150245e-07	4.553521e-01
2.906977e-02	-1.150441e-07	4.559963e-01
2.902758e-02	-1.150575e-07	4.566411e-01
2.898551e-02	-1.150650e-07	4.572869e-01
2.894356e-02	-1.150672e-07	4.579336e-01
2.890173e-02	-1.150645e-07	4.585815e-01
2.886003e-02	-1.150575e-07	4.592308e-01
2.881844e-02	-1.150467e-07	4.598814e-01
2.877698e-02	-1.150326e-07	4.605337e-01
2.873563e-02	-1.150156e-07	4.611876e-01
2.869440e-02	-1.149964e-07	4.618435e-01
2.865330e-02	-1.149753e-07	4.625014e-01
2.861230e-02	-1.149530e-07	4.631614e-01
2.857143e-02	-1.149300e-07	4.638237e-01
2.853067e-02	-1.149066e-07	4.644885e-01
2.849003e-02	-1.148835e-07	4.651559e-01
2.844950e-02	-1.148612e-07	4.658260e-01
2.840909e-02	-1.148400e-07	4.664990e-01
2.836879e-02	-1.148205e-07	4.671750e-01
2.832861e-02	-1.148032e-07	4.678542e-01
2.828854e-02	-1.147885e-07	4.685368e-01
2.824859e-02	-1.147769e-07	4.692228e-01
2.820874e-02	-1.147689e-07	4.699125e-01
2.816901e-02	-1.147647e-07	4.706059e-01
2.812940e-02	-1.147649e-07	4.713033e-01
2.808989e-02	-1.147699e-07	4.720048e-01
2.805049e-02	-1.147801e-07	4.727104e-01
2.801120e-02	-1.147957e-07	4.734205e-01
2.797203e-02	-1.148173e-07	4.741350e-01
2.793296e-02	-1.148451e-07	4.748543e-01
2.789400e-02	-1.148795e-07	4.755783e-01
2.785515e-02	-1.149209e-07	4.763072e-01
2.781641e-02	-1.149694e-07	4.770411e-01
2.777778e-02	-1.150254e-07	4.777803e-01
2.773925e-02	-1.150892e-07	4.785248e-01
2.770083e-02	-1.151610e-07	4.792746e-01
2.766252e-02	-1.152411e-07	4.800301e-01
2.762431e-02	-1.153297e-07	4.807911e-01
2.758621e-02	-1.154271e-07	4.815580e-01
2.754821e-02	-1.155333e-07	4.823306e-01
2.751032e-02	-1.156487e-07	4.831093e-01
2.747253e-02	-1.157733e-07	4.838939e-01
2.743484e-02	-1.159073e-07	4.846847e-01
2.739726e-02	-1.160509e-07	4.854817e-01
2.735978e-02	-1.162041e-07	4.862850e-01
2.732240e-02	-1.163671e-07	4.870945e-01
2.728513e-02	-1.165399e-07	4.879105e-01
2.724796e-02	-1.167226e-07	4.887329e-01
2.721088e-02	-1.169154e-07	4.895617e-01
2.717391e-02	-1.171181e-07	4.903970e-01
2.713704e-02	-1.173309e-07	4.912388e-01
2.710027e-02	-1.175537e-07	4.920871e-01
2.706360e-02	-1.177866e-07	4.929420e-01
2.702703e-02	-1.180295e-07	4.938033e-01
2.699055e-02	-1.182824e-07	4.946710e-01
2.695418e-02	-1.185452e-07	4.955452e-01
2.691790e-02	-1.188179e-07	4.964257e-01
2.688172e-02	-1.191004e-07	4.973126e-01
2.684564e-02	-1.193925e-07	4.982056e-01
2.680965e-02	-1.196943e-07	4.991049e-01
2.677376e-02	-1.200055e-07	5.000101e-01
2.673797e-02	-1.203260e-07	5.009213e-01
2.670227e-02	-1.206557e-07	5.018384e-01
2.666667e-02	-1.209943e-07	5.027611e-01
2.663116e-02	-1.213418e-07	5.036895e-01
2.659574e-02	-1.216979e-07	5.046232e-01
2.656042e-02	-1.220624e-07	5.055623e-01
2.652520e-02	-1.224351e-07	5.065066e-01
2.649007e-02	-1.228157e-07	5.074559e-01
2.645503e-02	-1.232040e-07	5.084101e-01
2.642008e-02	-1.235997e-07	5.093690e-01
2.638522e-02	-1.240025e-07	5.103327e-01
2.635046e-02	-1.244122e-07	5.113009e-01
2.631579e-02	-1.248284e-07	5.122736e-01
2.628121e-02	-1.252508e-07	5.132506e-01
2.624672e-02	-1.256791e-07	5.142320e-01
2.621232e-02	-1.261129e-07	5.152177e-01
2.617801e-02	-1.265519e-07	5.162077e-01
2.614379e-02	-1.269957e-07	5.172020e-01
2.610966e-02	-1.274439e-07	5.182005e-01
2.607562e-02	-1.278962e-07	5.192035e-01
2.604167e-02	-1.283520e-07	5.202108e-01
2.600780e-02	-1.288111e-07	5.212227e-01
2.597403e-02	-1.292730e-07	5.222391e-01
2.594034e-02	-1.297372e-07	5.232604e-01
2.590674e-02	-1.302033e-07	5.242865e-01
2.587322e-02	-1.306709e-07	5.253176e-01
2.583979e-02	-1.311395e-07	5.263540e-01
2.580645e-02	-1.316086e-07	5.273958e-01
2.577320e-02	-1.320778e-07	5.284431e-01
2.574003e-02	-1.325466e-07	5.294962e-01
2.570694e-02	-1.330145e-07	5.305553e-01
2.567394e-02	-1.334811e-07	5.316205e-01
2.564103e-02	-1.339458e-07	5.326920e-01
2.560819e-02	-1.344082e-07	5.337700e-01
2.557545e-02	-1.348678e-07	5.348547e-01
2.554278e-02	-1.353241e-07	5.359462e-01
2.551020e-02	-1.357765e-07	5.370448e-01
2.547771e-02	-1.362248e-07	5.381504e-01
2.544529e-02	-1.366683e-07	5.392634e-01
2.541296e-02	-1.371065e-07	5.403837e-01
2.538071e-02	-1.375391e-07	5.415116e-01
2.534854e-02	-1.379656e-07	5.426471e-01
2.531646e-02	-1.383855e-07	5.437904e-01
2.528445e-02	-1.387984e-07	5.449414e-01
2.525253e-02	-1.392038e-07	5.461004e-01
2.522068e-02	-1.396014e-07	5.472674e-01
2.518892e-02	-1.399907e-07	5.484424e-01
2.515723e-02	-1.403713e-07	5.496257e-01
2.512563e-02	-1.407430e-07	5.508172e-01
2.509410e-02	-1.411052e-07	5.520171e-01
2.506266e-02	-1.414577e-07	5.532255e-01
2.503129e-02	-1.418001e-07	5.544424e-01
2.500000e-02	-1.421322e-07	5.556681e-01
2.496879e-02	-1.424535e-07	5.569027e-01
2.493766e-02	-1.427640e-07	5.581463e-01
2.490660e-02	-1.430633e-07	5.593991e-01
2.487562e-02	-1.433511e-07	5.606613e-01
2.484472e-02	-1.436273e-07	5.619331e-01
2.481390e-02	-1.438916e-07	5.632148e-01
2.478315e-02	-1.441439e-07	5.645067e-01
2.475248e-02	-1.443840e-07	5.658090e-01
2.472188e-02	-1.446118e-07	5.671222e-01
2.469136e-02	-1.448271e-07	5.684464e-01
2.466091e-02	-1.450298e-07	5.697822e-01
2.463054e-02	-1.452198e-07	5.711300e-01
2.460025e-02	-1.453970e-07	5.724901e-01
2.457002e-02	-1.455613e-07	5.738631e-01
2.453988e-02	-1.457127e-07	5.752494e-01
2.450980e-02	-1.458510e-07	5.766496e-01
2.447980e-02	-1.459763e-07	5.780643e-01
2.444988e-02	-1.460885e-07	5.794939e-01
2.442002e-02	-1.461876e-07	5.809391e-01
2.439024e-02	-1.462734e-07	5.824006e-01
2.436054e-02	-1.463459e-07	5.838788e-01
2.433090e-02	-1.464051e-07	5.853745e-01
2.430134e-02	-1.464510e-07	5.868884e-01
2.427184e-02	-1.464834e-07	5.884209e-01
2.424242e-02	-1.465023e-07	5.899729e-01
2.421308e-02	-1.465075e-07	5.915450e-01
2.418380e-02	-1.464990e-07	5.931377e-01
2.415459e-02	-1.464766e-07	5.947518e-01
2.412545e-02	-1.464403e-07	5.963879e-01
2.409639e-02	-1.463898e-07	5.980465e-01
2.406739e-02	-1.463249e-07	5.997282e-01
2.403846e-02	-1.462455e-07	6.014336e-01
2.400960e-02	-1.461513e-07	6.031632e-01
2.398082e-02	-1.460420e-07	6.049175e-01
2.395210e-02	-1.459174e-07	6.066969e-01
2.392344e-02	-1.457771e-07	6.085019e-01
2.389486e-02	-1.456208e-07	6.103327e-01
2.386635e-02	-1.454481e-07	6.121898e-01
2.383790e-02	-1.452586e-07	6.140733e-01
2.380952e-02	-1.450520e-07	6.159835e-01
2.378121e-02	-1.448276e-07	6.179205e-01
2.375297e-02	-1.445851e-07	6.198845e-01
2.372479e-02	-1.443240e-07	6.218757e-01
2.369668e-02	-1.440436e-07	6.238939e-01
2.366864e-02	-1.437435e-07	6.259393e-01
2.364066e-02	-1.434232e-07	6.280117e-01
2.361275e-02	-1.430819e-07	6.301112e-01
2.358491e-02	-1.427191e-07	6.322377e-01
2.355713e-02	-1.423343e-07	6.343910e-01
2.352941e-02	-1.419267e-07	6.365712e-01
2.350176e-02	-1.414958e-07	6.387781e-01
2.347418e-02	-1.410410e-07	6.410116e-01
2.344666e-02	-1.405617e-07	6.432718e-01
2.341920e-02	-1.400571e-07	6.455586e-01
2.339181e-02	-1.395268e-07	6.478721e-01
2.336449e-02	-1.389702e-07	6.502123e-01
2.333722e-02	-1.383867e-07	6.525794e-01
2.331002e-02	-1.377757e-07	6.549736e-01
2.328289e-02	-1.371367e-07	6.573953e-01
2.325581e-02	-1.364693e-07	6.598447e-01
2.322880e-02	-1.357729e-07	6.623224e-01
2.320186e-02	-1.350472e-07	6.648289e-01
2.317497e-02	-1.342917e-07	6.673647e-01
2.314815e-02	-1.335060e-07	6.699305e-01
2.312139e-02	-1.326898e-07	6.725271e-01
2.309469e-02	-1.318427e-07	6.751551e-01
2.306805e-02	-1.309645e-07	6.778154e-01
2.304147e-02	-1.300550e-07	6.805087e-01
2.301496e-02	-1.291138e-07	6.832355e-01
2.298851e-02	-1.281408e-07	6.859967e-01
2.296211e-02	-1.271358e-07	6.887927e-01
2.293578e-02	-1.260986e-07	6.916238e-01
2.290951e-02	-1.250291e-07	6.944903e-01
2.288330e-02	-1.239271e-07	6.973919e-01
2.285714e-02	-1.227925e-07	7.003283e-01
2.283105e-02	-1.216252e-07	7.032987e-01
2.280502e-02	-1.204251e-07	7.063020e-01
2.277904e-02	-1.191920e-07	7.093365e-01
2.275313e-02	-1.179259e-07	7.124002e-01
2.272727e-02	-1.166266e-07	7.154903e-01
2.270148e-02	-1.152940e-07	7.186035e-01
2.267574e-02	-1.139281e-07	7.217360e-01
2.265006e-02	-1.125286e-07	7.248832e-01
2.262443e-02	-1.110955e-07	7.280400e-01
2.259887e-02	-1.096288e-07	7.312005e-01
2.257336e-02	-1.081282e-07	7.343583e-01
2.254791e-02	-1.065938e-07	7.375062e-01
2.252252e-02	-1.050256e-07	7.406368e-01
2.249719e-02	-1.034235e-07	7.437418e-01
2.247191e-02	-1.017876e-07	7.468129e-01
2.244669e-02	-1.001181e-07	7.498413e-01
2.242152e-02	-9.841498e-08	7.528179e-01
2.239642e-02	-9.667866e-08	7.557339e-01
2.237136e-02	-9.490947e-08	7.585803e-01
2.234637e-02	-9.310784e-08	7.613483e-01
2.232143e-02	-9.127436e-08	7.640297e-01
2.229654e-02	-8.940970e-08	7.666167e-01
2.227171e-02	-8.751470e-08	7.691020e-01
2.224694e-02	-8.559031e-08	7.714792e-01
2.222222e-02	-8.363761e-08	7.737428e-01
2.219756e-02	-8.165785e-08	7.758881e-01
2.217295e-02	-7.965239e-08	7.779114e-01
2.214839e-02	-7.762276e-08	7.798103e-01
2.212389e-02	-7.557059e-08	7.815832e-01
2.209945e-02	-7.349766e-08	7.832295e-01
2.207506e-02	-7.140584e-08	7.847500e-01
2.205072e-02	-6.929711e-08	7.861459e-01
2.202643e-02	-6.717355e-08	7.874197e-01
2.200220e-02	-6.503728e-08	7.885747e-01
2.197802e-02	-6.289050e-08	7.896145e-01
2.195390e-02	-6.073543e-08	7.905438e-01
2.192982e-02	-5.857430e-08	7.913674e-01
2.190581e-02	-5.640934e-08	7.920907e-01
2.188184e-02	-5.424276e-08	7.927193e-01
2.185792e-02	-5.207671e-08	7.932591e-01
2.183406e-02	-4.991331e-08	7.937160e-01
2.181025e-02	-4.775456e-08	7.940959e-01
2.178649e-02	-4.560239e-08	7.944048e-01
2.176279e-02	-4.345863e-08	7.946486e-01
2.173913e-02	-4.132498e-08	7.948331e-01
2.171553e-02	-3.920300e-08	7.949638e-01
2.169197e-02	-3.709411e-08	7.950463e-01
2.166847e-02	-3.499961e-08	7.950860e-01
2.164502e-02	-3.292061e-08	7.950880e-01
2.162162e-02	-3.085809e-08	7.950572e-01
2.159827e-02	-2.881286e-08	7.949987e-01
2.157497e-02	-2.678558e-08	7.949171e-01
2.155172e-02	-2.477673e-08	7.948171e-01
2.152853e-02	-2.278666e-08	7.947031e-01
2.150538e-02	-2.081555e-08	7.945796e-01
2.148228e-02	-1.886344e-08	7.944510e-01
2.145923e-02	-1.693023e-08	7.943214e-01
2.143623e-02	-1.501566e-08	7.941951e-01
2.141328e-02	-1.311936e-08	7.940762e-01
2.139037e-02	-1.124084e-08	7.939689e-01
2.136752e-02	-9.379464e-09	7.938772e-01
2.134472e-02	-7.534523e-09	7.938051e-01
2.132196e-02	-5.705185e-09	7.937565e-01
2.129925e-02	-3.890533e-09	7.937355e-01
2.127660e-02	-2.089564e-09	7.937458e-01
2.125399e-02	-3.012030e-10	7.937914e-01
2.123142e-02	1.475693e-09	7.938760e-01
2.120891e-02	3.242324e-09	7.940035e-01
2.118644e-02	4.999938e-09	7.941775e-01
2.116402e-02	6.749821e-09	7.944017e-01
2.114165e-02	8.493291e-09	7.946800e-01
2.111932e-02	1.023169e-08	7.950159e-01
2.109705e-02	1.196636e-08	7.954131e-01
2.107482e-02	1.369865e-08	7.958756e-01
2.105263e-02	1.542992e-08	7.964069e-01
2.103049e-02	1.716148e-08	7.970110e-01
2.100840e-02	1.889463e-08	7.976919e-01
2.098636e-02	2.063063e-08	7.984534e-01
2.096436e-02	2.237070e-08	7.992999e-01
2.094241e-02	2.411597e-08	8.002356e-01
2.092050e-02	2.586751e-08	8.012647e-01
2.089864e-02	2.762632e-08	8.023918e-01
2.087683e-02	2.939328e-08	8.036214e-01
2.085506e-02	3.116915e-08	8.049581e-01
2.083333e-02	3.295458e-08	8.064065e-01
2.081165e-02	3.475007e-08	8.079712e-01
2.079002e-02	3.655596e-08	8.096567e-01
2.076843e-02	3.837241e-08	8.114672e-01
2.074689e-02	4.019938e-08	8.134070e-01
2.072539e-02	4.203665e-08	8.154797e-01
2.070393e-02	4.388376e-08	8.176887e-01
2.068252e-02	4.573999e-08	8.200367e-01
2.066116e-02	4.760438e-08	8.225258e-01
2.063983e-02	4.947571e-08	8.251574e-01
2.061856e-02	5.135245e-08	8.279320e-01
2.059732e-02	5.323278e-08	8.308487e-01
2.057613e-02	5.511458e-08	8.339059e-01
2.055498e-02	5.699539e-08	8.371003e-01
2.053388e-02	5.887244e-08	8.404272e-01
2.051282e-02	6.074264e-08	8.438805e-01
2.049180e-02	6.260258e-08	8.474519e-01
2.047083e-02	6.444851e-08	8.511316e-01
2.044990e-02	6.627642e-08	8.549077e-01
2.042901e-02	6.808199e-08	8.587664e-01
2.040816e-02	6.986066e-08	8.626917e-01
2.038736e-02	7.160764e-08	8.666656e-01
2.036660e-02	7.331799e-08	8.706685e-01
2.034588e-02	7.498661e-08	8.746785e-01
2.032520e-02	7.660836e-08	8.786728e-01
2.030457e-02	7.817806e-08	8.826269e-01
2.028398e-02	7.969062e-08	8.865157e-01
2.026342e-02	8.114108e-08	8.903137e-01
2.024291e-02	8.252468e-08	8.939955e-01
2.022245e-02	8.383695e-08	8.975364e-01
2.020202e-02	8.507380e-08	9.009129e-01
2.018163e-02	8.623155e-08	9.041033e-01
2.016129e-02	8.730703e-08	9.070879e-01
2.014099e-02	8.829760e-08	9.098499e-01
2.012072e-02	8.920123e-08	9.123754e-01
2.010050e-02	9.001650e-08	9.146538e-01
2.008032e-02	9.074265e-08	9.166783e-01
2.006018e-02	9.137956e-08	9.184454e-01
2.004008e-02	9.192777e-08	9.199558e-01
2.002002e-02	9.238846e-08	9.212134e-01
2.000000e-02	9.276340e-08	9.222259e-01
1.998002e-02	9.305493e-08	9.230041e-01
1.996008e-02	9.326591e-08	9.235615e-01
1.994018e-02	9.339968e-08	9.239140e-01
1.992032e-02	9.345998e-08	9.240793e-01
1.990050e-02	9.345087e-08	9.240763e-01
1.988072e-02	9.337671e-08	9.239248e-01
1.986097e-02	9.324205e-08	9.236447e-01
1.984127e-02	9.305158e-08	9.232557e-01
1.982161e-02	9.281006e-08	9.227773e-01
1.980198e-02	9.252225e-08	9.222279e-01
1.978239e-02	9.219284e-08	9.216252e-01
1.976285e-02	9.182643e-08	9.209859e-01
1.974334e-02	9.142744e-08	9.203255e-01
1.972387e-02	9.100009e-08	9.196580e-01
1.970443e-02	9.054837e-08	9.189965e-01
1.968504e-02	9.007605e-08	9.183520e-01
1.966568e-02	8.958660e-08	9.177344e-01
1.964637e-02	8.908326e-08	9.171514e-01
1.962709e-02	8.856903e-08	9.166096e-01
1.960784e-02	8.804663e-08	9.161138e-01
1.958864e-02	8.751858e-08	9.156675e-01
1.956947e-02	8.698716e-08	9.152732e-01
1.955034e-02	8.645448e-08	9.149326e-01
1.953125e-02	8.592243e-08	9.146467e-01
1.951220e-02	8.539277e-08	9.144164e-01
1.949318e-02	8.486708e-08	9.142422e-01
1.947420e-02	8.434681e-08	9.141249e-01
1.945525e-02	8.383330e-08	9.140652e-01
1.943635e-02	8.332777e-08	9.140642e-01
1.941748e-02	8.283136e-08	9.141232e-01
1.939864e-02	8.234511e-08	9.142438e-01
1.937984e-02	8.187002e-08	9.144278e-01
1.936108e-02	8.140699e-08	9.146773e-01
1.934236e-02	8.095689e-08	9.149945e-01
1.932367e-02	8.052054e-08	9.153820e-01
1.930502e-02	8.009871e-08	9.158425e-01
1.928640e-02	7.969215e-08	9.163788e-01
1.926782e-02	7.930158e-08	9.169940e-01
1.924928e-02	7.892769e-08	9.176911e-01
1.923077e-02	7.857117e-08	9.184738e-01
1.921230e-02	7.823267e-08	9.193456e-01
1.919386e-02	7.791287e-08	9.203105e-01
1.917546e-02	7.761243e-08	9.213728e-01
1.915709e-02	7.733201e-08	9.225371e-01
1.913876e-02	7.707228e-08	9.238082e-01
1.912046e-02	7.683391e-08	9.251908e-01
1.910220e-02	7.661757e-08	9.266900e-01
1.908397e-02	7.642394e-08	9.283104e-01
1.906578e-02	7.625370e-08	9.300567e-01
1.904762e-02	7.610752e-08	9.319332e-01
1.902950e-02	7.598608e-08	9.339439e-01
1.901141e-02	7.589003e-08	9.360926e-01
1.899335e-02	7.582006e-08	9.383828e-01
1.897533e-02	7.577679e-08	9.408176e-01
1.895735e-02	7.576088e-08	9.434001e-01
1.893939e-02	7.577295e-08	9.461331e-01
1.892148e-02	7.581361e-08	9.490194e-01
1.890359e-02	7.588344e-08	9.520614e-01
1.888574e-02	7.598303e-08	9.552617e-01
1.886792e-02	7.611291e-08	9.586228e-01
1.885014e-02	7.627362e-08	9.621472e-01
1.883239e-02	7.646566e-08	9.658373e-01
1.881468e-02	7.668953e-08	9.696957e-01
1.879699e-02	7.694567e-08	9.737248e-01
1.877934e-02	7.723454e-08	9.779271e-01
1.876173e-02	7.755655e-08	9.823050e-01
1.874414e-02	7.791210e-08	9.868612e-01
1.872659e-02	7.830157e-08	9.915980e-01
1.870907e-02	7.872532e-08	9.965179e-01
1.869159e-02	7.918370e-08	1.001623e+00
1.867414e-02	7.967705e-08	1.006916e+00
1.865672e-02	8.020568e-08	1.012399e+00
1.863933e-02	8.076992e-08	1.018074e+00
1.862197e-02	8.137008e-08	1.023942e+00
1.860465e-02	8.200647e-08	1.030006e+00
1.858736e-02	8.267939e-08	1.036267e+00
1.857010e-02	8.338918e-08	1.042725e+00
1.855288e-02	8.413614e-08	1.049382e+00
1.853568e-02	8.492062e-08	1.056238e+00
1.851852e-02	8.574297e-08	1.063294e+00
1.850139e-02	8.660354e-08	1.070549e+00
1.848429e-02	8.750273e-08	1.078004e+00
1.846722e-02	8.844093e-08	1.085656e+00
1.845018e-02	8.941856e-08	1.093506e+00
1.843318e-02	9.043606e-08	1.101551e+00
1.841621e-02	9.149388e-08	1.109791e+00
1.839926e-02	9.259250e-08	1.118224e+00
1.838235e-02	9.373241e-08	1.126848e+00
1.836547e-02	9.491408e-08	1.135661e+00
1.834862e-02	9.613802e-08	1.144662e+00
1.833181e-02	9.740471e-08	1.153849e+00
1.831502e-02	9.871460e-08	1.163221e+00
1.829826e-02	1.000682e-07	1.172778e+00
1.828154e-02	1.014657e-07	1.182519e+00
1.826484e-02	1.029077e-07	1.192446e+00
1.824818e-02	1.043944e-07	1.202559e+00
1.823154e-02	1.059259e-07	1.212861e+00
1.821494e-02	1.075023e-07	1.223355e+00
1.819836e-02	1.091236e-07	1.234045e+00
1.818182e-02	1.107895e-07	1.244936e+00
1.816530e-02	1.124997e-07	1.256034e+00
1.814882e-02	1.142537e-07	1.267346e+00
1.813237e-02	1.160506e-07	1.278878e+00
1.811594e-02	1.178894e-07	1.290639e+00
1.809955e-02	1.197690e-07	1.302635e+00
1.808318e-02	1.216877e-07	1.314875e+00
1.806685e-02	1.236438e-07	1.327362e+00
1.805054e-02	1.256351e-07	1.340103e+00
1.803427e-02	1.276593e-07	1.353099e+00
1.801802e-02	1.297136e-07	1.366349e+00
1.800180e-02	1.317950e-07	1.379848e+00
1.798561e-02	1.339002e-07	1.393588e+00
1.796945e-02	1.360255e-07	1.407553e+00
1.795332e-02	1.381669e-07	1.421723e+00
1.793722e-02	1.403202e-07	1.436071e+00
1.792115e-02	1.424810e-07	1.450564e+00
1.790510e-02	1.446446e-07	1.465161e+00
1.788909e-02	1.468059e-07	1.479817e+00
1.787310e-02	1.489598e-07	1.494480e+00
1.785714e-02	1.511010e-07	1.509095e+00
1.784121e-02	1.532242e-07	1.523609e+00
1.782531e-02	1.553237e-07	1.537965e+00
1.780944e-02	1.573939e-07	1.552113e+00
1.779359e-02	1.594292e-07	1.566009e+00
1.777778e-02	1.614241e-07	1.579618e+00
1.776199e-02	1.633728e-07	1.592918e+00
1.774623e-02	1.652699e-07	1.605901e+00
1.773050e-02	1.671102e-07	1.618573e+00
1.771479e-02	1.688887e-07	1.630956e+00
1.769912e-02	1.706004e-07	1.643089e+00
1.768347e-02	1.722411e-07	1.655023e+00
1.766784e-02	1.738067e-07	1.666823e+00
1.765225e-02	1.752938e-07	1.678563e+00
1.763668e-02	1.766994e-07	1.690322e+00
1.762115e-02	1.780212e-07	1.702185e+00
1.760563e-02	1.792573e-07	1.714234e+00
1.759015e-02	1.804068e-07	1.726549e+00
1.757469e-02	1.814690e-07	1.739203e+00
1.755926e-02	1.824441e-07	1.752257e+00
1.754386e-02	1.833327e-07	1.765762e+00
1.752848e-02	1.841360e-07	1.779751e+00
1.751313e-02	1.848555e-07	1.794242e+00
1.749781e-02	1.854931e-07	1.809234e+00
1.748252e-02	1.860511e-07	1.824707e+00
1.746725e-02	1.865317e-07	1.840622e+00
1.745201e-02	1.869375e-07	1.856922e+00
1.743679e-02	1.872709e-07	1.873534e+00
1.742160e-02	1.875342e-07	1.890370e+00
1.740644e-02	1.877297e-07	1.907334e+00
1.739130e-02	1.878594e-07	1.924320e+00
1.737619e-02	1.879250e-07	1.941221e+00
1.736111e-02	1.879280e-07	1.957936e+00
1.734605e-02	1.878695e-07	1.974366e+00
1.733102e-02	1.877503e-07	1.990429e+00
1.731602e-02	1.875709e-07	2.006056e+00
1.730104e-02	1.873315e-07	2.021197e+00
1.728608e-02	1.870319e-07	2.035824e+00
1.727116e-02	1.866717e-07	2.049928e+00
1.725626e-02	1.862504e-07	2.063525e+00
1.724138e-02	1.857672e-07	2.076649e+00
1.722653e-02	1.852212e-07	2.089351e+00
1.721170e-02	1.846115e-07	2.101702e+00
1.719690e-02	1.839373e-07	2.113780e+00
1.718213e-02	1.831976e-07	2.125676e+00
1.716738e-02	1.823916e-07	2.137487e+00
1.715266e-02	1.815187e-07	2.149310e+00
1.713796e-02	1.805781e-07	2.161242e+00
1.712329e-02	1.795695e-07	2.173376e+00
1.710864e-02	1.784925e-07	2.185798e+00
1.709402e-02	1.773469e-07	2.198581e+00
1.707942e-02	1.761327e-07	2.211788e+00
1.706485e-02	1.748498e-07	2.225464e+00
1.705030e-02	1.734984e-07	2.239638e+00
1.703578e-02	1.720788e-07	2.254319e+00
1.702128e-02	1.705914e-07	2.269495e+00
1.700680e-02	1.690365e-07	2.285131e+00
1.699235e-02	1.674149e-07	2.301174e+00
1.697793e-02	1.657272e-07	2.317545e+00
1.696353e-02	1.639744e-07	2.334147e+00
1.694915e-02	1.621574e-07	2.350863e+00
1.693480e-02	1.602775e-07	2.367559e+00
1.692047e-02	1.583361e-07	2.384088e+00
1.690617e-02	1.563346e-07	2.400293e+00
1.689189e-02	1.542749e-07	2.416013e+00
1.687764e-02	1.521587e-07	2.431084e+00
1.686341e-02	1.499882e-07	2.445348e+00
1.684920e-02	1.477656e-07	2.458654e+00
1.683502e-02	1.454932e-07	2.470867e+00
1.682086e-02	1.431736e-07	2.481865e+00
1.680672e-02	1.408094e-07	2.491551e+00
1.679261e-02	1.384037e-07	2.499845e+00
1.677852e-02	1.359595e-07	2.506694e+00
1.676446e-02	1.334804e-07	2.512066e+00
1.675042e-02	1.309700e-07	2.515954e+00
1.673640e-02	1.284324e-07	2.518369e+00
1.672241e-02	1.258719e-07	2.519343e+00
1.670844e-02	1.232931e-07	2.518923e+00
1.669449e-02	1.207011e-07	2.517171e+00
1.668057e-02	1.181010e-07	2.514159e+00
1.666667e-02	1.154981e-07	2.509966e+00
1.665279e-02	1.128979e-07	2.504675e+00
1.663894e-02	1.103059e-07	2.498372e+00
1.662510e-02	1.077274e-07	2.491139e+00
1.661130e-02	1.051675e-07	2.483052e+00
1.659751e-02	1.026308e-07	2.474183e+00
1.658375e-02	1.001217e-07	2.464589e+00
1.657001e-02	9.764361e-08	2.454317e+00
1.655629e-02	9.519952e-08	2.443401e+00
1.654260e-02	9.279153e-08	2.431861e+00
1.652893e-02	9.042096e-08	2.419705e+00
1.651528e-02	8.808834e-08	2.406933e+00
1.650165e-02	8.579346e-08	2.393543e+00
1.648805e-02	8.353550e-08	2.379533e+00
1.647446e-02	8.131314e-08	2.364909e+00
1.646091e-02	7.912477e-08	2.349696e+00
1.644737e-02	7.696863e-08	2.333936e+00
1.643385e-02	7.484303e-08	2.317698e+00
1.642036e-02	7.274647e-08	2.301075e+00
1.640689e-02	7.067780e-08	2.284187e+00
1.639344e-02	6.863628e-08	2.267176e+00
1.638002e-02	6.662161e-08	2.250203e+00
1.636661e-02	6.463393e-08	2.233441e+00
1.635323e-02	6.267373e-08	2.217066e+00
1.633987e-02	6.074184e-08	2.201259e+00
1.632653e-02	5.883925e-08	2.186193e+00
1.631321e-02	5.696706e-08	2.172033e+00
1.629992e-02	5.512637e-08	2.158930e+00
1.628664e-02	5.331819e-08	2.147023e+00
1.627339e-02	5.154333e-08	2.136433e+00
1.626016e-02	4.980241e-08	2.127266e+00
1.624695e-02	4.809574e-08	2.119613e+00
1.623377e-02	4.642338e-08	2.113546e+00
1.622060e-02	4.478505e-08	2.109124e+00
1.620746e-02	4.318022e-08	2.106393e+00
1.619433e-02	4.160805e-08	2.105384e+00
1.618123e-02	4.006747e-08	2.106114e+00
1.616815e-02	3.855719e-08	2.108589e+00
1.615509e-02	3.707571e-08	2.112801e+00
1.614205e-02	3.562142e-08	2.118733e+00
1.612903e-02	3.419257e-08	2.126353e+00
1.611604e-02	3.278737e-08	2.135617e+00
1.610306e-02	3.140397e-08	2.146469e+00
1.609010e-02	3.004054e-08	2.158841e+00
1.607717e-02	2.869527e-08	2.172648e+00
1.606426e-02	2.736645e-08	2.187795e+00
1.605136e-02	2.605244e-08	2.204172e+00
1.603849e-02	2.475175e-08	2.221651e+00
1.602564e-02	2.346302e-08	2.240092e+00
1.601281e-02	2.218506e-08	2.259341e+00
1.600000e-02	2.091688e-08	2.279227e+00
1.598721e-02	1.965765e-08	2.299565e+00
1.597444e-02	1.840677e-08	2.320160e+00
1.596169e-02	1.716382e-08	2.340802e+00
1.594896e-02	1.592858e-08	2.361273e+00
1.593625e-02	1.470099e-08	2.381349e+00
1.592357e-02	1.348118e-08	2.400799e+00
1.591090e-02	1.226943e-08	2.419394e+00
1.589825e-02	1.106613e-08	2.436905e+00
1.588562e-02	9.871774e-09	2.453112e+00
1.587302e-02	8.686906e-09	2.467804e+00
1.586043e-02	7.512111e-09	2.480785e+00
1.584786e-02	6.347966e-09	2.491877e+00
1.583531e-02	5.195000e-09	2.500927e+00
1.582278e-02	4.053663e-09	2.507804e+00
1.581028e-02	2.924287e-09	2.512409e+00
1.579779e-02	1.807057e-09	2.514670e+00
1.578532e-02	7.019784e-10	2.514550e+00
1.577287e-02	-3.911447e-10	2.512043e+00
1.576044e-02	-1.472727e-09	2.507175e+00
1.574803e-02	-2.543414e-09	2.500005e+00
1.573564e-02	-3.604085e-09	2.490620e+00
1.572327e-02	-4.655846e-09	2.479134e+00
1.571092e-02	-5.700018e-09	2.465686e+00
1.569859e-02	-6.738118e-09	2.450436e+00
1.568627e-02	-7.771831e-09	2.433558e+00
1.567398e-02	-8.802976e-09	2.415242e+00
1.566171e-02	-9.833470e-09	2.395687e+00
1.564945e-02	-1.086529e-08	2.375097e+00
1.563722e-02	-1.190042e-08	2.353679e+00
1.562500e-02	-1.294084e-08	2.331639e+00
1.561280e-02	-1.398845e-08	2.309179e+00
1.560062e-02	-1.504505e-08	2.286495e+00
1.558846e-02	-1.611233e-08	2.263775e+00
1.557632e-02	-1.719178e-08	2.241197e+00
1.556420e-02	-1.828477e-08	2.218928e+00
1.555210e-02	-1.939241e-08	2.197123e+00
1.554002e-02	-2.051564e-08	2.175923e+00
1.552795e-02	-2.165518e-08	2.155456e+00
1.551590e-02	-2.281150e-08	2.135837e+00
1.550388e-02	-2.398488e-08	2.117166e+00
1.549187e-02	-2.517533e-08	2.099534e+00
1.547988e-02	-2.638267e-08	2.083016e+00
1.546790e-02	-2.760647e-08	2.067678e+00
1.545595e-02	-2.884610e-08	2.053574e+00
1.544402e-02	-3.010066e-08	2.040747e+00
1.543210e-02	-3.136906e-08	2.029235e+00
1.542020e-02	-3.264997e-08	2.019062e+00
1.540832e-02	-3.394181e-08	2.010250e+00
1.539646e-02	-3.524277e-08	2.002808e+00
1.538462e-02	-3.655079e-08	1.996744e+00
1.537279e-02	-3.786358e-08	1.992054e+00
1.536098e-02	-3.917857e-08	1.988730e+00
1.534919e-02	-4.049295e-08	1.986757e+00
1.533742e-02	-4.180364e-08	1.986111e+00
1.532567e-02	-4.310730e-08	1.986762e+00
1.531394e-02	-4.440036e-08	1.988669e+00
1.530222e-02	-4.567896e-08	1.991783e+00
1.529052e-02	-4.693905e-08	1.996045e+00
1.527884e-02	-4.817635e-08	2.001385e+00
1.526718e-02	-4.938636e-08	2.007722e+00
1.525553e-02	-5.056444e-08	2.014964e+00
1.524390e-02	-5.170582e-08	2.023009e+00
1.523229e-02	-5.280562e-08	2.031745e+00
1.522070e-02	-5.385894e-08	2.041052e+00
1.520913e-02	-5.486087e-08	2.050806e+00
1.519757e-02	-5.580654e-08	2.060877e+00
1.518603e-02	-5.669126e-08	2.071140e+00
1.517451e-02	-5.751047e-08	2.081472e+00
1.516300e-02	-5.825988e-08	2.091758e+00
1.515152e-02	-5.893553e-08	2.101897e+00
1.514005e-02	-5.953382e-08	2.111803e+00
1.512859e-02	-6.005161e-08	2.121407e+00
1.511716e-02	-6.048622e-08	2.130663e+00
1.510574e-02	-6.083557e-08	2.139545e+00
1.509434e-02	-6.109813e-08	2.148049e+00
1.508296e-02	-6.127302e-08	2.156194e+00
1.507159e-02	-6.136001e-08	2.164016e+00
1.506024e-02	-6.135953e-08	2.171573e+00
1.504891e-02	-6.127268e-08	2.178935e+00
1.503759e-02	-6.110123e-08	2.186187e+00
1.502630e-02	-6.084759e-08	2.193426e+00
1.501502e-02	-6.051479e-08	2.200755e+00
1.500375e-02	-6.010642e-08	2.208284e+00
1.499250e-02	-5.962661e-08	2.216127e+00
1.498127e-02	-5.907997e-08	2.224398e+00
1.497006e-02	-5.847150e-08	2.233215e+00
1.495886e-02	-5.780658e-08	2.242690e+00
1.494768e-02	-5.709086e-08	2.252936e+00
1.493652e-02	-5.633019e-08	2.264059e+00
1.492537e-02	-5.553058e-08	2.276160e+00
1.491424e-02	-5.469813e-08	2.289333e+00
1.490313e-02	-5.383894e-08	2.303662e+00
1.489203e-02	-5.295909e-08	2.319220e+00
1.488095e-02	-5.206455e-08	2.336070e+00
1.486989e-02	-5.116116e-08	2.354258e+00
1.485884e-02	-5.025458e-08	2.373816e+00
1.484781e-02	-4.935026e-08	2.394756e+00
1.483680e-02	-4.845339e-08	2.417069e+00
1.482580e-02	-4.756889e-08	2.440726e+00
1.481481e-02	-4.670142e-08	2.465668e+00
1.480385e-02	-4.585530e-08	2.491813e+00
1.479290e-02	-4.503458e-08	2.519045e+00
1.478197e-02	-4.424299e-08	2.547216e+00
1.477105e-02	-4.348395e-08	2.576143e+00
1.476015e-02	-4.276056e-08	2.605604e+00
1.474926e-02	-4.207567e-08	2.635335e+00
1.473839e-02	-4.143180e-08	2.665030e+00
1.472754e-02	-4.083122e-08	2.694338e+00
1.471670e-02	-4.027594e-08	2.722861e+00
1.470588e-02	-3.976771e-08	2.750161e+00
1.469508e-02	-3.930808e-08	2.775761e+00
1.468429e-02	-3.889837e-08	2.799155e+00
1.467351e-02	-3.853971e-08	2.819826e+00
1.466276e-02	-3.823305e-08	2.837270e+00
1.465201e-02	-3.797921e-08	2.851016e+00
1.464129e-02	-3.777885e-08	2.860669e+00
1.463058e-02	-3.763252e-08	2.865932e+00
1.461988e-02	-3.754068e-08	2.866644e+00
1.460920e-02	-3.750371e-08	2.862799e+00
1.459854e-02	-3.752196e-08	2.854551e+00
1.458789e-02	-3.759572e-08	2.842215e+00
1.457726e-02	-3.772531e-08	2.826245e+00
1.456664e-02	-3.791104e-08	2.807201e+00
1.455604e-02	-3.815330e-08	2.785714e+00
1.454545e-02	-3.845253e-08	2.762443e+00
1.453488e-02	-3.880929e-08	2.738040e+00
1.452433e-02	-3.922426e-08	2.713117e+00
1.451379e-02	-3.969829e-08	2.688225e+00
1.450326e-02	-4.023240e-08	2.663839e+00
1.449275e-02	-4.082783e-08	2.640356e+00
1.448226e-02	-4.148604e-08	2.618088e+00
1.447178e-02	-4.220871e-08	2.597276e+00
1.446132e-02	-4.299775e-08	2.578088e+00
1.445087e-02	-4.385529e-08	2.560633e+00
1.444043e-02	-4.478361e-08	2.544967e+00
1.443001e-02	-4.578513e-08	2.531103e+00
1.441961e-02	-4.686225e-08	2.519014e+00
1.440922e-02	-4.801731e-08	2.508649e+00
1.439885e-02	-4.925240e-08	2.499935e+00
1.438849e-02	-5.056923e-08	2.492789e+00
1.437815e-02	-5.196897e-08	2.487125e+00
1.436782e-02	-5.345204e-08	2.482867e+00
1.435750e-02	-5.501801e-08	2.479956e+00
1.434720e-02	-5.666541e-08	2.478359e+00
1.433692e-02	-5.839172e-08	2.478079e+00
1.432665e-02	-6.019324e-08	2.479154e+00
1.431639e-02	-6.206519e-08	2.481667e+00
1.430615e-02	-6.400171e-08	2.485739e+00
1.429593e-02	-6.599602e-08	2.491534e+00
1.428571e-02	-6.804056e-08	2.499248e+00
1.427552e-02	-7.012714e-08	2.509106e+00
1.426534e-02	-7.224720e-08	2.521358e+00
1.425517e-02	-7.439194e-08	2.536264e+00
1.424501e-02	-7.655258e-08	2.554092e+00
1.423488e-02	-7.872046e-08	2.575106e+00
1.422475e-02	-8.088726e-08	2.599555e+00
1.421464e-02	-8.304511e-08	2.627661e+00
1.420455e-02	-8.518670e-08	2.659608e+00
1.419446e-02	-8.730536e-08	2.695519e+00
1.418440e-02	-8.939516e-08	2.735445e+00
1.417434e-02	-9.145089e-08	2.779341e+00
1.416431e-02	-9.346815e-08	2.827043e+00
1.415428e-02	-9.544325e-08	2.878248e+00
1.414427e-02	-9.737323e-08	2.932493e+00
1.413428e-02	-9.925576e-08	2.989140e+00
1.412429e-02	-1.010890e-07	3.047365e+00
1.411433e-02	-1.028716e-07	3.106162e+00
1.410437e-02	-1.046023e-07	3.164355e+00
1.409443e-02	-1.062801e-07	3.220633e+00
1.408451e-02	-1.079036e-07	3.273591e+00
1.407460e-02	-1.094715e-07	3.321800e+00
1.406470e-02	-1.109816e-07	3.363875e+00
1.405481e-02	-1.124317e-07	3.398558e+00
1.404494e-02	-1.138184e-07	3.424797e+00
1.403509e-02	-1.151380e-07	3.441817e+00
1.402525e-02	-1.163857e-07	3.449164e+00
1.401542e-02	-1.175562e-07	3.446735e+00
1.400560e-02	-1.186436e-07	3.434770e+00
1.399580e-02	-1.196412e-07	3.413829e+00
1.398601e-02	-1.205419e-07	3.384732e+00
1.397624e-02	-1.213382e-07	3.348499e+00
1.396648e-02	-1.220224e-07	3.306276e+00
1.395673e-02	-1.225866e-07	3.259256e+00
1.394700e-02	-1.230231e-07	3.208623e+00
1.393728e-02	-1.233243e-07	3.155493e+00
1.392758e-02	-1.234830e-07	3.100879e+00
1.391788e-02	-1.234923e-07	3.045662e+00
1.390821e-02	-1.233463e-07	2.990584e+00
1.389854e-02	-1.230395e-07	2.936241e+00
1.388889e-02	-1.225675e-07	2.883097e+00
1.387925e-02	-1.219268e-07	2.831490e+00
1.386963e-02	-1.211152e-07	2.781650e+00
1.386001e-02	-1.201315e-07	2.733721e+00
1.385042e-02	-1.189759e-07	2.687771e+00
1.384083e-02	-1.176501e-07	2.643813e+00
1.383126e-02	-1.161568e-07	2.601818e+00
1.382170e-02	-1.145004e-07	2.561727e+00
1.381215e-02	-1.126865e-07	2.523465e+00
1.380262e-02	-1.107221e-07	2.486944e+00
1.379310e-02	-1.086152e-07	2.452074e+00
1.378360e-02	-1.063751e-07	2.418766e+00
1.377410e-02	-1.040120e-07	2.386933e+00
1.376462e-02	-1.015371e-07	2.356499e+00
1.375516e-02	-9.896200e-08	2.327392e+00
1.374570e-02	-9.629905e-08	2.299549e+00
1.373626e-02	-9.356089e-08	2.272916e+00
1.372684e-02	-9.076034e-08	2.247444e+00
1.371742e-02	-8.791026e-08	2.223094e+00
1.370802e-02	-8.502339e-08	2.199832e+00
1.369863e-02	-8.211220e-08	2.177626e+00
1.368925e-02	-7.918880e-08	2.156453e+00
1.367989e-02	-7.626477e-08	2.136291e+00
1.367054e-02	-7.335111e-08	2.117120e+00
1.366120e-02	-7.045816e-08	2.098925e+00
1.365188e-02	-6.759552e-08	2.081690e+00
1.364256e-02	-6.477204e-08	2.065402e+00
1.363327e-02	-6.199575e-08	2.050049e+00
1.362398e-02	-5.927389e-08	2.035622e+00
1.361470e-02	-5.661289e-08	2.022110e+00
1.360544e-02	-5.401837e-08	2.009506e+00
1.359619e-02	-5.149519e-08	1.997803e+00
1.358696e-02	-4.904746e-08	1.986998e+00
1.357773e-02	-4.667857e-08	1.977086e+00
1.356852e-02	-4.439124e-08	1.968069e+00
1.355932e-02	-4.218760e-08	1.959949e+00
1.355014e-02	-4.006915e-08	1.952732e+00
1.354096e-02	-3.803689e-08	1.946426e+00
1.353180e-02	-3.609135e-08	1.941044e+00
1.352265e-02	-3.423261e-08	1.936603e+00
1.351351e-02	-3.246037e-08	1.933126e+00
1.350439e-02	-3.077398e-08	1.930638e+00
1.349528e-02	-2.917253e-08	1.929172e+00
1.348618e-02	-2.765482e-08	1.928765e+00
1.347709e-02	-2.621946e-08	1.929461e+00
1.346801e-02	-2.486487e-08	1.931309e+00
1.345895e-02	-2.358933e-08	1.934365e+00
1.344990e-02	-2.239101e-08	1.938691e+00
1.344086e-02	-2.126800e-08	1.944356e+00
1.343183e-02	-2.021833e-08	1.951435e+00
1.342282e-02	-1.923999e-08	1.960006e+00
1.341382e-02	-1.833096e-08	1.970156e+00
1.340483e-02	-1.748263e-08	2.307224e+00
1.339585e-02	-1.670721e-08	2.539091e+00
1.338688e-02	-1.599541e-08	2.415443e+00
1.337793e-02	-1.534527e-08	2.331253e+00
1.336898e-02	-1.475494e-08	2.276099e+00
1.336005e-02	-1.422271e-08	2.242577e+00
1.335113e-02	-1.374701e-08	2.225421e+00
1.334223e-02	-1.332642e-08	2.220874e+00
1.333333e-02	-1.295967e-08	2.226241e+00
1.332445e-02	-1.264567e-08	2.239584e+00
1.331558e-02	-1.238351e-08	2.259500e+00
1.330672e-02	-1.217246e-08	2.284972e+00
1.329787e-02	-1.201202e-08	2.315251e+00
1.328904e-02	-1.190186e-08	2.349781e+00
1.328021e-02	-1.184189e-08	2.388133e+00
1.327140e-02	-1.183223e-08	2.429953e+00
1.326260e-02	-1.187321e-08	2.474921e+00
1.325381e-02	-1.196537e-08	2.522718e+00
1.324503e-02	-1.210942e-08	2.572989e+00
1.323627e-02	-1.230624e-08	2.625334e+00
1.322751e-02	-1.255680e-08	2.679287e+00
1.321877e-02	-1.286210e-08	2.734329e+00
1.321004e-02	-1.322313e-08	2.789892e+00
1.320132e-02	-1.364073e-08	2.845381e+00
1.319261e-02	-1.411552e-08	2.900187e+00
1.318392e-02	-1.464777e-08	2.953688e+00
1.317523e-02	-1.523730e-08	3.005244e+00
1.316656e-02	-1.588336e-08	3.054176e+00
1.315789e-02	-1.658455e-08	3.099733e+00
1.314924e-02	-1.733874e-08	3.141074e+00
1.314060e-02	-1.814295e-08	3.177263e+00
1.313198e-02	-1.899335e-08	3.207283e+00
1.312336e-02	-1.988525e-08	3.230083e+00
1.311475e-02	-2.081309e-08	3.244655e+00
1.310616e-02	-2.177060e-08	3.250129e+00
1.309758e-02	-2.275092e-08	3.245899e+00
1.308901e-02	-2.374691e-08	3.231747e+00
1.308044e-02	-2.475139e-08	3.207947e+00
1.307190e-02	-2.575752e-08	3.175306e+00
1.306336e-02	-2.675903e-08	3.135125e+00
1.305483e-02	-2.775048e-08	3.089061e+00
1.304631e-02	-2.872731e-08	3.038930e+00
1.303781e-02	-2.968587e-08	2.986481e+00
1.302932e-02	-3.062323e-08	2.933210e+00
1.302083e-02	-3.153702e-08	2.880248e+00
1.301236e-02	-3.242515e-08	2.828325e+00
1.300390e-02	-3.328557e-08	2.777830e+00
1.299545e-02	-3.411605e-08	2.728910e+00
1.298701e-02	-3.491399e-08	2.681605e+00
1.297859e-02	-3.567630e-08	2.635959e+00
1.297017e-02	-3.639935e-08	2.592109e+00
1.296176e-02	-3.707896e-08	2.550322e+00
1.295337e-02	-3.771047e-08	2.510986e+00
1.294498e-02	-3.828885e-08	2.474578e+00
1.293661e-02	-3.880884e-08	2.441605e+00
1.292825e-02	-3.926507e-08	2.412538e+00
1.291990e-02	-3.965228e-08	2.387755e+00
1.291156e-02	-3.996545e-08	2.367467e+00
1.290323e-02	-4.019996e-08	2.351661e+00
1.289491e-02	-4.035170e-08	2.340032e+00
1.288660e-02	-4.041724e-08	2.331936e+00
1.287830e-02	-4.039387e-08	2.326378e+00
1.287001e-02	-4.027969e-08	2.322080e+00
1.286174e-02	-4.007366e-08	2.317639e+00
1.285347e-02	-3.977562e-08	2.311767e+00
1.284522e-02	-3.938626e-08	2.303562e+00
1.283697e-02	-3.890716e-08	2.292710e+00
1.282874e-02	-3.834070e-08	2.279537e+00
1.282051e-02	-3.769002e-08	2.264907e+00
1.281230e-02	-3.695897e-08	2.250010e+00
1.280410e-02	-3.615199e-08	2.236124e+00
1.279591e-02	-3.527407e-08	2.224435e+00
1.278772e-02	-3.433065e-08	2.215926e+00
1.277955e-02	-3.332748e-08	2.211350e+00
1.277139e-02	-3.227059e-08	2.211247e+00
1.276324e-02	-3.116615e-08	2.215975e+00
1.275510e-02	-3.002042e-08	2.225737e+00
1.274697e-02	-2.883962e-08	2.240583e+00
1.273885e-02	-2.762989e-08	2.260370e+00
1.273074e-02	-2.639721e-08	2.284696e+00
1.272265e-02	-2.514735e-08	2.312785e+00
1.271456e-02	-2.388584e-08	2.343395e+00
1.270648e-02	-2.261789e-08	2.374770e+00
1.269841e-02	-2.134842e-08	2.404745e+00
1.269036e-02	-2.008201e-08	2.431022e+00
1.268231e-02	-1.882290e-08	2.451610e+00
1.267427e-02	-1.757498e-08	2.465268e+00
1.266624e-02	-1.634176e-08	2.471787e+00
1.265823e-02	-1.512636e-08	2.471989e+00
1.265022e-02	-1.393153e-08	2.467482e+00
1.264223e-02	-1.275963e-08	2.460295e+00
1.263424e-02	-1.161266e-08	2.452547e+00
1.262626e-02	-1.049227e-08	2.446214e+00
1.261830e-02	-9.399814e-09	2.443011e+00
1.261034e-02	-8.336378e-09	2.444359e+00
1.260239e-02	-7.302819e-09	2.451386e+00
1.259446e-02	-6.299814e-09	2.464944e+00
1.258653e-02	-5.327912e-09	2.485601e+00
1.257862e-02	-4.387570e-09	2.513607e+00
1.257071e-02	-3.479201e-09	2.548823e+00
1.256281e-02	-2.603192e-09	2.590601e+00
1.255493e-02	-1.759916e-09	2.637641e+00
1.254705e-02	-9.496897e-10	2.687828e+00
1.253918e-02	-1.726880e-10	2.738143e+00
1.253133e-02	5.712046e-10	2.784704e+00
1.252348e-02	1.282596e-09	2.823074e+00
1.251564e-02	1.962811e-09	2.848838e+00
1.250782e-02	2.614076e-09	2.858378e+00
1.250000e-02	3.239596e-09	2.849602e+00
1.249219e-02	3.843481e-09	2.822367e+00
1.248439e-02	4.430512e-09	2.778421e+00
1.247661e-02	5.005795e-09	2.720935e+00
1.246883e-02	5.574377e-09	2.653829e+00
1.246106e-02	6.140908e-09	2.581117e+00
1.245330e-02	6.709385e-09	2.506428e+00
1.244555e-02	7.283019e-09	2.432739e+00
1.243781e-02	7.864189e-09	2.362290e+00
1.243008e-02	8.454488e-09	2.296617e+00
1.242236e-02	9.054814e-09	2.236649e+00
1.241465e-02	9.665490e-09	2.182847e+00
1.240695e-02	1.028639e-08	2.135319e+00
1.239926e-02	1.091705e-08	2.093940e+00
1.239157e-02	1.155678e-08	2.058430e+00
1.238390e-02	1.220477e-08	2.028430e+00
1.237624e-02	1.286012e-08	2.003539e+00
1.236858e-02	1.352195e-08	1.983346e+00
1.236094e-02	1.418938e-08	1.967452e+00
1.235330e-02	1.486161e-08	1.955471e+00
1.234568e-02	1.553790e-08	1.947041e+00
1.233806e-02	1.621763e-08	1.941818e+00
1.233046e-02	1.690025e-08	1.939472e+00
1.232286e-02	1.758530e-08	1.939680e+00
1.231527e-02	1.827241e-08	1.942121e+00
1.230769e-02	1.896132e-08	1.946467e+00
1.230012e-02	1.965181e-08	1.952377e+00
1.229256e-02	2.034375e-08	1.959495e+00
1.228501e-02	2.103708e-08	1.967445e+00
1.227747e-02	2.173176e-08	1.975834e+00
1.226994e-02	2.242783e-08	1.984261e+00
1.226242e-02	2.312533e-08	1.992322e+00
1.225490e-02	2.382435e-08	1.999632e+00
1.224740e-02	2.452500e-08	2.005835e+00
1.223990e-02	2.522740e-08	2.010626e+00
1.223242e-02	2.593167e-08	2.013770e+00
1.222494e-02	2.663796e-08	2.015115e+00
1.221747e-02	2.734638e-08	2.014597e+00
1.221001e-02	2.805707e-08	2.012249e+00
1.220256e-02	2.877014e-08	2.008189e+00
1.219512e-02	2.948567e-08	2.002608e+00
1.218769e-02	3.020376e-08	1.995757e+00
1.218027e-02	3.092445e-08	1.987920e+00
1.217285e-02	3.164778e-08	1.979401e+00
1.216545e-02	3.237374e-08	1.970498e+00
1.215805e-02	3.310229e-08	1.961492e+00
1.215067e-02	3.383335e-08	1.952633e+00
1.214329e-02	3.456679e-08	1.944137e+00
1.213592e-02	3.530245e-08	1.936177e+00
1.212856e-02	3.604009e-08	1.928889e+00
1.212121e-02	3.677941e-08	1.922370e+00
1.211387e-02	3.752006e-08	1.916689e+00
1.210654e-02	3.826160e-08	1.911883e+00
1.209921e-02	3.900352e-08	1.907972e+00
1.209190e-02	3.974522e-08	1.904957e+00
1.208459e-02	4.048601e-08	1.902831e+00
1.207729e-02	4.122511e-08	1.901579e+00
1.207001e-02	4.196164e-08	1.901184e+00
1.206273e-02	4.269460e-08	1.901630e+00
1.205546e-02	4.342292e-08	1.902905e+00
1.204819e-02	4.414539e-08	1.905003e+00
1.204094e-02	4.486070e-08	1.907927e+00
1.203369e-02	4.556746e-08	1.911689e+00
1.202646e-02	4.626414e-08	1.916315e+00
1.201923e-02	4.694911e-08	1.921845e+00
1.201201e-02	4.762064e-08	1.928333e+00
1.200480e-02	4.827691e-08	1.935858e+00
1.199760e-02	4.891598e-08	1.944517e+00
1.199041e-02	4.953585e-08	1.954436e+00
1.198322e-02	5.013441e-08	1.965772e+00
1.197605e-02	5.070947e-08	1.978714e+00
1.196888e-02	5.125878e-08	1.993486e+00
1.196172e-02	5.178001e-08	2.010344e+00
1.195457e-02	5.227079e-08	2.029566e+00
1.194743e-02	5.272870e-08	2.051433e+00
1.194030e-02	5.315129e-08	2.076181e+00
1.193317e-02	5.353610e-08	2.103947e+00
1.192606e-02	5.388066e-08	2.134672e+00
1.191895e-02	5.418255e-08	2.167992e+00
1.191185e-02	5.443936e-08	2.203139e+00
1.190476e-02	5.464873e-08	2.238881e+00
1.189768e-02	5.480839e-08	2.273587e+00
1.189061e-02	5.491607e-08	2.305433e+00
1.188354e-02	5.496957e-08	2.332750e+00
1.187648e-02	5.496669e-08	2.354414e+00
1.186944e-02	5.490525e-08	2.370121e+00
1.186240e-02	5.478307e-08	2.380442e+00
1.185536e-02	5.459804e-08	2.386640e+00
1.184834e-02	5.434815e-08	2.390334e+00
1.184133e-02	5.403156e-08	2.393162e+00
1.183432e-02	5.364666e-08	2.396532e+00
1.182732e-02	5.319212e-08	2.401502e+00
1.182033e-02	5.266695e-08	2.408761e+00
1.181335e-02	5.207051e-08	2.418684e+00
1.180638e-02	5.140254e-08	2.431407e+00
1.179941e-02	5.066318e-08	2.446905e+00
1.179245e-02	4.985294e-08	2.465057e+00
1.178550e-02	4.897274e-08	2.485691e+00
1.177856e-02	4.802389e-08	2.508620e+00
1.177163e-02	4.700806e-08	2.533659e+00
1.176471e-02	4.592733e-08	2.560636e+00
1.175779e-02	4.478411e-08	2.589399e+00
1.175088e-02	4.358121e-08	2.619816e+00
1.174398e-02	4.232174e-08	2.651775e+00
1.173709e-02	4.100915e-08	2.685181e+00
1.173021e-02	3.964718e-08	2.719952e+00
1.172333e-02	3.823987e-08	2.756020e+00
1.171646e-02	3.679147e-08	2.793320e+00
1.170960e-02	3.530648e-08	2.831793e+00
1.170275e-02	3.378956e-08	2.871378e+00
1.169591e-02	3.224552e-08	2.912011e+00
1.168907e-02	3.067928e-08	2.953619e+00
1.168224e-02	2.909581e-08	2.996117e+00
1.167542e-02	2.750014e-08	3.039404e+00
1.166861e-02	2.589723e-08	3.083359e+00
1.166181e-02	2.429202e-08	3.127839e+00
1.165501e-02	2.268934e-08	3.172677e+00
1.164822e-02	2.109391e-08	3.217677e+00
1.164144e-02	1.951025e-08	3.262616e+00
1.163467e-02	1.794272e-08	3.307243e+00
1.162791e-02	1.639547e-08	3.351279e+00
1.162115e-02	1.487241e-08	3.394421e+00
1.161440e-02	1.337721e-08	3.436346e+00
1.160766e-02	1.191329e-08	3.476716e+00
1.160093e-02	1.048384e-08	3.515189e+00
1.159420e-02	9.091791e-09	3.551421e+00
1.158749e-02	7.739821e-09	3.585086e+00
1.158078e-02	6.430387e-09	3.615879e+00
1.157407e-02	5.165717e-09	3.643532e+00
1.156738e-02	3.947826e-09	3.667826e+00
1.156069e-02	2.778528e-09	3.688598e+00
1.155402e-02	1.659451e-09	3.705755e+00
1.154734e-02	5.920514e-10	3.719276e+00
1.154068e-02	-4.223723e-10	3.729213e+00
1.153403e-02	-1.382661e-09	3.735697e+00
1.152738e-02	-2.287778e-09	3.738927e+00
1.152074e-02	-3.136795e-09	3.739164e+00
1.151410e-02	-3.928872e-09	3.736719e+00
1.150748e-02	-4.663246e-09	3.731939e+00
1.150086e-02	-5.339223e-09	3.725192e+00
1.149425e-02	-5.956168e-09	3.716851e+00
1.148765e-02	-6.513510e-09	3.707280e+00
1.148106e-02	-7.010743e-09	3.696818e+00
1.147447e-02	-7.447451e-09	3.685772e+00
1.146789e-02	-7.823326e-09	3.674406e+00
1.146132e-02	-8.138197e-09	3.662937e+00
1.145475e-02	-8.392077e-09	3.651534e+00
1.144820e-02	-8.585198e-09	3.640318e+00
1.144165e-02	-8.718055e-09	3.629368e+00
1.143511e-02	-8.791456e-09	3.618722e+00
1.142857e-02	-8.806557e-09	3.608392e+00
1.142204e-02	-8.764893e-09	3.598366e+00
1.141553e-02	-8.668405e-09	3.588620e+00
1.140901e-02	-8.519444e-09	3.579126e+00
1.140251e-02	-8.320772e-09	3.569858e+00
1.139601e-02	-8.075539e-09	3.560801e+00
1.138952e-02	-7.787247e-09	3.551951e+00
1.138304e-02	-7.459711e-09	3.543326e+00
1.137656e-02	-7.096988e-09	3.534958e+00
1.137010e-02	-6.703318e-09	3.526900e+00
1.136364e-02	-6.283048e-09	3.519218e+00
1.135718e-02	-5.840549e-09	3.511989e+00
1.135074e-02	-5.380149e-09	3.505294e+00
1.134430e-02	-4.906053e-09	3.499211e+00
1.133787e-02	-4.422282e-09	3.493809e+00
1.133144e-02	-3.932611e-09	3.489133e+00
1.132503e-02	-3.440522e-09	3.485204e+00
1.131862e-02	-2.949166e-09	3.482003e+00
1.131222e-02	-2.461338e-09	3.479468e+00
1.130582e-02	-1.979457e-09	3.477486e+00
1.129944e-02	-1.505564e-09	3.475890e+00
1.129305e-02	-1.041322e-09	3.474460e+00
1.128668e-02	-5.880268e-10	3.472923e+00
1.128032e-02	-1.466263e-10	3.470965e+00
1.127396e-02	2.822601e-10	3.468234e+00
1.126761e-02	6.983144e-10	3.464365e+00
1.126126e-02	1.101492e-09	3.458990e+00
1.125492e-02	1.491993e-09	3.451762e+00
1.124859e-02	1.870231e-09	3.442372e+00
1.124227e-02	2.236805e-09	3.430574e+00
1.123596e-02	2.592472e-09	3.416196e+00
1.122965e-02	2.938118e-09	3.399154e+00
1.122334e-02	3.274739e-09	3.379460e+00
1.121705e-02	3.603410e-09	3.357220e+00
1.121076e-02	3.925271e-09	3.332633e+00
1.120448e-02	4.241506e-09	3.305972e+00
1.119821e-02	4.553323e-09	3.277581e+00
1.119194e-02	4.861942e-09	3.247844e+00
1.118568e-02	5.168574e-09	3.217177e+00
1.117943e-02	5.474410e-09	3.186001e+00
1.117318e-02	5.780606e-09	3.154727e+00
1.116695e-02	6.088266e-09	3.123740e+00
1.116071e-02	6.398429e-09	3.093383e+00
1.115449e-02	6.712058e-09	3.063948e+00
1.114827e-02	7.030024e-09	3.035668e+00
1.114206e-02	7.353098e-09	3.008714e+00
1.113586e-02	7.681944e-09	2.983194e+00
1.112966e-02	8.017113e-09	2.959154e+00
1.112347e-02	8.359046e-09	2.936585e+00
1.111729e-02	8.708081e-09	2.915431e+00
1.111111e-02	9.064463e-09	2.895596e+00
1.110494e-02	9.428365e-09	2.876959e+00
1.109878e-02	9.799911e-09	2.859382e+00
1.109262e-02	1.017920e-08	2.842724e+00
1.108647e-02	1.056634e-08	2.826852e+00
1.108033e-02	1.096148e-08	2.811646e+00
1.107420e-02	1.136483e-08	2.797012e+00
1.106807e-02	1.177667e-08	2.782884e+00
1.106195e-02	1.219740e-08	2.769226e+00
1.105583e-02	1.262752e-08	2.756030e+00
1.104972e-02	1.306764e-08	2.743320e+00
1.104362e-02	1.351848e-08	2.731142e+00
1.103753e-02	1.398084e-08	2.719566e+00
1.103144e-02	1.445559e-08	2.708673e+00
1.102536e-02	1.494364e-08	2.698558e+00
1.101928e-02	1.544592e-08	2.689318e+00
1.101322e-02	1.596333e-08	2.681055e+00
1.100715e-02	1.649674e-08	2.673865e+00
1.100110e-02	1.704695e-08	2.667840e+00
1.099505e-02	1.761463e-08	2.663063e+00
1.098901e-02	1.820036e-08	2.659612e+00
1.098298e-02	1.880452e-08	2.657553e+00
1.097695e-02	1.942735e-08	2.656945e+00
1.097093e-02	2.006888e-08	2.657839e+00
1.096491e-02	2.072892e-08	2.660280e+00
1.095890e-02	2.140704e-08	2.664308e+00
1.095290e-02	2.210259e-08	2.669960e+00
1.094691e-02	2.281462e-08	2.677269e+00
1.094092e-02	2.354192e-08	2.686264e+00
1.093494e-02	2.428297e-08	2.696976e+00
1.092896e-02	2.503595e-08	2.709427e+00
1.092299e-02	2.579874e-08	2.723638e+00
1.091703e-02	2.656884e-08	2.739625e+00
1.091107e-02	2.734346e-08	2.757395e+00
1.090513e-02	2.811943e-08	2.776952e+00
1.089918e-02	2.889324e-08	2.798287e+00
1.089325e-02	2.966102e-08	2.821383e+00
1.088732e-02	3.041856e-08	2.846213e+00
1.088139e-02	3.116130e-08	2.872737e+00
1.087548e-02	3.188437e-08	2.900901e+00
1.086957e-02	3.258258e-08	2.930638e+00
1.086366e-02	3.325048e-08	2.961865e+00
1.085776e-02	3.388240e-08	2.994481e+00
1.085187e-02	3.447249e-08	3.028368e+00
1.084599e-02	3.501477e-08	3.063388e+00
1.084011e-02	3.550322e-08	3.099387e+00
1.083424e-02	3.593184e-08	3.136187e+00
1.082837e-02	3.629478e-08	3.173594e+00
1.082251e-02	3.658637e-08	3.211394e+00
1.081666e-02	3.680128e-08	3.249356e+00
1.081081e-02	3.693457e-08	3.287234e+00
1.080497e-02	3.698186e-08	3.324770e+00
1.079914e-02	3.693937e-08	3.361698e+00
1.079331e-02	3.680406e-08	3.397744e+00
1.078749e-02	3.657367e-08	3.432635e+00
1.078167e-02	3.624686e-08	3.466103e+00
1.077586e-02	3.582323e-08	3.497884e+00
1.077006e-02	3.530334e-08	3.527732e+00
1.076426e-02	3.468882e-08	3.555416e+00
1.075847e-02	3.398229e-08	3.580725e+00
1.075269e-02	3.318739e-08	3.603474e+00
1.074691e-02	3.230874e-08	3.623504e+00
1.074114e-02	3.135188e-08	3.640682e+00
1.073537e-02	3.032321e-08	3.654906e+00
1.072961e-02	2.922989e-08	3.666097e+00
1.072386e-02	2.807976e-08	3.674205e+00
1.071811e-02	2.688120e-08	3.679201e+00
1.071237e-02	2.564304e-08	3.681080e+00
1.070664e-02	2.437441e-08	3.679853e+00
1.070091e-02	2.308463e-08	3.675552e+00
1.069519e-02	2.178304e-08	3.668224e+00
1.068947e-02	2.047889e-08	3.657932e+00
1.068376e-02	1.918121e-08	3.644758e+00
1.067806e-02	1.789867e-08	3.628804e+00
1.067236e-02	1.663946e-08	3.610190e+00
1.066667e-02	1.541120e-08	3.589062e+00
1.066098e-02	1.422085e-08	3.565589e+00
1.065530e-02	1.307463e-08	3.539965e+00
1.064963e-02	1.197795e-08	3.512408e+00
1.064396e-02	1.093543e-08	3.483155e+00
1.063830e-02	9.950852e-09	3.452465e+00
1.063264e-02	9.027171e-09	3.420607e+00
1.062699e-02	8.166569e-09	3.387859e+00
1.062135e-02	7.370479e-09	3.354499e+00
1.061571e-02	6.639649e-09	3.320799e+00
1.061008e-02	5.974207e-09	3.287024e+00
1.060445e-02	5.373726e-09	3.253420e+00
1.059883e-02	4.837305e-09	3.220215e+00
1.059322e-02	4.363633e-09	3.187615e+00
1.058761e-02	3.951062e-09	3.155800e+00
1.058201e-02	3.597673e-09	3.124929e+00
1.057641e-02	3.301335e-09	3.095131e+00
1.057082e-02	3.059759e-09	3.066514e+00
1.056524e-02	2.870552e-09	3.039162e+00
1.055966e-02	2.731253e-09	3.013138e+00
1.055409e-02	2.639374e-09	2.988487e+00
1.054852e-02	2.592433e-09	2.965235e+00
1.054296e-02	2.587978e-09	2.943395e+00
1.053741e-02	2.623611e-09	2.922966e+00
1.053186e-02	2.697007e-09	2.903936e+00
1.052632e-02	2.805928e-09	2.886286e+00
1.052078e-02	2.948233e-09	2.869987e+00
1.051525e-02	3.121890e-09	2.855007e+00
1.050972e-02	3.324980e-09	2.841309e+00
1.050420e-02	3.555701e-09	2.828853e+00
1.049869e-02	3.812369e-09	2.817596e+00
1.049318e-02	4.093422e-09	2.807495e+00
1.048768e-02	4.397414e-09	2.798508e+00
1.048218e-02	4.723018e-09	2.790591e+00
1.047669e-02	5.069015e-09	2.783702e+00
1.047120e-02	5.434296e-09	2.777801e+00
1.046572e-02	5.817854e-09	2.772849e+00
1.046025e-02	6.218778e-09	2.768809e+00
1.045478e-02	6.636247e-09	2.765648e+00
1.044932e-02	7.069517e-09	2.763333e+00
1.044386e-02	7.517925e-09	2.761837e+00
1.043841e-02	7.980865e-09	2.761132e+00
1.043297e-02	8.457793e-09	2.761197e+00
1.042753e-02	8.948211e-09	2.762011e+00
1.042209e-02	9.451656e-09	2.763555e+00
1.041667e-02	9.967696e-09	2.765817e+00
1.041124e-02	1.049591e-08	2.768781e+00
1.040583e-02	1.103590e-08	2.772436e+00
1.040042e-02	1.158725e-08	2.776767e+00
1.039501e-02	1.214952e-08	2.781761e+00
1.038961e-02	1.272228e-08	2.787397e+00
1.038422e-02	1.330503e-08	2.793650e+00
1.037883e-02	1.389724e-08	2.800487e+00
1.037344e-02	1.449832e-08	2.807871e+00
1.036807e-02	1.510760e-08	2.815761e+00
1.036269e-02	1.572435e-08	2.824118e+00
1.035733e-02	1.634774e-08	2.832915e+00
1.035197e-02	1.697684e-08	2.842135e+00
1.034661e-02	1.761061e-08	2.851773e+00
1.034126e-02	1.824789e-08	2.861840e+00
1.033592e-02	1.888741e-08	2.872348e+00
1.033058e-02	1.952776e-08	2.883309e+00
1.032525e-02	2.016739e-08	2.894727e+00
1.031992e-02	2.080461e-08	2.906600e+00
1.031460e-02	2.143763e-08	2.918912e+00
1.030928e-02	2.206448e-08	2.931637e+00
1.030397e-02	2.268308e-08	2.944739e+00
1.029866e-02	2.329125e-08	2.958173e+00
1.029336e-02	2.388667e-08	2.971886e+00
1.028807e-02	2.446694e-08	2.985816e+00
1.028278e-02	2.502961e-08	2.999897e+00
1.027749e-02	2.557215e-08	3.014056e+00
1.027221e-02	2.609202e-08	3.028215e+00
1.026694e-02	2.658668e-08	3.042292e+00
1.026167e-02	2.705364e-08	3.056203e+00
1.025641e-02	2.749048e-08	3.069859e+00
1.025115e-02	2.789488e-08	3.083174e+00
1.024590e-02	2.826467e-08	3.096061e+00
1.024066e-02	2.859788e-08	3.108436e+00
1.023541e-02	2.889274e-08	3.120220e+00
1.023018e-02	2.914774e-08	3.131338e+00
1.022495e-02	2.936165e-08	3.141725e+00
1.021972e-02	2.953357e-08	3.151324e+00
1.021450e-02	2.966290e-08	3.160087e+00
1.020929e-02	2.974941e-08	3.167981e+00
1.020408e-02	2.979323e-08	3.174984e+00
1.019888e-02	2.979483e-08	3.181086e+00
1.019368e-02	2.975502e-08	3.186292e+00
1.018849e-02	2.967498e-08	3.190618e+00
1.018330e-02	2.955617e-08	3.194096e+00
1.017812e-02	2.940037e-08	3.196767e+00
1.017294e-02	2.920958e-08	3.198682e+00
1.016777e-02	2.898606e-08	3.199902e+00
1.016260e-02	2.873221e-08	3.200495e+00
1.015744e-02	2.845057e-08	3.200535e+00
1.015228e-02	2.814377e-08	3.200098e+00
1.014713e-02	2.781448e-08	3.199265e+00
1.014199e-02	2.746535e-08	3.198113e+00
1.013685e-02	2.709900e-08	3.196719e+00
1.013171e-02	2.671793e-08	3.195159e+00
1.012658e-02	2.632452e-08	3.193500e+00
1.012146e-02	2.592099e-08	3.191808e+00
1.011634e-02	2.550935e-08	3.190138e+00
1.011122e-02	2.509139e-08	3.188541e+00
1.010611e-02	2.466867e-08	3.187060e+00
1.010101e-02	2.424247e-08	3.185727e+00
1.009591e-02	2.381384e-08	3.184570e+00
1.009082e-02	2.338352e-08	3.183605e+00
1.008573e-02	2.295200e-08	3.182843e+00
1.008065e-02	2.251947e-08	3.182286e+00
1.007557e-02	2.208591e-08	3.181932e+00
1.007049e-02	2.165099e-08	3.181768e+00
1.006543e-02	2.121417e-08	3.181779e+00
1.006036e-02	2.077469e-08	3.181944e+00
1.005530e-02	2.033157e-08	3.182236e+00
1.005025e-02	1.988367e-08	3.182628e+00
1.004520e-02	1.942967e-08	3.183087e+00
1.004016e-02	1.896810e-08	3.183580e+00
1.003512e-02	1.849741e-08	3.184071e+00
1.003009e-02	1.801591e-08	3.184525e+00
1.002506e-02	1.752189e-08	3.184907e+00
1.002004e-02	1.701356e-08	3.185181e+00
1.001502e-02	1.648911e-08	3.185317e+00
1.001001e-02	1.594675e-08	3.185285e+00
1.000500e-02	1.538470e-08	3.185057e+00
1.000000e-02	1.480122e-08	3.184613e+00
