# Finite Temperature Data for J1J2 Model
# Lx=6, Ly=6, J1=1.0000, J2=0.1250, Fz=0.0000, chi_max=250
# Columns: T | Sigmaz | Cv
# 
2.000000e+01	1.061197e-11	4.284708e-02
1.000000e+01	2.378638e-10	1.637057e-01
6.666667e+00	1.304582e-09	3.504824e-01
5.000000e+00	1.549090e-09	5.907042e-01
4.000000e+00	-4.207652e-10	8.719327e-01
3.333333e+00	-3.243155e-09	1.182154e+00
2.857143e+00	-4.776423e-09	1.510182e+00
2.500000e+00	-2.025477e-09	1.845958e+00
2.222222e+00	6.757159e-09	2.180813e+00
2.000000e+00	2.083421e-08	2.507692e+00
1.818182e+00	3.849889e-08	2.821305e+00
1.666667e+00	5.749250e-08	3.117987e+00
1.538462e+00	7.930870e-08	3.395120e+00
1.428571e+00	1.063468e-07	3.651109e+00
1.333333e+00	1.444402e-07	3.885434e+00
1.250000e+00	2.004776e-07	4.098422e+00
1.176471e+00	2.751191e-07	4.291075e+00
1.111111e+00	3.625373e-07	4.464788e+00
1.052632e+00	4.551320e-07	4.621139e+00
1.000000e+00	5.469994e-07	4.761825e+00
9.523810e-01	6.342352e-07	4.888633e+00
9.090909e-01	7.143835e-07	5.003373e+00
8.695652e-01	7.862487e-07	5.107763e+00
8.333333e-01	8.495695e-07	5.203360e+00
8.000000e-01	9.046518e-07	5.291563e+00
7.692308e-01	9.522596e-07	5.373658e+00
7.407407e-01	9.935133e-07	5.450844e+00
7.142857e-01	1.029679e-06	5.524201e+00
6.896552e-01	1.062001e-06	5.594671e+00
6.666667e-01	1.091640e-06	5.663063e+00
6.451613e-01	1.119638e-06	5.730088e+00
6.250000e-01	1.146894e-06	5.796391e+00
6.060606e-01	1.174149e-06	5.862540e+00
5.882353e-01	1.202001e-06	5.929019e+00
5.714286e-01	1.230937e-06	5.996225e+00
5.555556e-01	1.261361e-06	6.064481e+00
5.405405e-01	1.293610e-06	6.134052e+00
5.263158e-01	1.327967e-06	6.205168e+00
5.128205e-01	1.364668e-06	6.278030e+00
5.000000e-01	1.403907e-06	6.352817e+00
4.878049e-01	1.445851e-06	6.429684e+00
4.761905e-01	1.490643e-06	6.508763e+00
4.651163e-01	1.538415e-06	6.590166e+00
4.545455e-01	1.589290e-06	6.673981e+00
4.444444e-01	1.643383e-06	6.760277e+00
4.347826e-01	1.700800e-06	6.849102e+00
4.255319e-01	1.761630e-06	6.940485e+00
4.166667e-01	1.825942e-06	7.034435e+00
4.081633e-01	1.893775e-06	7.130940e+00
4.000000e-01	1.965133e-06	7.229967e+00
3.921569e-01	2.039974e-06	7.331462e+00
3.846154e-01	2.118210e-06	7.435352e+00
3.773585e-01	2.199697e-06	7.541546e+00
3.703704e-01	2.284237e-06	7.649942e+00
3.636364e-01	2.371571e-06	7.760430e+00
3.571429e-01	2.461385e-06	7.872896e+00
3.508772e-01	2.553310e-06	7.987230e+00
3.448276e-01	2.646923e-06	8.103328e+00
3.389831e-01	2.741759e-06	8.221096e+00
3.333333e-01	2.837309e-06	8.340453e+00
3.278689e-01	2.933035e-06	8.461327e+00
3.225806e-01	3.028369e-06	8.583660e+00
3.174603e-01	3.122723e-06	8.707399e+00
3.125000e-01	3.215495e-06	8.832500e+00
3.076923e-01	3.306078e-06	8.958925e+00
3.030303e-01	3.393860e-06	9.086636e+00
2.985075e-01	3.478238e-06	9.215600e+00
2.941176e-01	3.558620e-06	9.345785e+00
2.898551e-01	3.634435e-06	9.477162e+00
2.857143e-01	3.705138e-06	9.609702e+00
2.816901e-01	3.770222e-06	9.743376e+00
2.777778e-01	3.829223e-06	9.878160e+00
2.739726e-01	3.881729e-06	1.001403e+01
2.702703e-01	3.927390e-06	1.015096e+01
2.666667e-01	3.965929e-06	1.028895e+01
2.631579e-01	3.997146e-06	1.042799e+01
2.597403e-01	4.020930e-06	1.056807e+01
2.564103e-01	4.037262e-06	1.070921e+01
2.531646e-01	4.046219e-06	1.085144e+01
2.500000e-01	4.047971e-06	1.099478e+01
2.469136e-01	4.042776e-06	1.113929e+01
2.439024e-01	4.030970e-06	1.128500e+01
2.409639e-01	4.012955e-06	1.143197e+01
2.380952e-01	3.989179e-06	1.158025e+01
2.352941e-01	3.960124e-06	1.172986e+01
2.325581e-01	3.926277e-06	1.188079e+01
2.298851e-01	3.888124e-06	1.203301e+01
2.272727e-01	3.846127e-06	1.218644e+01
2.247191e-01	3.800724e-06	1.234091e+01
2.222222e-01	3.752329e-06	1.249625e+01
2.197802e-01	3.701339e-06	1.265222e+01
2.173913e-01	3.648149e-06	1.280858e+01
2.150538e-01	3.593169e-06	1.296508e+01
2.127660e-01	3.536834e-06	1.312148e+01
2.105263e-01	3.479609e-06	1.327756e+01
2.083333e-01	3.421989e-06	1.343313e+01
2.061856e-01	3.364484e-06	1.358803e+01
2.040816e-01	3.307604e-06	1.374214e+01
2.020202e-01	3.251844e-06	1.389534e+01
2.000000e-01	3.197660e-06	1.404758e+01
1.980198e-01	3.145457e-06	1.419877e+01
1.960784e-01	3.095567e-06	1.434887e+01
1.941748e-01	3.048237e-06	1.449779e+01
1.923077e-01	3.003608e-06	1.464546e+01
1.904762e-01	2.961711e-06	1.479175e+01
1.886792e-01	2.922463e-06	1.493648e+01
1.869159e-01	2.885677e-06	1.507942e+01
1.851852e-01	2.851092e-06	1.522029e+01
1.834862e-01	2.818408e-06	1.535884e+01
1.818182e-01	2.787314e-06	1.549489e+01
1.801802e-01	2.757519e-06	1.562828e+01
1.785714e-01	2.728771e-06	1.575895e+01
1.769912e-01	2.700864e-06	1.588686e+01
1.754386e-01	2.673649e-06	1.601195e+01
1.739130e-01	2.647037e-06	1.613417e+01
1.724138e-01	2.620994e-06	1.625347e+01
1.709402e-01	2.595541e-06	1.636974e+01
1.694915e-01	2.570735e-06	1.648286e+01
1.680672e-01	2.546652e-06	1.659267e+01
1.666667e-01	2.523365e-06	1.669896e+01
1.652893e-01	2.500923e-06	1.680150e+01
1.639344e-01	2.479343e-06	1.690004e+01
1.626016e-01	2.458601e-06	1.699432e+01
1.612903e-01	2.438644e-06	1.708414e+01
1.600000e-01	2.419404e-06	1.716930e+01
1.587302e-01	2.400815e-06	1.724961e+01
1.574803e-01	2.382836e-06	1.732490e+01
1.562500e-01	2.365462e-06	1.739497e+01
1.550388e-01	2.348736e-06	1.745960e+01
1.538462e-01	2.332737e-06	1.751847e+01
1.526718e-01	2.317572e-06	1.757119e+01
1.515152e-01	2.303349e-06	1.761719e+01
1.503759e-01	2.290155e-06	1.765572e+01
1.492537e-01	2.278037e-06	1.768583e+01
1.481481e-01	2.266998e-06	1.770646e+01
1.470588e-01	2.257007e-06	1.771654e+01
1.459854e-01	2.248020e-06	1.771520e+01
1.449275e-01	2.239997e-06	1.770189e+01
1.438849e-01	2.232917e-06	1.767646e+01
1.428571e-01	2.226788e-06	1.763909e+01
1.418440e-01	2.221642e-06	1.759025e+01
1.408451e-01	2.217535e-06	1.753053e+01
1.398601e-01	2.214533e-06	1.746058e+01
1.388889e-01	2.212710e-06	1.738107e+01
1.379310e-01	2.212141e-06	1.729259e+01
1.369863e-01	2.212893e-06	1.719569e+01
1.360544e-01	2.215024e-06	1.709085e+01
1.351351e-01	2.218577e-06	1.697849e+01
1.342282e-01	2.223573e-06	1.685897e+01
1.333333e-01	2.230012e-06	1.673261e+01
1.324503e-01	2.237865e-06	1.659970e+01
1.315789e-01	2.247074e-06	1.646050e+01
1.307190e-01	2.257547e-06	1.631530e+01
1.298701e-01	2.269159e-06	1.616438e+01
1.290323e-01	2.281754e-06	1.600804e+01
1.282051e-01	2.295144e-06	1.584662e+01
1.273885e-01	2.309114e-06	1.568050e+01
1.265823e-01	2.323430e-06	1.551007e+01
1.257862e-01	2.337847e-06	1.533576e+01
1.250000e-01	2.352114e-06	1.515800e+01
1.242236e-01	2.365988e-06	1.497722e+01
1.234568e-01	2.379239e-06	1.479387e+01
1.226994e-01	2.391656e-06	1.460836e+01
1.219512e-01	2.403055e-06	1.442111e+01
1.212121e-01	2.413281e-06	1.423254e+01
1.204819e-01	2.422205e-06	1.404305e+01
1.197605e-01	2.429728e-06	1.385305e+01
1.190476e-01	2.435769e-06	1.366297e+01
1.183432e-01	2.440267e-06	1.347324e+01
1.176471e-01	2.443171e-06	1.328430e+01
1.169591e-01	2.444436e-06	1.309660e+01
1.162791e-01	2.444017e-06	1.291058e+01
1.156069e-01	2.441871e-06	1.272661e+01
1.149425e-01	2.437951e-06	1.254501e+01
1.142857e-01	2.432215e-06	1.236601e+01
1.136364e-01	2.424623e-06	1.218965e+01
1.129944e-01	2.415151e-06	1.201585e+01
1.123596e-01	2.403785e-06	1.184436e+01
1.117318e-01	2.390533e-06	1.167481e+01
1.111111e-01	2.375413e-06	1.150679e+01
1.104972e-01	2.358456e-06	1.133992e+01
1.098901e-01	2.339699e-06	1.117390e+01
1.092896e-01	2.319176e-06	1.100853e+01
1.086957e-01	2.296921e-06	1.084376e+01
1.081081e-01	2.272970e-06	1.067959e+01
1.075269e-01	2.247366e-06	1.051605e+01
1.069519e-01	2.220169e-06	1.035321e+01
1.063830e-01	2.191473e-06	1.019108e+01
1.058201e-01	2.161405e-06	1.002962e+01
1.052632e-01	2.130143e-06	9.868738e+00
1.047120e-01	2.097905e-06	9.708220e+00
1.041667e-01	2.064947e-06	9.547719e+00
1.036269e-01	2.031543e-06	9.386719e+00
1.030928e-01	1.997968e-06	9.224585e+00
1.025641e-01	1.964472e-06	9.060706e+00
1.020408e-01	1.931271e-06	8.894693e+00
1.015228e-01	1.898531e-06	8.726530e+00
1.010101e-01	1.866375e-06	8.556631e+00
1.005025e-01	1.834882e-06	8.385746e+00
1.000000e-01	1.804097e-06	8.214818e+00
9.950249e-02	1.774037e-06	8.044821e+00
9.900990e-02	1.744700e-06	7.876646e+00
9.852217e-02	1.716067e-06	7.711038e+00
9.803922e-02	1.688113e-06	7.548573e+00
9.756098e-02	1.660806e-06	7.389672e+00
9.708738e-02	1.634111e-06	7.234614e+00
9.661836e-02	1.607995e-06	7.083566e+00
9.615385e-02	1.582424e-06	6.936604e+00
9.569378e-02	1.557368e-06	6.793730e+00
9.523810e-02	1.532799e-06	6.654891e+00
9.478673e-02	1.508691e-06	6.519989e+00
9.433962e-02	1.485022e-06	6.388892e+00
9.389671e-02	1.461768e-06	6.261442e+00
9.345794e-02	1.438911e-06	6.137461e+00
9.302326e-02	1.416431e-06	6.016756e+00
9.259259e-02	1.394310e-06	5.899129e+00
9.216590e-02	1.372532e-06	5.784384e+00
9.174312e-02	1.351081e-06	5.672339e+00
9.132420e-02	1.329942e-06	5.562830e+00
9.090909e-02	1.309099e-06	5.455718e+00
9.049774e-02	1.288536e-06	5.350883e+00
9.009009e-02	1.268235e-06	5.248225e+00
8.968610e-02	1.248176e-06	5.147657e+00
8.928571e-02	1.228337e-06	5.049098e+00
8.888889e-02	1.208694e-06	4.952474e+00
8.849558e-02	1.189222e-06	4.857711e+00
8.810573e-02	1.169896e-06	4.764736e+00
8.771930e-02	1.150693e-06	4.673480e+00
8.733624e-02	1.131591e-06	4.583877e+00
8.695652e-02	1.112574e-06	4.495868e+00
8.658009e-02	1.093628e-06	4.409405e+00
8.620690e-02	1.074745e-06	4.324453e+00
8.583691e-02	1.055920e-06	4.240987e+00
8.547009e-02	1.037155e-06	4.158996e+00
8.510638e-02	1.018450e-06	4.078474e+00
8.474576e-02	9.998125e-07	3.999425e+00
8.438819e-02	9.812488e-07	3.921854e+00
8.403361e-02	9.627669e-07	3.845770e+00
8.368201e-02	9.443746e-07	3.771178e+00
8.333333e-02	9.260789e-07	3.698082e+00
8.298755e-02	9.078857e-07	3.626477e+00
8.264463e-02	8.897991e-07	3.556353e+00
8.230453e-02	8.718214e-07	3.487693e+00
8.196721e-02	8.539530e-07	3.420475e+00
8.163265e-02	8.361930e-07	3.354678e+00
8.130081e-02	8.185392e-07	3.290283e+00
8.097166e-02	8.009896e-07	3.227283e+00
8.064516e-02	7.835422e-07	3.165684e+00
8.032129e-02	7.661963e-07	3.105497e+00
8.000000e-02	7.489524e-07	3.046745e+00
7.968127e-02	7.318129e-07	2.989444e+00
7.936508e-02	7.147819e-07	2.933606e+00
7.905138e-02	6.978654e-07	2.879229e+00
7.874016e-02	6.810710e-07	2.826300e+00
7.843137e-02	6.644075e-07	2.774794e+00
7.812500e-02	6.478854e-07	2.724680e+00
7.782101e-02	6.315163e-07	2.675920e+00
7.751938e-02	6.153136e-07	2.628463e+00
7.722008e-02	5.992927e-07	2.582249e+00
7.692308e-02	5.834717e-07	2.537199e+00
7.662835e-02	5.678712e-07	2.493225e+00
7.633588e-02	5.525146e-07	2.450230e+00
7.604563e-02	5.374277e-07	2.408118e+00
7.575758e-02	5.226384e-07	2.366800e+00
7.547170e-02	5.081758e-07	2.326200e+00
7.518797e-02	4.940696e-07	2.286265e+00
7.490637e-02	4.803490e-07	2.246960e+00
7.462687e-02	4.670421e-07	2.208269e+00
7.434944e-02	4.541742e-07	2.170198e+00
7.407407e-02	4.417679e-07	2.132763e+00
7.380074e-02	4.298412e-07	2.095990e+00
7.352941e-02	4.184078e-07	2.059908e+00
7.326007e-02	4.074760e-07	2.024546e+00
7.299270e-02	3.970488e-07	1.989926e+00
7.272727e-02	3.871238e-07	1.956064e+00
7.246377e-02	3.776937e-07	1.922961e+00
7.220217e-02	3.687460e-07	1.890605e+00
7.194245e-02	3.602642e-07	1.858966e+00
7.168459e-02	3.522278e-07	1.827998e+00
7.142857e-02	3.446132e-07	1.797640e+00
7.117438e-02	3.373941e-07	1.767833e+00
7.092199e-02	3.305425e-07	1.738517e+00
7.067138e-02	3.240289e-07	1.709647e+00
7.042254e-02	3.178236e-07	1.681187e+00
7.017544e-02	3.118965e-07	1.653113e+00
6.993007e-02	3.062179e-07	1.625405e+00
6.968641e-02	3.007587e-07	1.598048e+00
6.944444e-02	2.954909e-07	1.571027e+00
6.920415e-02	2.903876e-07	1.544329e+00
6.896552e-02	2.854239e-07	1.517946e+00
6.872852e-02	2.805769e-07	1.491874e+00
6.849315e-02	2.758263e-07	1.466114e+00
6.825939e-02	2.711546e-07	1.440675e+00
6.802721e-02	2.665473e-07	1.415570e+00
6.779661e-02	2.619934e-07	1.390817e+00
6.756757e-02	2.574850e-07	1.366437e+00
6.734007e-02	2.530171e-07	1.342451e+00
6.711409e-02	2.485877e-07	1.318879e+00
6.688963e-02	2.441971e-07	1.295740e+00
6.666667e-02	2.398474e-07	1.273047e+00
6.644518e-02	2.355422e-07	1.250811e+00
6.622517e-02	2.312863e-07	1.229042e+00
6.600660e-02	2.270850e-07	1.207746e+00
6.578947e-02	2.229439e-07	1.186933e+00
6.557377e-02	2.188685e-07	1.166612e+00
6.535948e-02	2.148643e-07	1.146794e+00
6.514658e-02	2.109361e-07	1.127492e+00
6.493506e-02	2.070882e-07	1.108720e+00
6.472492e-02	2.033238e-07	1.090489e+00
6.451613e-02	1.996457e-07	1.072810e+00
6.430868e-02	1.960554e-07	1.055692e+00
6.410256e-02	1.925537e-07	1.039144e+00
6.389776e-02	1.891404e-07	1.023172e+00
6.369427e-02	1.858143e-07	1.007782e+00
6.349206e-02	1.825737e-07	9.929751e-01
6.329114e-02	1.794157e-07	9.787522e-01
6.309148e-02	1.763373e-07	9.651065e-01
6.289308e-02	1.733347e-07	9.520249e-01
6.269592e-02	1.704041e-07	9.394862e-01
6.250000e-02	1.675415e-07	9.274613e-01
6.230530e-02	1.647433e-07	9.159132e-01
6.211180e-02	1.620059e-07	9.047982e-01
6.191950e-02	1.593260e-07	8.940660e-01
6.172840e-02	1.567007e-07	8.836615e-01
6.153846e-02	1.541270e-07	8.735264e-01
6.134969e-02	1.516020e-07	8.636021e-01
6.116208e-02	1.491219e-07	8.538354e-01
6.097561e-02	1.466827e-07	8.441837e-01
6.079027e-02	1.442792e-07	8.346204e-01
6.060606e-02	1.419056e-07	8.251369e-01
6.042296e-02	1.395555e-07	8.157405e-01
6.024096e-02	1.372223e-07	8.064496e-01
6.006006e-02	1.348999e-07	7.972880e-01
5.988024e-02	1.325830e-07	7.882800e-01
5.970149e-02	1.302676e-07	7.794481e-01
5.952381e-02	1.279511e-07	7.708122e-01
5.934718e-02	1.256327e-07	7.623896e-01
5.917160e-02	1.233130e-07	7.541948e-01
5.899705e-02	1.209937e-07	7.462391e-01
5.882353e-02	1.186775e-07	7.385303e-01
5.865103e-02	1.163673e-07	7.310738e-01
5.847953e-02	1.140655e-07	7.238744e-01
5.830904e-02	1.117743e-07	7.169386e-01
5.813953e-02	1.094949e-07	7.102760e-01
5.797101e-02	1.072279e-07	7.038975e-01
5.780347e-02	1.049736e-07	6.978116e-01
5.763689e-02	1.027320e-07	6.920187e-01
5.747126e-02	1.005032e-07	6.865067e-01
5.730659e-02	9.828757e-08	6.812486e-01
5.714286e-02	9.608611e-08	6.762049e-01
5.698006e-02	9.390000e-08	6.713282e-01
5.681818e-02	9.173064e-08	6.665695e-01
5.665722e-02	8.957922e-08	6.618850e-01
5.649718e-02	8.744644e-08	6.572414e-01
5.633803e-02	8.533233e-08	6.526176e-01
5.617978e-02	8.323626e-08	6.480039e-01
5.602241e-02	8.115721e-08	6.433979e-01
5.586592e-02	7.909411e-08	6.387997e-01
5.571031e-02	7.704627e-08	6.342078e-01
5.555556e-02	7.501363e-08	6.296166e-01
5.540166e-02	7.299693e-08	6.250163e-01
5.524862e-02	7.099766e-08	6.203962e-01
5.509642e-02	6.901797e-08	6.157480e-01
5.494505e-02	6.706046e-08	6.110713e-01
5.479452e-02	6.512796e-08	6.063764e-01
5.464481e-02	6.322333e-08	6.016863e-01
5.449591e-02	6.134930e-08	5.970336e-01
5.434783e-02	5.950834e-08	5.924569e-01
5.420054e-02	5.770274e-08	5.879961e-01
5.405405e-02	5.593459e-08	5.836888e-01
5.390836e-02	5.420599e-08	5.795682e-01
5.376344e-02	5.251904e-08	5.756626e-01
5.361930e-02	5.087590e-08	5.719944e-01
5.347594e-02	4.927871e-08	5.685807e-01
5.333333e-02	4.772947e-08	5.654334e-01
5.319149e-02	4.622989e-08	5.625598e-01
5.305040e-02	4.478133e-08	5.599636e-01
5.291005e-02	4.338479e-08	5.576453e-01
5.277045e-02	4.204100e-08	5.556017e-01
5.263158e-02	4.075055e-08	5.538247e-01
5.249344e-02	3.951402e-08	5.523005e-01
5.235602e-02	3.833211e-08	5.510071e-01
5.221932e-02	3.720558e-08	5.499144e-01
5.208333e-02	3.613523e-08	5.489818e-01
5.194805e-02	3.512168e-08	5.481575e-01
5.181347e-02	3.416510e-08	5.473767e-01
5.167959e-02	3.326508e-08	5.465648e-01
5.154639e-02	3.242040e-08	5.456425e-01
5.141388e-02	3.162905e-08	5.445369e-01
5.128205e-02	3.088839e-08	5.431927e-01
5.115090e-02	3.019534e-08	5.415817e-01
5.102041e-02	2.954664e-08	5.397056e-01
5.089059e-02	2.893903e-08	5.375916e-01
5.076142e-02	2.836938e-08	5.352837e-01
5.063291e-02	2.783460e-08	5.328346e-01
5.050505e-02	2.733156e-08	5.303015e-01
5.037783e-02	2.685703e-08	5.277439e-01
5.025126e-02	2.640761e-08	5.252192e-01
5.012531e-02	2.597978e-08	5.227754e-01
5.000000e-02	2.556993e-08	5.204432e-01
4.987531e-02	2.517449e-08	5.182316e-01
4.975124e-02	2.479001e-08	5.161296e-01
4.962779e-02	2.441317e-08	5.141107e-01
4.950495e-02	2.404084e-08	5.121394e-01
4.938272e-02	2.367006e-08	5.101773e-01
4.926108e-02	2.329812e-08	5.081880e-01
4.914005e-02	2.292253e-08	5.061419e-01
4.901961e-02	2.254109e-08	5.040232e-01
4.889976e-02	2.215190e-08	5.018353e-01
4.878049e-02	2.175346e-08	4.996026e-01
4.866180e-02	2.134463e-08	4.973655e-01
4.854369e-02	2.092469e-08	4.951723e-01
4.842615e-02	2.049327e-08	4.930700e-01
4.830918e-02	2.005036e-08	4.910991e-01
4.819277e-02	1.959631e-08	4.892915e-01
4.807692e-02	1.913179e-08	4.876707e-01
4.796163e-02	1.865783e-08	4.862542e-01
4.784689e-02	1.817581e-08	4.850542e-01
4.773270e-02	1.768744e-08	4.840787e-01
4.761905e-02	1.719467e-08	4.833316e-01
4.750594e-02	1.669968e-08	4.828116e-01
4.739336e-02	1.620473e-08	4.825113e-01
4.728132e-02	1.571206e-08	4.824170e-01
4.716981e-02	1.522378e-08	4.825096e-01
4.705882e-02	1.474174e-08	4.827664e-01
4.694836e-02	1.426751e-08	4.831636e-01
4.683841e-02	1.380226e-08	4.836793e-01
4.672897e-02	1.334679e-08	4.842960e-01
4.662005e-02	1.290146e-08	4.850022e-01
4.651163e-02	1.246623e-08	4.857935e-01
4.640371e-02	1.204057e-08	4.866723e-01
4.629630e-02	1.162356e-08	4.876467e-01
4.618938e-02	1.121389e-08	4.887282e-01
4.608295e-02	1.080996e-08	4.899288e-01
4.597701e-02	1.041006e-08	4.912585e-01
4.587156e-02	1.001248e-08	4.927225e-01
4.576659e-02	9.615729e-09	4.943193e-01
4.566210e-02	9.218608e-09	4.960389e-01
4.555809e-02	8.820329e-09	4.978608e-01
4.545455e-02	8.420499e-09	4.997526e-01
4.535147e-02	8.019077e-09	5.016686e-01
4.524887e-02	7.616285e-09	5.035524e-01
4.514673e-02	7.212535e-09	5.053410e-01
4.504505e-02	6.808390e-09	5.069742e-01
4.494382e-02	6.404570e-09	5.084055e-01
4.484305e-02	6.001953e-09	5.096119e-01
4.474273e-02	5.601486e-09	5.105980e-01
4.464286e-02	5.203872e-09	5.113901e-01
4.454343e-02	4.809012e-09	5.120200e-01
4.444444e-02	4.415371e-09	5.125079e-01
4.434590e-02	4.019781e-09	5.128587e-01
4.424779e-02	3.618126e-09	5.130702e-01
4.415011e-02	3.206757e-09	5.131260e-01
4.405286e-02	2.783621e-09	5.129629e-01
4.395604e-02	2.348434e-09	5.124669e-01
4.385965e-02	1.903018e-09	5.115547e-01
4.376368e-02	1.452824e-09	5.102546e-01
4.366812e-02	1.007675e-09	5.086750e-01
4.357298e-02	5.801120e-10	5.069240e-01
4.347826e-02	1.826861e-10	5.050770e-01
4.338395e-02	-1.741267e-10	5.031889e-01
4.329004e-02	-4.829938e-10	5.013129e-01
4.319654e-02	-7.400497e-10	4.995057e-01
4.310345e-02	-9.448192e-10	4.978122e-01
4.301075e-02	-1.100005e-09	4.962410e-01
4.291845e-02	-1.211184e-09	4.947509e-01
4.282655e-02	-1.286065e-09	4.932776e-01
4.273504e-02	-1.332880e-09	4.917831e-01
4.264392e-02	-1.358432e-09	4.902744e-01
4.255319e-02	-1.367335e-09	4.887737e-01
4.246285e-02	-1.363059e-09	4.872837e-01
4.237288e-02	-1.349726e-09	4.857831e-01
4.228330e-02	-1.333061e-09	4.842423e-01
4.219409e-02	-1.319763e-09	4.826366e-01
4.210526e-02	-1.315959e-09	4.809445e-01
4.201681e-02	-1.325977e-09	4.791436e-01
4.192872e-02	-1.351934e-09	4.772172e-01
4.184100e-02	-1.393919e-09	4.751661e-01
4.175365e-02	-1.450408e-09	4.730142e-01
4.166667e-02	-1.518823e-09	4.708014e-01
4.158004e-02	-1.596358e-09	4.685662e-01
4.149378e-02	-1.681245e-09	4.663288e-01
4.140787e-02	-1.774354e-09	4.640868e-01
4.132231e-02	-1.880341e-09	4.618292e-01
4.123711e-02	-2.007306e-09	4.595646e-01
4.115226e-02	-2.164641e-09	4.573496e-01
4.106776e-02	-2.359952e-09	4.553007e-01
4.098361e-02	-2.596379e-09	4.535798e-01
4.089980e-02	-2.871233e-09	4.523550e-01
4.081633e-02	-3.176126e-09	4.517504e-01
4.073320e-02	-3.498305e-09	4.518104e-01
4.065041e-02	-3.823005e-09	4.525008e-01
4.056795e-02	-4.136421e-09	4.537428e-01
4.048583e-02	-4.428509e-09	4.554545e-01
4.040404e-02	-4.694758e-09	4.575780e-01
4.032258e-02	-4.936526e-09	4.600842e-01
4.024145e-02	-5.159936e-09	4.629560e-01
4.016064e-02	-5.373711e-09	4.661549e-01
4.008016e-02	-5.586515e-09	4.695825e-01
4.000000e-02	-5.804483e-09	4.730622e-01
3.992016e-02	-6.029517e-09	4.763583e-01
3.984064e-02	-6.258498e-09	4.792324e-01
3.976143e-02	-6.483296e-09	4.815080e-01
3.968254e-02	-6.691418e-09	4.831088e-01
3.960396e-02	-6.867375e-09	4.840548e-01
3.952569e-02	-6.994831e-09	4.844330e-01
3.944773e-02	-7.059333e-09	4.843661e-01
3.937008e-02	-7.051018e-09	4.839846e-01
3.929273e-02	-6.966637e-09	4.833968e-01
3.921569e-02	-6.810325e-09	4.826659e-01
3.913894e-02	-6.592850e-09	4.818080e-01
3.906250e-02	-6.329444e-09	4.808161e-01
3.898635e-02	-6.036874e-09	4.796977e-01
3.891051e-02	-5.730774e-09	4.784970e-01
3.883495e-02	-5.424116e-09	4.772816e-01
3.875969e-02	-5.126935e-09	4.761112e-01
3.868472e-02	-4.846753e-09	4.750210e-01
3.861004e-02	-4.588925e-09	4.740266e-01
3.853565e-02	-4.356846e-09	4.731268e-01
3.846154e-02	-4.152496e-09	4.722981e-01
3.838772e-02	-3.977418e-09	4.714804e-01
3.831418e-02	-3.833422e-09	4.705610e-01
3.824092e-02	-3.722560e-09	4.693908e-01
3.816794e-02	-3.646465e-09	4.678378e-01
3.809524e-02	-3.605564e-09	4.658385e-01
3.802281e-02	-3.598698e-09	4.634134e-01
3.795066e-02	-3.623289e-09	4.606544e-01
3.787879e-02	-3.675806e-09	4.577055e-01
3.780718e-02	-3.752212e-09	4.547483e-01
3.773585e-02	-3.848326e-09	4.519810e-01
3.766478e-02	-3.960134e-09	4.495859e-01
3.759398e-02	-4.083955e-09	4.476989e-01
3.752345e-02	-4.216338e-09	4.463891e-01
3.745318e-02	-4.353714e-09	4.456477e-01
3.738318e-02	-4.492011e-09	4.453867e-01
3.731343e-02	-4.626560e-09	4.454487e-01
3.724395e-02	-4.752475e-09	4.456286e-01
3.717472e-02	-4.865354e-09	4.457033e-01
3.710575e-02	-4.961911e-09	4.454577e-01
3.703704e-02	-5.040275e-09	4.447051e-01
3.696858e-02	-5.099948e-09	4.433006e-01
3.690037e-02	-5.141621e-09	4.411545e-01
3.683241e-02	-5.166961e-09	4.382410e-01
3.676471e-02	-5.178396e-09	4.346000e-01
3.669725e-02	-5.178844e-09	4.303239e-01
3.663004e-02	-5.171393e-09	4.255341e-01
3.656307e-02	-5.158974e-09	4.203562e-01
3.649635e-02	-5.144071e-09	4.149066e-01
3.642987e-02	-5.128565e-09	4.092966e-01
3.636364e-02	-5.113731e-09	4.036400e-01
3.629764e-02	-5.100367e-09	3.980515e-01
3.623188e-02	-5.088956e-09	3.926350e-01
3.616637e-02	-5.079800e-09	3.874728e-01
3.610108e-02	-5.073098e-09	3.826229e-01
3.603604e-02	-5.069000e-09	3.781207e-01
3.597122e-02	-5.067634e-09	3.739828e-01
3.590664e-02	-5.069116e-09	3.702113e-01
3.584229e-02	-5.073555e-09	3.667981e-01
3.577818e-02	-5.081049e-09	3.637283e-01
3.571429e-02	-5.091675e-09	3.609836e-01
3.565062e-02	-5.105485e-09	3.585453e-01
3.558719e-02	-5.122500e-09	3.563955e-01
3.552398e-02	-5.142702e-09	3.545182e-01
3.546099e-02	-5.166034e-09	3.528997e-01
3.539823e-02	-5.192411e-09	3.515279e-01
3.533569e-02	-5.221716e-09	3.503921e-01
3.527337e-02	-5.253817e-09	3.494831e-01
3.521127e-02	-5.288575e-09	3.487932e-01
3.514938e-02	-5.325850e-09	3.483156e-01
3.508772e-02	-5.365512e-09	3.480450e-01
3.502627e-02	-5.407445e-09	3.479769e-01
3.496503e-02	-5.451547e-09	3.481074e-01
3.490401e-02	-5.497734e-09	3.484333e-01
3.484321e-02	-5.545931e-09	3.489511e-01
3.478261e-02	-5.596071e-09	3.496570e-01
3.472222e-02	-5.648089e-09	3.505462e-01
3.466205e-02	-5.701910e-09	3.516119e-01
3.460208e-02	-5.757449e-09	3.528444e-01
3.454231e-02	-5.814597e-09	3.542306e-01
3.448276e-02	-5.873220e-09	3.557535e-01
3.442341e-02	-5.933150e-09	3.573915e-01
3.436426e-02	-5.994193e-09	3.591188e-01
3.430532e-02	-6.056122e-09	3.609055e-01
3.424658e-02	-6.118689e-09	3.627180e-01
3.418803e-02	-6.181633e-09	3.645205e-01
3.412969e-02	-6.244691e-09	3.662754e-01
3.407155e-02	-6.307615e-09	3.679456e-01
3.401361e-02	-6.370182e-09	3.694952e-01
3.395586e-02	-6.432211e-09	3.708916e-01
3.389831e-02	-6.493570e-09	3.721067e-01
3.384095e-02	-6.554175e-09	3.731182e-01
3.378378e-02	-6.613987e-09	3.739104e-01
3.372681e-02	-6.672993e-09	3.744745e-01
3.367003e-02	-6.731186e-09	3.748090e-01
3.361345e-02	-6.788537e-09	3.749195e-01
3.355705e-02	-6.844960e-09	3.748182e-01
3.350084e-02	-6.900285e-09	3.745229e-01
3.344482e-02	-6.954237e-09	3.740558e-01
3.338898e-02	-7.006413e-09	3.734416e-01
3.333333e-02	-7.056288e-09	3.727062e-01
3.327787e-02	-7.103220e-09	3.718747e-01
3.322259e-02	-7.146471e-09	3.709704e-01
3.316750e-02	-7.185246e-09	3.700145e-01
3.311258e-02	-7.218734e-09	3.690263e-01
3.305785e-02	-7.246164e-09	3.680232e-01
3.300330e-02	-7.266850e-09	3.670218e-01
3.294893e-02	-7.280247e-09	3.660379e-01
3.289474e-02	-7.285983e-09	3.650878e-01
3.284072e-02	-7.283891e-09	3.641881e-01
3.278689e-02	-7.274012e-09	3.633556e-01
3.273322e-02	-7.256584e-09	3.626078e-01
3.267974e-02	-7.232007e-09	3.619625e-01
3.262643e-02	-7.200797e-09	3.614372e-01
3.257329e-02	-7.163516e-09	3.610491e-01
3.252033e-02	-7.120698e-09	3.608146e-01
3.246753e-02	-7.072773e-09	3.607489e-01
3.241491e-02	-7.019994e-09	3.608649e-01
3.236246e-02	-6.962381e-09	3.611728e-01
3.231018e-02	-6.899675e-09	3.616778e-01
3.225806e-02	-6.831329e-09	3.623788e-01
3.220612e-02	-6.756519e-09	3.632653e-01
3.215434e-02	-6.674191e-09	3.643154e-01
3.210273e-02	-6.583139e-09	3.654947e-01
3.205128e-02	-6.482127e-09	3.667564e-01
3.200000e-02	-6.370030e-09	3.680474e-01
3.194888e-02	-6.245986e-09	3.693161e-01
3.189793e-02	-6.109538e-09	3.705245e-01
3.184713e-02	-5.960744e-09	3.716584e-01
3.179650e-02	-5.800224e-09	3.727329e-01
3.174603e-02	-5.629154e-09	3.737926e-01
3.169572e-02	-5.449182e-09	3.749046e-01
3.164557e-02	-5.262289e-09	3.761494e-01
3.159558e-02	-5.070619e-09	3.776093e-01
3.154574e-02	-4.876309e-09	3.793582e-01
3.149606e-02	-4.681363e-09	3.814523e-01
3.144654e-02	-4.487598e-09	3.839238e-01
3.139717e-02	-4.296679e-09	3.867762e-01
3.134796e-02	-4.110236e-09	3.899813e-01
3.129890e-02	-3.930025e-09	3.934796e-01
3.125000e-02	-3.758089e-09	3.971850e-01
3.120125e-02	-3.596817e-09	4.009944e-01
3.115265e-02	-3.448828e-09	4.048040e-01
3.110420e-02	-3.316668e-09	4.085272e-01
3.105590e-02	-3.202369e-09	4.121095e-01
3.100775e-02	-3.107037e-09	4.155329e-01
3.095975e-02	-3.030603e-09	4.188081e-01
3.091190e-02	-2.971830e-09	4.219567e-01
3.086420e-02	-2.928573e-09	4.249901e-01
3.081664e-02	-2.898187e-09	4.278961e-01
3.076923e-02	-2.877945e-09	4.306384e-01
3.072197e-02	-2.865361e-09	4.331699e-01
3.067485e-02	-2.858356e-09	4.354516e-01
3.062787e-02	-2.855316e-09	4.374679e-01
3.058104e-02	-2.855083e-09	4.392288e-01
3.053435e-02	-2.856902e-09	4.407605e-01
3.048780e-02	-2.860311e-09	4.420910e-01
3.044140e-02	-2.864996e-09	4.432377e-01
3.039514e-02	-2.870625e-09	4.442025e-01
3.034901e-02	-2.876704e-09	4.449735e-01
3.030303e-02	-2.882500e-09	4.455311e-01
3.025719e-02	-2.887001e-09	4.458557e-01
3.021148e-02	-2.888956e-09	4.459344e-01
3.016591e-02	-2.886919e-09	4.457645e-01
3.012048e-02	-2.879343e-09	4.453548e-01
3.007519e-02	-2.864665e-09	4.447250e-01
3.003003e-02	-2.841408e-09	4.439036e-01
2.998501e-02	-2.808289e-09	4.429258e-01
2.994012e-02	-2.764313e-09	4.418316e-01
2.989537e-02	-2.708864e-09	4.406633e-01
2.985075e-02	-2.641767e-09	4.394638e-01
2.980626e-02	-2.563310e-09	4.382751e-01
2.976190e-02	-2.474235e-09	4.371374e-01
2.971768e-02	-2.375679e-09	4.360877e-01
2.967359e-02	-2.269093e-09	4.351586e-01
2.962963e-02	-2.156135e-09	4.343764e-01
2.958580e-02	-2.038565e-09	4.337589e-01
2.954210e-02	-1.918136e-09	4.333126e-01
2.949853e-02	-1.796512e-09	4.330298e-01
2.945508e-02	-1.675195e-09	4.328862e-01
2.941176e-02	-1.555480e-09	4.328387e-01
2.936858e-02	-1.438436e-09	4.328257e-01
2.932551e-02	-1.324895e-09	4.327699e-01
2.928258e-02	-1.215468e-09	4.325832e-01
2.923977e-02	-1.110564e-09	4.321762e-01
2.919708e-02	-1.010420e-09	4.314674e-01
2.915452e-02	-9.151312e-10	4.303946e-01
2.911208e-02	-8.246804e-10	4.289228e-01
2.906977e-02	-7.389703e-10	4.270491e-01
2.902758e-02	-6.578458e-10	4.248024e-01
2.898551e-02	-5.811139e-10	4.222395e-01
2.894356e-02	-5.085564e-10	4.194367e-01
2.890173e-02	-4.399413e-10	4.164816e-01
2.886003e-02	-3.750265e-10	4.134641e-01
2.881844e-02	-3.135651e-10	4.104695e-01
2.877698e-02	-2.553079e-10	4.075735e-01
2.873563e-02	-2.000055e-10	4.048394e-01
2.869440e-02	-1.474124e-10	4.023175e-01
2.865330e-02	-9.729062e-11	4.000448e-01
2.861230e-02	-4.941488e-11	3.980467e-01
2.857143e-02	-3.577682e-12	3.963378e-01
2.853067e-02	4.040415e-11	3.949240e-01
2.849003e-02	8.268495e-11	3.938031e-01
2.844950e-02	1.233868e-10	3.929662e-01
2.840909e-02	1.625952e-10	3.923985e-01
2.836879e-02	2.003594e-10	3.920800e-01
2.832861e-02	2.366938e-10	3.919858e-01
2.828854e-02	2.715829e-10	3.920877e-01
2.824859e-02	3.049894e-10	3.923544e-01
2.820874e-02	3.368646e-10	3.927530e-01
2.816901e-02	3.671614e-10	3.932506e-01
2.812940e-02	3.958461e-10	3.938153e-01
2.808989e-02	4.229168e-10	3.944180e-01
2.805049e-02	4.484105e-10	3.950333e-01
2.801120e-02	4.724148e-10	3.956404e-01
2.797203e-02	4.950745e-10	3.962236e-01
2.793296e-02	5.165883e-10	3.967722e-01
2.789400e-02	5.372063e-10	3.972800e-01
2.785515e-02	5.572180e-10	3.977453e-01
2.781641e-02	5.769380e-10	3.981698e-01
2.777778e-02	5.966858e-10	3.985580e-01
2.773925e-02	6.167649e-10	3.989165e-01
2.770083e-02	6.374406e-10	3.992533e-01
2.766252e-02	6.589179e-10	3.995769e-01
2.762431e-02	6.813210e-10	3.998960e-01
2.758621e-02	7.046779e-10	4.002190e-01
2.754821e-02	7.289100e-10	4.005536e-01
2.751032e-02	7.538251e-10	4.009068e-01
2.747253e-02	7.791194e-10	4.012850e-01
2.743484e-02	8.043846e-10	4.016944e-01
2.739726e-02	8.291204e-10	4.021408e-01
2.735978e-02	8.527561e-10	4.026305e-01
2.732240e-02	8.746734e-10	4.031703e-01
2.728513e-02	8.942372e-10	4.037676e-01
2.724796e-02	9.108277e-10	4.044309e-01
2.721088e-02	9.238748e-10	4.051690e-01
2.717391e-02	9.328944e-10	4.059915e-01
2.713704e-02	9.375231e-10	4.069075e-01
2.710027e-02	9.375497e-10	4.079259e-01
2.706360e-02	9.329440e-10	4.090548e-01
2.702703e-02	9.238750e-10	4.103005e-01
2.699055e-02	9.107223e-10	4.116683e-01
2.695418e-02	8.940730e-10	4.131612e-01
2.691790e-02	8.747079e-10	4.147806e-01
2.688172e-02	8.535724e-10	4.165250e-01
2.684564e-02	8.317357e-10	4.183902e-01
2.680965e-02	8.103422e-10	4.203671e-01
2.677376e-02	7.905549e-10	4.224404e-01
2.673797e-02	7.735033e-10	4.245852e-01
2.670227e-02	7.602309e-10	4.267647e-01
2.666667e-02	7.516576e-10	4.289274e-01
2.663116e-02	7.485474e-10	4.310061e-01
2.659574e-02	7.514922e-10	4.329191e-01
2.656042e-02	7.609045e-10	4.345751e-01
2.652520e-02	7.770153e-10	4.358809e-01
2.649007e-02	7.998830e-10	4.367521e-01
2.645503e-02	8.294033e-10	4.371242e-01
2.642008e-02	8.653216e-10	4.369625e-01
2.638522e-02	9.072512e-10	4.362674e-01
2.635046e-02	9.546949e-10	4.350747e-01
2.631579e-02	1.007067e-09	4.334514e-01
2.628121e-02	1.063721e-09	4.314869e-01
2.624672e-02	1.123979e-09	4.292830e-01
2.621232e-02	1.187160e-09	4.269444e-01
2.617801e-02	1.252605e-09	4.245710e-01
2.614379e-02	1.319697e-09	4.222522e-01
2.610966e-02	1.387883e-09	4.200651e-01
2.607562e-02	1.456687e-09	4.180737e-01
2.604167e-02	1.525712e-09	4.163301e-01
2.600780e-02	1.594648e-09	4.148775e-01
2.597403e-02	1.663276e-09	4.137524e-01
2.594034e-02	1.731460e-09	4.129877e-01
2.590674e-02	1.799147e-09	4.126156e-01
2.587322e-02	1.866365e-09	4.126699e-01
2.583979e-02	1.933215e-09	4.131883e-01
2.580645e-02	1.999868e-09	4.142129e-01
2.577320e-02	2.066561e-09	4.157908e-01
2.574003e-02	2.133590e-09	4.179722e-01
2.570694e-02	2.201303e-09	4.208066e-01
2.567394e-02	2.270086e-09	4.243363e-01
2.564103e-02	2.340348e-09	4.285857e-01
2.560819e-02	2.412494e-09	4.335477e-01
2.557545e-02	2.486898e-09	4.391681e-01
2.554278e-02	2.563866e-09	4.453301e-01
2.551020e-02	2.643601e-09	4.518465e-01
2.547771e-02	2.726177e-09	4.584638e-01
2.544529e-02	2.811540e-09	4.648845e-01
2.541296e-02	2.899520e-09	4.708070e-01
2.538071e-02	2.989884e-09	4.759744e-01
2.534854e-02	3.082405e-09	4.802178e-01
2.531646e-02	3.176926e-09	4.834808e-01
2.528445e-02	3.273426e-09	4.858173e-01
2.525253e-02	3.372051e-09	4.873661e-01
2.522068e-02	3.473126e-09	4.883136e-01
2.518892e-02	3.577138e-09	4.888571e-01
2.515723e-02	3.684713e-09	4.891768e-01
2.512563e-02	3.796577e-09	4.894209e-01
2.509410e-02	3.913521e-09	4.897022e-01
2.506266e-02	4.036367e-09	4.901023e-01
2.503129e-02	4.165933e-09	4.906798e-01
2.500000e-02	4.302989e-09	4.914778e-01
2.496879e-02	4.448196e-09	4.925299e-01
2.493766e-02	4.602031e-09	4.938615e-01
2.490660e-02	4.764675e-09	4.954869e-01
2.487562e-02	4.935877e-09	4.974035e-01
2.484472e-02	5.114793e-09	4.995828e-01
2.481390e-02	5.299823e-09	5.019636e-01
2.478315e-02	5.488474e-09	5.044474e-01
2.475248e-02	5.677282e-09	5.069019e-01
2.472188e-02	5.861835e-09	5.091719e-01
2.469136e-02	6.036913e-09	5.110987e-01
2.466091e-02	6.196761e-09	5.125434e-01
2.463054e-02	6.335456e-09	5.134086e-01
2.460025e-02	6.447323e-09	5.136542e-01
2.457002e-02	6.527347e-09	5.133020e-01
2.453988e-02	6.571518e-09	5.124304e-01
2.450980e-02	6.577079e-09	5.111614e-01
2.447980e-02	6.542646e-09	5.096440e-01
2.444988e-02	6.468211e-09	5.080368e-01
2.442002e-02	6.355049e-09	5.064949e-01
2.439024e-02	6.205533e-09	5.051597e-01
2.436054e-02	6.022919e-09	5.041536e-01
2.433090e-02	5.811100e-09	5.035786e-01
2.430134e-02	5.574375e-09	5.035176e-01
2.427184e-02	5.317234e-09	5.040375e-01
2.424242e-02	5.044183e-09	5.051930e-01
2.421308e-02	4.759601e-09	5.070303e-01
2.418380e-02	4.467644e-09	5.095901e-01
2.415459e-02	4.172173e-09	5.129087e-01
2.412545e-02	3.876718e-09	5.170182e-01
2.409639e-02	3.584456e-09	5.219428e-01
2.406739e-02	3.298206e-09	5.276942e-01
2.403846e-02	3.020430e-09	5.342620e-01
2.400960e-02	2.753235e-09	5.416027e-01
2.398082e-02	2.498361e-09	5.496255e-01
2.395210e-02	2.257177e-09	5.581791e-01
2.392344e-02	2.030662e-09	5.670410e-01
2.389486e-02	1.819393e-09	5.759167e-01
2.386635e-02	1.623548e-09	5.844532e-01
2.383790e-02	1.442926e-09	5.922697e-01
2.380952e-02	1.277003e-09	5.990052e-01
2.378121e-02	1.125007e-09	6.043735e-01
2.375297e-02	9.860092e-10	6.082132e-01
2.372479e-02	8.590124e-10	6.105173e-01
2.369668e-02	7.430120e-10	6.114361e-01
2.366864e-02	6.370387e-10	6.112497e-01
2.364066e-02	5.401641e-10	6.103198e-01
2.361275e-02	4.514978e-10	6.090301e-01
2.358491e-02	3.701729e-10	6.077297e-01
2.355713e-02	2.953426e-10	6.066865e-01
2.352941e-02	2.261881e-10	6.060545e-01
2.350176e-02	1.619435e-10	6.058587e-01
2.347418e-02	1.019334e-10	6.059975e-01
2.344666e-02	4.561839e-11	6.062652e-01
2.341920e-02	-7.361368e-12	6.063941e-01
2.339181e-02	-5.714803e-11	6.061086e-01
2.336449e-02	-1.036408e-10	6.051799e-01
2.333722e-02	-1.464847e-10	6.034619e-01
2.331002e-02	-1.850685e-10	6.009019e-01
2.328289e-02	-2.185390e-10	5.975237e-01
2.325581e-02	-2.458292e-10	5.933981e-01
2.322880e-02	-2.657044e-10	5.886146e-01
2.320186e-02	-2.768322e-10	5.832630e-01
2.317497e-02	-2.778736e-10	5.774298e-01
2.314815e-02	-2.675891e-10	5.712019e-01
2.312139e-02	-2.449451e-10	5.646743e-01
2.309469e-02	-2.092115e-10	5.579534e-01
2.306805e-02	-1.600316e-10	5.511560e-01
2.304147e-02	-9.745837e-11	5.444030e-01
2.301496e-02	-2.195502e-11	5.378112e-01
2.298851e-02	6.563643e-11	5.314851e-01
2.296211e-02	1.641552e-10	5.255112e-01
2.293578e-02	2.721925e-10	5.199550e-01
2.290951e-02	3.881719e-10	5.148609e-01
2.288330e-02	5.104276e-10	5.102542e-01
2.285714e-02	6.372745e-10	5.061439e-01
2.283105e-02	7.670687e-10	5.025259e-01
2.280502e-02	8.982596e-10	4.993867e-01
2.277904e-02	1.029424e-09	4.967058e-01
2.275313e-02	1.159293e-09	4.944589e-01
2.272727e-02	1.286768e-09	4.926199e-01
2.270148e-02	1.410922e-09	4.911634e-01
2.267574e-02	1.530999e-09	4.900658e-01
2.265006e-02	1.646405e-09	4.893068e-01
2.262443e-02	1.756693e-09	4.888702e-01
2.259887e-02	1.861547e-09	4.887437e-01
2.257336e-02	1.960766e-09	4.889192e-01
2.254791e-02	2.054252e-09	4.893925e-01
2.252252e-02	2.141992e-09	4.901624e-01
2.249719e-02	2.224049e-09	4.912304e-01
2.247191e-02	2.300549e-09	4.926003e-01
2.244669e-02	2.371671e-09	4.942775e-01
2.242152e-02	2.437634e-09	4.962691e-01
2.239642e-02	2.498687e-09	4.985827e-01
2.237136e-02	2.555089e-09	5.012272e-01
2.234637e-02	2.607095e-09	5.042115e-01
2.232143e-02	2.654929e-09	5.075448e-01
2.229654e-02	2.698760e-09	5.112361e-01
2.227171e-02	2.738670e-09	5.152932e-01
2.224694e-02	2.774627e-09	5.197223e-01
2.222222e-02	2.806448e-09	5.245266e-01
2.219756e-02	2.833782e-09	5.297030e-01
2.217295e-02	2.856101e-09	5.352385e-01
2.214839e-02	2.872709e-09	5.411022e-01
2.212389e-02	2.882792e-09	5.472344e-01
2.209945e-02	2.885495e-09	5.535323e-01
2.207506e-02	2.880036e-09	5.598344e-01
2.205072e-02	2.865850e-09	5.659097e-01
2.202643e-02	2.842736e-09	5.714612e-01
2.200220e-02	2.810963e-09	5.761505e-01
2.197802e-02	2.771312e-09	5.796480e-01
2.195390e-02	2.725021e-09	5.816994e-01
2.192982e-02	2.673637e-09	5.821856e-01
2.190581e-02	2.618805e-09	5.811547e-01
2.188184e-02	2.562050e-09	5.788113e-01
2.185792e-02	2.504606e-09	5.754703e-01
2.183406e-02	2.447319e-09	5.714949e-01
2.181025e-02	2.390625e-09	5.672383e-01
2.178649e-02	2.334598e-09	5.630046e-01
2.176279e-02	2.279024e-09	5.590303e-01
2.173913e-02	2.223495e-09	5.554822e-01
2.171553e-02	2.167490e-09	5.524661e-01
2.169197e-02	2.110448e-09	5.500390e-01
2.166847e-02	2.051814e-09	5.482223e-01
2.164502e-02	1.991072e-09	5.470131e-01
2.162162e-02	1.927766e-09	5.463926e-01
2.159827e-02	1.861512e-09	5.463328e-01
2.157497e-02	1.791996e-09	5.468009e-01
2.155172e-02	1.718982e-09	5.477620e-01
2.152853e-02	1.642308e-09	5.491807e-01
2.150538e-02	1.561893e-09	5.510222e-01
2.148228e-02	1.477733e-09	5.532525e-01
2.145923e-02	1.389906e-09	5.558389e-01
2.143623e-02	1.298575e-09	5.587499e-01
2.141328e-02	1.203987e-09	5.619562e-01
2.139037e-02	1.106474e-09	5.654304e-01
2.136752e-02	1.006457e-09	5.691480e-01
2.134472e-02	9.044392e-10	5.730880e-01
2.132196e-02	8.010113e-10	5.772333e-01
2.129925e-02	6.968437e-10	5.815708e-01
2.127660e-02	5.926861e-10	5.860920e-01
2.125399e-02	4.893551e-10	5.907921e-01
2.123142e-02	3.877251e-10	5.956697e-01
2.120891e-02	2.887047e-10	6.007258e-01
2.118644e-02	2.219341e-10	8.383311e-01
2.116402e-02	1.361440e-10	7.927649e-01
2.114165e-02	5.638589e-11	7.548636e-01
2.111932e-02	-1.732219e-11	7.282478e-01
2.109705e-02	-8.487630e-11	7.099590e-01
2.107482e-02	-1.461765e-10	6.978537e-01
2.105263e-02	-2.011975e-10	6.903680e-01
2.103049e-02	-2.500349e-10	6.863504e-01
2.100840e-02	-2.929369e-10	6.849427e-01
2.098636e-02	-3.303154e-10	6.854949e-01
2.096436e-02	-3.627366e-10	6.875036e-01
2.094241e-02	-3.908901e-10	6.905680e-01
2.092050e-02	-4.155383e-10	6.943583e-01
2.089864e-02	-4.374512e-10	6.985944e-01
2.087683e-02	-4.573373e-10	7.030311e-01
2.085506e-02	-4.757804e-10	7.074501e-01
2.083333e-02	-4.931946e-10	7.116568e-01
2.081165e-02	-5.098000e-10	7.154801e-01
2.079002e-02	-5.256199e-10	7.187762e-01
2.076843e-02	-5.405001e-10	7.214327e-01
2.074689e-02	-5.541340e-10	7.233723e-01
2.072539e-02	-5.660937e-10	7.245554e-01
2.070393e-02	-5.758593e-10	7.249790e-01
2.068252e-02	-5.828359e-10	7.246730e-01
2.066116e-02	-5.863704e-10	7.236937e-01
2.063983e-02	-5.857493e-10	7.221164e-01
2.061856e-02	-5.801900e-10	7.200280e-01
2.059732e-02	-5.688228e-10	7.175214e-01
2.057613e-02	-5.506586e-10	7.146915e-01
2.055498e-02	-5.245546e-10	7.116338e-01
2.053388e-02	-4.891802e-10	7.084440e-01
2.051282e-02	-4.430034e-10	7.052176e-01
2.049180e-02	-3.843089e-10	7.020488e-01
2.047083e-02	-3.112739e-10	6.990281e-01
2.044990e-02	-2.221000e-10	6.962358e-01
2.042901e-02	-1.151922e-10	6.937324e-01
2.040816e-02	1.065835e-11	6.915444e-01
2.038736e-02	1.561304e-10	6.896481e-01
2.036660e-02	3.209937e-10	8.267934e-01
2.034588e-02	5.041234e-10	9.103684e-01
2.032520e-02	7.009196e-10	8.542446e-01
2.030457e-02	9.122514e-10	8.117012e-01
2.028398e-02	1.138267e-09	7.788099e-01
2.026342e-02	1.378766e-09	7.527722e-01
2.024291e-02	1.633445e-09	7.316433e-01
2.022245e-02	1.902049e-09	7.141118e-01
2.020202e-02	2.184418e-09	6.993145e-01
2.018163e-02	2.480498e-09	6.866880e-01
2.016129e-02	2.788036e-09	8.145267e-01
2.014099e-02	3.111980e-09	8.946255e-01
2.012072e-02	3.451113e-09	8.311688e-01
2.010050e-02	3.788748e-09	9.205201e-01
2.008032e-02	4.157012e-09	9.684870e-01
2.006018e-02	4.537979e-09	8.863916e-01
2.004008e-02	4.930907e-09	8.243785e-01
2.002002e-02	5.334835e-09	7.771209e-01
2.000000e-02	5.748592e-09	7.407371e-01
1.998002e-02	6.170819e-09	7.123918e-01
1.996008e-02	6.600009e-09	6.900136e-01
1.994018e-02	7.034539e-09	6.720922e-01
1.992032e-02	7.472713e-09	6.575318e-01
1.990050e-02	7.912782e-09	6.455417e-01
1.988072e-02	8.352962e-09	6.355540e-01
1.986097e-02	8.791450e-09	6.271580e-01
1.984127e-02	9.226463e-09	6.200473e-01
1.982161e-02	9.656328e-09	6.139781e-01
1.980198e-02	1.007960e-08	6.087484e-01
1.978239e-02	1.049507e-08	6.041985e-01
1.976285e-02	1.090165e-08	6.002198e-01
1.974334e-02	1.129813e-08	5.967477e-01
1.972387e-02	1.168301e-08	5.937384e-01
1.970443e-02	1.205448e-08	5.911446e-01
1.968504e-02	1.241066e-08	5.889009e-01
1.966568e-02	1.274995e-08	5.869205e-01
1.964637e-02	1.307121e-08	5.851147e-01
1.962709e-02	1.337317e-08	5.834404e-01
1.960784e-02	1.365385e-08	5.819268e-01
1.958864e-02	1.391091e-08	5.806387e-01
1.956947e-02	1.414206e-08	5.796213e-01
1.955034e-02	1.434531e-08	5.788859e-01
1.953125e-02	1.451893e-08	5.784281e-01
1.951220e-02	1.466143e-08	5.782487e-01
1.949318e-02	1.477165e-08	5.783482e-01
1.947420e-02	1.484889e-08	5.787051e-01
1.945525e-02	1.489294e-08	5.792630e-01
1.943635e-02	1.490426e-08	5.799358e-01
1.941748e-02	1.488377e-08	5.806365e-01
1.939864e-02	1.483274e-08	5.813160e-01
1.937984e-02	1.475230e-08	5.819797e-01
1.936108e-02	1.464322e-08	5.826801e-01
1.934236e-02	1.450575e-08	5.834965e-01
1.932367e-02	1.433917e-08	5.844784e-01
1.930502e-02	1.414143e-08	5.855756e-01
1.928640e-02	1.391065e-08	5.866649e-01
1.926782e-02	1.364750e-08	5.876555e-01
1.924928e-02	1.335454e-08	5.885185e-01
1.923077e-02	1.303400e-08	5.892964e-01
1.921230e-02	1.268722e-08	5.900812e-01
1.919386e-02	1.231536e-08	5.909445e-01
1.917546e-02	1.191985e-08	5.919042e-01
1.915709e-02	1.150226e-08	5.929512e-01
1.913876e-02	1.106428e-08	5.940838e-01
1.912046e-02	1.060772e-08	5.953080e-01
1.910220e-02	1.013464e-08	5.966297e-01
1.908397e-02	9.647212e-09	5.980562e-01
1.906578e-02	9.147714e-09	5.995988e-01
1.904762e-02	8.638503e-09	6.012731e-01
1.902950e-02	8.121976e-09	6.030996e-01
1.901141e-02	7.600541e-09	6.051032e-01
1.899335e-02	7.076587e-09	6.073124e-01
1.897533e-02	6.552451e-09	6.097590e-01
1.895735e-02	6.030380e-09	6.124771e-01
1.893939e-02	5.512497e-09	6.155012e-01
1.892148e-02	5.000765e-09	6.188648e-01
1.890359e-02	4.496955e-09	6.225977e-01
1.888574e-02	4.002619e-09	6.267230e-01
1.886792e-02	3.519063e-09	6.312533e-01
1.885014e-02	3.047332e-09	6.361868e-01
1.883239e-02	2.588202e-09	6.415031e-01
1.881468e-02	2.142181e-09	6.471599e-01
1.879699e-02	1.709526e-09	6.530909e-01
1.877934e-02	1.290266e-09	6.592048e-01
1.876173e-02	8.842425e-10	6.653875e-01
1.874414e-02	4.911585e-10	6.715068e-01
1.872659e-02	1.106373e-10	6.774179e-01
1.870907e-02	-2.577147e-10	6.829713e-01
1.869159e-02	-6.142470e-10	6.880206e-01
1.867414e-02	-9.592067e-10	6.924298e-01
1.865672e-02	-1.292697e-09	6.960792e-01
1.863933e-02	-1.614653e-09	6.988715e-01
1.862197e-02	-1.924835e-09	7.007369e-01
1.860465e-02	-2.222861e-09	7.016382e-01
1.858736e-02	-2.508244e-09	7.015753e-01
1.857010e-02	-2.780467e-09	7.005882e-01
1.855288e-02	-3.039052e-09	6.987573e-01
1.853568e-02	-3.283643e-09	6.962000e-01
1.851852e-02	-3.514069e-09	6.930626e-01
1.850139e-02	-3.730392e-09	6.895095e-01
1.848429e-02	-3.932936e-09	6.857112e-01
1.846722e-02	-4.122280e-09	6.818320e-01
1.845018e-02	-4.299245e-09	6.780205e-01
1.843318e-02	-4.464854e-09	6.744027e-01
1.841621e-02	-4.620283e-09	6.710788e-01
1.839926e-02	-4.766811e-09	6.681237e-01
1.838235e-02	-4.905769e-09	6.655897e-01
1.836547e-02	-5.038489e-09	6.635112e-01
1.834862e-02	-5.166261e-09	6.619116e-01
1.833181e-02	-5.290302e-09	6.608092e-01
1.831502e-02	-5.411723e-09	6.602240e-01
1.829826e-02	-5.531511e-09	6.601832e-01
1.828154e-02	-5.650513e-09	6.607248e-01
1.826484e-02	-5.769429e-09	6.618996e-01
1.824818e-02	-5.888806e-09	6.637717e-01
1.823154e-02	-6.009044e-09	6.664163e-01
1.821494e-02	-6.130395e-09	6.699165e-01
1.819836e-02	-6.252974e-09	6.743581e-01
1.818182e-02	-6.376768e-09	6.798234e-01
1.816530e-02	-6.501648e-09	6.863831e-01
1.814882e-02	-6.627380e-09	6.940872e-01
1.813237e-02	-6.753636e-09	7.029542e-01
1.811594e-02	-6.880013e-09	7.129593e-01
1.809955e-02	-7.006043e-09	7.240230e-01
1.808318e-02	-7.131205e-09	7.360004e-01
1.806685e-02	-7.254943e-09	7.486741e-01
1.805054e-02	-7.376675e-09	7.617538e-01
1.803427e-02	-7.495808e-09	7.748835e-01
1.801802e-02	-7.611747e-09	7.876590e-01
1.800180e-02	-7.723907e-09	7.996554e-01
1.798561e-02	-7.831720e-09	8.104616e-01
1.796945e-02	-7.934649e-09	8.197172e-01
1.795332e-02	-8.032198e-09	8.271463e-01
1.793722e-02	-8.123925e-09	8.325816e-01
1.792115e-02	-8.209456e-09	8.359754e-01
1.790510e-02	-8.288500e-09	8.373951e-01
1.788909e-02	-8.360863e-09	8.370072e-01
1.787310e-02	-8.426462e-09	8.350518e-01
1.785714e-02	-8.485330e-09	8.318139e-01
1.784121e-02	-8.537620e-09	8.275957e-01
1.782531e-02	-8.583611e-09	8.226947e-01
1.780944e-02	-8.623700e-09	8.173875e-01
1.779359e-02	-8.658404e-09	8.119206e-01
1.777778e-02	-8.688346e-09	8.065068e-01
1.776199e-02	-8.714261e-09	8.013261e-01
1.774623e-02	-8.736977e-09	7.965276e-01
1.773050e-02	-8.757422e-09	7.922327e-01
1.771479e-02	-8.776610e-09	7.885369e-01
1.769912e-02	-8.795638e-09	7.855104e-01
1.768347e-02	-8.815679e-09	7.831970e-01
1.766784e-02	-8.837969e-09	7.816125e-01
1.765225e-02	-8.863786e-09	7.807425e-01
1.763668e-02	-8.894425e-09	7.805423e-01
1.762115e-02	-8.931156e-09	7.809383e-01
1.760563e-02	-8.975162e-09	7.818317e-01
1.759015e-02	-9.027463e-09	7.831037e-01
1.757469e-02	-9.088817e-09	7.846205e-01
1.755926e-02	-9.159611e-09	7.862366e-01
1.754386e-02	-9.239742e-09	7.877967e-01
1.752848e-02	-9.328521e-09	7.891380e-01
1.751313e-02	-9.424617e-09	7.900953e-01
1.749781e-02	-9.526061e-09	7.905115e-01
1.748252e-02	-9.630334e-09	7.902555e-01
1.746725e-02	-9.734534e-09	7.892408e-01
1.745201e-02	-9.835610e-09	7.874423e-01
1.743679e-02	-9.930620e-09	7.849045e-01
1.742160e-02	-1.001698e-08	7.817368e-01
1.740644e-02	-1.009264e-08	7.780995e-01
1.739130e-02	-1.015624e-08	7.741818e-01
1.737619e-02	-1.020713e-08	7.701779e-01
1.736111e-02	-1.024528e-08	7.662649e-01
1.734605e-02	-1.027128e-08	7.625846e-01
1.733102e-02	-1.028614e-08	7.592297e-01
1.731602e-02	-1.029118e-08	7.562334e-01
1.730104e-02	-1.028789e-08	7.535636e-01
1.728608e-02	-1.027782e-08	7.511231e-01
1.727116e-02	-1.026251e-08	7.487581e-01
1.725626e-02	-1.024339e-08	7.462780e-01
1.724138e-02	-1.022178e-08	7.434873e-01
1.722653e-02	-1.019887e-08	7.402238e-01
1.721170e-02	-1.017568e-08	7.363939e-01
1.719690e-02	-1.015314e-08	7.319937e-01
1.718213e-02	-1.013203e-08	7.271088e-01
1.716738e-02	-1.011301e-08	7.218935e-01
1.715266e-02	-1.009663e-08	7.165376e-01
1.713796e-02	-1.008329e-08	7.112322e-01
1.712329e-02	-1.007327e-08	7.061435e-01
1.710864e-02	-1.006671e-08	7.013978e-01
1.709402e-02	-1.006364e-08	6.970781e-01
1.707942e-02	-1.006393e-08	6.932279e-01
1.706485e-02	-1.006735e-08	6.898588e-01
1.705030e-02	-1.007357e-08	6.869593e-01
1.703578e-02	-1.008214e-08	6.845030e-01
1.702128e-02	-1.009255e-08	6.824549e-01
1.700680e-02	-1.010420e-08	6.807759e-01
1.699235e-02	-1.011646e-08	6.794266e-01
1.697793e-02	-1.012862e-08	6.783689e-01
1.696353e-02	-1.013995e-08	6.775673e-01
1.694915e-02	-1.014971e-08	6.769898e-01
1.693480e-02	-1.015710e-08	6.766078e-01
1.692047e-02	-1.016136e-08	6.763965e-01
1.690617e-02	-1.016172e-08	6.763347e-01
1.689189e-02	-1.015740e-08	6.764048e-01
1.687764e-02	-1.014768e-08	6.765927e-01
1.686341e-02	-1.013185e-08	6.768877e-01
1.684920e-02	-1.010922e-08	6.772826e-01
1.683502e-02	-1.007919e-08	6.777734e-01
1.682086e-02	-1.004117e-08	6.783596e-01
1.680672e-02	-9.994637e-09	6.790443e-01
1.679261e-02	-9.939141e-09	6.798337e-01
1.677852e-02	-9.874282e-09	6.807376e-01
1.676446e-02	-9.799727e-09	6.817688e-01
1.675042e-02	-9.715211e-09	6.829431e-01
1.673640e-02	-9.620534e-09	6.842790e-01
1.672241e-02	-9.515559e-09	6.857968e-01
1.670844e-02	-9.400214e-09	6.875176e-01
1.669449e-02	-9.274487e-09	6.894622e-01
1.668057e-02	-9.138423e-09	6.916490e-01
1.666667e-02	-8.992120e-09	6.940921e-01
1.665279e-02	-8.835725e-09	6.967982e-01
1.663894e-02	-8.669432e-09	6.997639e-01
1.662510e-02	-8.493472e-09	7.029731e-01
1.661130e-02	-8.308112e-09	7.063943e-01
1.659751e-02	-8.113652e-09	7.099799e-01
1.658375e-02	-7.910417e-09	7.136671e-01
1.657001e-02	-7.698754e-09	7.173804e-01
1.655629e-02	-7.479034e-09	7.210385e-01
1.654260e-02	-7.251645e-09	7.245604e-01
1.652893e-02	-7.016995e-09	7.278750e-01
1.651528e-02	-6.775511e-09	7.309275e-01
1.650165e-02	-6.527640e-09	7.336843e-01
1.648805e-02	-6.273855e-09	7.361329e-01
1.647446e-02	-6.014647e-09	7.382767e-01
1.646091e-02	-5.750534e-09	7.401268e-01
1.644737e-02	-5.482061e-09	7.416902e-01
1.643385e-02	-5.209791e-09	7.429602e-01
1.642036e-02	-4.934311e-09	7.439099e-01
1.640689e-02	-4.656221e-09	7.444923e-01
1.639344e-02	-4.376134e-09	7.446470e-01
1.638002e-02	-4.094669e-09	7.443137e-01
1.636661e-02	-3.812443e-09	7.434481e-01
1.635323e-02	-3.530067e-09	7.420360e-01
1.633987e-02	-3.248142e-09	7.401026e-01
1.632653e-02	-2.967255e-09	7.377122e-01
1.631321e-02	-2.687975e-09	7.349618e-01
1.629992e-02	-2.410852e-09	7.319682e-01
1.628664e-02	-2.136420e-09	7.288542e-01
1.627339e-02	-1.865197e-09	7.257358e-01
1.626016e-02	-1.597687e-09	7.227143e-01
1.624695e-02	-1.334385e-09	7.198709e-01
1.623377e-02	-1.075780e-09	7.172670e-01
1.622060e-02	-8.223630e-10	7.149456e-01
1.620746e-02	-5.746329e-10	7.129346e-01
1.619433e-02	-3.331026e-10	7.112512e-01
1.618123e-02	-9.830447e-11	7.099052e-01
1.616815e-02	1.292003e-10	7.089022e-01
1.615509e-02	3.488180e-10	7.082467e-01
1.614205e-02	5.599177e-10	7.079430e-01
1.612903e-02	7.618257e-10	7.079974e-01
1.611604e-02	9.538253e-10	7.084184e-01
1.610306e-02	1.135155e-09	7.092173e-01
1.609010e-02	1.305010e-09	7.104081e-01
1.607717e-02	1.462545e-09	7.120072e-01
1.606426e-02	1.606881e-09	7.140326e-01
1.605136e-02	1.737113e-09	7.165028e-01
1.603849e-02	1.852320e-09	7.194353e-01
1.602564e-02	1.951582e-09	7.228449e-01
1.601281e-02	2.033989e-09	7.267410e-01
1.600000e-02	2.098664e-09	7.311250e-01
1.598721e-02	2.144782e-09	7.359878e-01
1.597444e-02	2.171589e-09	7.413067e-01
1.596169e-02	2.178421e-09	7.470439e-01
1.594896e-02	2.164728e-09	7.531450e-01
1.593625e-02	2.130087e-09	7.595400e-01
1.592357e-02	2.074225e-09	7.661457e-01
1.591090e-02	1.997029e-09	7.728692e-01
1.589825e-02	1.898555e-09	7.796131e-01
1.588562e-02	1.779037e-09	7.862803e-01
1.587302e-02	1.638888e-09	7.927782e-01
1.586043e-02	1.478696e-09	7.990197e-01
1.584786e-02	1.299218e-09	8.049241e-01
1.583531e-02	1.101369e-09	8.104142e-01
1.582278e-02	8.862045e-10	8.154140e-01
1.581028e-02	6.549046e-10	8.198464e-01
1.579779e-02	4.087517e-10	8.236327e-01
1.578532e-02	1.491082e-10	8.266955e-01
1.577287e-02	-1.226042e-10	8.289625e-01
1.576044e-02	-4.049315e-10	8.303747e-01
1.574803e-02	-6.964056e-10	8.308944e-01
1.573564e-02	-9.955677e-10	8.305137e-01
1.572327e-02	-1.300985e-09	8.292595e-01
1.571092e-02	-1.611268e-09	8.271948e-01
1.569859e-02	-1.925082e-09	8.244128e-01
1.568627e-02	-2.241161e-09	8.210259e-01
1.567398e-02	-2.558314e-09	8.171494e-01
1.566171e-02	-2.875428e-09	8.128847e-01
1.564945e-02	-3.191475e-09	8.083049e-01
1.563722e-02	-3.505513e-09	8.034482e-01
1.562500e-02	-3.816682e-09	7.983198e-01
1.561280e-02	-4.124206e-09	7.929024e-01
1.560062e-02	-4.427390e-09	7.871742e-01
1.558846e-02	-4.725615e-09	7.811268e-01
1.557632e-02	-5.018336e-09	7.747799e-01
1.556420e-02	-5.305071e-09	8.590559e-01
1.555210e-02	-5.585433e-09	9.144793e-01
1.554002e-02	-5.859024e-09	8.683789e-01
1.552795e-02	-6.125589e-09	8.330201e-01
1.551590e-02	-6.384923e-09	8.055297e-01
1.550388e-02	-6.636873e-09	7.838932e-01
1.549187e-02	-6.881333e-09	7.666869e-01
1.547988e-02	-7.118249e-09	7.528938e-01
1.546790e-02	-7.347611e-09	7.417779e-01
1.545595e-02	-7.569454e-09	7.327995e-01
1.544402e-02	-7.783858e-09	7.255572e-01
1.543210e-02	-7.990936e-09	7.197504e-01
1.542020e-02	-8.190836e-09	7.151529e-01
1.540832e-02	-8.383731e-09	7.115967e-01
1.539646e-02	-8.569812e-09	7.089606e-01
1.538462e-02	-8.749283e-09	7.071635e-01
1.537279e-02	-8.922345e-09	7.061600e-01
1.536098e-02	-9.089197e-09	7.059378e-01
1.534919e-02	-9.250027e-09	7.065154e-01
1.533742e-02	-9.404608e-09	8.621806e-01
1.532567e-02	-9.553636e-09	8.263663e-01
1.531394e-02	-9.697019e-09	7.991367e-01
1.530222e-02	-9.835015e-09	7.812960e-01
1.529052e-02	-9.967841e-09	7.703599e-01
1.527884e-02	-1.009568e-08	7.643861e-01
1.526718e-02	-1.021868e-08	7.617171e-01
1.525553e-02	-1.033700e-08	7.608540e-01
1.524390e-02	-1.045083e-08	7.604755e-01
1.523229e-02	-1.056040e-08	8.411698e-01
1.522070e-02	-1.066652e-08	8.939297e-01
1.520913e-02	-1.076955e-08	8.544692e-01
1.519757e-02	-1.086986e-08	8.240493e-01
1.518603e-02	-1.096792e-08	8.002103e-01
1.517451e-02	-1.106418e-08	8.622527e-01
1.516300e-02	-1.115953e-08	9.012311e-01
1.515152e-02	-1.125454e-08	8.538108e-01
1.514005e-02	-1.134957e-08	8.187061e-01
1.512859e-02	-1.144501e-08	7.926159e-01
1.511716e-02	-1.154120e-08	7.731543e-01
1.510574e-02	-1.163848e-08	7.585868e-01
1.509434e-02	-1.173714e-08	7.476459e-01
1.508296e-02	-1.183745e-08	7.394014e-01
1.507159e-02	-1.193968e-08	7.331679e-01
1.506024e-02	-1.204405e-08	7.284380e-01
1.504891e-02	-1.215077e-08	7.248351e-01
1.503759e-02	-1.226005e-08	7.220781e-01
1.502630e-02	-1.237205e-08	7.199567e-01
1.501502e-02	-1.248693e-08	7.183126e-01
1.500375e-02	-1.260482e-08	7.170270e-01
1.499250e-02	-1.272583e-08	7.160100e-01
1.498127e-02	-1.285004e-08	7.151943e-01
1.497006e-02	-1.297749e-08	7.145288e-01
1.495886e-02	-1.310820e-08	7.139754e-01
1.494768e-02	-1.324215e-08	7.135054e-01
1.493652e-02	-1.337930e-08	7.130974e-01
1.492537e-02	-1.351954e-08	7.127355e-01
1.491424e-02	-1.366275e-08	7.124084e-01
1.490313e-02	-1.380875e-08	7.121085e-01
1.489203e-02	-1.395733e-08	7.118316e-01
1.488095e-02	-1.410823e-08	7.115760e-01
1.486989e-02	-1.426115e-08	7.113424e-01
1.485884e-02	-1.441576e-08	7.111328e-01
1.484781e-02	-1.457166e-08	7.109503e-01
1.483680e-02	-1.472844e-08	7.107986e-01
1.482580e-02	-1.488563e-08	7.106817e-01
1.481481e-02	-1.504273e-08	7.106031e-01
1.480385e-02	-1.519921e-08	7.105663e-01
1.479290e-02	-1.535450e-08	7.105742e-01
1.478197e-02	-1.550799e-08	7.106288e-01
1.477105e-02	-1.565906e-08	7.107312e-01
1.476015e-02	-1.580705e-08	7.108815e-01
1.474926e-02	-1.595128e-08	7.110792e-01
1.473839e-02	-1.609106e-08	7.113235e-01
1.472754e-02	-1.622568e-08	7.116139e-01
1.471670e-02	-1.635442e-08	7.119506e-01
1.470588e-02	-1.647654e-08	7.123351e-01
1.469508e-02	-1.659132e-08	7.127696e-01
1.468429e-02	-1.669803e-08	7.132577e-01
1.467351e-02	-1.679594e-08	7.138028e-01
1.466276e-02	-1.688434e-08	7.144086e-01
1.465201e-02	-1.696255e-08	7.150783e-01
1.464129e-02	-1.702989e-08	7.158145e-01
1.463058e-02	-1.708572e-08	7.166195e-01
1.461988e-02	-1.712945e-08	7.174946e-01
1.460920e-02	-1.716052e-08	7.184407e-01
1.459854e-02	-1.717840e-08	7.194582e-01
1.458789e-02	-1.718263e-08	7.205470e-01
1.457726e-02	-1.717280e-08	7.217063e-01
1.456664e-02	-1.715076e-08	8.156604e-01
1.455604e-02	-1.711167e-08	7.956385e-01
1.454545e-02	-1.705792e-08	7.795874e-01
1.453488e-02	-1.698926e-08	7.680938e-01
1.452433e-02	-1.690552e-08	7.599419e-01
1.451379e-02	-1.680666e-08	7.542554e-01
1.450326e-02	-1.669269e-08	7.503990e-01
1.449275e-02	-1.656375e-08	7.479096e-01
1.448226e-02	-1.642002e-08	7.464475e-01
1.447178e-02	-1.626179e-08	7.457625e-01
1.446132e-02	-1.608941e-08	7.456691e-01
1.445087e-02	-1.590328e-08	7.460263e-01
1.444043e-02	-1.570388e-08	7.467225e-01
1.443001e-02	-1.549177e-08	7.476662e-01
1.441961e-02	-1.526756e-08	7.487866e-01
1.440922e-02	-1.503188e-08	7.500346e-01
1.439885e-02	-1.478544e-08	7.513762e-01
1.438849e-02	-1.452893e-08	7.527840e-01
1.437815e-02	-1.426311e-08	7.542347e-01
1.436782e-02	-1.398872e-08	7.557073e-01
1.435750e-02	-1.370652e-08	7.571834e-01
1.434720e-02	-1.341728e-08	7.586466e-01
1.433692e-02	-1.312176e-08	7.600824e-01
1.432665e-02	-1.282073e-08	7.614780e-01
1.431639e-02	-1.251490e-08	7.628222e-01
1.430615e-02	-1.220501e-08	7.641058e-01
1.429593e-02	-1.189175e-08	7.653212e-01
1.428571e-02	-1.157576e-08	7.664628e-01
1.427552e-02	-1.125766e-08	7.675271e-01
1.426534e-02	-1.093803e-08	7.685125e-01
1.425517e-02	-1.061740e-08	7.694194e-01
1.424501e-02	-1.029625e-08	7.702497e-01
1.423488e-02	-9.975002e-09	7.710072e-01
1.422475e-02	-9.654048e-09	7.716967e-01
1.421464e-02	-9.333729e-09	7.723243e-01
1.420455e-02	-9.016950e-09	8.222777e-01
1.419446e-02	-8.698306e-09	8.567301e-01
1.418440e-02	-8.381258e-09	8.367247e-01
1.417434e-02	-8.065951e-09	8.219974e-01
1.416431e-02	-7.752524e-09	8.111221e-01
1.415428e-02	-7.441105e-09	8.030753e-01
1.414427e-02	-7.131810e-09	7.971193e-01
1.413428e-02	-6.824748e-09	7.927202e-01
1.412429e-02	-6.520018e-09	7.894898e-01
1.411433e-02	-6.217710e-09	7.871452e-01
1.410437e-02	-5.917908e-09	7.854792e-01
1.409443e-02	-5.617272e-09	8.362347e-01
1.408451e-02	-5.323572e-09	8.709450e-01
1.407460e-02	-5.032351e-09	8.490533e-01
1.406470e-02	-4.743771e-09	8.330167e-01
1.405481e-02	-4.457971e-09	8.212727e-01
1.404494e-02	-4.173595e-09	9.059933e-01
1.403509e-02	-3.893026e-09	8.786961e-01
1.402525e-02	-3.615598e-09	8.568668e-01
1.401542e-02	-3.341509e-09	8.407839e-01
1.400560e-02	-3.070920e-09	8.289569e-01
1.399580e-02	-2.803972e-09	8.202993e-01
1.398601e-02	-2.540801e-09	8.140138e-01
1.397624e-02	-2.281549e-09	8.095112e-01
1.396648e-02	-2.026366e-09	8.063524e-01
1.395673e-02	-1.775417e-09	8.042072e-01
1.394700e-02	-1.528879e-09	8.028248e-01
1.393728e-02	-1.286940e-09	8.020124e-01
1.392758e-02	-1.049803e-09	8.016199e-01
1.391788e-02	-8.176747e-10	8.015289e-01
1.390821e-02	-5.907687e-10	8.016449e-01
1.389854e-02	-3.692981e-10	8.018920e-01
1.388889e-02	-1.534711e-10	8.022084e-01
1.387925e-02	5.651266e-11	8.025439e-01
1.386963e-02	2.604665e-10	8.028583e-01
1.386001e-02	4.582201e-10	8.031200e-01
1.385042e-02	6.496216e-10	8.033053e-01
1.384083e-02	8.345405e-10	8.033985e-01
1.383126e-02	1.012868e-09	8.033917e-01
1.382170e-02	1.184516e-09	8.032841e-01
1.381215e-02	1.349417e-09	8.030817e-01
1.380262e-02	1.507523e-09	8.027959e-01
1.379310e-02	1.658796e-09	8.024418e-01
1.378360e-02	1.803212e-09	8.020368e-01
1.377410e-02	1.940748e-09	8.015992e-01
1.376462e-02	2.071381e-09	8.011468e-01
1.375516e-02	2.195082e-09	8.006959e-01
1.374570e-02	2.311810e-09	8.002610e-01
1.373626e-02	2.421511e-09	7.998545e-01
1.372684e-02	2.524114e-09	7.994861e-01
1.371742e-02	2.619532e-09	7.991636e-01
1.370802e-02	2.707662e-09	7.988925e-01
1.369863e-02	2.788383e-09	7.993018e-01
1.368925e-02	2.861564e-09	7.989929e-01
1.367989e-02	2.927079e-09	7.987812e-01
1.367054e-02	2.984797e-09	7.986535e-01
1.366120e-02	3.034590e-09	7.986008e-01
1.365188e-02	3.076340e-09	7.986151e-01
1.364256e-02	3.109942e-09	7.986890e-01
1.363327e-02	3.135313e-09	7.988158e-01
1.362398e-02	3.152394e-09	7.989887e-01
1.361470e-02	3.161155e-09	7.992016e-01
1.360544e-02	3.161603e-09	7.994486e-01
1.359619e-02	3.153777e-09	7.997241e-01
1.358696e-02	3.137755e-09	8.000228e-01
1.357773e-02	3.113653e-09	8.003399e-01
1.356852e-02	3.081629e-09	8.006708e-01
1.355932e-02	3.041876e-09	8.010117e-01
1.355014e-02	2.994625e-09	8.013587e-01
1.354096e-02	2.940140e-09	8.017085e-01
1.353180e-02	2.878718e-09	8.020582e-01
1.352265e-02	2.810682e-09	8.024049e-01
1.351351e-02	2.736382e-09	8.027460e-01
1.350439e-02	2.656186e-09	8.030791e-01
1.349528e-02	2.570481e-09	8.034015e-01
1.348618e-02	2.479666e-09	8.037107e-01
1.347709e-02	2.384148e-09	8.040040e-01
1.346801e-02	2.284340e-09	8.042784e-01
1.345895e-02	2.180656e-09	8.045308e-01
1.344990e-02	2.073507e-09	8.047576e-01
1.344086e-02	1.963300e-09	8.049552e-01
1.343183e-02	1.850433e-09	8.051193e-01
1.342282e-02	1.735290e-09	8.058806e-01
1.341382e-02	1.618251e-09	8.058516e-01
1.340483e-02	1.499675e-09	8.058008e-01
1.339585e-02	1.379904e-09	8.057190e-01
1.338688e-02	1.259264e-09	8.055995e-01
1.337793e-02	1.138063e-09	8.054373e-01
1.336898e-02	1.016591e-09	8.052292e-01
1.336005e-02	8.951162e-10	8.049735e-01
1.335113e-02	7.738899e-10	8.046699e-01
1.334223e-02	6.531424e-10	8.043195e-01
1.333333e-02	5.330846e-10	8.039244e-01
1.332445e-02	4.139069e-10	8.034876e-01
1.331558e-02	2.957819e-10	8.030131e-01
1.330672e-02	1.788604e-10	8.025055e-01
1.329787e-02	6.327591e-11	8.019698e-01
1.328904e-02	-5.085858e-11	8.014116e-01
1.328021e-02	-1.634493e-10	8.008366e-01
1.327140e-02	-2.744197e-10	8.002510e-01
1.326260e-02	-3.837130e-10	7.996609e-01
1.325381e-02	-4.912885e-10	7.990725e-01
1.324503e-02	-5.971246e-10	7.984920e-01
1.323627e-02	-7.012143e-10	7.979252e-01
1.322751e-02	-8.035683e-10	7.973778e-01
1.321877e-02	-9.042112e-10	7.968550e-01
1.321004e-02	-1.003184e-09	7.963619e-01
1.320132e-02	-1.100542e-09	7.959028e-01
1.319261e-02	-1.196356e-09	7.954818e-01
1.318392e-02	-1.290709e-09	7.951025e-01
1.317523e-02	-1.383700e-09	7.947680e-01
1.316656e-02	-1.475443e-09	7.944811e-01
1.315789e-02	-1.566065e-09	7.942441e-01
1.314924e-02	-1.655708e-09	7.940588e-01
1.314060e-02	-1.744531e-09	7.939268e-01
1.313198e-02	-1.832706e-09	7.938492e-01
1.312336e-02	-1.920422e-09	7.938268e-01
1.311475e-02	-2.007884e-09	7.938600e-01
1.310616e-02	-2.095312e-09	7.939492e-01
1.309758e-02	-2.182945e-09	7.940941e-01
1.308901e-02	-2.271036e-09	7.942944e-01
1.308044e-02	-2.359856e-09	7.945495e-01
1.307190e-02	-2.449694e-09	7.948586e-01
1.306336e-02	-2.540852e-09	7.952205e-01
1.305483e-02	-2.633652e-09	7.956340e-01
1.304631e-02	-2.728431e-09	7.960976e-01
1.303781e-02	-2.825538e-09	7.966096e-01
1.302932e-02	-2.925340e-09	7.971680e-01
1.302083e-02	-3.028212e-09	7.977708e-01
1.301236e-02	-3.134545e-09	7.984156e-01
1.300390e-02	-3.244737e-09	7.991000e-01
1.299545e-02	-3.359189e-09	7.998211e-01
1.298701e-02	-3.478313e-09	8.005761e-01
1.297859e-02	-3.602516e-09	8.013620e-01
1.297017e-02	-3.732206e-09	8.021754e-01
1.296176e-02	-3.867784e-09	8.030133e-01
1.295337e-02	-4.009642e-09	8.038723e-01
1.294498e-02	-4.158157e-09	8.047490e-01
1.293661e-02	-4.313688e-09	8.056404e-01
1.292825e-02	-4.476571e-09	8.065435e-01
1.291990e-02	-4.647113e-09	8.074555e-01
1.291156e-02	-4.825590e-09	8.083740e-01
1.290323e-02	-5.012242e-09	8.092970e-01
1.289491e-02	-5.207265e-09	8.102227e-01
1.288660e-02	-5.410813e-09	8.111501e-01
1.287830e-02	-5.622990e-09	8.120781e-01
1.287001e-02	-5.843847e-09	8.130065e-01
1.286174e-02	-6.073382e-09	8.139349e-01
1.285347e-02	-6.311535e-09	8.148638e-01
1.284522e-02	-6.558188e-09	8.157936e-01
1.283697e-02	-6.813164e-09	8.167254e-01
1.282874e-02	-7.076226e-09	8.176603e-01
1.282051e-02	-7.347077e-09	8.185997e-01
1.281230e-02	-7.625364e-09	8.195455e-01
1.280410e-02	-7.910674e-09	8.204997e-01
1.279591e-02	-8.202542e-09	8.214643e-01
1.278772e-02	-8.500448e-09	8.224419e-01
1.277955e-02	-8.803826e-09	8.234351e-01
1.277139e-02	-9.112061e-09	8.244466e-01
1.276324e-02	-9.424494e-09	8.254793e-01
1.275510e-02	-9.740430e-09	8.265361e-01
1.274697e-02	-1.005914e-08	8.276201e-01
1.273885e-02	-1.037985e-08	8.287343e-01
1.273074e-02	-1.070177e-08	8.298816e-01
1.272265e-02	-1.102408e-08	8.310650e-01
1.271456e-02	-1.134594e-08	8.322873e-01
1.270648e-02	-1.166650e-08	8.335514e-01
1.269841e-02	-1.198487e-08	8.348596e-01
1.269036e-02	-1.230016e-08	8.362145e-01
1.268231e-02	-1.261148e-08	8.376182e-01
1.267427e-02	-1.291792e-08	8.390727e-01
1.266624e-02	-1.321856e-08	8.405797e-01
1.265823e-02	-1.351249e-08	8.421407e-01
1.265022e-02	-1.379878e-08	8.437568e-01
1.264223e-02	-1.407653e-08	8.454288e-01
1.263424e-02	-1.434481e-08	8.471574e-01
1.262626e-02	-1.460272e-08	8.489428e-01
1.261830e-02	-1.484935e-08	8.507848e-01
1.261034e-02	-1.508381e-08	8.526829e-01
1.260239e-02	-1.530522e-08	8.546362e-01
1.259446e-02	-1.551271e-08	8.566434e-01
1.258653e-02	-1.570542e-08	8.587027e-01
1.257862e-02	-1.588253e-08	8.608119e-01
1.257071e-02	-1.604320e-08	8.629683e-01
1.256281e-02	-1.618666e-08	8.651686e-01
1.255493e-02	-1.631213e-08	8.674091e-01
1.254705e-02	-1.641888e-08	8.696852e-01
1.253918e-02	-1.650620e-08	8.719920e-01
1.253133e-02	-1.657343e-08	8.743237e-01
1.252348e-02	-1.661992e-08	8.766739e-01
1.251564e-02	-1.664510e-08	8.790356e-01
1.250782e-02	-1.664844e-08	8.814010e-01
1.250000e-02	-1.662945e-08	8.837618e-01
1.249219e-02	-1.658772e-08	8.861092e-01
1.248439e-02	-1.652292e-08	8.884336e-01
1.247661e-02	-1.643479e-08	8.907254e-01
1.246883e-02	-1.632317e-08	8.929747e-01
1.246106e-02	-1.618799e-08	8.951717e-01
1.245330e-02	-1.602931e-08	8.973066e-01
1.244555e-02	-1.584730e-08	8.993703e-01
1.243781e-02	-1.564227e-08	9.013545e-01
1.243008e-02	-1.541468e-08	9.032516e-01
1.242236e-02	-1.516513e-08	9.050555e-01
1.241465e-02	-1.489438e-08	9.067613e-01
1.240695e-02	-1.460335e-08	9.083660e-01
1.239926e-02	-1.429312e-08	9.098681e-01
1.239157e-02	-1.396492e-08	9.112680e-01
1.238390e-02	-1.362013e-08	9.125676e-01
1.237624e-02	-1.326028e-08	9.137709e-01
1.236858e-02	-1.288702e-08	9.148830e-01
1.236094e-02	-1.250210e-08	9.159105e-01
1.235330e-02	-1.210736e-08	9.168611e-01
1.234568e-02	-1.170472e-08	9.177429e-01
1.233806e-02	-1.129613e-08	9.185648e-01
1.233046e-02	-1.088358e-08	9.193356e-01
1.232286e-02	-1.046902e-08	9.200640e-01
1.231527e-02	-1.005443e-08	9.207584e-01
1.230769e-02	-9.641695e-09	9.214264e-01
1.230012e-02	-9.232651e-09	9.220750e-01
1.229256e-02	-8.829050e-09	9.227103e-01
1.228501e-02	-8.432540e-09	9.233376e-01
1.227747e-02	-8.044654e-09	9.239613e-01
1.226994e-02	-7.666803e-09	9.245852e-01
1.226242e-02	-7.300266e-09	9.252123e-01
1.225490e-02	-6.946186e-09	9.258454e-01
1.224740e-02	-6.605565e-09	9.264867e-01
1.223990e-02	-6.279269e-09	9.271387e-01
1.223242e-02	-5.968024e-09	9.278037e-01
1.222494e-02	-5.672424e-09	9.284841e-01
1.221747e-02	-5.392932e-09	9.291827e-01
1.221001e-02	-5.129889e-09	9.299027e-01
1.220256e-02	-4.883521e-09	9.306477e-01
1.219512e-02	-4.653944e-09	9.314214e-01
1.218769e-02	-4.441175e-09	9.322278e-01
1.218027e-02	-4.245140e-09	9.330712e-01
1.217285e-02	-4.065682e-09	9.339559e-01
1.216545e-02	-3.902572e-09	9.348859e-01
1.215805e-02	-3.755516e-09	9.358651e-01
1.215067e-02	-3.624165e-09	9.368970e-01
1.214329e-02	-3.508123e-09	9.379846e-01
1.213592e-02	-3.406957e-09	9.391302e-01
1.212856e-02	-3.320203e-09	9.403354e-01
1.212121e-02	-3.247377e-09	9.416008e-01
1.211387e-02	-3.187978e-09	9.429264e-01
1.210654e-02	-3.141498e-09	9.443110e-01
1.209921e-02	-3.107429e-09	9.457526e-01
1.209190e-02	-3.085263e-09	9.472482e-01
1.208459e-02	-3.074504e-09	9.487936e-01
1.207729e-02	-3.074667e-09	9.503838e-01
1.207001e-02	-3.085283e-09	9.520129e-01
1.206273e-02	-3.105902e-09	9.536739e-01
1.205546e-02	-3.136094e-09	9.553593e-01
1.204819e-02	-3.175449e-09	9.570606e-01
1.204094e-02	-3.223578e-09	9.587688e-01
1.203369e-02	-3.280115e-09	9.604744e-01
1.202646e-02	-3.344710e-09	9.621676e-01
1.201923e-02	-3.417030e-09	9.638382e-01
1.201201e-02	-3.496761e-09	9.654765e-01
1.200480e-02	-3.583595e-09	9.670725e-01
1.199760e-02	-3.677237e-09	9.686170e-01
1.199041e-02	-3.777395e-09	9.701012e-01
1.198322e-02	-3.883780e-09	9.715171e-01
1.197605e-02	-3.996100e-09	9.728577e-01
1.196888e-02	-4.114057e-09	9.741172e-01
1.196172e-02	-4.237343e-09	9.752909e-01
1.195457e-02	-4.365638e-09	9.763756e-01
1.194743e-02	-4.498606e-09	9.773692e-01
1.194030e-02	-4.635893e-09	9.782713e-01
1.193317e-02	-4.776557e-09	9.880852e-01
1.192606e-02	-4.921274e-09	9.942596e-01
1.191895e-02	-5.069082e-09	9.904615e-01
1.191185e-02	-5.219556e-09	9.879954e-01
1.190476e-02	-5.372229e-09	9.864056e-01
1.189768e-02	-5.526605e-09	9.853895e-01
1.189061e-02	-5.682160e-09	9.847473e-01
1.188354e-02	-5.838344e-09	9.843474e-01
1.187648e-02	-5.994583e-09	9.841035e-01
1.186944e-02	-6.150283e-09	9.839593e-01
1.186240e-02	-6.304831e-09	9.838789e-01
1.185536e-02	-6.457599e-09	9.838394e-01
1.184834e-02	-6.607945e-09	9.838272e-01
1.184133e-02	-6.755218e-09	9.838341e-01
1.183432e-02	-6.898760e-09	9.838559e-01
1.182732e-02	-7.037911e-09	9.838909e-01
1.182033e-02	-7.172015e-09	9.839388e-01
1.181335e-02	-7.300418e-09	9.840000e-01
1.180638e-02	-7.422478e-09	9.840756e-01
1.179941e-02	-7.537567e-09	9.841668e-01
1.179245e-02	-7.645076e-09	9.842748e-01
1.178550e-02	-7.744417e-09	9.844006e-01
1.177856e-02	-7.835028e-09	9.845454e-01
1.177163e-02	-7.916379e-09	9.847100e-01
1.176471e-02	-7.987971e-09	9.848951e-01
1.175779e-02	-8.049340e-09	9.851014e-01
1.175088e-02	-8.100062e-09	9.853294e-01
1.174398e-02	-8.139752e-09	9.855794e-01
1.173709e-02	-8.168064e-09	9.858518e-01
1.173021e-02	-8.184699e-09	9.861468e-01
1.172333e-02	-8.189394e-09	9.864647e-01
1.171646e-02	-8.181932e-09	9.868054e-01
1.170960e-02	-8.162138e-09	9.871692e-01
1.170275e-02	-8.129872e-09	9.875558e-01
1.169591e-02	-8.085039e-09	9.879654e-01
1.168907e-02	-8.027576e-09	9.883977e-01
1.168224e-02	-7.957459e-09	9.888524e-01
1.167542e-02	-7.874693e-09	9.893292e-01
1.166861e-02	-7.779317e-09	9.898277e-01
1.166181e-02	-7.671399e-09	9.903472e-01
1.165501e-02	-7.551033e-09	9.908871e-01
1.164822e-02	-7.418340e-09	9.914465e-01
1.164144e-02	-7.273463e-09	9.920244e-01
1.163467e-02	-7.116573e-09	9.926197e-01
1.162791e-02	-6.947860e-09	9.932310e-01
1.162115e-02	-6.767538e-09	9.938571e-01
1.161440e-02	-6.575845e-09	9.944962e-01
1.160766e-02	-6.373041e-09	9.951468e-01
1.160093e-02	-6.159411e-09	9.958069e-01
1.159420e-02	-5.935265e-09	9.964749e-01
1.158749e-02	-5.700939e-09	9.971484e-01
1.158078e-02	-5.456934e-09	1.007782e+00
1.157407e-02	-5.202652e-09	1.014408e+00
1.156738e-02	-4.939048e-09	1.010223e+00
1.156069e-02	-4.666836e-09	1.007581e+00
1.155402e-02	-4.386631e-09	1.005978e+00
1.154734e-02	-4.099007e-09	1.005076e+00
1.154068e-02	-3.804532e-09	1.004648e+00
1.153403e-02	-3.503786e-09	1.004540e+00
1.152738e-02	-3.197368e-09	1.004648e+00
1.152074e-02	-2.885907e-09	1.004900e+00
1.151410e-02	-2.570054e-09	1.005250e+00
1.150748e-02	-2.250489e-09	1.005663e+00
1.150086e-02	-1.927914e-09	1.006117e+00
1.149425e-02	-1.603050e-09	1.006597e+00
1.148765e-02	-1.276633e-09	1.007705e+00
1.148106e-02	-9.494123e-10	1.008607e+00
1.147447e-02	-6.221402e-10	1.008887e+00
1.146789e-02	-2.955714e-10	1.009794e+00
1.146132e-02	2.954283e-11	1.010581e+00
1.145475e-02	3.524602e-10	1.010832e+00
1.144820e-02	6.724507e-10	1.011147e+00
1.144165e-02	9.888003e-10	1.011516e+00
1.143511e-02	1.300814e-09	1.011931e+00
1.142857e-02	1.607820e-09	1.012389e+00
1.142204e-02	1.909169e-09	1.012887e+00
1.141553e-02	2.204404e-09	1.023387e+00
1.140901e-02	2.492115e-09	1.029994e+00
1.140251e-02	2.772112e-09	1.025729e+00
1.139601e-02	3.044005e-09	1.023056e+00
1.138952e-02	3.307361e-09	1.021474e+00
1.138304e-02	3.561724e-09	1.020647e+00
1.137656e-02	3.806629e-09	1.020353e+00
1.137010e-02	4.041605e-09	1.020441e+00
1.136364e-02	4.266182e-09	1.021397e+00
1.135718e-02	4.479889e-09	1.022392e+00
1.135074e-02	4.682257e-09	1.022951e+00
1.134430e-02	4.872996e-09	1.050035e+00
1.133787e-02	5.051201e-09	1.043635e+00
1.133144e-02	5.216650e-09	1.039088e+00
1.132503e-02	5.368870e-09	1.036343e+00
1.131862e-02	5.507388e-09	1.034855e+00
1.131222e-02	5.631727e-09	1.034256e+00
1.130582e-02	5.741414e-09	1.034715e+00
1.129944e-02	5.835980e-09	1.035475e+00
1.129305e-02	5.914962e-09	1.036154e+00
1.128668e-02	5.977910e-09	1.037131e+00
1.128032e-02	6.024391e-09	1.038335e+00
1.127396e-02	6.053999e-09	1.039718e+00
1.126761e-02	6.066353e-09	1.041241e+00
1.126126e-02	6.061113e-09	1.042878e+00
1.125492e-02	6.037980e-09	1.044609e+00
1.124859e-02	5.996706e-09	1.046417e+00
1.124227e-02	5.937100e-09	1.048291e+00
1.123596e-02	5.859037e-09	1.050220e+00
1.122965e-02	5.762456e-09	1.052196e+00
1.122334e-02	5.647373e-09	1.054212e+00
1.121705e-02	5.513881e-09	1.056262e+00
1.121076e-02	5.362153e-09	1.058339e+00
1.120448e-02	5.192444e-09	1.060438e+00
1.119821e-02	5.005091e-09	1.062553e+00
1.119194e-02	4.800514e-09	1.064680e+00
1.118568e-02	4.579209e-09	1.066811e+00
1.117943e-02	4.341753e-09	1.068942e+00
1.117318e-02	4.088483e-09	1.096651e+00
1.116695e-02	3.820179e-09	1.092159e+00
1.116071e-02	3.537663e-09	1.088770e+00
1.115449e-02	3.241913e-09	1.087019e+00
1.114827e-02	2.933883e-09	1.086378e+00
1.114206e-02	2.614522e-09	1.086486e+00
1.113586e-02	2.284777e-09	1.087097e+00
1.112966e-02	1.945592e-09	1.088039e+00
1.112347e-02	1.598690e-09	1.112923e+00
1.111729e-02	1.243377e-09	1.107576e+00
1.111111e-02	8.814077e-10	1.104009e+00
1.110494e-02	5.137124e-10	1.101960e+00
1.109878e-02	1.411694e-10	1.100939e+00
1.109262e-02	-2.353914e-10	1.100609e+00
1.108647e-02	-6.151909e-10	1.101189e+00
1.108033e-02	-9.975024e-10	1.101914e+00
1.107420e-02	-1.381656e-09	1.102385e+00
1.106807e-02	-1.767041e-09	1.103031e+00
1.106195e-02	-2.153110e-09	1.104205e+00
1.105583e-02	-2.539379e-09	1.105296e+00
1.104972e-02	-2.925431e-09	1.106022e+00
1.104362e-02	-3.310914e-09	1.106816e+00
1.103753e-02	-3.695538e-09	1.107659e+00
1.103144e-02	-4.079079e-09	1.108537e+00
1.102536e-02	-4.461371e-09	1.109443e+00
1.101928e-02	-4.842301e-09	1.110372e+00
1.101322e-02	-5.221809e-09	1.111325e+00
1.100715e-02	-5.599878e-09	1.112300e+00
1.100110e-02	-5.976531e-09	1.113299e+00
1.099505e-02	-6.351820e-09	1.114324e+00
1.098901e-02	-6.725280e-09	1.139351e+00
1.098298e-02	-7.098148e-09	1.133659e+00
1.097695e-02	-7.469884e-09	1.129796e+00
1.097093e-02	-7.840607e-09	1.127469e+00
1.096491e-02	-8.210421e-09	1.126209e+00
1.095890e-02	-8.579411e-09	1.125700e+00
1.095290e-02	-8.947631e-09	1.125727e+00
1.094691e-02	-9.315109e-09	1.126142e+00
1.094092e-02	-9.681830e-09	1.126844e+00
1.093494e-02	-1.004774e-08	1.127765e+00
1.092896e-02	-1.041388e-08	1.145345e+00
1.092299e-02	-1.077762e-08	1.141829e+00
1.091703e-02	-1.114026e-08	1.139616e+00
1.091107e-02	-1.150147e-08	1.138615e+00
1.090513e-02	-1.186092e-08	1.138455e+00
1.089918e-02	-1.221821e-08	1.138888e+00
1.089325e-02	-1.257293e-08	1.139748e+00
1.088732e-02	-1.292462e-08	1.140920e+00
1.088139e-02	-1.327279e-08	1.142327e+00
1.087548e-02	-1.361688e-08	1.143917e+00
1.086957e-02	-1.395634e-08	1.145653e+00
1.086366e-02	-1.429056e-08	1.147510e+00
1.085776e-02	-1.461894e-08	1.149469e+00
1.085187e-02	-1.494082e-08	1.151517e+00
1.084599e-02	-1.525556e-08	1.153642e+00
1.084011e-02	-1.556251e-08	1.155838e+00
1.083424e-02	-1.586102e-08	1.158096e+00
1.082837e-02	-1.615046e-08	1.160410e+00
1.082251e-02	-1.643019e-08	1.162772e+00
1.081666e-02	-1.669962e-08	1.165176e+00
1.081081e-02	-1.696040e-08	1.172032e+00
1.080497e-02	-1.720701e-08	1.177301e+00
1.079914e-02	-1.744181e-08	1.177895e+00
1.079331e-02	-1.766430e-08	1.179021e+00
1.078749e-02	-1.787404e-08	1.180517e+00
1.078167e-02	-1.807062e-08	1.182269e+00
1.077586e-02	-1.825372e-08	1.184191e+00
1.077006e-02	-1.842225e-08	1.198274e+00
1.076426e-02	-1.857770e-08	1.207559e+00
1.075847e-02	-1.871920e-08	1.204123e+00
1.075269e-02	-1.884644e-08	1.202349e+00
1.074691e-02	-1.895926e-08	1.201691e+00
1.074114e-02	-1.905756e-08	1.201776e+00
1.073537e-02	-1.914163e-08	1.206785e+00
1.072961e-02	-1.921091e-08	1.210468e+00
1.072386e-02	-1.926574e-08	1.233398e+00
1.071811e-02	-1.930632e-08	1.227025e+00
1.071237e-02	-1.933281e-08	1.229692e+00
1.070664e-02	-1.934578e-08	1.230843e+00
1.070091e-02	-1.934523e-08	1.225246e+00
1.069519e-02	-1.933151e-08	1.221588e+00
1.068947e-02	-1.930496e-08	1.219229e+00
1.068376e-02	-1.926594e-08	1.217739e+00
1.067806e-02	-1.921484e-08	1.217296e+00
1.067236e-02	-1.915204e-08	1.217105e+00
1.066667e-02	-1.907796e-08	1.216674e+00
1.066098e-02	-1.899303e-08	1.217274e+00
1.065530e-02	-1.889768e-08	1.217001e+00
1.064963e-02	-1.879235e-08	1.216853e+00
1.064396e-02	-1.867750e-08	1.216795e+00
1.063830e-02	-1.855358e-08	1.216812e+00
1.063264e-02	-1.842107e-08	1.216896e+00
1.062699e-02	-1.828041e-08	1.217047e+00
1.062135e-02	-1.813210e-08	1.217269e+00
1.061571e-02	-1.797657e-08	1.217569e+00
1.061008e-02	-1.781432e-08	1.217954e+00
1.060445e-02	-1.764579e-08	1.218435e+00
1.059883e-02	-1.747144e-08	1.219023e+00
1.059322e-02	-1.729173e-08	1.219729e+00
1.058761e-02	-1.710709e-08	1.220566e+00
1.058201e-02	-1.691795e-08	1.222351e+00
1.057641e-02	-1.672474e-08	1.223343e+00
1.057082e-02	-1.652927e-08	1.233280e+00
1.056524e-02	-1.632890e-08	1.239122e+00
1.055966e-02	-1.612568e-08	1.236754e+00
1.055409e-02	-1.591997e-08	1.235815e+00
1.054852e-02	-1.571214e-08	1.235914e+00
1.054296e-02	-1.550253e-08	1.236787e+00
1.053741e-02	-1.529147e-08	1.238258e+00
1.053186e-02	-1.507929e-08	1.240207e+00
1.052632e-02	-1.486632e-08	1.242552e+00
1.052078e-02	-1.465287e-08	1.245237e+00
1.051525e-02	-1.443926e-08	1.263117e+00
1.050972e-02	-1.422611e-08	1.262000e+00
1.050420e-02	-1.401356e-08	1.262337e+00
1.049869e-02	-1.380176e-08	1.263903e+00
1.049318e-02	-1.359095e-08	1.266366e+00
1.048768e-02	-1.338138e-08	1.269503e+00
1.048218e-02	-1.317334e-08	1.273159e+00
1.047669e-02	-1.296711e-08	1.277228e+00
1.047120e-02	-1.276299e-08	1.281631e+00
1.046572e-02	-1.256129e-08	1.286312e+00
1.046025e-02	-1.236229e-08	1.291225e+00
1.045478e-02	-1.216630e-08	1.296336e+00
1.044932e-02	-1.197359e-08	1.301610e+00
1.044386e-02	-1.178444e-08	1.307020e+00
1.043841e-02	-1.159910e-08	1.312537e+00
1.043297e-02	-1.141782e-08	1.318131e+00
1.042753e-02	-1.124080e-08	1.323774e+00
1.042209e-02	-1.106826e-08	1.329433e+00
1.041667e-02	-1.090035e-08	1.335078e+00
1.041124e-02	-1.073721e-08	1.340675e+00
1.040583e-02	-1.057896e-08	1.346188e+00
1.040042e-02	-1.042568e-08	1.351583e+00
1.039501e-02	-1.027740e-08	1.356823e+00
1.038961e-02	-1.013414e-08	1.361872e+00
1.038422e-02	-9.995867e-09	1.366694e+00
1.037883e-02	-9.862534e-09	1.371256e+00
1.037344e-02	-9.734049e-09	1.375525e+00
1.036807e-02	-9.610292e-09	1.379472e+00
1.036269e-02	-9.491117e-09	1.383069e+00
1.035733e-02	-9.376349e-09	1.386296e+00
1.035197e-02	-9.265792e-09	1.389133e+00
1.034661e-02	-9.159228e-09	1.391568e+00
1.034126e-02	-9.056420e-09	1.393592e+00
1.033592e-02	-8.957116e-09	1.395204e+00
1.033058e-02	-8.861047e-09	1.396406e+00
1.032525e-02	-8.767937e-09	1.397206e+00
1.031992e-02	-8.677496e-09	1.397618e+00
1.031460e-02	-8.589430e-09	1.397661e+00
1.030928e-02	-8.503439e-09	1.397360e+00
1.030397e-02	-8.419218e-09	1.396741e+00
1.029866e-02	-8.336464e-09	1.395837e+00
1.029336e-02	-8.254872e-09	1.394683e+00
1.028807e-02	-8.174141e-09	1.393318e+00
1.028278e-02	-8.093974e-09	1.391780e+00
1.027749e-02	-8.014082e-09	1.390113e+00
1.027221e-02	-7.934184e-09	1.388357e+00
1.026694e-02	-7.854008e-09	1.386556e+00
1.026167e-02	-7.773292e-09	1.384752e+00
1.025641e-02	-7.691790e-09	1.382986e+00
1.025115e-02	-7.609263e-09	1.381299e+00
1.024590e-02	-7.525490e-09	1.379729e+00
1.024066e-02	-7.440258e-09	1.378313e+00
1.023541e-02	-7.353366e-09	1.377083e+00
1.023018e-02	-7.264623e-09	1.376072e+00
1.022495e-02	-7.173843e-09	1.375308e+00
1.021972e-02	-7.080849e-09	1.374813e+00
1.021450e-02	-6.985460e-09	1.374610e+00
1.020929e-02	-6.887498e-09	1.374713e+00
1.020408e-02	-6.786780e-09	1.375134e+00
1.019888e-02	-6.683114e-09	1.375878e+00
1.019368e-02	-6.576299e-09	1.376947e+00
1.018849e-02	-6.466123e-09	1.378333e+00
1.018330e-02	-6.352357e-09	1.380026e+00
1.017812e-02	-6.234761e-09	1.382004e+00
1.017294e-02	-6.113078e-09	1.384242e+00
1.016777e-02	-5.987035e-09	1.386707e+00
1.016260e-02	-5.856350e-09	1.389357e+00
1.015744e-02	-5.720728e-09	1.392146e+00
1.015228e-02	-5.579869e-09	1.395021e+00
1.014713e-02	-5.433470e-09	1.397924e+00
1.014199e-02	-5.281231e-09	1.400794e+00
1.013685e-02	-5.122862e-09	1.403569e+00
1.013171e-02	-4.958089e-09	1.406189e+00
1.012658e-02	-4.786659e-09	1.408596e+00
1.012146e-02	-4.608350e-09	1.410738e+00
1.011634e-02	-4.422976e-09	1.412572e+00
1.011122e-02	-4.230396e-09	1.414065e+00
1.010611e-02	-4.030519e-09	1.415197e+00
1.010101e-02	-3.823311e-09	1.415962e+00
1.009591e-02	-3.608800e-09	1.416369e+00
1.009082e-02	-3.387079e-09	1.416439e+00
1.008573e-02	-3.158313e-09	1.416209e+00
1.008065e-02	-2.922736e-09	1.415725e+00
1.007557e-02	-2.680655e-09	1.415045e+00
1.007049e-02	-2.432449e-09	1.414233e+00
1.006543e-02	-2.178563e-09	1.413355e+00
1.006036e-02	-1.919510e-09	1.412481e+00
1.005530e-02	-1.655863e-09	1.411677e+00
1.005025e-02	-1.388250e-09	1.411008e+00
1.004520e-02	-1.117349e-09	1.410532e+00
1.004016e-02	-8.438771e-10	1.410300e+00
1.003512e-02	-5.685839e-10	1.410355e+00
1.003009e-02	-2.922431e-10	1.410732e+00
1.002506e-02	-1.564241e-11	1.411457e+00
1.002004e-02	2.604271e-10	1.412545e+00
1.001502e-02	5.351799e-10	1.414004e+00
1.001001e-02	8.078485e-10	1.415832e+00
1.000500e-02	1.077692e-09	1.418018e+00
1.000000e-02	1.344009e-09	1.420540e+00
