# Finite Temperature Data for J1J2 Model
# Lx=6, Ly=6, J1=1.0000, J2=0.1250, Fz=0.0000, chi_max=170
# Columns: T | Sigmaz | Cv
# 
2.000000e+01	-5.765851e-10	4.284531e-02
1.000000e+01	-1.415571e-09	1.636778e-01
6.666667e+00	-2.058392e-09	3.503108e-01
5.000000e+00	-1.258290e-09	5.900370e-01
4.000000e+00	1.281689e-09	8.700078e-01
3.333333e+00	5.998886e-09	1.177638e+00
2.857143e+00	1.399575e-08	1.501056e+00
2.500000e+00	2.808891e-08	1.829638e+00
2.222222e+00	4.736988e-08	2.154577e+00
2.000000e+00	6.161705e-08	2.468609e+00
1.818182e+00	6.181713e-08	2.765811e+00
1.666667e+00	5.205400e-08	3.042154e+00
1.538462e+00	4.199160e-08	3.295391e+00
1.428571e+00	4.001145e-08	3.524743e+00
1.333333e+00	5.004922e-08	3.730700e+00
1.250000e+00	7.173278e-08	3.914729e+00
1.176471e+00	1.033016e-07	4.078740e+00
1.111111e+00	1.438948e-07	4.224418e+00
1.052632e+00	1.934178e-07	4.353377e+00
1.000000e+00	2.518597e-07	4.467714e+00
9.523810e-01	3.190872e-07	4.569812e+00
9.090909e-01	3.947609e-07	4.661908e+00
8.695652e-01	4.782939e-07	4.745960e+00
8.333333e-01	5.689120e-07	4.823737e+00
8.000000e-01	6.657608e-07	4.896891e+00
7.692308e-01	7.679807e-07	4.966947e+00
7.407407e-01	8.747431e-07	5.035263e+00
7.142857e-01	9.852644e-07	5.103021e+00
6.896552e-01	1.098812e-06	5.171222e+00
6.666667e-01	1.214706e-06	5.240696e+00
6.451613e-01	1.332331e-06	5.312114e+00
6.250000e-01	1.451131e-06	5.386005e+00
6.060606e-01	1.570615e-06	5.462780e+00
5.882353e-01	1.690342e-06	5.542755e+00
5.714286e-01	1.809908e-06	5.626170e+00
5.555556e-01	1.928935e-06	5.713215e+00
5.405405e-01	2.047066e-06	5.804040e+00
5.263158e-01	2.163972e-06	5.898770e+00
5.128205e-01	2.279366e-06	5.997519e+00
5.000000e-01	2.393028e-06	6.100395e+00
4.878049e-01	2.504822e-06	6.207503e+00
4.761905e-01	2.614723e-06	6.318948e+00
4.651163e-01	2.722834e-06	6.434827e+00
4.545455e-01	2.829402e-06	6.555230e+00
4.444444e-01	2.934817e-06	6.680227e+00
4.347826e-01	3.039608e-06	6.809868e+00
4.255319e-01	3.144417e-06	6.944175e+00
4.166667e-01	3.249960e-06	7.083153e+00
4.081633e-01	3.356987e-06	7.226792e+00
4.000000e-01	3.466229e-06	7.375089e+00
3.921569e-01	3.578353e-06	7.528061e+00
3.846154e-01	3.693926e-06	7.685756e+00
3.773585e-01	3.813396e-06	7.848243e+00
3.703704e-01	3.937074e-06	8.015590e+00
3.636364e-01	4.065132e-06	8.187825e+00
3.571429e-01	4.197602e-06	8.364876e+00
3.508772e-01	4.334370e-06	8.546536e+00
3.448276e-01	4.475168e-06	8.732432e+00
3.389831e-01	4.619572e-06	8.922049e+00
3.333333e-01	4.766984e-06	9.114777e+00
3.278689e-01	4.916629e-06	9.309988e+00
3.225806e-01	5.067536e-06	9.507106e+00
3.174603e-01	5.218545e-06	9.705661e+00
3.125000e-01	5.368315e-06	9.905314e+00
3.076923e-01	5.515357e-06	1.010586e+01
3.030303e-01	5.658082e-06	1.030722e+01
2.985075e-01	5.794876e-06	1.050937e+01
2.941176e-01	5.924179e-06	1.071232e+01
2.898551e-01	6.044577e-06	1.091609e+01
2.857143e-01	6.154881e-06	1.112064e+01
2.816901e-01	6.254209e-06	1.132592e+01
2.777778e-01	6.342032e-06	1.153182e+01
2.739726e-01	6.418205e-06	1.173822e+01
2.702703e-01	6.482958e-06	1.194498e+01
2.666667e-01	6.536878e-06	1.215200e+01
2.631579e-01	6.580850e-06	1.235915e+01
2.597403e-01	6.616006e-06	1.256633e+01
2.564103e-01	6.643653e-06	1.277345e+01
2.531646e-01	6.665210e-06	1.298040e+01
2.500000e-01	6.682141e-06	1.318706e+01
2.469136e-01	6.695904e-06	1.339324e+01
2.439024e-01	6.707897e-06	1.359870e+01
2.409639e-01	6.719420e-06	1.380310e+01
2.380952e-01	6.731644e-06	1.400607e+01
2.352941e-01	6.745587e-06	1.420717e+01
2.325581e-01	6.762091e-06	1.440598e+01
2.298851e-01	6.781809e-06	1.460205e+01
2.272727e-01	6.805194e-06	1.479497e+01
2.247191e-01	6.832503e-06	1.498431e+01
2.222222e-01	6.863809e-06	1.516965e+01
2.197802e-01	6.899024e-06	1.535055e+01
2.173913e-01	6.937923e-06	1.552660e+01
2.150538e-01	6.980165e-06	1.569738e+01
2.127660e-01	7.025296e-06	1.586251e+01
2.105263e-01	7.072760e-06	1.602169e+01
2.083333e-01	7.121900e-06	1.617466e+01
2.061856e-01	7.171981e-06	1.632126e+01
2.040816e-01	7.222221e-06	1.646139e+01
2.020202e-01	7.271829e-06	1.659505e+01
2.000000e-01	7.320040e-06	1.672230e+01
1.980198e-01	7.366137e-06	1.684327e+01
1.960784e-01	7.409465e-06	1.695815e+01
1.941748e-01	7.449428e-06	1.706718e+01
1.923077e-01	7.485496e-06	1.717059e+01
1.904762e-01	7.517189e-06	1.726864e+01
1.886792e-01	7.544082e-06	1.736151e+01
1.869159e-01	7.565791e-06	1.744940e+01
1.851852e-01	7.581972e-06	1.753242e+01
1.834862e-01	7.592312e-06	1.761068e+01
1.818182e-01	7.596520e-06	1.768421e+01
1.801802e-01	7.594326e-06	1.775306e+01
1.785714e-01	7.585476e-06	1.781721e+01
1.769912e-01	7.569733e-06	1.787669e+01
1.754386e-01	7.546880e-06	1.793150e+01
1.739130e-01	7.516725e-06	1.798169e+01
1.724138e-01	7.479110e-06	1.802736e+01
1.709402e-01	7.433906e-06	1.806864e+01
1.694915e-01	7.381016e-06	1.810575e+01
1.680672e-01	7.320366e-06	1.813895e+01
1.666667e-01	7.251900e-06	1.816861e+01
1.652893e-01	7.175598e-06	1.819518e+01
1.639344e-01	7.091497e-06	1.821922e+01
1.626016e-01	6.999738e-06	1.824124e+01
1.612903e-01	6.900586e-06	1.826148e+01
1.600000e-01	6.794418e-06	1.827968e+01
1.587302e-01	6.681686e-06	1.829501e+01
1.574803e-01	6.562856e-06	1.830634e+01
1.562500e-01	6.438386e-06	1.831267e+01
1.550388e-01	6.308745e-06	1.831355e+01
1.538462e-01	6.174481e-06	1.830923e+01
1.526718e-01	6.036295e-06	1.830054e+01
1.515152e-01	5.895087e-06	1.828846e+01
1.503759e-01	5.751934e-06	1.827365e+01
1.492537e-01	5.608016e-06	1.825593e+01
1.481481e-01	5.464526e-06	1.823413e+01
1.470588e-01	5.322610e-06	1.820626e+01
1.459854e-01	5.183343e-06	1.817000e+01
1.449275e-01	5.047702e-06	1.812324e+01
1.438849e-01	4.916510e-06	1.806438e+01
1.428571e-01	4.790344e-06	1.799261e+01
1.418440e-01	4.669460e-06	1.790785e+01
1.408451e-01	4.553785e-06	1.781049e+01
1.398601e-01	4.442974e-06	1.770099e+01
1.388889e-01	4.336501e-06	1.757950e+01
1.379310e-01	4.233756e-06	1.744590e+01
1.369863e-01	4.134129e-06	1.729995e+01
1.360544e-01	4.037082e-06	1.714165e+01
1.351351e-01	3.942181e-06	1.697130e+01
1.342282e-01	3.849109e-06	1.678957e+01
1.333333e-01	3.757642e-06	1.659754e+01
1.324503e-01	3.667628e-06	1.639666e+01
1.315789e-01	3.578949e-06	1.618861e+01
1.307190e-01	3.491507e-06	1.597502e+01
1.298701e-01	3.405214e-06	1.575737e+01
1.290323e-01	3.319983e-06	1.553685e+01
1.282051e-01	3.235734e-06	1.531433e+01
1.273885e-01	3.152394e-06	1.509045e+01
1.265823e-01	3.069896e-06	1.486560e+01
1.257862e-01	2.988181e-06	1.464001e+01
1.250000e-01	2.907197e-06	1.441387e+01
1.242236e-01	2.826900e-06	1.418733e+01
1.234568e-01	2.747250e-06	1.396061e+01
1.226994e-01	2.668223e-06	1.373398e+01
1.219512e-01	2.589810e-06	1.350782e+01
1.212121e-01	2.512028e-06	1.328258e+01
1.204819e-01	2.434917e-06	1.305874e+01
1.197605e-01	2.358545e-06	1.283680e+01
1.190476e-01	2.283006e-06	1.261720e+01
1.183432e-01	2.208412e-06	1.240035e+01
1.176471e-01	2.134890e-06	1.218655e+01
1.169591e-01	2.062575e-06	1.197604e+01
1.162791e-01	1.991602e-06	1.176899e+01
1.156069e-01	1.922103e-06	1.156550e+01
1.149425e-01	1.854198e-06	1.136563e+01
1.142857e-01	1.787995e-06	1.116937e+01
1.136364e-01	1.723582e-06	1.097665e+01
1.129944e-01	1.661032e-06	1.078737e+01
1.123596e-01	1.600397e-06	1.060136e+01
1.117318e-01	1.541712e-06	1.041843e+01
1.111111e-01	1.484992e-06	1.023835e+01
1.104972e-01	1.430237e-06	1.006090e+01
1.098901e-01	1.377434e-06	9.885883e+00
1.092896e-01	1.326554e-06	9.713143e+00
1.086957e-01	1.277557e-06	9.542580e+00
1.081081e-01	1.230391e-06	9.374142e+00
1.075269e-01	1.184995e-06	9.207813e+00
1.069519e-01	1.141304e-06	9.043587e+00
1.063830e-01	1.099246e-06	8.881451e+00
1.058201e-01	1.058754e-06	8.721359e+00
1.052632e-01	1.019770e-06	8.563218e+00
1.047120e-01	9.822474e-07	8.406880e+00
1.041667e-01	9.461586e-07	8.252152e+00
1.036269e-01	9.114908e-07	8.098815e+00
1.030928e-01	8.782450e-07	7.946649e+00
1.025641e-01	8.464284e-07	7.795466e+00
1.020408e-01	8.160473e-07	7.645130e+00
1.015228e-01	7.870989e-07	7.495559e+00
1.010101e-01	7.595656e-07	7.346720e+00
1.005025e-01	7.334104e-07	7.198621e+00
1.000000e-01	7.085760e-07	7.051295e+00
9.950249e-02	6.849856e-07	6.904797e+00
9.900990e-02	6.625465e-07	6.759206e+00
9.852217e-02	6.411544e-07	6.614621e+00
9.803922e-02	6.206995e-07	6.471172e+00
9.756098e-02	6.010716e-07	6.329021e+00
9.708738e-02	5.821652e-07	6.188364e+00
9.661836e-02	5.638832e-07	6.049428e+00
9.615385e-02	5.461397e-07	5.912461e+00
9.569378e-02	5.288615e-07	5.777715e+00
9.523810e-02	5.119891e-07	5.645429e+00
9.478673e-02	4.954769e-07	5.515813e+00
9.433962e-02	4.825738e-07	5.689527e+00
9.389671e-02	4.633058e-07	5.518244e+00
9.345794e-02	4.397139e-07	5.659051e+00
9.302326e-02	4.276033e-07	5.772268e+00
9.259259e-02	4.133861e-07	5.536825e+00
9.216590e-02	4.015773e-07	5.324646e+00
9.174312e-02	3.916925e-07	5.134119e+00
9.132420e-02	3.833649e-07	4.961157e+00
9.090909e-02	3.763173e-07	4.802596e+00
9.049774e-02	3.703406e-07	4.655981e+00
9.009009e-02	3.652760e-07	4.519401e+00
8.968610e-02	3.610019e-07	4.391364e+00
8.928571e-02	3.574230e-07	4.270697e+00
8.888889e-02	3.544623e-07	4.156469e+00
8.849558e-02	3.520554e-07	4.047934e+00
8.810573e-02	3.501459e-07	3.944485e+00
8.771930e-02	3.486823e-07	3.845616e+00
8.733624e-02	3.476165e-07	3.750903e+00
8.695652e-02	3.469025e-07	3.659979e+00
8.658009e-02	3.467995e-07	3.934852e+00
8.620690e-02	3.449191e-07	3.794412e+00
8.583691e-02	3.422695e-07	3.661496e+00
8.547009e-02	3.390776e-07	3.541367e+00
8.510638e-02	3.355130e-07	3.431640e+00
8.474576e-02	3.317012e-07	3.330465e+00
8.438819e-02	3.277343e-07	3.236394e+00
8.403361e-02	3.236792e-07	3.148294e+00
8.368201e-02	3.195837e-07	3.065275e+00
8.333333e-02	3.154808e-07	2.986637e+00
8.298755e-02	3.113933e-07	2.911824e+00
8.264463e-02	3.073356e-07	2.840398e+00
8.230453e-02	3.033171e-07	2.772002e+00
8.196721e-02	2.993432e-07	2.706343e+00
8.163265e-02	2.954169e-07	2.643171e+00
8.130081e-02	2.915400e-07	2.582268e+00
8.097166e-02	2.877137e-07	2.523437e+00
8.064516e-02	2.839386e-07	2.466498e+00
8.032129e-02	2.802148e-07	2.411287e+00
8.000000e-02	2.765421e-07	2.357652e+00
7.968127e-02	2.729190e-07	2.305462e+00
7.936508e-02	2.693432e-07	2.254599e+00
7.905138e-02	2.658107e-07	2.204969e+00
7.874016e-02	2.623164e-07	2.156500e+00
7.843137e-02	2.588539e-07	2.109142e+00
7.812500e-02	2.554161e-07	2.062868e+00
7.782101e-02	2.522425e-07	2.390826e+00
7.751938e-02	2.491746e-07	2.284595e+00
7.722008e-02	2.462681e-07	2.187452e+00
7.692308e-02	2.434732e-07	2.102266e+00
7.662835e-02	2.409205e-07	2.418783e+00
7.633588e-02	2.388924e-07	2.682049e+00
7.604563e-02	2.376283e-07	2.704577e+00
7.575758e-02	2.363079e-07	2.707978e+00
7.547170e-02	2.361984e-07	2.911705e+00
7.518797e-02	2.345124e-07	2.893585e+00
7.490637e-02	2.332760e-07	3.483926e+00
7.462687e-02	2.323445e-07	3.763008e+00
7.434944e-02	2.301534e-07	3.797635e+00
7.407407e-02	2.282974e-07	3.406335e+00
7.380074e-02	2.259587e-07	3.514813e+00
7.352941e-02	2.230807e-07	3.613603e+00
7.326007e-02	2.205718e-07	3.254125e+00
7.299270e-02	2.179056e-07	2.955844e+00
7.272727e-02	2.151232e-07	2.708566e+00
7.246377e-02	2.122578e-07	2.502040e+00
7.220217e-02	2.093356e-07	2.328227e+00
7.194245e-02	2.063770e-07	2.180787e+00
7.168459e-02	2.033970e-07	2.054688e+00
7.142857e-02	2.004059e-07	1.945920e+00
7.117438e-02	1.974099e-07	1.851258e+00
7.092199e-02	1.944122e-07	1.768103e+00
7.067138e-02	1.914136e-07	1.694346e+00
7.042254e-02	1.884138e-07	1.628275e+00
7.017544e-02	1.854121e-07	1.568512e+00
6.993007e-02	1.824086e-07	1.513949e+00
6.968641e-02	1.794041e-07	1.463714e+00
6.944444e-02	1.764009e-07	1.417127e+00
6.920415e-02	1.734021e-07	1.373665e+00
6.896552e-02	1.704119e-07	1.332925e+00
6.872852e-02	1.674348e-07	1.294597e+00
6.849315e-02	1.644757e-07	1.258437e+00
6.825939e-02	1.615393e-07	1.224255e+00
6.802721e-02	1.586300e-07	1.191899e+00
6.779661e-02	1.557518e-07	1.161248e+00
6.756757e-02	1.529082e-07	1.132199e+00
6.734007e-02	1.501016e-07	1.104663e+00
6.711409e-02	1.473336e-07	1.078552e+00
6.688963e-02	1.446045e-07	1.053769e+00
6.666667e-02	1.419136e-07	1.030206e+00
6.644518e-02	1.392597e-07	1.007743e+00
6.622517e-02	1.366411e-07	9.862510e-01
6.600660e-02	1.340563e-07	9.656033e-01
6.578947e-02	1.315038e-07	9.456892e-01
6.557377e-02	1.289829e-07	9.264208e-01
6.535948e-02	1.264933e-07	9.077352e-01
6.514658e-02	1.240352e-07	8.895904e-01
6.493506e-02	1.216091e-07	8.719577e-01
6.472492e-02	1.192156e-07	8.548154e-01
6.451613e-02	1.168554e-07	8.381424e-01
6.430868e-02	1.145294e-07	8.219115e-01
6.410256e-02	1.122390e-07	8.060864e-01
6.389776e-02	1.099864e-07	7.906223e-01
6.369427e-02	1.077744e-07	7.754747e-01
6.349206e-02	1.056063e-07	7.606107e-01
6.329114e-02	1.034857e-07	7.460204e-01
6.309148e-02	1.014153e-07	7.317220e-01
6.289308e-02	9.939749e-08	7.177592e-01
6.269592e-02	9.743348e-08	7.041919e-01
6.250000e-02	9.552379e-08	6.910824e-01
6.230530e-02	9.366822e-08	6.784834e-01
6.211180e-02	9.186608e-08	6.664294e-01
6.191950e-02	9.011638e-08	6.549343e-01
6.172840e-02	8.841792e-08	6.439935e-01
6.153846e-02	8.676942e-08	6.335879e-01
6.134969e-02	8.516956e-08	6.236890e-01
6.116208e-02	8.361702e-08	6.142632e-01
6.097561e-02	8.211049e-08	6.052749e-01
6.079027e-02	8.064864e-08	5.966892e-01
6.060606e-02	7.923017e-08	5.884732e-01
6.042296e-02	7.785377e-08	5.805972e-01
6.024096e-02	7.651811e-08	5.730346e-01
6.006006e-02	7.522182e-08	5.657627e-01
5.988024e-02	7.396348e-08	5.587619e-01
5.970149e-02	7.274162e-08	5.520163e-01
5.952381e-02	7.155467e-08	5.455125e-01
5.934718e-02	7.040102e-08	5.392404e-01
5.917160e-02	6.927894e-08	5.331917e-01
5.899705e-02	6.818664e-08	5.273603e-01
5.882353e-02	6.712227e-08	5.217417e-01
5.865103e-02	6.608394e-08	5.163325e-01
5.847953e-02	6.506977e-08	5.111302e-01
5.830904e-02	6.407786e-08	5.061326e-01
5.813953e-02	6.310641e-08	5.013376e-01
5.797101e-02	6.215369e-08	4.967429e-01
5.780347e-02	6.121812e-08	4.923454e-01
5.763689e-02	6.029828e-08	4.881413e-01
5.747126e-02	5.939297e-08	4.841257e-01
5.730659e-02	5.850123e-08	4.802927e-01
5.714286e-02	5.762238e-08	4.766349e-01
5.698006e-02	5.675602e-08	4.731441e-01
5.681818e-02	5.590203e-08	4.698103e-01
5.665722e-02	5.506056e-08	4.666229e-01
5.649718e-02	5.423200e-08	4.635701e-01
5.633803e-02	5.341693e-08	4.606397e-01
5.617978e-02	5.261603e-08	4.578195e-01
5.602241e-02	5.183005e-08	4.550978e-01
5.586592e-02	5.105971e-08	4.524639e-01
5.571031e-02	5.030560e-08	4.499083e-01
5.555556e-02	4.956815e-08	4.474237e-01
5.540166e-02	4.884751e-08	4.450043e-01
5.524862e-02	4.814357e-08	4.426469e-01
5.509642e-02	4.745588e-08	4.403501e-01
5.494505e-02	4.678366e-08	4.381145e-01
5.479452e-02	4.612585e-08	4.359426e-01
5.464481e-02	4.548109e-08	4.338379e-01
5.449591e-02	4.484781e-08	4.318051e-01
5.434783e-02	4.422427e-08	4.298493e-01
5.420054e-02	4.360864e-08	4.279762e-01
5.405405e-02	4.299904e-08	4.261912e-01
5.390836e-02	4.239366e-08	4.244999e-01
5.376344e-02	4.179078e-08	4.229075e-01
5.361930e-02	4.118882e-08	4.214187e-01
5.347594e-02	4.058644e-08	4.200378e-01
5.333333e-02	3.998255e-08	4.187681e-01
5.319149e-02	3.937634e-08	4.176120e-01
5.305040e-02	3.876727e-08	4.165701e-01
5.291005e-02	3.815516e-08	4.156415e-01
5.277045e-02	3.754010e-08	4.148234e-01
5.263158e-02	3.692252e-08	4.141106e-01
5.249344e-02	3.630316e-08	4.134962e-01
5.235602e-02	3.568304e-08	4.129710e-01
5.221932e-02	3.506347e-08	4.125244e-01
5.208333e-02	3.444600e-08	4.121443e-01
5.194805e-02	3.383235e-08	4.118180e-01
5.181347e-02	3.322432e-08	4.115335e-01
5.167959e-02	3.262371e-08	4.112803e-01
5.154639e-02	3.203217e-08	4.110511e-01
5.141388e-02	3.145111e-08	4.108436e-01
5.128205e-02	3.088157e-08	4.106617e-01
5.115090e-02	3.032415e-08	4.105162e-01
5.102041e-02	2.977897e-08	4.104245e-01
5.089059e-02	2.924574e-08	4.104093e-01
5.076142e-02	2.872380e-08	4.104961e-01
5.063291e-02	2.821230e-08	4.107102e-01
5.050505e-02	2.771031e-08	4.110720e-01
5.037783e-02	2.721694e-08	4.115936e-01
5.025126e-02	2.673148e-08	4.122752e-01
5.012531e-02	2.625341e-08	4.131037e-01
5.000000e-02	2.578239e-08	4.140547e-01
4.987531e-02	2.531819e-08	4.150952e-01
4.975124e-02	2.486065e-08	4.161897e-01
4.962779e-02	2.440960e-08	4.173035e-01
4.950495e-02	2.396486e-08	4.184049e-01
4.938272e-02	2.352633e-08	4.194657e-01
4.926108e-02	2.309406e-08	4.204606e-01
4.914005e-02	2.266837e-08	4.213664e-01
4.901961e-02	2.224987e-08	4.221619e-01
4.889976e-02	2.183933e-08	4.228291e-01
4.878049e-02	2.143741e-08	4.233565e-01
4.866180e-02	2.104410e-08	4.237457e-01
4.854369e-02	2.065825e-08	4.240171e-01
4.842615e-02	2.027709e-08	4.242144e-01
4.830918e-02	1.989613e-08	4.244038e-01
4.819277e-02	1.950956e-08	4.246693e-01
4.807692e-02	1.911103e-08	4.251026e-01
4.796163e-02	1.869482e-08	4.257843e-01
4.784689e-02	1.825686e-08	4.267657e-01
4.773270e-02	1.779539e-08	4.280573e-01
4.761905e-02	1.731111e-08	4.296256e-01
4.750594e-02	1.680706e-08	4.313983e-01
4.739336e-02	1.628916e-08	4.332749e-01
4.728132e-02	1.576808e-08	4.351251e-01
4.716981e-02	1.526083e-08	4.367791e-01
4.705882e-02	1.478714e-08	4.380571e-01
4.694836e-02	1.436017e-08	4.388624e-01
4.683841e-02	1.398014e-08	4.392282e-01
4.672897e-02	1.363713e-08	4.392377e-01
4.662005e-02	1.331844e-08	4.389053e-01
4.651163e-02	1.301328e-08	4.381139e-01
4.640371e-02	1.271355e-08	4.366098e-01
4.629630e-02	1.241257e-08	4.340983e-01
4.618938e-02	1.210409e-08	4.304634e-01
4.608295e-02	1.178279e-08	4.259090e-01
4.597701e-02	1.144530e-08	4.208494e-01
4.587156e-02	1.109050e-08	4.156982e-01
4.576659e-02	1.071901e-08	4.107534e-01
4.566210e-02	1.033235e-08	4.061891e-01
4.555809e-02	9.932408e-09	4.020864e-01
4.545455e-02	9.521281e-09	3.984696e-01
4.535147e-02	9.101488e-09	3.953354e-01
4.524887e-02	8.676244e-09	3.926759e-01
4.514673e-02	8.249651e-09	3.904904e-01
4.504505e-02	7.826705e-09	3.887812e-01
4.494382e-02	7.413071e-09	3.875277e-01
4.484305e-02	7.014409e-09	3.866497e-01
4.474273e-02	6.634756e-09	3.859985e-01
4.464286e-02	6.274232e-09	3.854081e-01
4.454343e-02	5.928277e-09	3.847772e-01
4.444444e-02	5.590208e-09	3.841017e-01
4.434590e-02	5.254755e-09	3.834282e-01
4.424779e-02	4.919155e-09	3.827755e-01
4.415011e-02	4.581762e-09	3.821016e-01
4.405286e-02	4.240178e-09	3.813560e-01
4.395604e-02	3.890505e-09	3.805597e-01
4.385965e-02	3.528381e-09	3.798239e-01
4.376368e-02	3.150798e-09	3.792895e-01
4.366812e-02	2.757083e-09	3.790552e-01
4.357298e-02	2.348734e-09	3.791473e-01
4.347826e-02	1.928892e-09	3.795388e-01
4.338395e-02	1.501814e-09	3.801903e-01
4.329004e-02	1.072247e-09	3.810749e-01
4.319654e-02	6.449225e-10	3.821748e-01
4.310345e-02	2.244118e-10	3.834695e-01
4.301075e-02	-1.847972e-10	3.849323e-01
4.291845e-02	-5.782165e-10	3.865303e-01
4.282655e-02	-9.513697e-10	3.882271e-01
4.273504e-02	-1.299904e-09	3.899844e-01
4.264392e-02	-1.619766e-09	3.917647e-01
4.255319e-02	-1.907411e-09	3.935326e-01
4.246285e-02	-2.160006e-09	3.952571e-01
4.237288e-02	-2.375596e-09	3.969122e-01
4.228330e-02	-2.553211e-09	3.984770e-01
4.219409e-02	-2.692894e-09	3.999350e-01
4.210526e-02	-2.795653e-09	4.012724e-01
4.201681e-02	-2.863342e-09	4.024757e-01
4.192872e-02	-2.898491e-09	4.035312e-01
4.184100e-02	-2.904116e-09	4.044230e-01
4.175365e-02	-2.883533e-09	4.051346e-01
4.166667e-02	-2.840207e-09	4.056491e-01
4.158004e-02	-2.777654e-09	4.059514e-01
4.149378e-02	-2.699405e-09	4.060301e-01
4.140787e-02	-2.609012e-09	4.058784e-01
4.132231e-02	-2.510085e-09	4.054955e-01
4.123711e-02	-2.406326e-09	4.048863e-01
4.115226e-02	-2.301543e-09	4.040620e-01
4.106776e-02	-2.199626e-09	4.030396e-01
4.098361e-02	-2.104481e-09	4.018417e-01
4.089980e-02	-2.019926e-09	4.004957e-01
4.081633e-02	-1.949556e-09	3.990343e-01
4.073320e-02	-1.896588e-09	3.974942e-01
4.065041e-02	-1.863717e-09	3.959160e-01
4.056795e-02	-1.852991e-09	3.943437e-01
4.048583e-02	-1.865717e-09	3.928235e-01
4.040404e-02	-1.902418e-09	3.914027e-01
4.032258e-02	-1.962842e-09	3.901286e-01
4.024145e-02	-2.046014e-09	3.890468e-01
4.016064e-02	-2.150345e-09	3.881999e-01
4.008016e-02	-2.273765e-09	3.876255e-01
4.000000e-02	-2.413888e-09	3.873552e-01
3.992016e-02	-2.568182e-09	3.874122e-01
3.984064e-02	-2.734136e-09	3.878099e-01
3.976143e-02	-2.909397e-09	3.885490e-01
3.968254e-02	-3.091878e-09	3.896159e-01
3.960396e-02	-3.279825e-09	3.909811e-01
3.952569e-02	-3.471839e-09	3.925995e-01
3.944773e-02	-3.666863e-09	3.944128e-01
3.937008e-02	-3.864133e-09	3.963544e-01
3.929273e-02	-4.063113e-09	3.983573e-01
3.921569e-02	-4.263411e-09	4.003630e-01
3.913894e-02	-4.464709e-09	4.023305e-01
3.906250e-02	-4.666699e-09	4.042421e-01
3.898635e-02	-4.869046e-09	4.061066e-01
3.891051e-02	-5.071374e-09	4.079574e-01
3.883495e-02	-5.273263e-09	4.098470e-01
3.875969e-02	-5.474255e-09	4.118392e-01
3.868472e-02	-5.673851e-09	4.139993e-01
3.861004e-02	-5.871505e-09	4.163841e-01
3.853565e-02	-6.066613e-09	4.190324e-01
3.846154e-02	-6.258516e-09	4.219561e-01
3.838772e-02	-6.446523e-09	4.251338e-01
3.831418e-02	-6.629938e-09	4.285069e-01
3.824092e-02	-6.808109e-09	4.319817e-01
3.816794e-02	-6.980462e-09	4.354348e-01
3.809524e-02	-7.146551e-09	4.387244e-01
3.802281e-02	-7.306081e-09	4.417042e-01
3.795066e-02	-7.458933e-09	4.442368e-01
3.787879e-02	-7.605165e-09	4.462062e-01
3.780718e-02	-7.745011e-09	4.475251e-01
3.773585e-02	-7.878858e-09	4.481381e-01
3.766478e-02	-8.007213e-09	4.480210e-01
3.759398e-02	-8.130659e-09	4.471783e-01
3.752345e-02	-8.249795e-09	4.456402e-01
3.745318e-02	-8.365185e-09	4.434595e-01
3.738318e-02	-8.477297e-09	4.407075e-01
3.731343e-02	-8.586468e-09	4.374704e-01
3.724395e-02	-8.692874e-09	4.338443e-01
3.717472e-02	-8.796534e-09	4.299297e-01
3.710575e-02	-8.897329e-09	4.258268e-01
3.703704e-02	-8.995037e-09	4.216309e-01
3.696858e-02	-9.089377e-09	4.174291e-01
3.690037e-02	-9.180047e-09	4.132982e-01
3.683241e-02	-9.266758e-09	4.093036e-01
3.676471e-02	-9.349251e-09	4.054989e-01
3.669725e-02	-9.427306e-09	4.019264e-01
3.663004e-02	-9.500734e-09	3.986176e-01
3.656307e-02	-9.569364e-09	3.955940e-01
3.649635e-02	-9.633035e-09	3.928680e-01
3.642987e-02	-9.691574e-09	3.904439e-01
3.636364e-02	-9.744801e-09	3.883185e-01
3.629764e-02	-9.792526e-09	3.864824e-01
3.623188e-02	-9.834585e-09	3.849208e-01
3.616637e-02	-9.870868e-09	3.836147e-01
3.610108e-02	-9.901382e-09	3.825420e-01
3.603604e-02	-9.926317e-09	3.816790e-01
3.597122e-02	-9.946106e-09	3.810016e-01
3.590664e-02	-9.961487e-09	3.804872e-01
3.584229e-02	-9.973528e-09	3.801158e-01
3.577818e-02	-9.983619e-09	3.798713e-01
3.571429e-02	-9.993427e-09	3.797422e-01
3.565062e-02	-1.000480e-08	3.797217e-01
3.558719e-02	-1.001962e-08	3.798079e-01
3.552398e-02	-1.003969e-08	3.800029e-01
3.546099e-02	-1.006654e-08	3.803131e-01
3.539823e-02	-1.010134e-08	3.807477e-01
3.533569e-02	-1.014477e-08	3.813186e-01
3.527337e-02	-1.019702e-08	3.820387e-01
3.521127e-02	-1.025777e-08	3.829208e-01
3.514938e-02	-1.032629e-08	3.839758e-01
3.508772e-02	-1.040156e-08	3.852112e-01
3.502627e-02	-1.048233e-08	3.866305e-01
3.496503e-02	-1.056733e-08	3.882327e-01
3.490401e-02	-1.065537e-08	3.900133e-01
3.484321e-02	-1.074543e-08	3.919665e-01
3.478261e-02	-1.083677e-08	3.940871e-01
3.472222e-02	-1.092893e-08	3.963736e-01
3.466205e-02	-1.102176e-08	3.988289e-01
3.460208e-02	-1.111542e-08	4.014604e-01
3.454231e-02	-1.121026e-08	4.042788e-01
3.448276e-02	-1.130675e-08	4.072948e-01
3.442341e-02	-1.140538e-08	4.105170e-01
3.436426e-02	-1.150654e-08	4.139489e-01
3.430532e-02	-1.161036e-08	4.175883e-01
3.424658e-02	-1.171672e-08	4.214268e-01
3.418803e-02	-1.182510e-08	4.254516e-01
3.412969e-02	-1.193465e-08	4.296478e-01
3.407155e-02	-1.204418e-08	4.340013e-01
3.401361e-02	-1.215227e-08	4.385005e-01
3.395586e-02	-1.225734e-08	4.431375e-01
3.389831e-02	-1.235772e-08	4.479087e-01
3.384095e-02	-1.245187e-08	4.528151e-01
3.378378e-02	-1.253844e-08	4.578665e-01
3.372681e-02	-1.261647e-08	4.630866e-01
3.367003e-02	-1.268563e-08	4.685169e-01
3.361345e-02	-1.274630e-08	4.742143e-01
3.355705e-02	-1.279962e-08	4.802362e-01
3.350084e-02	-1.284743e-08	4.866186e-01
3.344482e-02	-1.289203e-08	4.933534e-01
3.338898e-02	-1.293599e-08	5.003788e-01
3.333333e-02	-1.298194e-08	5.075923e-01
3.327787e-02	-1.303263e-08	5.148863e-01
3.322259e-02	-1.309099e-08	5.221902e-01
3.316750e-02	-1.316010e-08	5.294850e-01
3.311258e-02	-1.324287e-08	5.367742e-01
3.305785e-02	-1.334141e-08	5.440318e-01
3.300330e-02	-1.345658e-08	5.511820e-01
3.294893e-02	-1.358826e-08	5.581369e-01
3.289474e-02	-1.373624e-08	5.648532e-01
3.284072e-02	-1.390127e-08	5.713370e-01
3.278689e-02	-1.408505e-08	5.775989e-01
3.273322e-02	-1.428864e-08	5.836219e-01
3.267974e-02	-1.451014e-08	5.893762e-01
3.262643e-02	-1.474355e-08	5.948438e-01
3.257329e-02	-1.497958e-08	6.000095e-01
3.252033e-02	-1.520756e-08	6.048379e-01
3.246753e-02	-1.541725e-08	6.092731e-01
3.241491e-02	-1.559991e-08	6.132674e-01
3.236246e-02	-1.574895e-08	6.168167e-01
3.231018e-02	-1.586010e-08	6.199856e-01
3.225806e-02	-1.593112e-08	6.229097e-01
3.220612e-02	-1.596137e-08	6.257802e-01
3.215434e-02	-1.595113e-08	6.288217e-01
3.210273e-02	-1.590097e-08	6.322736e-01
3.205128e-02	-1.581127e-08	6.363843e-01
3.200000e-02	-1.568199e-08	6.414148e-01
3.194888e-02	-1.551258e-08	6.476442e-01
3.189793e-02	-1.530213e-08	6.553638e-01
3.184713e-02	-1.504959e-08	6.648527e-01
3.179650e-02	-1.475406e-08	6.763387e-01
3.174603e-02	-1.441515e-08	6.899607e-01
3.169572e-02	-1.403336e-08	7.057493e-01
3.164557e-02	-1.361026e-08	7.236111e-01
3.159558e-02	-1.314830e-08	7.433000e-01
3.154574e-02	-1.265056e-08	7.643837e-01
3.149606e-02	-1.212044e-08	7.862265e-01
3.144654e-02	-1.156152e-08	8.079997e-01
3.139717e-02	-1.097743e-08	8.287196e-01
3.134796e-02	-1.037173e-08	8.473122e-01
3.129890e-02	-9.747863e-09	8.627069e-01
3.125000e-02	-9.109044e-09	8.739512e-01
3.120125e-02	-8.458332e-09	8.803312e-01
3.115265e-02	-7.798673e-09	8.814719e-01
3.110420e-02	-7.132958e-09	8.773921e-01
3.105590e-02	-6.464072e-09	8.684971e-01
3.100775e-02	-5.794906e-09	8.555208e-01
3.095975e-02	-5.128404e-09	8.394436e-01
3.091190e-02	-4.467548e-09	8.213814e-01
3.086420e-02	-3.815254e-09	8.024474e-01
3.081664e-02	-3.174227e-09	7.836244e-01
3.076923e-02	-2.546833e-09	7.656826e-01
3.072197e-02	-1.935013e-09	7.491412e-01
3.067485e-02	-1.340241e-09	7.342643e-01
3.062787e-02	-7.635168e-10	7.210862e-01
3.058104e-02	-2.053782e-10	7.094611e-01
3.053435e-02	3.340618e-10	6.991294e-01
3.048780e-02	8.550631e-10	6.897904e-01
3.044140e-02	1.358184e-09	6.811665e-01
3.039514e-02	1.844193e-09	6.730468e-01
3.034901e-02	2.313967e-09	6.653066e-01
3.030303e-02	2.768407e-09	6.579050e-01
3.025719e-02	3.208375e-09	6.508717e-01
3.021148e-02	3.634666e-09	6.442905e-01
3.016591e-02	4.048029e-09	6.382836e-01
3.012048e-02	4.449210e-09	6.329983e-01
3.007519e-02	4.839007e-09	6.285948e-01
3.003003e-02	5.218283e-09	6.252364e-01
2.998501e-02	5.587867e-09	6.230836e-01
2.994012e-02	5.948299e-09	6.222963e-01
2.989537e-02	6.300045e-09	6.230229e-01
2.985075e-02	6.646326e-09	6.252843e-01
2.980626e-02	6.996956e-09	6.287594e-01
2.976190e-02	7.362765e-09	6.330026e-01
2.971768e-02	7.749048e-09	6.378699e-01
2.967359e-02	8.158575e-09	6.433230e-01
2.962963e-02	8.594283e-09	6.492031e-01
2.958580e-02	9.059138e-09	6.552671e-01
2.954210e-02	9.555364e-09	6.612719e-01
2.949853e-02	1.008380e-08	6.670275e-01
2.945508e-02	1.064347e-08	6.724174e-01
2.941176e-02	1.123136e-08	6.773932e-01
2.936858e-02	1.184238e-08	6.819526e-01
2.932551e-02	1.246961e-08	6.861110e-01
2.928258e-02	1.310468e-08	6.898790e-01
2.923977e-02	1.373830e-08	6.932531e-01
2.919708e-02	1.436091e-08	6.962184e-01
2.915452e-02	1.496329e-08	6.987595e-01
2.911208e-02	1.553720e-08	7.008722e-01
2.906977e-02	1.607585e-08	7.025660e-01
2.902758e-02	1.657438e-08	7.038565e-01
2.898551e-02	1.703004e-08	7.047465e-01
2.894356e-02	1.744236e-08	7.052005e-01
2.890173e-02	1.781316e-08	7.051212e-01
2.886003e-02	1.814629e-08	7.043387e-01
2.881844e-02	1.844742e-08	7.026222e-01
2.877698e-02	1.872347e-08	6.997204e-01
2.873563e-02	1.898207e-08	6.954244e-01
2.869440e-02	1.923090e-08	6.896335e-01
2.865330e-02	1.947704e-08	6.823970e-01
2.861230e-02	1.972655e-08	6.739164e-01
2.857143e-02	1.998417e-08	6.645064e-01
2.853067e-02	2.025316e-08	6.545343e-01
2.849003e-02	2.053549e-08	6.443594e-01
2.844950e-02	2.083192e-08	6.342900e-01
2.840909e-02	2.114228e-08	6.245615e-01
2.836879e-02	2.146570e-08	6.153337e-01
2.832861e-02	2.180082e-08	6.066994e-01
2.828854e-02	2.214595e-08	5.986986e-01
2.824859e-02	2.249924e-08	5.913334e-01
2.820874e-02	2.285875e-08	5.845808e-01
2.816901e-02	2.322255e-08	5.784030e-01
2.812940e-02	2.358878e-08	5.727548e-01
2.808989e-02	2.395564e-08	5.675890e-01
2.805049e-02	2.432146e-08	5.628592e-01
2.801120e-02	2.468470e-08	5.585220e-01
2.797203e-02	2.504396e-08	5.545381e-01
2.793296e-02	2.539798e-08	5.508724e-01
2.789400e-02	2.574564e-08	5.474944e-01
2.785515e-02	2.608595e-08	5.443772e-01
2.781641e-02	2.641809e-08	5.414980e-01
2.777778e-02	2.674132e-08	5.388371e-01
2.773925e-02	2.705506e-08	5.363775e-01
2.770083e-02	2.735882e-08	5.341047e-01
2.766252e-02	2.765223e-08	5.320062e-01
2.762431e-02	2.793499e-08	5.300712e-01
2.758621e-02	2.820692e-08	5.282901e-01
2.754821e-02	2.846786e-08	5.266547e-01
2.751032e-02	2.871777e-08	5.251574e-01
2.747253e-02	2.895662e-08	5.237916e-01
2.743484e-02	2.918444e-08	5.225513e-01
2.739726e-02	2.940129e-08	5.214309e-01
2.735978e-02	2.960727e-08	5.204252e-01
2.732240e-02	2.980247e-08	5.195296e-01
2.728513e-02	2.998702e-08	5.187396e-01
2.724796e-02	3.016102e-08	5.180510e-01
2.721088e-02	3.032461e-08	5.174600e-01
2.717391e-02	3.047789e-08	5.169628e-01
2.713704e-02	3.062094e-08	5.165560e-01
2.710027e-02	3.075386e-08	5.162364e-01
2.706360e-02	3.087669e-08	5.160009e-01
2.702703e-02	3.098948e-08	5.158466e-01
2.699055e-02	3.109222e-08	5.157707e-01
2.695418e-02	3.118490e-08	5.157708e-01
2.691790e-02	3.126748e-08	5.158444e-01
2.688172e-02	3.133986e-08	5.159893e-01
2.684564e-02	3.140193e-08	5.162032e-01
2.680965e-02	3.145357e-08	5.164843e-01
2.677376e-02	3.149460e-08	5.168307e-01
2.673797e-02	3.152482e-08	5.172404e-01
2.670227e-02	3.154400e-08	5.177119e-01
2.666667e-02	3.155189e-08	5.182434e-01
2.663116e-02	3.154822e-08	5.188335e-01
2.659574e-02	3.153267e-08	5.194806e-01
2.656042e-02	3.150494e-08	5.201832e-01
2.652520e-02	3.146469e-08	5.209398e-01
2.649007e-02	3.141156e-08	5.217492e-01
2.645503e-02	3.134519e-08	5.226098e-01
2.642008e-02	3.126522e-08	5.235201e-01
2.638522e-02	3.117128e-08	5.244788e-01
2.635046e-02	3.106299e-08	5.254843e-01
2.631579e-02	3.094000e-08	5.265350e-01
2.628121e-02	3.080195e-08	5.276292e-01
2.624672e-02	3.064851e-08	5.287649e-01
2.621232e-02	3.047937e-08	5.299401e-01
2.617801e-02	3.029423e-08	5.311522e-01
2.614379e-02	3.009285e-08	5.323987e-01
2.610966e-02	2.987501e-08	5.336763e-01
2.607562e-02	2.964054e-08	5.349816e-01
2.604167e-02	2.938931e-08	5.363108e-01
2.600780e-02	2.912127e-08	5.376599e-01
2.597403e-02	2.883640e-08	5.390252e-01
2.594034e-02	2.853478e-08	5.404028e-01
2.590674e-02	2.821651e-08	5.417895e-01
2.587322e-02	2.788183e-08	5.431827e-01
2.583979e-02	2.753099e-08	5.445802e-01
2.580645e-02	2.716438e-08	5.459804e-01
2.577320e-02	2.678244e-08	5.473819e-01
2.574003e-02	2.638570e-08	5.487838e-01
2.570694e-02	2.597478e-08	5.501850e-01
2.567394e-02	2.555037e-08	5.515843e-01
2.564103e-02	2.511327e-08	5.529807e-01
2.560819e-02	2.466434e-08	5.543729e-01
2.557545e-02	2.420452e-08	5.557596e-01
2.554278e-02	2.373483e-08	5.571398e-01
2.551020e-02	2.325635e-08	5.585123e-01
2.547771e-02	2.277023e-08	5.598764e-01
2.544529e-02	2.227767e-08	5.612313e-01
2.541296e-02	2.177992e-08	5.625768e-01
2.538071e-02	2.127827e-08	5.639130e-01
2.534854e-02	2.077403e-08	5.652404e-01
2.531646e-02	2.026854e-08	5.665599e-01
2.528445e-02	1.976315e-08	5.678730e-01
2.525253e-02	1.925921e-08	5.691817e-01
2.522068e-02	1.875807e-08	5.704884e-01
2.518892e-02	1.826104e-08	5.717963e-01
2.515723e-02	1.776940e-08	5.731090e-01
2.512563e-02	1.728440e-08	5.744307e-01
2.509410e-02	1.680721e-08	5.757660e-01
2.506266e-02	1.633896e-08	5.771199e-01
2.503129e-02	1.588067e-08	5.784975e-01
2.500000e-02	1.543326e-08	5.799036e-01
2.496879e-02	1.499754e-08	5.813422e-01
2.493766e-02	1.457416e-08	5.828157e-01
2.490660e-02	1.416363e-08	5.843241e-01
2.487562e-02	1.376629e-08	5.858640e-01
2.484472e-02	1.338225e-08	5.874271e-01
2.481390e-02	1.301147e-08	5.889999e-01
2.478315e-02	1.265369e-08	5.905630e-01
2.475248e-02	1.230854e-08	5.920919e-01
2.472188e-02	1.197550e-08	5.935584e-01
2.469136e-02	1.165405e-08	5.949343e-01
2.466091e-02	1.134372e-08	5.961942e-01
2.463054e-02	1.104417e-08	5.973199e-01
2.460025e-02	1.075522e-08	5.983025e-01
2.457002e-02	1.047693e-08	5.991437e-01
2.453988e-02	1.020952e-08	5.998552e-01
2.450980e-02	9.953340e-09	6.004563e-01
2.447980e-02	9.708799e-09	6.009709e-01
2.444988e-02	9.476259e-09	6.014251e-01
2.442002e-02	9.255970e-09	6.018442e-01
2.439024e-02	9.048006e-09	6.022515e-01
2.436054e-02	8.852223e-09	6.026675e-01
2.433090e-02	8.668254e-09	6.031088e-01
2.430134e-02	8.495506e-09	6.035888e-01
2.427184e-02	8.333184e-09	6.041174e-01
2.424242e-02	8.180322e-09	6.047012e-01
2.421308e-02	8.035818e-09	6.053436e-01
2.418380e-02	7.898482e-09	6.060450e-01
2.415459e-02	7.767073e-09	6.068032e-01
2.412545e-02	7.640347e-09	6.076136e-01
2.409639e-02	7.517091e-09	6.084696e-01
2.406739e-02	7.396154e-09	6.093635e-01
2.403846e-02	7.276469e-09	6.102860e-01
2.400960e-02	7.157060e-09	6.112272e-01
2.398082e-02	7.037050e-09	6.121759e-01
2.395210e-02	6.915659e-09	6.131199e-01
2.392344e-02	6.792199e-09	6.140461e-01
2.389486e-02	6.666068e-09	6.149413e-01
2.386635e-02	6.536753e-09	6.157923e-01
2.383790e-02	6.403819e-09	6.165873e-01
2.380952e-02	6.266908e-09	6.173160e-01
2.378121e-02	6.125739e-09	6.179713e-01
2.375297e-02	5.980103e-09	6.185496e-01
2.372479e-02	5.829860e-09	6.190529e-01
2.369668e-02	5.674943e-09	6.194898e-01
2.366864e-02	5.515353e-09	6.198779e-01
2.364066e-02	5.351165e-09	6.202451e-01
2.361275e-02	5.182527e-09	6.206297e-01
2.358491e-02	5.009657e-09	6.210748e-01
2.355713e-02	4.832811e-09	6.216070e-01
2.352941e-02	4.652221e-09	6.222002e-01
2.350176e-02	4.468051e-09	6.227645e-01
2.347418e-02	4.280436e-09	6.232209e-01
2.344666e-02	4.089595e-09	6.235958e-01
2.341920e-02	3.895879e-09	6.240120e-01
2.339181e-02	3.699739e-09	6.246109e-01
2.336449e-02	3.501672e-09	6.254773e-01
2.333722e-02	3.302212e-09	6.265574e-01
2.331002e-02	3.101978e-09	6.276124e-01
2.328289e-02	2.901683e-09	6.283677e-01
2.325581e-02	2.702039e-09	6.287689e-01
2.322880e-02	2.503679e-09	6.289766e-01
2.320186e-02	2.307173e-09	6.291704e-01
2.317497e-02	2.113043e-09	6.294545e-01
2.314815e-02	1.921778e-09	6.298706e-01
2.312139e-02	1.733870e-09	6.304167e-01
2.309469e-02	1.549818e-09	6.310803e-01
2.306805e-02	1.370096e-09	6.318446e-01
2.304147e-02	1.195111e-09	6.326843e-01
2.301496e-02	1.025179e-09	6.335645e-01
2.298851e-02	8.605242e-10	6.344552e-01
2.296211e-02	7.012979e-10	6.353427e-01
2.293578e-02	5.476127e-10	6.362260e-01
2.290951e-02	3.995657e-10	6.371108e-01
2.288330e-02	2.572486e-10	6.380071e-01
2.285714e-02	1.207489e-10	6.389306e-01
2.283105e-02	-9.838375e-12	6.399040e-01
2.280502e-02	-1.344067e-10	6.409551e-01
2.277904e-02	-2.528427e-10	6.421076e-01
2.275313e-02	-3.650260e-10	6.433546e-01
2.272727e-02	-4.708049e-10	6.446203e-01
2.270148e-02	-5.699795e-10	6.457718e-01
2.267574e-02	-6.623272e-10	6.467189e-01
2.265006e-02	-7.476487e-10	6.474902e-01
2.262443e-02	-8.257784e-10	6.481875e-01
2.259887e-02	-8.965705e-10	6.489036e-01
2.257336e-02	-9.598848e-10	6.496883e-01
2.254791e-02	-1.015580e-09	6.505536e-01
2.252252e-02	-1.063528e-09	6.514897e-01
2.249719e-02	-1.103632e-09	6.524789e-01
2.247191e-02	-1.135851e-09	6.535077e-01
2.244669e-02	-1.160208e-09	6.545686e-01
2.242152e-02	-1.176792e-09	6.556567e-01
2.239642e-02	-1.185752e-09	6.567684e-01
2.237136e-02	-1.187299e-09	6.579025e-01
2.234637e-02	-1.181687e-09	6.590592e-01
2.232143e-02	-1.169197e-09	6.602373e-01
2.229654e-02	-1.150130e-09	6.614344e-01
2.227171e-02	-1.124823e-09	6.626468e-01
2.224694e-02	-1.093650e-09	6.638718e-01
2.222222e-02	-1.057028e-09	6.651090e-01
2.219756e-02	-1.015401e-09	6.663607e-01
2.217295e-02	-9.692492e-10	6.676275e-01
2.214839e-02	-9.190853e-10	6.689078e-01
2.212389e-02	-8.654520e-10	6.702002e-01
2.209945e-02	-8.089124e-10	6.715050e-01
2.207506e-02	-7.500420e-10	6.728232e-01
2.205072e-02	-6.894269e-10	6.741557e-01
2.202643e-02	-6.276621e-10	6.755033e-01
2.200220e-02	-5.653491e-10	6.768666e-01
2.197802e-02	-5.030925e-10	6.782461e-01
2.195390e-02	-4.414974e-10	6.796426e-01
2.192982e-02	-3.811654e-10	6.810566e-01
2.190581e-02	-3.226898e-10	6.824891e-01
2.188184e-02	-2.666522e-10	6.839409e-01
2.185792e-02	-2.136191e-10	6.854127e-01
2.183406e-02	-1.641365e-10	6.869056e-01
2.181025e-02	-1.187293e-10	6.884203e-01
2.178649e-02	-7.789610e-11	6.899577e-01
2.176279e-02	-4.210659e-11	6.915184e-01
2.173913e-02	-1.179933e-11	6.931029e-01
2.171553e-02	1.262038e-11	6.947117e-01
2.169197e-02	3.078111e-11	6.963445e-01
2.166847e-02	4.234942e-11	6.980013e-01
2.164502e-02	4.702789e-11	6.996813e-01
2.162162e-02	4.455725e-11	7.013835e-01
2.159827e-02	3.471528e-11	7.031066e-01
2.157497e-02	1.731815e-11	7.048487e-01
2.155172e-02	-7.781843e-12	7.066078e-01
2.152853e-02	-4.069678e-11	7.083816e-01
2.150538e-02	-8.150412e-11	7.101676e-01
2.148228e-02	-1.302492e-10	7.119634e-01
2.145923e-02	-1.869466e-10	7.137665e-01
2.143623e-02	-2.515839e-10	7.155744e-01
2.141328e-02	-3.241230e-10	7.173851e-01
2.139037e-02	-4.045037e-10	7.191963e-01
2.136752e-02	-4.926470e-10	7.210062e-01
2.134472e-02	-5.884574e-10	7.228131e-01
2.132196e-02	-6.918278e-10	7.246151e-01
2.129925e-02	-8.026407e-10	7.264109e-01
2.127660e-02	-9.207726e-10	7.281988e-01
2.125399e-02	-1.046096e-09	7.299774e-01
2.123142e-02	-1.178484e-09	7.317451e-01
2.120891e-02	-1.317810e-09	7.335007e-01
2.118644e-02	-1.463953e-09	7.352428e-01
2.116402e-02	-1.616796e-09	7.369700e-01
2.114165e-02	-1.776236e-09	7.386812e-01
2.111932e-02	-1.942173e-09	7.403754e-01
2.109705e-02	-2.114523e-09	7.420514e-01
2.107482e-02	-2.293216e-09	7.437086e-01
2.105263e-02	-2.478194e-09	7.453460e-01
2.103049e-02	-2.669415e-09	7.469632e-01
2.100840e-02	-2.866853e-09	7.485595e-01
2.098636e-02	-3.070498e-09	7.501346e-01
2.096436e-02	-3.280355e-09	7.516883e-01
2.094241e-02	-3.496449e-09	7.532202e-01
2.092050e-02	-3.718816e-09	7.547304e-01
2.089864e-02	-3.947509e-09	7.562186e-01
2.087683e-02	-4.182593e-09	7.576849e-01
2.085506e-02	-4.424145e-09	7.591294e-01
2.083333e-02	-4.672250e-09	7.605522e-01
2.081165e-02	-4.926999e-09	7.619533e-01
2.079002e-02	-5.188487e-09	7.633330e-01
2.076843e-02	-5.456808e-09	7.646915e-01
2.074689e-02	-5.732048e-09	7.660290e-01
2.072539e-02	-6.014285e-09	7.673459e-01
2.070393e-02	-6.303583e-09	7.686424e-01
2.068252e-02	-6.599983e-09	7.699191e-01
2.066116e-02	-6.903502e-09	7.711764e-01
2.063983e-02	-7.214125e-09	7.724149e-01
2.061856e-02	-7.531801e-09	7.736353e-01
2.059732e-02	-7.856433e-09	7.748384e-01
2.057613e-02	-8.187880e-09	7.760249e-01
2.055498e-02	-8.525945e-09	7.771960e-01
2.053388e-02	-8.870378e-09	7.783527e-01
2.051282e-02	-9.220864e-09	7.794963e-01
2.049180e-02	-9.577027e-09	7.806281e-01
2.047083e-02	-9.938423e-09	7.817496e-01
2.044990e-02	-1.030454e-08	7.828625e-01
2.042901e-02	-1.067481e-08	7.839685e-01
2.040816e-02	-1.104858e-08	7.850693e-01
2.038736e-02	-1.142515e-08	7.861670e-01
2.036660e-02	-1.180374e-08	7.872636e-01
2.034588e-02	-1.218352e-08	7.883613e-01
2.032520e-02	-1.256361e-08	7.894621e-01
2.030457e-02	-1.294307e-08	7.905683e-01
2.028398e-02	-1.332094e-08	7.916822e-01
2.026342e-02	-1.369621e-08	7.928060e-01
2.024291e-02	-1.406782e-08	7.939419e-01
2.022245e-02	-1.443474e-08	7.950922e-01
2.020202e-02	-1.479588e-08	7.962589e-01
2.018163e-02	-1.515019e-08	7.974440e-01
2.016129e-02	-1.549660e-08	7.986495e-01
2.014099e-02	-1.583406e-08	7.998769e-01
2.012072e-02	-1.616154e-08	8.011279e-01
2.010050e-02	-1.647806e-08	8.024035e-01
2.008032e-02	-1.678267e-08	8.037048e-01
2.006018e-02	-1.707445e-08	8.050326e-01
2.004008e-02	-1.735257e-08	8.063871e-01
2.002002e-02	-1.761622e-08	8.077685e-01
2.000000e-02	-1.786468e-08	8.091766e-01
1.998002e-02	-1.809731e-08	8.106109e-01
1.996008e-02	-1.831350e-08	8.120705e-01
1.994018e-02	-1.851276e-08	8.135544e-01
1.992032e-02	-1.869465e-08	8.150613e-01
1.990050e-02	-1.885883e-08	8.165896e-01
1.988072e-02	-1.900500e-08	8.181375e-01
1.986097e-02	-1.913299e-08	8.197029e-01
1.984127e-02	-1.924266e-08	8.212838e-01
1.982161e-02	-1.933399e-08	8.228775e-01
1.980198e-02	-1.940699e-08	8.244816e-01
1.978239e-02	-1.946178e-08	8.260932e-01
1.976285e-02	-1.949852e-08	8.277095e-01
1.974334e-02	-1.951745e-08	8.293275e-01
1.972387e-02	-1.951888e-08	8.309442e-01
1.970443e-02	-1.950316e-08	8.325568e-01
1.968504e-02	-1.947069e-08	8.341624e-01
1.966568e-02	-1.942195e-08	8.357586e-01
1.964637e-02	-1.935744e-08	8.373432e-01
1.962709e-02	-1.927769e-08	8.389144e-01
1.960784e-02	-1.918329e-08	8.404709e-01
1.958864e-02	-1.907484e-08	8.420121e-01
1.956947e-02	-1.895299e-08	8.435379e-01
1.955034e-02	-1.881837e-08	8.450488e-01
1.953125e-02	-1.867167e-08	8.465463e-01
1.951220e-02	-1.851356e-08	8.480324e-01
1.949318e-02	-1.834474e-08	8.495097e-01
1.947420e-02	-1.816589e-08	8.509818e-01
1.945525e-02	-1.797773e-08	8.524527e-01
1.943635e-02	-1.778095e-08	8.539270e-01
1.941748e-02	-1.757624e-08	8.554098e-01
1.939864e-02	-1.736430e-08	8.569068e-01
1.937984e-02	-1.714583e-08	8.584239e-01
1.936108e-02	-1.692148e-08	8.599671e-01
1.934236e-02	-1.669195e-08	8.615428e-01
1.932367e-02	-1.645790e-08	8.631574e-01
1.930502e-02	-1.621996e-08	8.648171e-01
1.928640e-02	-1.597879e-08	8.665281e-01
1.926782e-02	-1.573501e-08	8.682965e-01
1.924928e-02	-1.548923e-08	8.701279e-01
1.923077e-02	-1.524204e-08	8.720278e-01
1.921230e-02	-1.499402e-08	8.740011e-01
1.919386e-02	-1.474571e-08	8.760525e-01
1.917546e-02	-1.449765e-08	8.781860e-01
1.915709e-02	-1.425034e-08	8.804053e-01
1.913876e-02	-1.400426e-08	8.827136e-01
1.912046e-02	-1.375986e-08	8.851134e-01
1.910220e-02	-1.351755e-08	8.876068e-01
1.908397e-02	-1.327772e-08	8.901954e-01
1.906578e-02	-1.304072e-08	8.928803e-01
1.904762e-02	-1.280687e-08	8.956621e-01
1.902950e-02	-1.257643e-08	8.985409e-01
1.901141e-02	-1.234965e-08	9.015163e-01
1.899335e-02	-1.212673e-08	9.045877e-01
1.897533e-02	-1.190782e-08	9.077540e-01
1.895735e-02	-1.169304e-08	9.110137e-01
1.893939e-02	-1.148246e-08	9.143653e-01
1.892148e-02	-1.127611e-08	9.178068e-01
1.890359e-02	-1.107400e-08	9.213362e-01
1.888574e-02	-1.087607e-08	9.249512e-01
1.886792e-02	-1.068225e-08	9.286496e-01
1.885014e-02	-1.049239e-08	9.324291e-01
1.883239e-02	-1.030635e-08	9.362872e-01
1.881468e-02	-1.012392e-08	9.402218e-01
1.879699e-02	-9.944873e-09	9.442306e-01
1.877934e-02	-9.768944e-09	9.483115e-01
1.876173e-02	-9.595835e-09	9.524625e-01
1.874414e-02	-9.425222e-09	9.566820e-01
1.872659e-02	-9.256752e-09	9.609683e-01
1.870907e-02	-9.090048e-09	9.653202e-01
1.869159e-02	-8.924709e-09	9.697367e-01
1.867414e-02	-8.760314e-09	9.742171e-01
1.865672e-02	-8.596422e-09	9.787612e-01
1.863933e-02	-8.432577e-09	9.833690e-01
1.862197e-02	-8.268306e-09	9.880410e-01
1.860465e-02	-8.103125e-09	9.927781e-01
1.858736e-02	-7.936540e-09	9.975817e-01
1.857010e-02	-7.768046e-09	1.002453e+00
1.855288e-02	-7.597134e-09	1.007396e+00
1.853568e-02	-7.423286e-09	1.012411e+00
1.851852e-02	-7.245985e-09	1.017503e+00
1.850139e-02	-7.064710e-09	1.022674e+00
1.848429e-02	-6.878940e-09	1.027929e+00
1.846722e-02	-6.688156e-09	1.033271e+00
1.845018e-02	-6.491841e-09	1.038705e+00
1.843318e-02	-6.289485e-09	1.044236e+00
1.841621e-02	-6.080583e-09	1.049868e+00
1.839926e-02	-5.864637e-09	1.055607e+00
1.838235e-02	-5.641160e-09	1.061456e+00
1.836547e-02	-5.409676e-09	1.067422e+00
1.834862e-02	-5.169723e-09	1.073510e+00
1.833181e-02	-4.920853e-09	1.079723e+00
1.831502e-02	-4.662639e-09	1.086066e+00
1.829826e-02	-4.394673e-09	1.092543e+00
1.828154e-02	-4.116569e-09	1.099159e+00
1.826484e-02	-3.827969e-09	1.105915e+00
1.824818e-02	-3.528545e-09	1.112815e+00
1.823154e-02	-3.218003e-09	1.119859e+00
1.821494e-02	-2.896082e-09	1.127049e+00
1.819836e-02	-2.562569e-09	1.134385e+00
1.818182e-02	-2.217292e-09	1.141865e+00
1.816530e-02	-1.860132e-09	1.149486e+00
1.814882e-02	-1.491024e-09	1.157246e+00
1.813237e-02	-1.109966e-09	1.165139e+00
1.811594e-02	-7.170191e-10	1.173159e+00
1.809955e-02	-3.123170e-10	1.181299e+00
1.808318e-02	1.039314e-10	1.189548e+00
1.806685e-02	5.314359e-10	1.197898e+00
1.805054e-02	9.698211e-10	1.206335e+00
1.803427e-02	1.418622e-09	1.214848e+00
1.801802e-02	1.877281e-09	1.223421e+00
1.800180e-02	2.345145e-09	1.232041e+00
1.798561e-02	2.821462e-09	1.240689e+00
1.796945e-02	3.305383e-09	1.249350e+00
1.795332e-02	3.795961e-09	1.258005e+00
1.793722e-02	4.292151e-09	1.266636e+00
1.792115e-02	4.792818e-09	1.275223e+00
1.790510e-02	5.296735e-09	1.283748e+00
1.788909e-02	5.802592e-09	1.292191e+00
1.787310e-02	6.309004e-09	1.300532e+00
1.785714e-02	6.814519e-09	1.308752e+00
1.784121e-02	7.317627e-09	1.316831e+00
1.782531e-02	7.816772e-09	1.324752e+00
1.780944e-02	8.310368e-09	1.332495e+00
1.779359e-02	8.796807e-09	1.340044e+00
1.777778e-02	9.274481e-09	1.347382e+00
1.776199e-02	9.741792e-09	1.354494e+00
1.774623e-02	1.019717e-08	1.361365e+00
1.773050e-02	1.063910e-08	1.367982e+00
1.771479e-02	1.106613e-08	1.374333e+00
1.769912e-02	1.147686e-08	1.380408e+00
1.768347e-02	1.187004e-08	1.386198e+00
1.766784e-02	1.224449e-08	1.391694e+00
1.765225e-02	1.259918e-08	1.396890e+00
1.763668e-02	1.293322e-08	1.401780e+00
1.762115e-02	1.324587e-08	1.406363e+00
1.760563e-02	1.353655e-08	1.410634e+00
1.759015e-02	1.380486e-08	1.414595e+00
1.757469e-02	1.405056e-08	1.418246e+00
1.755926e-02	1.427361e-08	1.421591e+00
1.754386e-02	1.447412e-08	1.424635e+00
1.752848e-02	1.465240e-08	1.427386e+00
1.751313e-02	1.480889e-08	1.429852e+00
1.749781e-02	1.494421e-08	1.432045e+00
1.748252e-02	1.505913e-08	1.433978e+00
1.746725e-02	1.515452e-08	1.435667e+00
1.745201e-02	1.523141e-08	1.437128e+00
1.743679e-02	1.529088e-08	1.438379e+00
1.742160e-02	1.533413e-08	1.439442e+00
1.740644e-02	1.536242e-08	1.440336e+00
1.739130e-02	1.537703e-08	1.441084e+00
1.737619e-02	1.537930e-08	1.441709e+00
1.736111e-02	1.537057e-08	1.442233e+00
1.734605e-02	1.535216e-08	1.442680e+00
1.733102e-02	1.532539e-08	1.443074e+00
1.731602e-02	1.529154e-08	1.443437e+00
1.730104e-02	1.525183e-08	1.443792e+00
1.728608e-02	1.520743e-08	1.444163e+00
1.727116e-02	1.515943e-08	1.444571e+00
1.725626e-02	1.510886e-08	1.445038e+00
1.724138e-02	1.505664e-08	1.445586e+00
1.722653e-02	1.500360e-08	1.446235e+00
1.721170e-02	1.495050e-08	1.447005e+00
1.719690e-02	1.489796e-08	1.447915e+00
1.718213e-02	1.484654e-08	1.448984e+00
1.716738e-02	1.479668e-08	1.450229e+00
1.715266e-02	1.474871e-08	1.451664e+00
1.713796e-02	1.470289e-08	1.453304e+00
1.712329e-02	1.465938e-08	1.455161e+00
1.710864e-02	1.461825e-08	1.457244e+00
1.709402e-02	1.457951e-08	1.459560e+00
1.707942e-02	1.454308e-08	1.462115e+00
1.706485e-02	1.450884e-08	1.464908e+00
1.705030e-02	1.447659e-08	1.467937e+00
1.703578e-02	1.444611e-08	1.471197e+00
1.702128e-02	1.441714e-08	1.474678e+00
1.700680e-02	1.438942e-08	1.478366e+00
1.699235e-02	1.436264e-08	1.482243e+00
1.697793e-02	1.433652e-08	1.486289e+00
1.696353e-02	1.431079e-08	1.490479e+00
1.694915e-02	1.428520e-08	1.494786e+00
1.693480e-02	1.425952e-08	1.499181e+00
1.692047e-02	1.423357e-08	1.503632e+00
1.690617e-02	1.420721e-08	1.508108e+00
1.689189e-02	1.418037e-08	1.512577e+00
1.687764e-02	1.415303e-08	1.517012e+00
1.686341e-02	1.412522e-08	1.521384e+00
1.684920e-02	1.409705e-08	1.525672e+00
1.683502e-02	1.406870e-08	1.529857e+00
1.682086e-02	1.404039e-08	1.533929e+00
1.680672e-02	1.401243e-08	1.537881e+00
1.679261e-02	1.398517e-08	1.541716e+00
1.677852e-02	1.395902e-08	1.545443e+00
1.676446e-02	1.393444e-08	1.549077e+00
1.675042e-02	1.391193e-08	1.552642e+00
1.673640e-02	1.389204e-08	1.556166e+00
1.672241e-02	1.387532e-08	1.559683e+00
1.670844e-02	1.386236e-08	1.563231e+00
1.669449e-02	1.385376e-08	1.566851e+00
1.668057e-02	1.385014e-08	1.570585e+00
1.666667e-02	1.385209e-08	1.574476e+00
1.665279e-02	1.386023e-08	1.578566e+00
1.663894e-02	1.387514e-08	1.582896e+00
1.662510e-02	1.389740e-08	1.587502e+00
1.661130e-02	1.392754e-08	1.592417e+00
1.659751e-02	1.396608e-08	1.597668e+00
1.658375e-02	1.401350e-08	1.603276e+00
1.657001e-02	1.407023e-08	1.609256e+00
1.655629e-02	1.413666e-08	1.615614e+00
1.654260e-02	1.421315e-08	1.622349e+00
1.652893e-02	1.429997e-08	1.629452e+00
1.651528e-02	1.439738e-08	1.636904e+00
1.650165e-02	1.450554e-08	1.644680e+00
1.648805e-02	1.462459e-08	1.652743e+00
1.647446e-02	1.475457e-08	1.661053e+00
1.646091e-02	1.489550e-08	1.669558e+00
1.644737e-02	1.504730e-08	1.678205e+00
1.643385e-02	1.520987e-08	1.686933e+00
1.642036e-02	1.538301e-08	1.695678e+00
1.640689e-02	1.556647e-08	1.704376e+00
1.639344e-02	1.575995e-08	1.712962e+00
1.638002e-02	1.596309e-08	1.721373e+00
1.636661e-02	1.617544e-08	1.729549e+00
1.635323e-02	1.639653e-08	1.737436e+00
1.633987e-02	1.662581e-08	1.744984e+00
1.632653e-02	1.686267e-08	1.752152e+00
1.631321e-02	1.710645e-08	1.758903e+00
1.629992e-02	1.735644e-08	1.765211e+00
1.628664e-02	1.761188e-08	1.771055e+00
1.627339e-02	1.787195e-08	1.776420e+00
1.626016e-02	1.813579e-08	1.781298e+00
1.624695e-02	1.840251e-08	1.785688e+00
1.623377e-02	1.867117e-08	1.789589e+00
1.622060e-02	1.894082e-08	1.793007e+00
1.620746e-02	1.921047e-08	1.795948e+00
1.619433e-02	1.947913e-08	1.798420e+00
1.618123e-02	1.974581e-08	1.800433e+00
1.616815e-02	2.000951e-08	1.801995e+00
1.615509e-02	2.026925e-08	1.803116e+00
1.614205e-02	2.052406e-08	1.803802e+00
1.612903e-02	2.077299e-08	1.804063e+00
1.611604e-02	2.101514e-08	1.803905e+00
1.610306e-02	2.124962e-08	1.803336e+00
1.609010e-02	2.147558e-08	1.802362e+00
1.607717e-02	2.169220e-08	1.800990e+00
1.606426e-02	2.189871e-08	1.799229e+00
1.605136e-02	2.209436e-08	1.797088e+00
1.603849e-02	2.227842e-08	1.794578e+00
1.602564e-02	2.245019e-08	1.791710e+00
1.601281e-02	2.260898e-08	1.788500e+00
1.600000e-02	2.275413e-08	1.784964e+00
1.598721e-02	2.288498e-08	1.781121e+00
1.597444e-02	2.300087e-08	1.776993e+00
1.596169e-02	2.310114e-08	1.772605e+00
1.594896e-02	2.318513e-08	1.767983e+00
1.593625e-02	2.325219e-08	1.763156e+00
1.592357e-02	2.330164e-08	1.758154e+00
1.591090e-02	2.333281e-08	1.753010e+00
1.589825e-02	2.334506e-08	1.747757e+00
1.588562e-02	2.333771e-08	1.742429e+00
1.587302e-02	2.331012e-08	1.737060e+00
1.586043e-02	2.326167e-08	1.731682e+00
1.584786e-02	2.319174e-08	1.726329e+00
1.583531e-02	2.309978e-08	1.721031e+00
1.582278e-02	2.298526e-08	1.715817e+00
1.581028e-02	2.284769e-08	1.710712e+00
1.579779e-02	2.268666e-08	1.705742e+00
1.578532e-02	2.250181e-08	1.700926e+00
1.577287e-02	2.229286e-08	1.696284e+00
1.576044e-02	2.205960e-08	1.691831e+00
1.574803e-02	2.180191e-08	1.687578e+00
1.573564e-02	2.151975e-08	1.683537e+00
1.572327e-02	2.121319e-08	1.679715e+00
1.571092e-02	2.088237e-08	1.676116e+00
1.569859e-02	2.052755e-08	1.672743e+00
1.568627e-02	2.014907e-08	1.669598e+00
1.567398e-02	1.974737e-08	1.666678e+00
1.566171e-02	1.932299e-08	1.663983e+00
1.564945e-02	1.887656e-08	1.661507e+00
1.563722e-02	1.840880e-08	1.659245e+00
1.562500e-02	1.792054e-08	1.657192e+00
1.561280e-02	1.741267e-08	1.655340e+00
1.560062e-02	1.688616e-08	1.653682e+00
1.558846e-02	1.634206e-08	1.652207e+00
1.557632e-02	1.578149e-08	1.650908e+00
1.556420e-02	1.520561e-08	1.649774e+00
1.555210e-02	1.461566e-08	1.648794e+00
1.554002e-02	1.401288e-08	1.647958e+00
1.552795e-02	1.339854e-08	1.647255e+00
1.551590e-02	1.277393e-08	1.646674e+00
1.550388e-02	1.214034e-08	1.646201e+00
1.549187e-02	1.149903e-08	1.645828e+00
1.547988e-02	1.085122e-08	1.645541e+00
1.546790e-02	1.019810e-08	1.645330e+00
1.545595e-02	9.540816e-09	1.645185e+00
1.544402e-02	8.880439e-09	1.645098e+00
1.543210e-02	8.217991e-09	1.645061e+00
1.542020e-02	7.554439e-09	1.645067e+00
1.540832e-02	6.890700e-09	1.645113e+00
1.539646e-02	6.227660e-09	1.645197e+00
1.538462e-02	5.566186e-09	1.645317e+00
1.537279e-02	4.907152e-09	1.645476e+00
1.536098e-02	4.251450e-09	1.645678e+00
1.534919e-02	3.600024e-09	1.645930e+00
1.533742e-02	2.953880e-09	1.646231e+00
1.532567e-02	2.314105e-09	1.646591e+00
1.531394e-02	1.681879e-09	1.647015e+00
1.530222e-02	1.058480e-09	1.647506e+00
1.529052e-02	4.452758e-10	1.648065e+00
1.527884e-02	-1.562774e-10	1.648687e+00
1.526718e-02	-7.446578e-10	1.649366e+00
1.525553e-02	-1.318299e-09	1.650087e+00
1.524390e-02	-1.875621e-09	1.650833e+00
1.523229e-02	-2.415057e-09	1.651580e+00
1.522070e-02	-2.935095e-09	1.652298e+00
1.520913e-02	-3.434305e-09	1.652954e+00
1.519757e-02	-3.911383e-09	1.653510e+00
1.518603e-02	-4.365171e-09	1.653929e+00
1.517451e-02	-4.794695e-09	1.654171e+00
1.516300e-02	-5.199182e-09	1.654200e+00
1.515152e-02	-5.578080e-09	1.653980e+00
1.514005e-02	-5.931072e-09	1.653485e+00
1.512859e-02	-6.258078e-09	1.652690e+00
1.511716e-02	-6.559257e-09	1.651580e+00
1.510574e-02	-6.835004e-09	1.650148e+00
1.509434e-02	-7.085935e-09	1.648395e+00
1.508296e-02	-7.312876e-09	1.646327e+00
1.507159e-02	-7.516840e-09	1.643960e+00
1.506024e-02	-7.699009e-09	1.641316e+00
1.504891e-02	-7.860701e-09	1.638421e+00
1.503759e-02	-8.003355e-09	1.635305e+00
1.502630e-02	-8.128490e-09	1.632000e+00
1.501502e-02	-8.237687e-09	1.628543e+00
1.500375e-02	-8.332555e-09	1.624967e+00
1.499250e-02	-8.414701e-09	1.621308e+00
1.498127e-02	-8.485711e-09	1.617599e+00
1.497006e-02	-8.547115e-09	1.613871e+00
1.495886e-02	-8.600369e-09	1.610155e+00
1.494768e-02	-8.646830e-09	1.606476e+00
1.493652e-02	-8.687737e-09	1.602859e+00
1.492537e-02	-8.724191e-09	1.599326e+00
1.491424e-02	-8.757142e-09	1.595895e+00
1.490313e-02	-8.787371e-09	1.592582e+00
1.489203e-02	-8.815482e-09	1.589400e+00
1.488095e-02	-8.841889e-09	1.586361e+00
1.486989e-02	-8.866812e-09	1.583473e+00
1.485884e-02	-8.890267e-09	1.580743e+00
1.484781e-02	-8.912070e-09	1.578173e+00
1.483680e-02	-8.931831e-09	1.575766e+00
1.482580e-02	-8.948963e-09	1.573522e+00
1.481481e-02	-8.962681e-09	1.571437e+00
1.480385e-02	-8.972018e-09	1.569506e+00
1.479290e-02	-8.975835e-09	1.567722e+00
1.478197e-02	-8.972842e-09	1.566076e+00
1.477105e-02	-8.961618e-09	1.564557e+00
1.476015e-02	-8.940639e-09	1.563152e+00
1.474926e-02	-8.908315e-09	1.561845e+00
1.473839e-02	-8.863016e-09	1.560622e+00
1.472754e-02	-8.803125e-09	1.559466e+00
1.471670e-02	-8.727074e-09	1.558358e+00
1.470588e-02	-8.633393e-09	1.557283e+00
1.469508e-02	-8.520755e-09	1.556223e+00
1.468429e-02	-8.388025e-09	1.555163e+00
1.467351e-02	-8.234300e-09	1.554087e+00
1.466276e-02	-8.058953e-09	1.552984e+00
1.465201e-02	-7.861659e-09	1.551842e+00
1.464129e-02	-7.642429e-09	1.550652e+00
1.463058e-02	-7.401621e-09	1.549407e+00
1.461988e-02	-7.139952e-09	1.548104e+00
1.460920e-02	-6.858495e-09	1.546739e+00
1.459854e-02	-6.558666e-09	1.545311e+00
1.458789e-02	-6.242207e-09	1.543822e+00
1.457726e-02	-5.911152e-09	1.542272e+00
1.456664e-02	-5.567797e-09	1.540664e+00
1.455604e-02	-5.214653e-09	1.539000e+00
1.454545e-02	-4.854403e-09	1.537283e+00
1.453488e-02	-4.489848e-09	1.535517e+00
1.452433e-02	-4.123861e-09	1.533702e+00
1.451379e-02	-3.759333e-09	1.531841e+00
1.450326e-02	-3.399122e-09	1.529936e+00
1.449275e-02	-3.046003e-09	1.527988e+00
1.448226e-02	-2.702628e-09	1.525997e+00
1.447178e-02	-2.371480e-09	1.523965e+00
1.446132e-02	-2.054836e-09	1.521894e+00
1.445087e-02	-1.754740e-09	1.519785e+00
1.444043e-02	-1.472977e-09	1.517641e+00
1.443001e-02	-1.211052e-09	1.515466e+00
1.441961e-02	-9.701821e-10	1.513265e+00
1.440922e-02	-7.512900e-10	1.511043e+00
1.439885e-02	-5.550069e-10	1.508810e+00
1.438849e-02	-3.816819e-10	1.506572e+00
1.437815e-02	-2.313935e-10	1.504341e+00
1.436782e-02	-1.039707e-10	1.502127e+00
1.435750e-02	9.842242e-13	1.499943e+00
1.434720e-02	8.407096e-11	1.497801e+00
1.433692e-02	1.460612e-10	1.495714e+00
1.432665e-02	1.878711e-10	1.493695e+00
1.431639e-02	2.105328e-10	1.491758e+00
1.430615e-02	2.151643e-10	1.489914e+00
1.429593e-02	2.029447e-10	1.488178e+00
1.428571e-02	1.750903e-10	1.486558e+00
1.427552e-02	1.328319e-10	1.485067e+00
1.426534e-02	7.739701e-11	1.483714e+00
1.425517e-02	9.992910e-12	1.482506e+00
1.424501e-02	-6.820331e-11	1.481453e+00
1.423488e-02	-1.560568e-10	1.480559e+00
1.422475e-02	-2.524803e-10	1.479831e+00
1.421464e-02	-3.564381e-10	1.479271e+00
1.420455e-02	-4.669500e-10	1.478884e+00
1.419446e-02	-5.830880e-10	1.478672e+00
1.418440e-02	-7.039781e-10	1.478635e+00
1.417434e-02	-8.287949e-10	1.478774e+00
1.416431e-02	-9.567586e-10	1.479088e+00
1.415428e-02	-1.087131e-09	1.479575e+00
1.414427e-02	-1.219208e-09	1.480234e+00
1.413428e-02	-1.352317e-09	1.481060e+00
1.412429e-02	-1.485812e-09	1.482051e+00
1.411433e-02	-1.619065e-09	1.483201e+00
1.410437e-02	-1.751465e-09	1.484503e+00
1.409443e-02	-1.882412e-09	1.485952e+00
1.408451e-02	-2.011315e-09	1.487540e+00
1.407460e-02	-2.137585e-09	1.489259e+00
1.406470e-02	-2.260640e-09	1.491102e+00
1.405481e-02	-2.379899e-09	1.493057e+00
1.404494e-02	-2.494783e-09	1.495115e+00
1.403509e-02	-2.604716e-09	1.497265e+00
1.402525e-02	-2.709128e-09	1.499495e+00
1.401542e-02	-2.807455e-09	1.501793e+00
1.400560e-02	-2.899146e-09	1.504148e+00
1.399580e-02	-2.983664e-09	1.506546e+00
1.398601e-02	-3.060494e-09	1.508975e+00
1.397624e-02	-3.129148e-09	1.511422e+00
1.396648e-02	-3.189167e-09	1.513874e+00
1.395673e-02	-3.240135e-09	1.516319e+00
1.394700e-02	-3.281678e-09	1.518745e+00
1.393728e-02	-3.313474e-09	1.521141e+00
1.392758e-02	-3.335261e-09	1.523495e+00
1.391788e-02	-3.346837e-09	1.525799e+00
1.390821e-02	-3.348070e-09	1.528044e+00
1.389854e-02	-3.338900e-09	1.530221e+00
1.388889e-02	-3.319344e-09	1.532325e+00
1.387925e-02	-3.289494e-09	1.534349e+00
1.386963e-02	-3.249525e-09	1.536291e+00
1.386001e-02	-3.199688e-09	1.538148e+00
1.385042e-02	-3.140312e-09	1.539917e+00
1.384083e-02	-3.071804e-09	1.541600e+00
1.383126e-02	-2.994640e-09	1.543196e+00
1.382170e-02	-2.909360e-09	1.544708e+00
1.381215e-02	-2.816568e-09	1.546139e+00
1.380262e-02	-2.716920e-09	1.547494e+00
1.379310e-02	-2.611116e-09	1.548777e+00
1.378360e-02	-2.499895e-09	1.549994e+00
1.377410e-02	-2.384023e-09	1.551152e+00
1.376462e-02	-2.264283e-09	1.552258e+00
1.375516e-02	-2.141473e-09	1.553321e+00
1.374570e-02	-2.016386e-09	1.554349e+00
1.373626e-02	-1.889810e-09	1.555350e+00
1.372684e-02	-1.762515e-09	1.556335e+00
1.371742e-02	-1.635248e-09	1.557313e+00
1.370802e-02	-1.508721e-09	1.558294e+00
1.369863e-02	-1.383612e-09	1.559290e+00
1.368925e-02	-1.260555e-09	1.560312e+00
1.367989e-02	-1.140133e-09	1.561371e+00
1.367054e-02	-1.022883e-09	1.562480e+00
1.366120e-02	-9.092845e-10	1.563651e+00
1.365188e-02	-7.997647e-10	1.564896e+00
1.364256e-02	-6.946944e-10	1.566229e+00
1.363327e-02	-5.943900e-10	1.567664e+00
1.362398e-02	-4.991142e-10	1.569216e+00
1.361470e-02	-4.090778e-10	1.570898e+00
1.360544e-02	-3.244435e-10	1.572727e+00
1.359619e-02	-2.453267e-10	1.574717e+00
1.358696e-02	-1.718014e-10	1.576886e+00
1.357773e-02	-1.039028e-10	1.579249e+00
1.356852e-02	-4.163010e-11	1.581825e+00
1.355932e-02	1.504642e-11	1.584630e+00
1.355014e-02	6.618446e-11	1.587684e+00
1.354096e-02	1.118638e-10	1.591006e+00
1.353180e-02	1.521832e-10	1.594616e+00
1.352265e-02	1.872572e-10	1.598533e+00
1.351351e-02	2.172122e-10	1.602780e+00
1.350439e-02	2.421834e-10	1.607379e+00
1.349528e-02	2.623127e-10	1.612352e+00
1.348618e-02	2.777462e-10	1.617722e+00
1.347709e-02	2.886322e-10	1.623516e+00
1.346801e-02	2.951194e-10	1.629757e+00
1.345895e-02	2.973567e-10	1.636473e+00
1.344990e-02	2.954911e-10	1.643691e+00
1.344086e-02	2.896689e-10	1.651439e+00
1.343183e-02	2.800329e-10	1.659747e+00
1.342282e-02	2.667258e-10	1.668644e+00
1.341382e-02	2.498887e-10	1.678163e+00
1.340483e-02	2.296624e-10	1.688336e+00
1.339585e-02	2.061874e-10	1.699195e+00
1.338688e-02	1.796066e-10	1.710776e+00
1.337793e-02	1.500657e-10	1.723113e+00
1.336898e-02	1.177152e-10	1.736243e+00
1.336005e-02	8.271085e-11	1.750202e+00
1.335113e-02	4.521667e-11	1.765028e+00
1.334223e-02	5.406401e-12	1.780760e+00
1.333333e-02	-3.653589e-11	1.797437e+00
1.332445e-02	-8.041249e-11	1.815100e+00
1.331558e-02	-1.260106e-10	1.833789e+00
1.330672e-02	-1.731023e-10	1.853546e+00
1.329787e-02	-2.214400e-10	1.874415e+00
1.328904e-02	-2.707573e-10	1.896439e+00
1.328021e-02	-3.207652e-10	1.919663e+00
1.327140e-02	-3.711531e-10	1.944134e+00
1.326260e-02	-4.215850e-10	1.969898e+00
1.325381e-02	-4.716995e-10	1.997006e+00
1.324503e-02	-5.211070e-10	2.025509e+00
1.323627e-02	-5.693889e-10	2.055459e+00
1.322751e-02	-6.160964e-10	2.086911e+00
1.321877e-02	-6.607474e-10	2.119923e+00
1.321004e-02	-7.028260e-10	2.154553e+00
1.320132e-02	-7.417798e-10	2.190864e+00
1.319261e-02	-7.770176e-10	2.228918e+00
1.318392e-02	-8.079078e-10	2.268782e+00
1.317523e-02	-8.337759e-10	2.310522e+00
1.316656e-02	-8.539032e-10	2.354204e+00
1.315789e-02	-8.675245e-10	2.399896e+00
1.314924e-02	-8.738280e-10	2.447661e+00
1.314060e-02	-8.719551e-10	2.497560e+00
1.313198e-02	-8.610010e-10	2.549643e+00
1.312336e-02	-8.400186e-10	2.603951e+00
1.311475e-02	-8.080208e-10	2.660506e+00
1.310616e-02	-7.639873e-10	2.719308e+00
1.309758e-02	-7.068721e-10	2.780324e+00
1.308901e-02	-6.356109e-10	2.843480e+00
1.308044e-02	-5.491331e-10	2.908653e+00
1.307190e-02	-4.463709e-10	2.975657e+00
1.306336e-02	-3.262707e-10	3.044233e+00
1.305483e-02	-1.878041e-10	3.114042e+00
1.304631e-02	-2.997726e-11	3.184660e+00
1.303781e-02	1.481622e-10	3.255577e+00
1.302932e-02	3.475185e-10	3.326200e+00
1.302083e-02	5.689463e-10	3.395872e+00
1.301236e-02	8.132517e-10	3.463890e+00
1.300390e-02	1.081197e-09	3.529535e+00
1.299545e-02	1.373508e-09	3.592105e+00
1.298701e-02	1.690888e-09	3.650951e+00
1.297859e-02	2.034031e-09	3.705513e+00
1.297017e-02	2.403639e-09	3.755346e+00
1.296176e-02	2.800441e-09	3.800146e+00
1.295337e-02	3.225209e-09	3.839758e+00
1.294498e-02	3.678771e-09	3.874179e+00
1.293661e-02	4.162017e-09	3.903556e+00
1.292825e-02	4.675884e-09	3.928171e+00
1.291990e-02	5.221324e-09	3.948423e+00
1.291156e-02	5.799231e-09	3.964810e+00
1.290323e-02	6.410316e-09	3.977899e+00
1.289491e-02	7.054919e-09	3.988297e+00
1.288660e-02	7.732740e-09	3.996612e+00
1.287830e-02	8.442476e-09	4.003404e+00
1.287001e-02	9.181392e-09	4.009128e+00
1.286174e-02	9.944846e-09	4.014070e+00
1.285347e-02	1.072585e-08	4.018292e+00
1.284522e-02	1.151475e-08	4.021599e+00
1.283697e-02	1.229920e-08	4.023542e+00
1.282874e-02	1.306447e-08	4.023473e+00
1.282051e-02	1.379416e-08	4.020660e+00
1.281230e-02	1.447134e-08	4.014429e+00
1.280410e-02	1.507986e-08	4.004312e+00
1.279591e-02	1.560570e-08	3.990160e+00
1.278772e-02	1.603809e-08	3.972196e+00
1.277955e-02	1.637028e-08	3.950985e+00
1.277139e-02	1.659974e-08	3.927363e+00
1.276324e-02	1.672803e-08	3.902317e+00
1.275510e-02	1.676025e-08	3.876860e+00
1.274697e-02	1.670429e-08	3.851927e+00
1.273885e-02	1.657000e-08	3.828284e+00
1.273074e-02	1.636840e-08	3.806481e+00
1.272265e-02	1.611096e-08	3.786819e+00
1.271456e-02	1.580904e-08	3.769347e+00
1.270648e-02	1.547347e-08	3.753876e+00
1.269841e-02	1.511422e-08	3.740003e+00
1.269036e-02	1.474028e-08	3.727151e+00
1.268231e-02	1.435955e-08	3.714609e+00
1.267427e-02	1.397884e-08	3.701579e+00
1.266624e-02	1.360388e-08	3.687226e+00
1.265823e-02	1.323941e-08	3.670728e+00
1.265022e-02	1.288928e-08	3.651323e+00
1.264223e-02	1.255649e-08	3.628348e+00
1.263424e-02	1.224336e-08	3.601275e+00
1.262626e-02	1.195155e-08	3.569736e+00
1.261830e-02	1.168219e-08	3.533535e+00
1.261034e-02	1.143597e-08	3.492651e+00
1.260239e-02	1.121315e-08	3.447230e+00
1.259446e-02	1.101370e-08	3.397571e+00
1.258653e-02	1.083731e-08	3.344096e+00
1.257862e-02	1.068346e-08	3.287327e+00
1.257071e-02	1.055145e-08	3.227855e+00
1.256281e-02	1.044046e-08	3.166307e+00
1.255493e-02	1.034956e-08	3.103324e+00
1.254705e-02	1.027777e-08	3.039530e+00
1.253918e-02	1.022405e-08	2.975521e+00
1.253133e-02	1.018735e-08	2.911844e+00
1.252348e-02	1.016661e-08	2.848990e+00
1.251564e-02	1.016079e-08	2.787386e+00
1.250782e-02	1.016886e-08	2.727395e+00
1.250000e-02	1.018984e-08	2.669317e+00
1.249219e-02	1.022278e-08	2.613388e+00
1.248439e-02	1.026680e-08	2.559789e+00
1.247661e-02	1.032104e-08	2.508647e+00
1.246883e-02	1.038471e-08	2.460047e+00
1.246106e-02	1.045708e-08	2.414030e+00
1.245330e-02	1.053746e-08	2.370606e+00
1.244555e-02	1.062523e-08	2.329757e+00
1.243781e-02	1.071981e-08	2.291441e+00
1.243008e-02	1.082068e-08	2.255601e+00
1.242236e-02	1.092736e-08	2.222163e+00
1.241465e-02	1.103942e-08	2.191046e+00
1.240695e-02	1.115648e-08	2.162160e+00
1.239926e-02	1.127819e-08	2.135412e+00
1.239157e-02	1.140425e-08	2.110709e+00
1.238390e-02	1.153439e-08	2.087955e+00
1.237624e-02	1.166837e-08	2.067058e+00
1.236858e-02	1.180601e-08	2.047929e+00
1.236094e-02	1.194712e-08	2.030480e+00
1.235330e-02	1.209157e-08	2.014631e+00
1.234568e-02	1.223924e-08	2.000305e+00
1.233806e-02	1.239004e-08	1.987431e+00
1.233046e-02	1.254391e-08	1.975945e+00
1.232286e-02	1.270078e-08	1.965785e+00
1.231527e-02	1.286065e-08	1.956900e+00
1.230769e-02	1.302348e-08	1.949239e+00
1.230012e-02	1.318927e-08	1.942762e+00
1.229256e-02	1.335805e-08	1.937431e+00
1.228501e-02	1.352982e-08	1.933214e+00
1.227747e-02	1.370461e-08	1.930085e+00
1.226994e-02	1.388246e-08	1.928020e+00
1.226242e-02	1.406338e-08	1.927002e+00
1.225490e-02	1.424742e-08	1.927015e+00
1.224740e-02	1.443460e-08	1.928049e+00
1.223990e-02	1.462494e-08	1.930095e+00
1.223242e-02	1.481845e-08	1.933146e+00
1.222494e-02	1.501514e-08	1.937196e+00
1.221747e-02	1.521499e-08	1.942242e+00
1.221001e-02	1.541800e-08	1.948279e+00
1.220256e-02	1.562411e-08	1.955302e+00
1.219512e-02	1.583327e-08	1.963304e+00
1.218769e-02	1.604541e-08	1.972276e+00
1.218027e-02	1.626042e-08	1.982205e+00
1.217285e-02	1.647819e-08	1.993077e+00
1.216545e-02	1.669858e-08	2.004870e+00
1.215805e-02	1.692142e-08	2.017560e+00
1.215067e-02	1.714653e-08	2.031114e+00
1.214329e-02	1.737368e-08	2.045497e+00
1.213592e-02	1.760264e-08	2.060664e+00
1.212856e-02	1.783316e-08	2.076566e+00
1.212121e-02	1.806493e-08	2.093149e+00
1.211387e-02	1.829765e-08	2.110350e+00
1.210654e-02	1.853099e-08	2.128102e+00
1.209921e-02	1.876459e-08	2.146334e+00
1.209190e-02	1.899808e-08	2.164969e+00
1.208459e-02	1.923107e-08	2.183926e+00
1.207729e-02	1.946314e-08	2.203121e+00
1.207001e-02	1.969387e-08	2.222467e+00
1.206273e-02	1.992283e-08	2.241873e+00
1.205546e-02	2.014956e-08	2.261250e+00
1.204819e-02	2.037360e-08	2.280505e+00
1.204094e-02	2.059451e-08	2.299545e+00
1.203369e-02	2.081181e-08	2.318277e+00
1.202646e-02	2.102505e-08	2.336612e+00
1.201923e-02	2.123379e-08	2.354462e+00
1.201201e-02	2.143758e-08	2.371743e+00
1.200480e-02	2.163601e-08	2.388379e+00
1.199760e-02	2.182866e-08	2.404300e+00
1.199041e-02	2.201517e-08	2.419447e+00
1.198322e-02	2.219519e-08	2.433772e+00
1.197605e-02	2.236841e-08	2.447238e+00
1.196888e-02	2.253455e-08	2.459825e+00
1.196172e-02	2.269339e-08	2.471529e+00
1.195457e-02	2.284473e-08	2.482358e+00
1.194743e-02	2.298843e-08	2.492338e+00
1.194030e-02	2.312440e-08	2.501512e+00
1.193317e-02	2.325259e-08	2.509935e+00
1.192606e-02	2.337299e-08	2.517676e+00
1.191895e-02	2.348567e-08	2.524818e+00
1.191185e-02	2.359068e-08	2.531452e+00
1.190476e-02	2.368817e-08	2.537678e+00
1.189768e-02	2.377828e-08	2.543603e+00
1.189061e-02	2.386121e-08	2.549339e+00
1.188354e-02	2.393714e-08	2.555002e+00
1.187648e-02	2.400633e-08	2.560709e+00
1.186944e-02	2.406899e-08	2.566576e+00
1.186240e-02	2.412539e-08	2.572722e+00
1.185536e-02	2.417576e-08	2.579261e+00
1.184834e-02	2.422036e-08	2.586305e+00
1.184133e-02	2.425943e-08	2.593965e+00
1.183432e-02	2.429320e-08	2.602346e+00
1.182732e-02	2.432188e-08	2.611550e+00
1.182033e-02	2.434568e-08	2.621673e+00
1.181335e-02	2.436478e-08	2.632811e+00
1.180638e-02	2.437935e-08	2.645049e+00
1.179941e-02	2.438952e-08	2.658471e+00
1.179245e-02	2.439542e-08	2.673154e+00
1.178550e-02	2.439715e-08	2.689170e+00
1.177856e-02	2.439479e-08	2.706582e+00
1.177163e-02	2.438839e-08	2.725447e+00
1.176471e-02	2.437801e-08	2.745810e+00
1.175779e-02	2.436367e-08	2.767706e+00
1.175088e-02	2.434538e-08	2.791153e+00
1.174398e-02	2.432315e-08	2.816151e+00
1.173709e-02	2.429697e-08	2.842678e+00
1.173021e-02	2.426684e-08	2.870683e+00
1.172333e-02	2.423274e-08	2.900083e+00
1.171646e-02	2.419469e-08	2.930759e+00
1.170960e-02	2.415267e-08	2.962544e+00
1.170275e-02	2.410671e-08	2.995228e+00
1.169591e-02	2.405684e-08	3.028547e+00
1.168907e-02	2.400312e-08	3.062186e+00
1.168224e-02	2.394564e-08	3.095777e+00
1.167542e-02	2.388453e-08	3.128905e+00
1.166861e-02	2.381994e-08	3.161114e+00
1.166181e-02	2.375209e-08	3.191924e+00
1.165501e-02	2.368125e-08	3.220845e+00
1.164822e-02	2.360774e-08	3.247401e+00
1.164144e-02	2.353197e-08	3.271157e+00
1.163467e-02	2.345437e-08	3.291749e+00
1.162791e-02	2.337547e-08	3.308904e+00
1.162115e-02	2.329584e-08	3.322466e+00
1.161440e-02	2.321609e-08	3.332406e+00
1.160766e-02	2.313686e-08	3.338826e+00
1.160093e-02	2.305883e-08	3.341946e+00
1.159420e-02	2.298266e-08	3.342090e+00
1.158749e-02	2.290902e-08	3.339659e+00
1.158078e-02	2.283852e-08	3.335102e+00
1.157407e-02	2.277175e-08	3.328892e+00
1.156738e-02	2.270924e-08	3.321499e+00
1.156069e-02	2.265144e-08	3.313370e+00
1.155402e-02	2.259873e-08	3.304918e+00
1.154734e-02	2.255139e-08	3.296509e+00
1.154068e-02	2.250961e-08	3.288462e+00
1.153403e-02	2.247348e-08	3.281046e+00
1.152738e-02	2.244294e-08	3.274483e+00
1.152074e-02	2.241784e-08	3.268959e+00
1.151410e-02	2.239787e-08	3.264629e+00
1.150748e-02	2.238258e-08	3.261629e+00
1.150086e-02	2.237137e-08	3.260094e+00
1.149425e-02	2.236343e-08	3.260167e+00
1.148765e-02	2.235779e-08	3.262018e+00
1.148106e-02	2.235327e-08	3.265855e+00
1.147447e-02	2.234844e-08	3.271932e+00
1.146789e-02	2.234164e-08	3.280551e+00
1.146132e-02	2.233097e-08	3.292061e+00
1.145475e-02	2.231423e-08	3.306846e+00
1.144820e-02	2.228900e-08	3.325310e+00
1.144165e-02	2.225261e-08	3.347859e+00
1.143511e-02	2.220219e-08	3.374876e+00
1.142857e-02	2.213476e-08	3.406700e+00
1.142204e-02	2.204730e-08	3.443604e+00
1.141553e-02	2.193688e-08	3.485779e+00
1.140901e-02	2.180082e-08	3.533315e+00
1.140251e-02	2.163681e-08	3.586203e+00
1.139601e-02	2.144316e-08	3.644328e+00
1.138952e-02	2.121888e-08	3.707480e+00
1.138304e-02	2.096385e-08	3.775374e+00
1.137656e-02	2.067893e-08	3.847669e+00
1.137010e-02	2.036600e-08	3.923994e+00
1.136364e-02	2.002790e-08	4.003978e+00
1.135718e-02	1.966843e-08	4.087266e+00
1.135074e-02	1.929213e-08	4.173530e+00
1.134430e-02	1.890413e-08	4.262474e+00
1.133787e-02	1.850992e-08	4.353814e+00
1.133144e-02	1.811506e-08	4.447255e+00
1.132503e-02	1.772490e-08	4.542456e+00
1.131862e-02	1.734432e-08	4.638992e+00
1.131222e-02	1.697741e-08	4.736324e+00
1.130582e-02	1.662724e-08	4.833771e+00
1.129944e-02	1.629566e-08	4.930502e+00
1.129305e-02	1.598316e-08	5.025547e+00
1.128668e-02	1.568884e-08	5.117821e+00
1.128032e-02	1.541042e-08	5.206165e+00
1.127396e-02	1.514439e-08	5.289388e+00
1.126761e-02	1.488628e-08	5.366316e+00
1.126126e-02	1.463094e-08	5.435827e+00
1.125492e-02	1.437291e-08	5.496868e+00
1.124859e-02	1.410681e-08	5.548469e+00
1.124227e-02	1.382765e-08	5.589750e+00
1.123596e-02	1.353119e-08	5.619921e+00
1.122965e-02	1.321409e-08	5.638301e+00
1.122334e-02	1.287412e-08	5.644353e+00
1.121705e-02	1.251014e-08	5.637726e+00
1.121076e-02	1.212213e-08	5.618311e+00
1.120448e-02	1.171106e-08	5.586287e+00
1.119821e-02	1.127876e-08	5.542164e+00
1.119194e-02	1.082775e-08	5.486792e+00
1.118568e-02	1.036109e-08	5.421364e+00
1.117943e-02	9.882149e-09	5.347387e+00
1.117318e-02	9.394498e-09	5.266638e+00
1.116695e-02	8.901736e-09	5.181113e+00
1.116071e-02	8.407380e-09	5.092951e+00
1.115449e-02	7.914771e-09	5.004351e+00
1.114827e-02	7.427006e-09	4.917460e+00
1.114206e-02	6.946895e-09	4.834239e+00
1.113586e-02	6.476940e-09	4.756301e+00
1.112966e-02	6.019327e-09	4.684721e+00
1.112347e-02	5.575934e-09	4.619853e+00
1.111729e-02	5.148348e-09	4.561173e+00
1.111111e-02	4.737886e-09	4.507226e+00
1.110494e-02	4.345619e-09	4.455713e+00
1.109878e-02	3.972391e-09	4.403768e+00
1.109262e-02	3.618846e-09	4.348382e+00
1.108647e-02	3.285442e-09	4.286911e+00
1.108033e-02	2.972476e-09	4.217519e+00
1.107420e-02	2.680106e-09	4.139442e+00
1.106807e-02	2.408367e-09	4.053037e+00
1.106195e-02	2.157199e-09	3.959598e+00
1.105583e-02	1.926466e-09	3.861053e+00
1.104972e-02	1.715975e-09	3.759627e+00
1.104362e-02	1.525498e-09	3.657539e+00
1.103753e-02	1.354787e-09	3.556788e+00
1.103144e-02	1.203583e-09	3.459031e+00
1.102536e-02	1.071632e-09	3.365539e+00
1.101928e-02	9.586863e-10	3.277203e+00
1.101322e-02	8.645158e-10	3.194584e+00
1.100715e-02	7.889071e-10	3.117966e+00
1.100110e-02	7.316666e-10	3.047418e+00
1.099505e-02	6.926213e-10	2.982851e+00
1.098901e-02	6.716170e-10	2.924068e+00
1.098298e-02	6.685188e-10	2.870797e+00
1.097695e-02	6.832071e-10	2.822727e+00
1.097093e-02	7.155761e-10	2.779530e+00
1.096491e-02	7.655307e-10	2.740876e+00
1.095890e-02	8.329822e-10	2.706444e+00
1.095290e-02	9.178463e-10	2.675933e+00
1.094691e-02	1.020038e-09	2.649062e+00
1.094092e-02	1.139467e-09	2.625580e+00
1.093494e-02	1.276036e-09	2.605258e+00
1.092896e-02	1.429632e-09	2.587900e+00
1.092299e-02	1.600126e-09	2.573334e+00
1.091703e-02	1.787364e-09	2.561418e+00
1.091107e-02	1.991163e-09	2.552034e+00
1.090513e-02	2.211307e-09	2.545095e+00
1.089918e-02	2.447540e-09	2.540537e+00
1.089325e-02	2.699556e-09	2.538326e+00
1.088732e-02	2.966996e-09	2.538451e+00
1.088139e-02	3.249441e-09	2.540932e+00
1.087548e-02	3.546401e-09	2.545816e+00
1.086957e-02	3.857304e-09	2.553182e+00
1.086366e-02	4.181495e-09	2.563136e+00
1.085776e-02	4.518219e-09	2.575820e+00
1.085187e-02	4.866613e-09	2.591407e+00
1.084599e-02	5.225693e-09	2.610107e+00
1.084011e-02	5.594348e-09	2.632160e+00
1.083424e-02	5.971325e-09	2.657841e+00
1.082837e-02	6.355215e-09	2.687450e+00
1.082251e-02	6.744447e-09	2.721310e+00
1.081666e-02	7.137277e-09	2.759752e+00
1.081081e-02	7.531776e-09	2.803098e+00
1.080497e-02	7.925827e-09	2.851641e+00
1.079914e-02	8.317119e-09	2.905611e+00
1.079331e-02	8.703152e-09	2.965142e+00
1.078749e-02	9.081239e-09	3.030224e+00
1.078167e-02	9.448529e-09	3.100663e+00
1.077586e-02	9.802025e-09	3.176034e+00
1.077006e-02	1.013863e-08	3.255654e+00
1.076426e-02	1.045518e-08	3.338566e+00
1.075847e-02	1.074853e-08	3.423556e+00
1.075269e-02	1.101563e-08	3.509207e+00
1.074691e-02	1.125360e-08	3.593987e+00
1.074114e-02	1.145983e-08	3.676370e+00
1.073537e-02	1.163212e-08	3.754968e+00
1.072961e-02	1.176873e-08	3.828664e+00
1.072386e-02	1.186849e-08	3.896708e+00
1.071811e-02	1.193086e-08	3.958760e+00
1.071237e-02	1.195596e-08	4.014874e+00
1.070664e-02	1.194454e-08	4.065405e+00
1.070091e-02	1.189792e-08	4.110881e+00
1.069519e-02	1.181792e-08	4.151835e+00
1.068947e-02	1.170669e-08	4.188660e+00
1.068376e-02	1.156657e-08	4.221496e+00
1.067806e-02	1.139995e-08	4.250181e+00
1.067236e-02	1.120912e-08	4.274274e+00
1.066667e-02	1.099615e-08	4.293141e+00
1.066098e-02	1.076284e-08	4.306080e+00
1.065530e-02	1.051067e-08	4.312450e+00
1.064963e-02	1.024087e-08	4.311784e+00
1.064396e-02	9.954393e-09	4.303851e+00
1.063830e-02	9.652046e-09	4.288667e+00
1.063264e-02	9.334510e-09	4.266470e+00
1.062699e-02	9.002411e-09	4.237661e+00
1.062135e-02	8.656367e-09	4.202747e+00
1.061571e-02	8.297018e-09	4.162281e+00
1.061008e-02	7.925058e-09	4.116835e+00
1.060445e-02	7.541262e-09	4.066971e+00
1.059883e-02	7.146502e-09	4.013247e+00
1.059322e-02	6.741778e-09	3.956217e+00
1.058761e-02	6.328228e-09	3.896453e+00
1.058201e-02	5.907150e-09	3.834547e+00
1.057641e-02	5.479995e-09	3.771104e+00
1.057082e-02	5.048364e-09	3.706703e+00
1.056524e-02	4.613983e-09	3.641852e+00
1.055966e-02	4.178664e-09	3.576927e+00
1.055409e-02	3.744252e-09	3.512144e+00
1.054852e-02	3.312564e-09	3.447561e+00
1.054296e-02	2.885321e-09	3.383121e+00
1.053741e-02	2.464084e-09	3.318738e+00
1.053186e-02	2.050186e-09	3.254378e+00
1.052632e-02	1.644689e-09	3.190134e+00
1.052078e-02	1.248342e-09	3.126257e+00
1.051525e-02	8.615662e-10	3.063149e+00
1.050972e-02	4.844469e-10	3.001313e+00
1.050420e-02	1.167488e-10	2.941291e+00
1.049869e-02	-2.420629e-10	2.883605e+00
1.049318e-02	-5.927908e-10	2.828701e+00
1.048768e-02	-9.364676e-10	2.776924e+00
1.048218e-02	-1.274318e-09	2.728507e+00
1.047669e-02	-1.607719e-09	2.683572e+00
1.047120e-02	-1.938162e-09	2.642143e+00
1.046572e-02	-2.267211e-09	2.604167e+00
1.046025e-02	-2.596474e-09	2.569530e+00
1.045478e-02	-2.927560e-09	2.538072e+00
1.044932e-02	-3.262050e-09	2.509604e+00
1.044386e-02	-3.601456e-09	2.483917e+00
1.043841e-02	-3.947187e-09	2.460791e+00
1.043297e-02	-4.300509e-09	2.440003e+00
1.042753e-02	-4.662508e-09	2.421333e+00
1.042209e-02	-5.034043e-09	2.404561e+00
1.041667e-02	-5.415710e-09	2.389477e+00
1.041124e-02	-5.807800e-09	2.375877e+00
1.040583e-02	-6.210265e-09	2.363568e+00
1.040042e-02	-6.622679e-09	2.352364e+00
1.039501e-02	-7.044217e-09	2.342093e+00
1.038961e-02	-7.473642e-09	2.332593e+00
1.038422e-02	-7.909288e-09	2.323713e+00
1.037883e-02	-8.349078e-09	2.315313e+00
1.037344e-02	-8.790536e-09	2.307268e+00
1.036807e-02	-9.230824e-09	2.299465e+00
1.036269e-02	-9.666790e-09	2.291801e+00
1.035733e-02	-1.009503e-08	2.284189e+00
1.035197e-02	-1.051194e-08	2.276555e+00
1.034661e-02	-1.091383e-08	2.268837e+00
1.034126e-02	-1.129699e-08	2.260984e+00
1.033592e-02	-1.165777e-08	2.252960e+00
1.033058e-02	-1.199267e-08	2.244740e+00
1.032525e-02	-1.229845e-08	2.236308e+00
1.031992e-02	-1.257215e-08	2.227660e+00
1.031460e-02	-1.281121e-08	2.218800e+00
1.030928e-02	-1.301349e-08	2.209741e+00
1.030397e-02	-1.317732e-08	2.200501e+00
1.029866e-02	-1.330152e-08	2.191105e+00
1.029336e-02	-1.338542e-08	2.181583e+00
1.028807e-02	-1.342882e-08	2.171967e+00
1.028278e-02	-1.343202e-08	2.162293e+00
1.027749e-02	-1.339579e-08	2.152596e+00
1.027221e-02	-1.332127e-08	2.142914e+00
1.026694e-02	-1.321002e-08	2.133284e+00
1.026167e-02	-1.306389e-08	2.123740e+00
1.025641e-02	-1.288500e-08	2.114319e+00
1.025115e-02	-1.267569e-08	2.105053e+00
1.024590e-02	-1.243848e-08	2.095971e+00
1.024066e-02	-1.217598e-08	2.087104e+00
1.023541e-02	-1.189087e-08	2.078476e+00
1.023018e-02	-1.158583e-08	2.070113e+00
1.022495e-02	-1.126356e-08	2.062034e+00
1.021972e-02	-1.092666e-08	2.054261e+00
1.021450e-02	-1.057768e-08	2.046810e+00
1.020929e-02	-1.021903e-08	2.039697e+00
1.020408e-02	-9.853008e-09	2.032938e+00
1.019888e-02	-9.481770e-09	2.026544e+00
1.019368e-02	-9.107308e-09	2.020530e+00
1.018849e-02	-8.731459e-09	2.014906e+00
1.018330e-02	-8.355892e-09	2.009685e+00
1.017812e-02	-7.982113e-09	2.004879e+00
1.017294e-02	-7.611464e-09	2.000501e+00
1.016777e-02	-7.245130e-09	1.996565e+00
1.016260e-02	-6.884141e-09	1.993086e+00
1.015744e-02	-6.529384e-09	1.990082e+00
1.015228e-02	-6.181606e-09	1.987572e+00
1.014713e-02	-5.841426e-09	1.985578e+00
1.014199e-02	-5.509342e-09	1.984125e+00
1.013685e-02	-5.185741e-09	1.983243e+00
1.013171e-02	-4.870907e-09	1.982965e+00
1.012658e-02	-4.565032e-09	1.983327e+00
1.012146e-02	-4.268224e-09	1.984373e+00
1.011634e-02	-3.980511e-09	1.986148e+00
1.011122e-02	-3.701854e-09	1.988703e+00
1.010611e-02	-3.432155e-09	1.992096e+00
1.010101e-02	-3.171257e-09	1.996384e+00
1.009591e-02	-2.918959e-09	2.001630e+00
1.009082e-02	-2.675017e-09	2.007898e+00
1.008573e-02	-2.439154e-09	2.015247e+00
1.008065e-02	-2.211062e-09	2.023734e+00
1.007557e-02	-1.990413e-09	2.033406e+00
1.007049e-02	-1.776860e-09	2.044291e+00
1.006543e-02	-1.570051e-09	2.056397e+00
1.006036e-02	-1.369632e-09	2.069702e+00
1.005530e-02	-1.175257e-09	2.084143e+00
1.005025e-02	-9.865943e-10	2.099609e+00
1.004520e-02	-8.033415e-10	2.115933e+00
1.004016e-02	-6.252298e-10	2.132890e+00
1.003512e-02	-4.520361e-10	2.150190e+00
1.003009e-02	-2.835907e-10	2.167488e+00
1.002506e-02	-1.197848e-10	2.184396e+00
1.002004e-02	3.942791e-11	2.200499e+00
1.001502e-02	1.940288e-10	2.215386e+00
1.001001e-02	3.439397e-10	2.228680e+00
1.000500e-02	4.890319e-10	2.240072e+00
1.000000e-02	6.291375e-10	2.249353e+00
