# Finite Temperature Data for J1J2 Model
# Lx=6, Ly=6, J1=1.0000, J2=0.1250, Fz=0.0000, chi_max=110
# Columns: T | Sigmaz | Cv
# 
2.000000e+01	-1.457832e-08	4.280631e-02
1.000000e+01	-3.805998e-08	1.632716e-01
6.666667e+00	-5.694837e-08	3.486105e-01
5.000000e+00	-4.522616e-08	5.853584e-01
4.000000e+00	-3.125473e-08	8.599792e-01
3.333333e+00	-5.375166e-08	1.159482e+00
2.857143e+00	-1.158921e-07	1.471980e+00
2.500000e+00	-1.994362e-07	1.787139e+00
2.222222e+00	-2.910709e-07	2.096346e+00
2.000000e+00	-3.807045e-07	2.392815e+00
1.818182e+00	-4.594790e-07	2.671639e+00
1.666667e+00	-5.230690e-07	2.929682e+00
1.538462e+00	-5.736335e-07	3.165357e+00
1.428571e+00	-6.170204e-07	3.378392e+00
1.333333e+00	-6.581228e-07	3.569543e+00
1.250000e+00	-6.989406e-07	3.740298e+00
1.176471e+00	-7.390606e-07	3.892614e+00
1.111111e+00	-7.767136e-07	4.028710e+00
1.052632e+00	-8.095913e-07	4.150902e+00
1.000000e+00	-8.353345e-07	4.261493e+00
9.523810e-01	-8.517875e-07	4.362682e+00
9.090909e-01	-8.571178e-07	4.456518e+00
8.695652e-01	-8.498610e-07	4.544865e+00
8.333333e-01	-8.289317e-07	4.629392e+00
8.000000e-01	-7.936214e-07	4.711570e+00
7.692308e-01	-7.435980e-07	4.792679e+00
7.407407e-01	-6.789149e-07	4.873820e+00
7.142857e-01	-6.000311e-07	4.955928e+00
6.896552e-01	-5.078379e-07	5.039782e+00
6.666667e-01	-4.036787e-07	5.126021e+00
6.451613e-01	-2.893424e-07	5.215149e+00
6.250000e-01	-1.670126e-07	5.307546e+00
6.060606e-01	-3.916089e-08	5.403480e+00
5.882353e-01	9.160249e-08	5.503120e+00
5.714286e-01	2.226919e-07	5.606562e+00
5.555556e-01	3.516861e-07	5.713845e+00
5.405405e-01	4.764202e-07	5.824973e+00
5.263158e-01	5.950264e-07	5.939925e+00
5.128205e-01	7.059396e-07	6.058664e+00
5.000000e-01	8.078859e-07	6.181133e+00
4.878049e-01	8.998652e-07	6.307259e+00
4.761905e-01	9.811260e-07	6.436956e+00
4.651163e-01	1.051126e-06	6.570136e+00
4.545455e-01	1.109478e-06	6.706715e+00
4.444444e-01	1.155895e-06	6.846625e+00
4.347826e-01	1.190147e-06	6.989822e+00
4.255319e-01	1.212046e-06	7.136284e+00
4.166667e-01	1.221455e-06	7.286015e+00
4.081633e-01	1.218332e-06	7.439045e+00
4.000000e-01	1.202779e-06	7.595424e+00
3.921569e-01	1.175097e-06	7.755222e+00
3.846154e-01	1.135830e-06	7.918521e+00
3.773585e-01	1.085788e-06	8.085409e+00
3.703704e-01	1.026053e-06	8.255965e+00
3.636364e-01	9.579463e-07	8.430248e+00
3.571429e-01	8.829830e-07	8.608279e+00
3.508772e-01	8.027992e-07	8.790027e+00
3.448276e-01	7.190765e-07	8.975393e+00
3.389831e-01	6.334733e-07	9.164214e+00
3.333333e-01	5.475779e-07	9.356260e+00
3.278689e-01	4.628933e-07	9.551257e+00
3.225806e-01	3.808506e-07	9.748906e+00
3.174603e-01	3.028433e-07	9.948916e+00
3.125000e-01	2.302631e-07	1.015102e+01
3.076923e-01	1.645218e-07	1.035500e+01
3.030303e-01	1.070479e-07	1.056069e+01
2.985075e-01	5.925516e-08	1.076795e+01
2.941176e-01	2.248800e-08	1.097668e+01
2.898551e-01	-2.045052e-09	1.118681e+01
2.857143e-01	-1.334121e-08	1.139824e+01
2.816901e-01	-1.066700e-08	1.161087e+01
2.777778e-01	6.390313e-09	1.182458e+01
2.739726e-01	3.788744e-08	1.203922e+01
2.702703e-01	8.350892e-08	1.225463e+01
2.666667e-01	1.425715e-07	1.247064e+01
2.631579e-01	2.140497e-07	1.268711e+01
2.597403e-01	2.966207e-07	1.290390e+01
2.564103e-01	3.887256e-07	1.312091e+01
2.531646e-01	4.886423e-07	1.333808e+01
2.500000e-01	5.945641e-07	1.355536e+01
2.469136e-01	7.046782e-07	1.377274e+01
2.439024e-01	8.172411e-07	1.399021e+01
2.409639e-01	9.306448e-07	1.420775e+01
2.380952e-01	1.043474e-06	1.442533e+01
2.352941e-01	1.154550e-06	1.464292e+01
2.325581e-01	1.262956e-06	1.486042e+01
2.298851e-01	1.368053e-06	1.507773e+01
2.272727e-01	1.469460e-06	1.529469e+01
2.247191e-01	1.567028e-06	1.551108e+01
2.222222e-01	1.660785e-06	1.572664e+01
2.197802e-01	1.750870e-06	1.594103e+01
2.173913e-01	1.837461e-06	1.615383e+01
2.150538e-01	1.920708e-06	1.636458e+01
2.127660e-01	2.000686e-06	1.657278e+01
2.105263e-01	2.077355e-06	1.677791e+01
2.083333e-01	2.150549e-06	1.697949e+01
2.061856e-01	2.219965e-06	1.717705e+01
2.040816e-01	2.285169e-06	1.737020e+01
2.020202e-01	2.345608e-06	1.755863e+01
2.000000e-01	2.400633e-06	1.774207e+01
1.980198e-01	2.449534e-06	1.792030e+01
1.960784e-01	2.491584e-06	1.809310e+01
1.941748e-01	2.526085e-06	1.826020e+01
1.923077e-01	2.552417e-06	1.842127e+01
1.904762e-01	2.570080e-06	1.857590e+01
1.886792e-01	2.578717e-06	1.872361e+01
1.869159e-01	2.578117e-06	1.886387e+01
1.851852e-01	2.568199e-06	1.899620e+01
1.834862e-01	2.548992e-06	1.912016e+01
1.818182e-01	2.520613e-06	1.923544e+01
1.801802e-01	2.483248e-06	1.934181e+01
1.785714e-01	2.437157e-06	1.943918e+01
1.769912e-01	2.382685e-06	1.952748e+01
1.754386e-01	2.320277e-06	1.960673e+01
1.739130e-01	2.250507e-06	1.967698e+01
1.724138e-01	2.174091e-06	1.973829e+01
1.709402e-01	2.091895e-06	1.979071e+01
1.694915e-01	2.004933e-06	1.983433e+01
1.680672e-01	1.914348e-06	1.986919e+01
1.666667e-01	1.821375e-06	1.989533e+01
1.652893e-01	1.727298e-06	1.991281e+01
1.639344e-01	1.633402e-06	1.992168e+01
1.626016e-01	1.540922e-06	1.992200e+01
1.612903e-01	1.451004e-06	1.991387e+01
1.600000e-01	1.364671e-06	1.989737e+01
1.587302e-01	1.282802e-06	1.987261e+01
1.574803e-01	1.206120e-06	1.983972e+01
1.562500e-01	1.135192e-06	1.979886e+01
1.550388e-01	1.070437e-06	1.975022e+01
1.538462e-01	1.012147e-06	1.969403e+01
1.526718e-01	9.605126e-07	1.963054e+01
1.515152e-01	9.156441e-07	1.956003e+01
1.503759e-01	8.776012e-07	1.948280e+01
1.492537e-01	8.464035e-07	1.939920e+01
1.481481e-01	8.220281e-07	1.930961e+01
1.470588e-01	8.043822e-07	1.921444e+01
1.459854e-01	7.932532e-07	1.911410e+01
1.449275e-01	7.882454e-07	1.900899e+01
1.438849e-01	7.887275e-07	1.889945e+01
1.428571e-01	7.938127e-07	1.878574e+01
1.418440e-01	8.023915e-07	1.866797e+01
1.408451e-01	8.132197e-07	1.854601e+01
1.398601e-01	8.250500e-07	1.841953e+01
1.388889e-01	8.367713e-07	1.828807e+01
1.379310e-01	8.475135e-07	1.815120e+01
1.369863e-01	8.566884e-07	1.800867e+01
1.360544e-01	8.639689e-07	1.786034e+01
1.351351e-01	8.692347e-07	1.770615e+01
1.342282e-01	8.725166e-07	1.754605e+01
1.333333e-01	8.739593e-07	1.738008e+01
1.324503e-01	8.738022e-07	1.720848e+01
1.315789e-01	8.723701e-07	1.703183e+01
1.307190e-01	8.700631e-07	1.685106e+01
1.298701e-01	8.673392e-07	1.666741e+01
1.290323e-01	8.646846e-07	1.648236e+01
1.282051e-01	8.625704e-07	1.629746e+01
1.273885e-01	8.613907e-07	1.611425e+01
1.265823e-01	8.613834e-07	1.593391e+01
1.257862e-01	8.625469e-07	1.575701e+01
1.250000e-01	8.645768e-07	1.558327e+01
1.242236e-01	8.668554e-07	1.541165e+01
1.234568e-01	8.685127e-07	1.524074e+01
1.226994e-01	8.685434e-07	1.506935e+01
1.219512e-01	8.659433e-07	1.489685e+01
1.212121e-01	8.598246e-07	1.472335e+01
1.204819e-01	8.494849e-07	1.454954e+01
1.197605e-01	8.344259e-07	1.437627e+01
1.190476e-01	8.143332e-07	1.420417e+01
1.183432e-01	7.890385e-07	1.403341e+01
1.176471e-01	7.584855e-07	1.386364e+01
1.169591e-01	7.227164e-07	1.369415e+01
1.162791e-01	6.818808e-07	1.352402e+01
1.156069e-01	6.362530e-07	1.335241e+01
1.149425e-01	5.862371e-07	1.317843e+01
1.142857e-01	5.323517e-07	1.300083e+01
1.136364e-01	4.752095e-07	1.281783e+01
1.129944e-01	4.155024e-07	1.262757e+01
1.123596e-01	3.539932e-07	1.242861e+01
1.117318e-01	2.915059e-07	1.222009e+01
1.111111e-01	2.289132e-07	1.200170e+01
1.104972e-01	1.671180e-07	1.177364e+01
1.098901e-01	1.070285e-07	1.153667e+01
1.092896e-01	4.952978e-08	1.129205e+01
1.086957e-01	-4.546834e-09	1.104129e+01
1.081081e-01	-5.445885e-08	1.078610e+01
1.075269e-01	-9.959233e-08	1.052819e+01
1.069519e-01	-1.395015e-07	1.026917e+01
1.063830e-01	-1.739375e-07	1.001055e+01
1.058201e-01	-2.028563e-07	9.753702e+00
1.052632e-01	-2.264035e-07	9.499888e+00
1.047120e-01	-2.448805e-07	9.250221e+00
1.041667e-01	-2.587008e-07	9.005638e+00
1.036269e-01	-2.683463e-07	8.766875e+00
1.030928e-01	-2.743294e-07	8.534462e+00
1.025641e-01	-2.771632e-07	8.308737e+00
1.020408e-01	-2.773409e-07	8.089878e+00
1.015228e-01	-2.753230e-07	7.877931e+00
1.010101e-01	-2.715299e-07	7.672840e+00
1.005025e-01	-2.663402e-07	7.474482e+00
1.000000e-01	-2.600916e-07	7.282689e+00
9.950249e-02	-2.530842e-07	7.097270e+00
9.900990e-02	-2.455843e-07	6.918027e+00
9.852217e-02	-2.378286e-07	6.744756e+00
9.803922e-02	-2.300274e-07	6.577252e+00
9.756098e-02	-2.223666e-07	6.415303e+00
9.708738e-02	-2.150094e-07	6.258694e+00
9.661836e-02	-2.080969e-07	6.107205e+00
9.615385e-02	-2.017490e-07	5.960603e+00
9.569378e-02	-1.960644e-07	5.818611e+00
9.523810e-02	-1.911208e-07	5.680852e+00
9.478673e-02	-1.869753e-07	5.546802e+00
9.433962e-02	-1.836641e-07	5.415843e+00
9.389671e-02	-1.812026e-07	5.287437e+00
9.345794e-02	-1.795860e-07	5.161274e+00
9.302326e-02	-1.787898e-07	5.037297e+00
9.259259e-02	-1.787682e-07	4.915615e+00
9.216590e-02	-1.794527e-07	4.796406e+00
9.174312e-02	-1.807507e-07	4.679853e+00
9.132420e-02	-1.825447e-07	4.566099e+00
9.090909e-02	-1.846925e-07	4.455226e+00
9.049774e-02	-1.870320e-07	4.347247e+00
9.009009e-02	-1.893875e-07	4.242110e+00
8.968610e-02	-1.915803e-07	4.139700e+00
8.928571e-02	-1.934415e-07	4.039863e+00
8.888889e-02	-2.001299e-07	4.151825e+00
8.849558e-02	-2.023723e-07	4.435229e+00
8.810573e-02	-2.047999e-07	4.447623e+00
8.771930e-02	-2.044088e-07	4.457349e+00
8.733624e-02	-2.076095e-07	4.870981e+00
8.695652e-02	-2.062920e-07	4.576049e+00
8.658009e-02	-2.041516e-07	4.317303e+00
8.620690e-02	-2.012882e-07	4.093411e+00
8.583691e-02	-1.978026e-07	3.897724e+00
8.547009e-02	-1.937914e-07	3.725068e+00
8.510638e-02	-1.893438e-07	3.571349e+00
8.474576e-02	-1.845382e-07	3.433286e+00
8.438819e-02	-1.794413e-07	3.308219e+00
8.403361e-02	-1.741068e-07	3.193977e+00
8.368201e-02	-1.685762e-07	3.088788e+00
8.333333e-02	-1.628803e-07	2.991200e+00
8.298755e-02	-1.570414e-07	2.900029e+00
8.264463e-02	-1.510762e-07	2.814319e+00
8.230453e-02	-1.449994e-07	2.733299e+00
8.196721e-02	-1.388262e-07	2.656352e+00
8.163265e-02	-1.325746e-07	2.582967e+00
8.130081e-02	-1.262670e-07	2.512717e+00
8.097166e-02	-1.199297e-07	2.445235e+00
8.064516e-02	-1.135925e-07	2.380210e+00
8.032129e-02	-1.072866e-07	2.317384e+00
8.000000e-02	-1.010350e-07	2.474988e+00
7.968127e-02	-9.405343e-08	2.588110e+00
7.936508e-02	-8.778063e-08	2.689193e+00
7.905138e-02	-7.923524e-08	2.756507e+00
7.874016e-02	-6.974016e-08	2.590431e+00
7.843137e-02	-5.961320e-08	2.447762e+00
7.812500e-02	-4.910050e-08	2.323830e+00
7.782101e-02	-3.850817e-08	2.665435e+00
7.751938e-02	-2.855769e-08	2.496973e+00
7.722008e-02	-1.920481e-08	2.346877e+00
7.692308e-02	-1.039767e-08	2.217733e+00
7.662835e-02	-2.095626e-09	2.105473e+00
7.633588e-02	5.733068e-09	2.006939e+00
7.604563e-02	1.290160e-08	2.399341e+00
7.575758e-02	1.894268e-08	2.238772e+00
7.547170e-02	2.408619e-08	2.101389e+00
7.518797e-02	2.848665e-08	1.983780e+00
7.490637e-02	3.226378e-08	1.882129e+00
7.462687e-02	3.551073e-08	1.793458e+00
7.434944e-02	3.830048e-08	1.715418e+00
7.407407e-02	4.069074e-08	1.646129e+00
7.380074e-02	4.272771e-08	1.584073e+00
7.352941e-02	4.444888e-08	1.528014e+00
7.326007e-02	4.588519e-08	1.476949e+00
7.299270e-02	4.706257e-08	1.430067e+00
7.272727e-02	4.800315e-08	1.386722e+00
7.246377e-02	4.872624e-08	1.346404e+00
7.220217e-02	4.924907e-08	1.308711e+00
7.194245e-02	4.958743e-08	1.273323e+00
7.168459e-02	4.975609e-08	1.239983e+00
7.142857e-02	4.998109e-08	1.642372e+00
7.117438e-02	4.962902e-08	1.541786e+00
7.092199e-02	4.838452e-08	1.887448e+00
7.067138e-02	4.907707e-08	2.197868e+00
7.042254e-02	4.948432e-08	2.664698e+00
7.017544e-02	4.817910e-08	3.055806e+00
6.993007e-02	4.735773e-08	2.696183e+00
6.968641e-02	4.647009e-08	2.398391e+00
6.944444e-02	4.552038e-08	2.154880e+00
6.920415e-02	4.507401e-08	2.693961e+00
6.896552e-02	4.388534e-08	2.646714e+00
6.872852e-02	4.267577e-08	2.358654e+00
6.849315e-02	4.143412e-08	2.122126e+00
6.825939e-02	4.015389e-08	1.926642e+00
6.802721e-02	3.883292e-08	1.764039e+00
6.779661e-02	3.747298e-08	1.627926e+00
6.756757e-02	3.607921e-08	1.513270e+00
6.734007e-02	3.465940e-08	1.416087e+00
6.711409e-02	3.322320e-08	1.333207e+00
6.688963e-02	3.178121e-08	1.262098e+00
6.666667e-02	3.034416e-08	1.200730e+00
6.644518e-02	2.892218e-08	1.147466e+00
6.622517e-02	2.752430e-08	1.100990e+00
6.600660e-02	2.615808e-08	1.060237e+00
6.578947e-02	2.482957e-08	1.024343e+00
6.557377e-02	2.354332e-08	9.926113e-01
6.535948e-02	2.230263e-08	9.644780e-01
6.514658e-02	2.110979e-08	9.394880e-01
6.493506e-02	1.996639e-08	9.172767e-01
6.472492e-02	1.887355e-08	8.975546e-01
6.451613e-02	1.783216e-08	8.800948e-01
6.430868e-02	1.684299e-08	8.647236e-01
6.410256e-02	1.590677e-08	8.513112e-01
6.389776e-02	1.502416e-08	8.397650e-01
6.369427e-02	1.419569e-08	8.300218e-01
6.349206e-02	1.342166e-08	8.220422e-01
6.329114e-02	1.270198e-08	8.158039e-01
6.309148e-02	1.203608e-08	8.112964e-01
6.289308e-02	1.142276e-08	8.085159e-01
6.269592e-02	1.086007e-08	8.074603e-01
6.250000e-02	1.034529e-08	8.081258e-01
6.230530e-02	9.874865e-09	8.105027e-01
6.211180e-02	9.444436e-09	8.145731e-01
6.191950e-02	9.048859e-09	8.203081e-01
6.172840e-02	8.682299e-09	8.276659e-01
6.153846e-02	8.338328e-09	8.365906e-01
6.134969e-02	8.010059e-09	8.470108e-01
6.116208e-02	7.690298e-09	8.588394e-01
6.097561e-02	7.371716e-09	8.719733e-01
6.079027e-02	7.047031e-09	8.862949e-01
6.060606e-02	6.709192e-09	9.016726e-01
6.042296e-02	6.351567e-09	9.179636e-01
6.024096e-02	5.968112e-09	9.350166e-01
6.006006e-02	5.553513e-09	9.526748e-01
5.988024e-02	5.103297e-09	9.707796e-01
5.970149e-02	4.613897e-09	9.891742e-01
5.952381e-02	4.082671e-09	1.007707e+00
5.934718e-02	3.507879e-09	1.026235e+00
5.917160e-02	2.888614e-09	1.044625e+00
5.899705e-02	2.224711e-09	1.062756e+00
5.882353e-02	1.516628e-09	1.080522e+00
5.865103e-02	7.653302e-10	1.097831e+00
5.847953e-02	-2.783083e-11	1.114604e+00
5.830904e-02	-8.612182e-10	1.130777e+00
5.813953e-02	-1.732993e-09	1.146300e+00
5.797101e-02	-2.641171e-09	1.161133e+00
5.780347e-02	-3.583658e-09	1.175250e+00
5.763689e-02	-4.558251e-09	1.188630e+00
5.747126e-02	-5.562628e-09	1.201265e+00
5.730659e-02	-6.594317e-09	1.213149e+00
5.714286e-02	-7.650657e-09	1.224285e+00
5.698006e-02	-8.728771e-09	1.234677e+00
5.681818e-02	-9.825539e-09	1.244333e+00
5.665722e-02	-1.093760e-08	1.253261e+00
5.649718e-02	-1.206136e-08	1.261471e+00
5.633803e-02	-1.319306e-08	1.268972e+00
5.617978e-02	-1.432881e-08	1.275771e+00
5.602241e-02	-1.546468e-08	1.281875e+00
5.586592e-02	-1.659683e-08	1.287289e+00
5.571031e-02	-1.772156e-08	1.292015e+00
5.555556e-02	-1.883546e-08	1.296054e+00
5.540166e-02	-1.993546e-08	1.299403e+00
5.524862e-02	-2.101892e-08	1.302056e+00
5.509642e-02	-2.208367e-08	1.304005e+00
5.494505e-02	-2.312803e-08	1.305237e+00
5.479452e-02	-2.415075e-08	1.305737e+00
5.464481e-02	-2.515097e-08	1.305489e+00
5.449591e-02	-2.612816e-08	1.304474e+00
5.434783e-02	-2.708196e-08	1.302675e+00
5.420054e-02	-2.801210e-08	1.300077e+00
5.405405e-02	-2.891830e-08	1.296667e+00
5.390836e-02	-2.980018e-08	1.292437e+00
5.376344e-02	-3.065715e-08	1.287385e+00
5.361930e-02	-3.148844e-08	1.281517e+00
5.347594e-02	-3.229301e-08	1.274844e+00
5.333333e-02	-3.306960e-08	1.267383e+00
5.319149e-02	-3.381675e-08	1.259160e+00
5.305040e-02	-3.453287e-08	1.250207e+00
5.291005e-02	-3.521629e-08	1.240560e+00
5.277045e-02	-3.586536e-08	1.230259e+00
5.263158e-02	-3.647850e-08	1.219351e+00
5.249344e-02	-3.705437e-08	1.207883e+00
5.235602e-02	-3.759189e-08	1.195905e+00
5.221932e-02	-3.809040e-08	1.183471e+00
5.208333e-02	-3.854972e-08	1.170632e+00
5.194805e-02	-3.897023e-08	1.157440e+00
5.181347e-02	-3.935294e-08	1.143946e+00
5.167959e-02	-3.969949e-08	1.130200e+00
5.154639e-02	-4.001214e-08	1.116247e+00
5.141388e-02	-4.029371e-08	1.102133e+00
5.128205e-02	-4.054751e-08	1.087898e+00
5.115090e-02	-4.077722e-08	1.073581e+00
5.102041e-02	-4.098680e-08	1.059217e+00
5.089059e-02	-4.118029e-08	1.044837e+00
5.076142e-02	-4.136179e-08	1.030470e+00
5.063291e-02	-4.153524e-08	1.016139e+00
5.050505e-02	-4.170440e-08	1.001864e+00
5.037783e-02	-4.187273e-08	9.876620e-01
5.025126e-02	-4.204332e-08	9.735443e-01
5.012531e-02	-4.221884e-08	9.595190e-01
5.000000e-02	-4.240151e-08	9.455907e-01
4.987531e-02	-4.259308e-08	9.317609e-01
4.975124e-02	-4.279479e-08	9.180290e-01
4.962779e-02	-4.300741e-08	9.043925e-01
4.950495e-02	-4.323118e-08	8.908482e-01
4.938272e-02	-4.346592e-08	8.773930e-01
4.926108e-02	-4.371099e-08	8.640242e-01
4.914005e-02	-4.396535e-08	8.507405e-01
4.901961e-02	-4.422761e-08	8.375424e-01
4.889976e-02	-4.449605e-08	8.244326e-01
4.878049e-02	-4.476874e-08	8.114159e-01
4.866180e-02	-4.504350e-08	7.984998e-01
4.854369e-02	-4.531805e-08	7.856940e-01
4.842615e-02	-4.559002e-08	7.730107e-01
4.830918e-02	-4.585702e-08	7.604642e-01
4.819277e-02	-4.611670e-08	7.480707e-01
4.807692e-02	-4.636677e-08	7.358483e-01
4.796163e-02	-4.660511e-08	7.238162e-01
4.784689e-02	-4.682974e-08	7.119953e-01
4.773270e-02	-4.703888e-08	7.004071e-01
4.761905e-02	-4.723099e-08	6.890738e-01
4.750594e-02	-4.740475e-08	6.780178e-01
4.739336e-02	-4.755908e-08	6.672611e-01
4.728132e-02	-4.769315e-08	6.568255e-01
4.716981e-02	-4.780637e-08	6.467313e-01
4.705882e-02	-4.789831e-08	6.369979e-01
4.694836e-02	-4.796878e-08	6.276438e-01
4.683841e-02	-4.801769e-08	6.186864e-01
4.672897e-02	-4.804506e-08	6.101439e-01
4.662005e-02	-4.805103e-08	6.020355e-01
4.651163e-02	-4.803574e-08	5.943829e-01
4.640371e-02	-4.799943e-08	5.872112e-01
4.629630e-02	-4.794236e-08	5.805489e-01
4.618938e-02	-4.786491e-08	5.744281e-01
4.608295e-02	-4.776757e-08	5.688839e-01
4.597701e-02	-4.765105e-08	5.639539e-01
4.587156e-02	-4.751630e-08	5.596775e-01
4.576659e-02	-4.736466e-08	5.560954e-01
4.566210e-02	-4.719792e-08	5.532489e-01
4.555809e-02	-4.701848e-08	5.511795e-01
4.545455e-02	-4.682944e-08	5.499283e-01
4.535147e-02	-4.663476e-08	5.495359e-01
4.524887e-02	-4.643937e-08	5.500418e-01
4.514673e-02	-4.624931e-08	5.514850e-01
4.504505e-02	-4.607176e-08	5.539035e-01
4.494382e-02	-4.591501e-08	5.573353e-01
4.484305e-02	-4.578839e-08	5.618185e-01
4.474273e-02	-4.570197e-08	5.673925e-01
4.464286e-02	-4.566614e-08	5.740973e-01
4.454343e-02	-4.569102e-08	5.819737e-01
4.444444e-02	-4.578580e-08	5.910611e-01
4.434590e-02	-4.595783e-08	6.013949e-01
4.424779e-02	-4.621194e-08	6.130015e-01
4.415011e-02	-4.654986e-08	6.258935e-01
4.405286e-02	-4.696994e-08	6.400635e-01
4.395604e-02	-4.746748e-08	6.554785e-01
4.385965e-02	-4.803562e-08	6.720739e-01
4.376368e-02	-4.866669e-08	6.897474e-01
4.366812e-02	-4.935395e-08	7.083522e-01
4.357298e-02	-5.009338e-08	7.276926e-01
4.347826e-02	-5.088490e-08	7.475227e-01
4.338395e-02	-5.173293e-08	7.675559e-01
4.329004e-02	-5.264585e-08	7.874858e-01
4.319654e-02	-5.363455e-08	8.070181e-01
4.310345e-02	-5.471020e-08	8.259041e-01
4.301075e-02	-5.588187e-08	8.439652e-01
4.291845e-02	-5.715437e-08	8.610963e-01
4.282655e-02	-5.852682e-08	8.772468e-01
4.273504e-02	-5.999200e-08	8.923849e-01
4.264392e-02	-6.153664e-08	9.064593e-01
4.255319e-02	-6.314222e-08	9.193706e-01
4.246285e-02	-6.478626e-08	9.309614e-01
4.237288e-02	-6.644374e-08	9.410259e-01
4.228330e-02	-6.808856e-08	9.493369e-01
4.219409e-02	-6.969495e-08	9.556846e-01
4.210526e-02	-7.123865e-08	9.599238e-01
4.201681e-02	-7.269780e-08	9.620225e-01
4.192872e-02	-7.405341e-08	9.620991e-01
4.184100e-02	-7.528929e-08	9.604345e-01
4.175365e-02	-7.639142e-08	9.574486e-01
4.166667e-02	-7.734716e-08	9.536396e-01
4.158004e-02	-7.814423e-08	9.495029e-01
4.149378e-02	-7.876993e-08	9.454503e-01
4.140787e-02	-7.921090e-08	9.417537e-01
4.132231e-02	-7.945343e-08	9.385273e-01
4.123711e-02	-7.948456e-08	9.357484e-01
4.115226e-02	-7.929387e-08	9.333033e-01
4.106776e-02	-7.887555e-08	9.310362e-01
4.098361e-02	-7.823036e-08	9.287831e-01
4.089980e-02	-7.736672e-08	9.263828e-01
4.081633e-02	-7.630085e-08	9.236698e-01
4.073320e-02	-7.505546e-08	9.204619e-01
4.065041e-02	-7.365754e-08	9.165527e-01
4.056795e-02	-7.213553e-08	9.117174e-01
4.048583e-02	-7.051641e-08	9.057341e-01
4.040404e-02	-6.882322e-08	8.984143e-01
4.032258e-02	-6.707338e-08	8.896372e-01
4.024145e-02	-6.527787e-08	8.793782e-01
4.016064e-02	-6.344165e-08	8.677274e-01
4.008016e-02	-6.156483e-08	8.548949e-01
4.000000e-02	-5.964469e-08	8.412002e-01
3.992016e-02	-5.767786e-08	8.270462e-01
3.984064e-02	-5.566238e-08	8.128796e-01
3.976143e-02	-5.359921e-08	7.991462e-01
3.968254e-02	-5.149289e-08	7.862498e-01
3.960396e-02	-4.935130e-08	7.745224e-01
3.952569e-02	-4.718461e-08	7.642052e-01
3.944773e-02	-4.500369e-08	7.554385e-01
3.937008e-02	-4.281841e-08	7.482527e-01
3.929273e-02	-4.063628e-08	7.425634e-01
3.921569e-02	-3.846150e-08	7.381722e-01
3.913894e-02	-3.629484e-08	7.347805e-01
3.906250e-02	-3.413405e-08	7.320192e-01
3.898635e-02	-3.197469e-08	7.294910e-01
3.891051e-02	-2.981120e-08	7.268152e-01
3.883495e-02	-2.763790e-08	7.236644e-01
3.875969e-02	-2.544985e-08	7.197840e-01
3.868472e-02	-2.324332e-08	7.149931e-01
3.861004e-02	-2.101608e-08	7.091735e-01
3.853565e-02	-1.876739e-08	7.022555e-01
3.846154e-02	-1.649782e-08	6.942103e-01
3.838772e-02	-1.420901e-08	6.850505e-01
3.831418e-02	-1.190340e-08	6.748368e-01
3.824092e-02	-9.583954e-09	6.636848e-01
3.816794e-02	-7.253997e-09	6.517650e-01
3.809524e-02	-4.917032e-09	6.392938e-01
3.802281e-02	-2.576645e-09	6.265160e-01
3.795066e-02	-2.364405e-10	6.136826e-01
3.787879e-02	2.100001e-09	6.010288e-01
3.780718e-02	4.429137e-09	5.887573e-01
3.773585e-02	6.747472e-09	5.770274e-01
3.766478e-02	9.051555e-09	5.659515e-01
3.759398e-02	1.133797e-08	5.555978e-01
3.752345e-02	1.360335e-08	5.459968e-01
3.745318e-02	1.584432e-08	5.371496e-01
3.738318e-02	1.805754e-08	5.290374e-01
3.731343e-02	2.023970e-08	5.216290e-01
3.724395e-02	2.238751e-08	5.148875e-01
3.717472e-02	2.449773e-08	5.087739e-01
3.710575e-02	2.656722e-08	5.032505e-01
3.703704e-02	2.859295e-08	4.982814e-01
3.696858e-02	3.057203e-08	4.938329e-01
3.690037e-02	3.250180e-08	4.898733e-01
3.683241e-02	3.437979e-08	4.863725e-01
3.676471e-02	3.620382e-08	4.833009e-01
3.669725e-02	3.797194e-08	4.806300e-01
3.663004e-02	3.968247e-08	4.783309e-01
3.656307e-02	4.133399e-08	4.763749e-01
3.649635e-02	4.292534e-08	4.747331e-01
3.642987e-02	4.445555e-08	4.733760e-01
3.636364e-02	4.592385e-08	4.722738e-01
3.629764e-02	4.732965e-08	4.713959e-01
3.623188e-02	4.867247e-08	4.707113e-01
3.616637e-02	4.995195e-08	4.701885e-01
3.610108e-02	5.116778e-08	4.697960e-01
3.603604e-02	5.231969e-08	4.695026e-01
3.597122e-02	5.340746e-08	4.692788e-01
3.590664e-02	5.443083e-08	4.690975e-01
3.584229e-02	5.538957e-08	4.689357e-01
3.577818e-02	5.628341e-08	4.687759e-01
3.571429e-02	5.711209e-08	4.686069e-01
3.565062e-02	5.787533e-08	4.684253e-01
3.558719e-02	5.857287e-08	4.682348e-01
3.552398e-02	5.920441e-08	4.680465e-01
3.546099e-02	5.976965e-08	4.678747e-01
3.539823e-02	6.026811e-08	4.677310e-01
3.533569e-02	6.069905e-08	4.676128e-01
3.527337e-02	6.106143e-08	4.674966e-01
3.521127e-02	6.135416e-08	4.673458e-01
3.514938e-02	6.157646e-08	4.671311e-01
3.508772e-02	6.172799e-08	4.668398e-01
3.502627e-02	6.180888e-08	4.664667e-01
3.496503e-02	6.181954e-08	4.660034e-01
3.490401e-02	6.176055e-08	4.654360e-01
3.484321e-02	6.163265e-08	4.647496e-01
3.478261e-02	6.143666e-08	4.639357e-01
3.472222e-02	6.117349e-08	4.629957e-01
3.466205e-02	6.084414e-08	4.619418e-01
3.460208e-02	6.044969e-08	4.607910e-01
3.454231e-02	5.999126e-08	4.595558e-01
3.448276e-02	5.946996e-08	4.582360e-01
3.442341e-02	5.888679e-08	4.568194e-01
3.436426e-02	5.824268e-08	4.552937e-01
3.430532e-02	5.753863e-08	4.536578e-01
3.424658e-02	5.677591e-08	4.519238e-01
3.418803e-02	5.595620e-08	4.501114e-01
3.412969e-02	5.508151e-08	4.482444e-01
3.407155e-02	5.415407e-08	4.463487e-01
3.401361e-02	5.317620e-08	4.444519e-01
3.395586e-02	5.215014e-08	4.425820e-01
3.389831e-02	5.107798e-08	4.407661e-01
3.384095e-02	4.996162e-08	4.390282e-01
3.378378e-02	4.880278e-08	4.373859e-01
3.372681e-02	4.760296e-08	4.358430e-01
3.367003e-02	4.636355e-08	4.343800e-01
3.361345e-02	4.508578e-08	4.329536e-01
3.355705e-02	4.377088e-08	4.315159e-01
3.350084e-02	4.242010e-08	4.300400e-01
3.344482e-02	4.103488e-08	4.285276e-01
3.338898e-02	3.961691e-08	4.269972e-01
3.333333e-02	3.816811e-08	4.254699e-01
3.327787e-02	3.669065e-08	4.239628e-01
3.322259e-02	3.518682e-08	4.224894e-01
3.316750e-02	3.365897e-08	4.210600e-01
3.311258e-02	3.210944e-08	4.196823e-01
3.305785e-02	3.054052e-08	4.183601e-01
3.300330e-02	2.895442e-08	4.170902e-01
3.294893e-02	2.735330e-08	4.158608e-01
3.289474e-02	2.573929e-08	4.146524e-01
3.284072e-02	2.411463e-08	4.134424e-01
3.278689e-02	2.248167e-08	4.122152e-01
3.273322e-02	2.084294e-08	4.109697e-01
3.267974e-02	1.920107e-08	4.097186e-01
3.262643e-02	1.755869e-08	4.084825e-01
3.257329e-02	1.591836e-08	4.072828e-01
3.252033e-02	1.428257e-08	4.061378e-01
3.246753e-02	1.265365e-08	4.050612e-01
3.241491e-02	1.103384e-08	4.040626e-01
3.236246e-02	9.425243e-09	4.031480e-01
3.231018e-02	7.829841e-09	4.023206e-01
3.225806e-02	6.249491e-09	4.015810e-01
3.220612e-02	4.685925e-09	4.009274e-01
3.215434e-02	3.140748e-09	4.003561e-01
3.210273e-02	1.615445e-09	3.998615e-01
3.205128e-02	1.113814e-10	3.994380e-01
3.200000e-02	-1.370180e-09	3.990801e-01
3.194888e-02	-2.828075e-09	3.987834e-01
3.189793e-02	-4.261226e-09	3.985441e-01
3.184713e-02	-5.668641e-09	3.983595e-01
3.179650e-02	-7.049405e-09	3.982279e-01
3.174603e-02	-8.402685e-09	3.981477e-01
3.169572e-02	-9.727737e-09	3.981180e-01
3.164557e-02	-1.102391e-08	3.981376e-01
3.159558e-02	-1.229064e-08	3.982050e-01
3.154574e-02	-1.352750e-08	3.983185e-01
3.149606e-02	-1.473413e-08	3.984762e-01
3.144654e-02	-1.591029e-08	3.986764e-01
3.139717e-02	-1.705585e-08	3.989176e-01
3.134796e-02	-1.817075e-08	3.991986e-01
3.129890e-02	-1.925503e-08	3.995180e-01
3.125000e-02	-2.030879e-08	3.998744e-01
3.120125e-02	-2.133221e-08	4.002663e-01
3.115265e-02	-2.232555e-08	4.006917e-01
3.110420e-02	-2.328910e-08	4.011489e-01
3.105590e-02	-2.422321e-08	4.016361e-01
3.100775e-02	-2.512826e-08	4.021518e-01
3.095975e-02	-2.600469e-08	4.026950e-01
3.091190e-02	-2.685296e-08	4.032648e-01
3.086420e-02	-2.767354e-08	4.038603e-01
3.081664e-02	-2.846694e-08	4.044807e-01
3.076923e-02	-2.923368e-08	4.051251e-01
3.072197e-02	-2.997430e-08	4.057924e-01
3.067485e-02	-3.068933e-08	4.064814e-01
3.062787e-02	-3.137933e-08	4.071908e-01
3.058104e-02	-3.204486e-08	4.079194e-01
3.053435e-02	-3.268646e-08	4.086662e-01
3.048780e-02	-3.330470e-08	4.094305e-01
3.044140e-02	-3.390014e-08	4.102120e-01
3.039514e-02	-3.447333e-08	4.110106e-01
3.034901e-02	-3.502486e-08	4.118265e-01
3.030303e-02	-3.555528e-08	4.126598e-01
3.025719e-02	-3.606517e-08	4.135106e-01
3.021148e-02	-3.655511e-08	4.143786e-01
3.016591e-02	-3.702568e-08	4.152636e-01
3.012048e-02	-3.747745e-08	4.161652e-01
3.007519e-02	-3.791101e-08	4.170826e-01
3.003003e-02	-3.832695e-08	4.180154e-01
2.998501e-02	-3.872584e-08	4.189628e-01
2.994012e-02	-3.910829e-08	4.199243e-01
2.989537e-02	-3.947487e-08	4.208994e-01
2.985075e-02	-3.982618e-08	4.218875e-01
2.980626e-02	-4.016281e-08	4.228884e-01
2.976190e-02	-4.048537e-08	4.239018e-01
2.971768e-02	-4.079443e-08	4.249275e-01
2.967359e-02	-4.109062e-08	4.259657e-01
2.962963e-02	-4.137453e-08	4.270165e-01
2.958580e-02	-4.164676e-08	4.280803e-01
2.954210e-02	-4.190793e-08	4.291573e-01
2.949853e-02	-4.215866e-08	4.302483e-01
2.945508e-02	-4.239956e-08	4.313539e-01
2.941176e-02	-4.263125e-08	4.324748e-01
2.936858e-02	-4.285438e-08	4.336118e-01
2.932551e-02	-4.306957e-08	4.347656e-01
2.928258e-02	-4.327747e-08	4.359371e-01
2.923977e-02	-4.347872e-08	4.371269e-01
2.919708e-02	-4.367398e-08	4.383355e-01
2.915452e-02	-4.386393e-08	4.395631e-01
2.911208e-02	-4.404922e-08	4.408099e-01
2.906977e-02	-4.423055e-08	4.420757e-01
2.902758e-02	-4.440858e-08	4.433603e-01
2.898551e-02	-4.458398e-08	4.446633e-01
2.894356e-02	-4.475741e-08	4.459846e-01
2.890173e-02	-4.492952e-08	4.473239e-01
2.886003e-02	-4.510092e-08	4.486807e-01
2.881844e-02	-4.527221e-08	4.500547e-01
2.877698e-02	-4.544399e-08	4.514452e-01
2.873563e-02	-4.561681e-08	4.528515e-01
2.869440e-02	-4.579123e-08	4.542724e-01
2.865330e-02	-4.596775e-08	4.557067e-01
2.861230e-02	-4.614689e-08	4.571527e-01
2.857143e-02	-4.632911e-08	4.586089e-01
2.853067e-02	-4.651485e-08	4.600732e-01
2.849003e-02	-4.670453e-08	4.615436e-01
2.844950e-02	-4.689853e-08	4.630179e-01
2.840909e-02	-4.709720e-08	4.644938e-01
2.836879e-02	-4.730083e-08	4.659689e-01
2.832861e-02	-4.750970e-08	4.674406e-01
2.828854e-02	-4.772403e-08	4.689064e-01
2.824859e-02	-4.794401e-08	4.703637e-01
2.820874e-02	-4.816976e-08	4.718098e-01
2.816901e-02	-4.840139e-08	4.732422e-01
2.812940e-02	-4.863894e-08	4.746584e-01
2.808989e-02	-4.888243e-08	4.760562e-01
2.805049e-02	-4.913184e-08	4.774336e-01
2.801120e-02	-4.938710e-08	4.787886e-01
2.797203e-02	-4.964813e-08	4.801197e-01
2.793296e-02	-4.991479e-08	4.814256e-01
2.789400e-02	-5.018693e-08	4.827050e-01
2.785515e-02	-5.046438e-08	4.839569e-01
2.781641e-02	-5.074693e-08	4.851807e-01
2.777778e-02	-5.103433e-08	4.863756e-01
2.773925e-02	-5.132634e-08	4.875413e-01
2.770083e-02	-5.162266e-08	4.886775e-01
2.766252e-02	-5.192300e-08	4.897842e-01
2.762431e-02	-5.222703e-08	4.908616e-01
2.758621e-02	-5.253441e-08	4.919101e-01
2.754821e-02	-5.284479e-08	4.929301e-01
2.751032e-02	-5.315780e-08	4.939224e-01
2.747253e-02	-5.347307e-08	4.948879e-01
2.743484e-02	-5.379022e-08	4.958276e-01
2.739726e-02	-5.410887e-08	4.967425e-01
2.735978e-02	-5.442862e-08	4.976341e-01
2.732240e-02	-5.474908e-08	4.985037e-01
2.728513e-02	-5.506988e-08	4.993527e-01
2.724796e-02	-5.539063e-08	5.001827e-01
2.721088e-02	-5.571095e-08	5.009954e-01
2.717391e-02	-5.603048e-08	5.017926e-01
2.713704e-02	-5.634885e-08	5.025758e-01
2.710027e-02	-5.666572e-08	5.033472e-01
2.706360e-02	-5.698074e-08	5.041084e-01
2.702703e-02	-5.729359e-08	5.048616e-01
2.699055e-02	-5.760396e-08	5.056087e-01
2.695418e-02	-5.791155e-08	5.063519e-01
2.691790e-02	-5.821607e-08	5.070931e-01
2.688172e-02	-5.851726e-08	5.078346e-01
2.684564e-02	-5.881486e-08	5.085787e-01
2.680965e-02	-5.910863e-08	5.093275e-01
2.677376e-02	-5.939836e-08	5.100834e-01
2.673797e-02	-5.968384e-08	5.108488e-01
2.670227e-02	-5.996488e-08	5.116260e-01
2.666667e-02	-6.024132e-08	5.124176e-01
2.663116e-02	-6.051298e-08	5.132260e-01
2.659574e-02	-6.077974e-08	5.140538e-01
2.656042e-02	-6.104146e-08	5.149036e-01
2.652520e-02	-6.129803e-08	5.157780e-01
2.649007e-02	-6.154935e-08	5.166796e-01
2.645503e-02	-6.179533e-08	5.176112e-01
2.642008e-02	-6.203591e-08	5.185755e-01
2.638522e-02	-6.227101e-08	5.195753e-01
2.635046e-02	-6.250059e-08	5.206134e-01
2.631579e-02	-6.272459e-08	5.216926e-01
2.628121e-02	-6.294298e-08	5.228157e-01
2.624672e-02	-6.315574e-08	5.239857e-01
2.621232e-02	-6.336283e-08	5.252055e-01
2.617801e-02	-6.356424e-08	5.264780e-01
2.614379e-02	-6.375994e-08	5.278061e-01
2.610966e-02	-6.394994e-08	5.291930e-01
2.607562e-02	-6.413420e-08	5.306414e-01
2.604167e-02	-6.431273e-08	5.321546e-01
2.600780e-02	-6.448550e-08	5.337357e-01
2.597403e-02	-6.465250e-08	5.353876e-01
2.594034e-02	-6.481371e-08	5.371136e-01
2.590674e-02	-6.496910e-08	5.389169e-01
2.587322e-02	-6.511864e-08	5.408008e-01
2.583979e-02	-6.526229e-08	5.427686e-01
2.580645e-02	-6.540002e-08	5.448237e-01
2.577320e-02	-6.553174e-08	5.469696e-01
2.574003e-02	-6.565741e-08	5.492101e-01
2.570694e-02	-6.577693e-08	5.515487e-01
2.567394e-02	-6.589021e-08	5.539896e-01
2.564103e-02	-6.599713e-08	5.565367e-01
2.560819e-02	-6.609755e-08	5.591943e-01
2.557545e-02	-6.619133e-08	5.619670e-01
2.554278e-02	-6.627827e-08	5.648596e-01
2.551020e-02	-6.635819e-08	5.678769e-01
2.547771e-02	-6.643086e-08	5.710245e-01
2.544529e-02	-6.649603e-08	5.743079e-01
2.541296e-02	-6.655343e-08	5.777332e-01
2.538071e-02	-6.660279e-08	5.813068e-01
2.534854e-02	-6.664378e-08	5.850354e-01
2.531646e-02	-6.667610e-08	5.889263e-01
2.528445e-02	-6.669939e-08	5.929871e-01
2.525253e-02	-6.671332e-08	5.972261e-01
2.522068e-02	-6.671752e-08	6.016520e-01
2.518892e-02	-6.671165e-08	6.062740e-01
2.515723e-02	-6.669533e-08	6.111019e-01
2.512563e-02	-6.666821e-08	6.161461e-01
2.509410e-02	-6.662995e-08	6.214177e-01
2.506266e-02	-6.658021e-08	6.269282e-01
2.503129e-02	-6.651867e-08	6.326899e-01
2.500000e-02	-6.644504e-08	6.387155e-01
2.496879e-02	-6.635903e-08	6.450185e-01
2.493766e-02	-6.626040e-08	6.516127e-01
2.490660e-02	-6.614893e-08	6.585126e-01
2.487562e-02	-6.602445e-08	6.657328e-01
2.484472e-02	-6.588680e-08	6.732886e-01
2.481390e-02	-6.573588e-08	6.811952e-01
2.478315e-02	-6.557163e-08	6.894680e-01
2.475248e-02	-6.539403e-08	6.981224e-01
2.472188e-02	-6.520311e-08	7.071737e-01
2.469136e-02	-6.499894e-08	7.166368e-01
2.466091e-02	-6.478164e-08	7.265264e-01
2.463054e-02	-6.455136e-08	7.368566e-01
2.460025e-02	-6.430833e-08	7.476412e-01
2.457002e-02	-6.405278e-08	7.588932e-01
2.453988e-02	-6.378501e-08	7.706255e-01
2.450980e-02	-6.350533e-08	7.828502e-01
2.447980e-02	-6.321411e-08	7.955795e-01
2.444988e-02	-6.291173e-08	8.088251e-01
2.442002e-02	-6.259861e-08	8.225991e-01
2.439024e-02	-6.227516e-08	8.369134e-01
2.436054e-02	-6.194184e-08	8.517804e-01
2.433090e-02	-6.159908e-08	8.672128e-01
2.430134e-02	-6.124736e-08	8.832238e-01
2.427184e-02	-6.088710e-08	8.998266e-01
2.424242e-02	-6.051876e-08	9.170346e-01
2.421308e-02	-6.014275e-08	9.348609e-01
2.418380e-02	-5.975949e-08	9.533179e-01
2.415459e-02	-5.936935e-08	9.724167e-01
2.412545e-02	-5.897268e-08	9.921663e-01
2.409639e-02	-5.856980e-08	1.012573e+00
2.406739e-02	-5.816100e-08	1.033641e+00
2.403846e-02	-5.774653e-08	1.055367e+00
2.400960e-02	-5.732660e-08	1.077745e+00
2.398082e-02	-5.690137e-08	1.100764e+00
2.395210e-02	-5.647098e-08	1.124403e+00
2.392344e-02	-5.603552e-08	1.148638e+00
2.389486e-02	-5.559507e-08	1.173433e+00
2.386635e-02	-5.514963e-08	1.198747e+00
2.383790e-02	-5.469922e-08	1.224530e+00
2.380952e-02	-5.424381e-08	1.250723e+00
2.378121e-02	-5.378334e-08	1.277260e+00
2.375297e-02	-5.331776e-08	1.304068e+00
2.372479e-02	-5.284698e-08	1.331066e+00
2.369668e-02	-5.237092e-08	1.358169e+00
2.366864e-02	-5.188948e-08	1.385287e+00
2.364066e-02	-5.140257e-08	1.412325e+00
2.361275e-02	-5.091012e-08	1.439187e+00
2.358491e-02	-5.041203e-08	1.465779e+00
2.355713e-02	-4.990825e-08	1.492005e+00
2.352941e-02	-4.939872e-08	1.517775e+00
2.350176e-02	-4.888343e-08	1.542999e+00
2.347418e-02	-4.836234e-08	1.567598e+00
2.344666e-02	-4.783550e-08	1.591496e+00
2.341920e-02	-4.730294e-08	1.614628e+00
2.339181e-02	-4.676475e-08	1.636936e+00
2.336449e-02	-4.622102e-08	1.658373e+00
2.333722e-02	-4.567190e-08	1.678903e+00
2.331002e-02	-4.511758e-08	1.698498e+00
2.328289e-02	-4.455825e-08	1.717143e+00
2.325581e-02	-4.399418e-08	1.734830e+00
2.322880e-02	-4.342564e-08	1.751564e+00
2.320186e-02	-4.285295e-08	1.767359e+00
2.317497e-02	-4.227645e-08	1.782235e+00
2.314815e-02	-4.169654e-08	1.796224e+00
2.312139e-02	-4.111360e-08	1.809365e+00
2.309469e-02	-4.052809e-08	1.821704e+00
2.306805e-02	-3.994045e-08	1.833295e+00
2.304147e-02	-3.935115e-08	1.844200e+00
2.301496e-02	-3.876070e-08	1.854490e+00
2.298851e-02	-3.816959e-08	1.864242e+00
2.296211e-02	-3.757836e-08	1.873543e+00
2.293578e-02	-3.698753e-08	1.882491e+00
2.290951e-02	-3.639765e-08	1.891194e+00
2.288330e-02	-3.580929e-08	1.899773e+00
2.285714e-02	-3.522304e-08	1.908365e+00
2.283105e-02	-3.463952e-08	1.917120e+00
2.280502e-02	-3.405938e-08	1.926211e+00
2.277904e-02	-3.348334e-08	1.935831e+00
2.275313e-02	-3.291216e-08	1.946196e+00
2.272727e-02	-3.234671e-08	1.957549e+00
2.270148e-02	-3.178797e-08	1.970163e+00
2.267574e-02	-3.123702e-08	1.984338e+00
2.265006e-02	-3.069514e-08	2.000400e+00
2.262443e-02	-3.016375e-08	2.018693e+00
2.259887e-02	-2.964442e-08	2.039564e+00
2.257336e-02	-2.913890e-08	2.063339e+00
2.254791e-02	-2.864901e-08	2.090279e+00
2.252252e-02	-2.817654e-08	2.120528e+00
2.249719e-02	-2.772314e-08	2.154047e+00
2.247191e-02	-2.729005e-08	2.190544e+00
2.244669e-02	-2.687792e-08	2.229427e+00
2.242152e-02	-2.648661e-08	2.269784e+00
2.239642e-02	-2.611506e-08	2.310434e+00
2.237136e-02	-2.576135e-08	2.350024e+00
2.234637e-02	-2.542290e-08	2.387178e+00
2.232143e-02	-2.509688e-08	2.420645e+00
2.229654e-02	-2.478060e-08	2.449426e+00
2.227171e-02	-2.447204e-08	2.472837e+00
2.224694e-02	-2.417014e-08	2.490528e+00
2.222222e-02	-2.387504e-08	2.502448e+00
2.219756e-02	-2.358810e-08	2.508796e+00
2.217295e-02	-2.331178e-08	2.509955e+00
2.214839e-02	-2.304938e-08	2.506442e+00
2.212389e-02	-2.280478e-08	2.498858e+00
2.209945e-02	-2.258204e-08	2.487846e+00
2.207506e-02	-2.238512e-08	2.474063e+00
2.205072e-02	-2.221745e-08	2.458154e+00
2.202643e-02	-2.208167e-08	2.440729e+00
2.200220e-02	-2.197927e-08	2.422345e+00
2.197802e-02	-2.191029e-08	2.403497e+00
2.195390e-02	-2.187302e-08	2.384596e+00
2.192982e-02	-2.186379e-08	2.365965e+00
2.190581e-02	-2.187674e-08	2.347828e+00
2.188184e-02	-2.190381e-08	2.330306e+00
2.185792e-02	-2.193482e-08	2.313417e+00
2.183406e-02	-2.195780e-08	2.297089e+00
2.181025e-02	-2.195951e-08	2.281174e+00
2.178649e-02	-2.192625e-08	2.265478e+00
2.176279e-02	-2.184474e-08	2.249785e+00
2.173913e-02	-2.170316e-08	2.233895e+00
2.171553e-02	-2.149200e-08	2.217634e+00
2.169197e-02	-2.120485e-08	2.200877e+00
2.166847e-02	-2.083880e-08	2.183537e+00
2.164502e-02	-2.039457e-08	2.165557e+00
2.162162e-02	-1.987632e-08	2.146896e+00
2.159827e-02	-1.929112e-08	2.127508e+00
2.157497e-02	-1.864836e-08	2.107337e+00
2.155172e-02	-1.795893e-08	2.086317e+00
2.152853e-02	-1.723452e-08	2.064378e+00
2.150538e-02	-1.648689e-08	2.041467e+00
2.148228e-02	-1.572728e-08	2.017558e+00
2.145923e-02	-1.496601e-08	1.992669e+00
2.143623e-02	-1.421210e-08	1.966866e+00
2.141328e-02	-1.347315e-08	1.940267e+00
2.139037e-02	-1.275524e-08	1.913030e+00
2.136752e-02	-1.206299e-08	1.885344e+00
2.134472e-02	-1.139964e-08	1.857413e+00
2.132196e-02	-1.076722e-08	1.829445e+00
2.129925e-02	-1.016669e-08	1.801639e+00
2.127660e-02	-9.598107e-09	1.774173e+00
2.125399e-02	-9.060855e-09	1.747203e+00
2.123142e-02	-8.553745e-09	1.720857e+00
2.120891e-02	-8.075190e-09	1.695234e+00
2.118644e-02	-7.623321e-09	1.670409e+00
2.116402e-02	-7.196088e-09	1.646434e+00
2.114165e-02	-6.791349e-09	1.623343e+00
2.111932e-02	-6.406929e-09	1.601154e+00
2.109705e-02	-6.040670e-09	1.579875e+00
2.107482e-02	-5.690467e-09	1.559507e+00
2.105263e-02	-5.354290e-09	1.540047e+00
2.103049e-02	-5.030195e-09	1.521488e+00
2.100840e-02	-4.716329e-09	1.503826e+00
2.098636e-02	-4.410934e-09	1.487054e+00
2.096436e-02	-4.112340e-09	1.471169e+00
2.094241e-02	-3.818961e-09	1.456166e+00
2.092050e-02	-3.529286e-09	1.442040e+00
2.089864e-02	-3.241882e-09	1.428786e+00
2.087683e-02	-2.955384e-09	1.416398e+00
2.085506e-02	-2.668499e-09	1.404862e+00
2.083333e-02	-2.380010e-09	1.394164e+00
2.081165e-02	-2.088786e-09	1.384281e+00
2.079002e-02	-1.793789e-09	1.375187e+00
2.076843e-02	-1.494092e-09	1.366845e+00
2.074689e-02	-1.188897e-09	1.359215e+00
2.072539e-02	-8.775498e-10	1.352251e+00
2.070393e-02	-5.595625e-10	1.345901e+00
2.068252e-02	-2.346265e-10	1.340110e+00
2.066116e-02	9.737127e-11	1.334821e+00
2.063983e-02	4.363397e-10	1.329979e+00
2.061856e-02	7.819784e-10	1.325529e+00
2.059732e-02	1.133778e-09	1.321421e+00
2.057613e-02	1.491027e-09	1.317610e+00
2.055498e-02	1.852820e-09	1.314056e+00
2.053388e-02	2.218077e-09	1.310727e+00
2.051282e-02	2.585555e-09	1.307597e+00
2.049180e-02	2.953873e-09	1.304647e+00
2.047083e-02	3.321533e-09	1.301864e+00
2.044990e-02	3.686934e-09	1.299238e+00
2.042901e-02	4.048396e-09	1.296765e+00
2.040816e-02	4.404175e-09	1.294444e+00
2.038736e-02	4.752478e-09	1.292278e+00
2.036660e-02	5.091471e-09	1.290269e+00
2.034588e-02	5.419293e-09	1.288423e+00
2.032520e-02	5.734063e-09	1.286748e+00
2.030457e-02	6.033885e-09	1.285251e+00
2.028398e-02	6.316855e-09	1.283942e+00
2.026342e-02	6.581070e-09	1.282832e+00
2.024291e-02	6.824629e-09	1.281933e+00
2.022245e-02	7.045651e-09	1.281261e+00
2.020202e-02	7.242275e-09	1.280830e+00
2.018163e-02	7.412679e-09	1.280661e+00
2.016129e-02	7.555089e-09	1.280772e+00
2.014099e-02	7.667800e-09	1.281186e+00
2.012072e-02	7.749184e-09	1.281928e+00
2.010050e-02	7.797713e-09	1.283024e+00
2.008032e-02	7.811977e-09	1.284499e+00
2.006018e-02	7.790697e-09	1.286384e+00
2.004008e-02	7.732745e-09	1.288708e+00
2.002002e-02	7.637154e-09	1.291500e+00
2.000000e-02	7.503139e-09	1.294792e+00
1.998002e-02	7.330099e-09	1.298614e+00
1.996008e-02	7.117630e-09	1.302998e+00
1.994018e-02	6.865529e-09	1.307976e+00
1.992032e-02	6.573794e-09	1.313579e+00
1.990050e-02	6.242626e-09	1.319837e+00
1.988072e-02	5.872420e-09	1.326783e+00
1.986097e-02	5.463762e-09	1.334449e+00
1.984127e-02	5.017418e-09	1.342866e+00
1.982161e-02	4.534323e-09	1.352067e+00
1.980198e-02	4.015564e-09	1.362086e+00
1.978239e-02	3.462369e-09	1.372957e+00
1.976285e-02	2.876089e-09	1.384717e+00
1.974334e-02	2.258181e-09	1.397404e+00
1.972387e-02	1.610192e-09	1.411060e+00
1.970443e-02	9.337414e-10	1.425731e+00
1.968504e-02	2.305049e-10	1.441468e+00
1.966568e-02	-4.978014e-10	1.458326e+00
1.964637e-02	-1.249434e-09	1.476372e+00
1.962709e-02	-2.022637e-09	1.495679e+00
1.960784e-02	-2.815655e-09	1.516332e+00
1.958864e-02	-3.626739e-09	1.538431e+00
1.956947e-02	-4.454160e-09	1.562090e+00
1.955034e-02	-5.296213e-09	1.587442e+00
1.953125e-02	-6.151224e-09	1.614638e+00
1.951220e-02	-7.017549e-09	1.643843e+00
1.949318e-02	-7.893580e-09	1.675241e+00
1.947420e-02	-8.777743e-09	1.709019e+00
1.945525e-02	-9.668488e-09	1.745355e+00
1.943635e-02	-1.056430e-08	1.784403e+00
1.941748e-02	-1.146366e-08	1.826258e+00
1.939864e-02	-1.236508e-08	1.870925e+00
1.937984e-02	-1.326706e-08	1.918276e+00
1.936108e-02	-1.416811e-08	1.968012e+00
1.934236e-02	-1.506670e-08	2.019632e+00
1.932367e-02	-1.596131e-08	2.072425e+00
1.930502e-02	-1.685041e-08	2.125481e+00
1.928640e-02	-1.773246e-08	2.177748e+00
1.926782e-02	-1.860594e-08	2.228100e+00
1.924928e-02	-1.946935e-08	2.275441e+00
1.923077e-02	-2.032122e-08	2.318794e+00
1.921230e-02	-2.116016e-08	2.357385e+00
1.919386e-02	-2.198478e-08	2.390691e+00
1.917546e-02	-2.279377e-08	2.418453e+00
1.915709e-02	-2.358587e-08	2.440651e+00
1.913876e-02	-2.435982e-08	2.457466e+00
1.912046e-02	-2.511438e-08	2.469218e+00
1.910220e-02	-2.584827e-08	2.476316e+00
1.908397e-02	-2.656019e-08	2.479204e+00
1.906578e-02	-2.724874e-08	2.478330e+00
1.904762e-02	-2.791243e-08	2.474115e+00
1.902950e-02	-2.854965e-08	2.466945e+00
1.901141e-02	-2.915864e-08	2.457163e+00
1.899335e-02	-2.973747e-08	2.445070e+00
1.897533e-02	-3.028404e-08	2.430932e+00
1.895735e-02	-3.079609e-08	2.414985e+00
1.893939e-02	-3.127115e-08	2.397443e+00
1.892148e-02	-3.170664e-08	2.378504e+00
1.890359e-02	-3.209980e-08	2.358354e+00
1.888574e-02	-3.244778e-08	2.337172e+00
1.886792e-02	-3.274768e-08	2.315129e+00
1.885014e-02	-3.299657e-08	2.292391e+00
1.883239e-02	-3.319158e-08	2.269113e+00
1.881468e-02	-3.332997e-08	2.245442e+00
1.879699e-02	-3.340916e-08	2.221513e+00
1.877934e-02	-3.342689e-08	2.197447e+00
1.876173e-02	-3.338120e-08	2.173348e+00
1.874414e-02	-3.327060e-08	2.149308e+00
1.872659e-02	-3.309407e-08	2.125402e+00
1.870907e-02	-3.285117e-08	2.101688e+00
1.869159e-02	-3.254207e-08	2.078215e+00
1.867414e-02	-3.216757e-08	2.055015e+00
1.865672e-02	-3.172916e-08	2.032116e+00
1.863933e-02	-3.122898e-08	2.009532e+00
1.862197e-02	-3.066980e-08	1.987278e+00
1.860465e-02	-3.005502e-08	1.965361e+00
1.858736e-02	-2.938857e-08	1.943786e+00
1.857010e-02	-2.867485e-08	1.922560e+00
1.855288e-02	-2.791866e-08	1.901689e+00
1.853568e-02	-2.712511e-08	1.881179e+00
1.851852e-02	-2.629949e-08	1.861038e+00
1.850139e-02	-2.544722e-08	1.841278e+00
1.848429e-02	-2.457371e-08	1.821909e+00
1.846722e-02	-2.368432e-08	1.802944e+00
1.845018e-02	-2.278424e-08	1.784396e+00
1.843318e-02	-2.187844e-08	1.766279e+00
1.841621e-02	-2.097162e-08	1.748606e+00
1.839926e-02	-2.006814e-08	1.731392e+00
1.838235e-02	-1.917200e-08	1.714649e+00
1.836547e-02	-1.828681e-08	1.698387e+00
1.834862e-02	-1.741580e-08	1.682617e+00
1.833181e-02	-1.656179e-08	1.667347e+00
1.831502e-02	-1.572721e-08	1.652583e+00
1.829826e-02	-1.491411e-08	1.638330e+00
1.828154e-02	-1.412419e-08	1.624589e+00
1.826484e-02	-1.335881e-08	1.611363e+00
1.824818e-02	-1.261903e-08	1.598649e+00
1.823154e-02	-1.190564e-08	1.586447e+00
1.821494e-02	-1.121917e-08	1.574751e+00
1.819836e-02	-1.055996e-08	1.563558e+00
1.818182e-02	-9.928148e-09	1.552862e+00
1.816530e-02	-9.323726e-09	1.542655e+00
1.814882e-02	-8.746564e-09	1.532930e+00
1.813237e-02	-8.196425e-09	1.523679e+00
1.811594e-02	-7.672993e-09	1.514892e+00
1.809955e-02	-7.175890e-09	1.506560e+00
1.808318e-02	-6.704692e-09	1.498674e+00
1.806685e-02	-6.258939e-09	1.491223e+00
1.805054e-02	-5.838146e-09	1.484198e+00
1.803427e-02	-5.441809e-09	1.477588e+00
1.801802e-02	-5.069411e-09	1.471384e+00
1.800180e-02	-4.720422e-09	1.465574e+00
1.798561e-02	-4.394302e-09	1.460148e+00
1.796945e-02	-4.090497e-09	1.455095e+00
1.795332e-02	-3.808443e-09	1.450404e+00
1.793722e-02	-3.547559e-09	1.446065e+00
1.792115e-02	-3.307248e-09	1.442064e+00
1.790510e-02	-3.086897e-09	1.438392e+00
1.788909e-02	-2.885869e-09	1.435036e+00
1.787310e-02	-2.703509e-09	1.431984e+00
1.785714e-02	-2.539139e-09	1.429224e+00
1.784121e-02	-2.392062e-09	1.426743e+00
1.782531e-02	-2.261560e-09	1.424528e+00
1.780944e-02	-2.146893e-09	1.422567e+00
1.779359e-02	-2.047307e-09	1.420845e+00
1.777778e-02	-1.962035e-09	1.419350e+00
1.776199e-02	-1.890292e-09	1.418068e+00
1.774623e-02	-1.831290e-09	1.416987e+00
1.773050e-02	-1.784230e-09	1.416092e+00
1.771479e-02	-1.748314e-09	1.415370e+00
1.769912e-02	-1.722740e-09	1.414810e+00
1.768347e-02	-1.706714e-09	1.414397e+00
1.766784e-02	-1.699440e-09	1.414119e+00
1.765225e-02	-1.700137e-09	1.413966e+00
1.763668e-02	-1.708030e-09	1.413924e+00
1.762115e-02	-1.722354e-09	1.413984e+00
1.760563e-02	-1.742361e-09	1.414136e+00
1.759015e-02	-1.767313e-09	1.414369e+00
1.757469e-02	-1.796488e-09	1.414676e+00
1.755926e-02	-1.829177e-09	1.415048e+00
1.754386e-02	-1.864688e-09	1.415478e+00
1.752848e-02	-1.902340e-09	1.415960e+00
1.751313e-02	-1.941469e-09	1.416489e+00
1.749781e-02	-1.981419e-09	1.417060e+00
1.748252e-02	-2.021552e-09	1.417670e+00
1.746725e-02	-2.061235e-09	1.418316e+00
1.745201e-02	-2.099849e-09	1.418996e+00
1.743679e-02	-2.136784e-09	1.419709e+00
1.742160e-02	-2.171435e-09	1.420455e+00
1.740644e-02	-2.203211e-09	1.421233e+00
1.739130e-02	-2.231525e-09	1.422044e+00
1.737619e-02	-2.255800e-09	1.422889e+00
1.736111e-02	-2.275469e-09	1.423770e+00
1.734605e-02	-2.289977e-09	1.424688e+00
1.733102e-02	-2.298782e-09	1.425645e+00
1.731602e-02	-2.301361e-09	1.426641e+00
1.730104e-02	-2.297211e-09	1.427679e+00
1.728608e-02	-2.285858e-09	1.428758e+00
1.727116e-02	-2.266862e-09	1.429879e+00
1.725626e-02	-2.239821e-09	1.431041e+00
1.724138e-02	-2.204387e-09	1.432243e+00
1.722653e-02	-2.160266e-09	1.433482e+00
1.721170e-02	-2.107238e-09	1.434757e+00
1.719690e-02	-2.045159e-09	1.436062e+00
1.718213e-02	-1.973973e-09	1.437394e+00
1.716738e-02	-1.893730e-09	1.438746e+00
1.715266e-02	-1.804583e-09	1.440112e+00
1.713796e-02	-1.706808e-09	1.441487e+00
1.712329e-02	-1.600801e-09	1.442863e+00
1.710864e-02	-1.487090e-09	1.444235e+00
1.709402e-02	-1.366331e-09	1.445595e+00
1.707942e-02	-1.239313e-09	1.446940e+00
1.706485e-02	-1.106944e-09	1.448265e+00
1.705030e-02	-9.702515e-10	1.449568e+00
1.703578e-02	-8.303657e-10	1.450847e+00
1.702128e-02	-6.885055e-10	1.452106e+00
1.700680e-02	-5.459610e-10	1.453347e+00
1.699235e-02	-4.040709e-10	1.454577e+00
1.697793e-02	-2.642010e-10	1.455806e+00
1.696353e-02	-1.277211e-10	1.457044e+00
1.694915e-02	4.022167e-12	1.458307e+00
1.693480e-02	1.297251e-10	1.459611e+00
1.692047e-02	2.481531e-10	1.460977e+00
1.690617e-02	3.581589e-10	1.462425e+00
1.689189e-02	4.587017e-10	1.463980e+00
1.687764e-02	5.488617e-10	1.465666e+00
1.686341e-02	6.278522e-10	1.467511e+00
1.684920e-02	6.950275e-10	1.469542e+00
1.683502e-02	7.498879e-10	1.471788e+00
1.682086e-02	7.920818e-10	1.474278e+00
1.680672e-02	8.214022e-10	1.477042e+00
1.679261e-02	8.377841e-10	1.480108e+00
1.677852e-02	8.412975e-10	1.483506e+00
1.676446e-02	8.321381e-10	1.487264e+00
1.675042e-02	8.106189e-10	1.491408e+00
1.673640e-02	7.771575e-10	1.495964e+00
1.672241e-02	7.322652e-10	1.500956e+00
1.670844e-02	6.765378e-10	1.506407e+00
1.669449e-02	6.106400e-10	1.512336e+00
1.668057e-02	5.352995e-10	1.518761e+00
1.666667e-02	4.512939e-10	1.525697e+00
1.665279e-02	3.594420e-10	1.533154e+00
1.663894e-02	2.605970e-10	1.541141e+00
1.662510e-02	1.556374e-10	1.549662e+00
1.661130e-02	4.546163e-11	1.558718e+00
1.659751e-02	-6.901875e-11	1.568306e+00
1.658375e-02	-1.868848e-10	1.578416e+00
1.657001e-02	-3.072150e-10	1.589036e+00
1.655629e-02	-4.290919e-10	1.600150e+00
1.654260e-02	-5.516077e-10	1.611735e+00
1.652893e-02	-6.738715e-10	1.623765e+00
1.651528e-02	-7.950157e-10	1.636207e+00
1.650165e-02	-9.142063e-10	1.649027e+00
1.648805e-02	-1.030650e-09	1.662184e+00
1.647446e-02	-1.143603e-09	1.675633e+00
1.646091e-02	-1.252387e-09	1.689328e+00
1.644737e-02	-1.356391e-09	1.703217e+00
1.643385e-02	-1.455088e-09	1.717248e+00
1.642036e-02	-1.548043e-09	1.731368e+00
1.640689e-02	-1.634920e-09	1.745522e+00
1.639344e-02	-1.715494e-09	1.759656e+00
1.638002e-02	-1.789653e-09	1.773722e+00
1.636661e-02	-1.857402e-09	1.787670e+00
1.635323e-02	-1.918869e-09	1.801459e+00
1.633987e-02	-1.974299e-09	1.815053e+00
1.632653e-02	-2.024051e-09	1.828424e+00
1.631321e-02	-2.068595e-09	1.841553e+00
1.629992e-02	-2.108493e-09	1.854430e+00
1.628664e-02	-2.144394e-09	1.867060e+00
1.627339e-02	-2.177013e-09	1.879456e+00
1.626016e-02	-2.207113e-09	1.891648e+00
1.624695e-02	-2.235486e-09	1.903676e+00
1.623377e-02	-2.262928e-09	1.915596e+00
1.622060e-02	-2.290222e-09	1.927476e+00
1.620746e-02	-2.318111e-09	1.939400e+00
1.619433e-02	-2.347283e-09	1.951463e+00
1.618123e-02	-2.378352e-09	1.963770e+00
1.616815e-02	-2.411841e-09	1.976442e+00
1.615509e-02	-2.448176e-09	1.989607e+00
1.614205e-02	-2.487676e-09	2.003403e+00
1.612903e-02	-2.530553e-09	2.017977e+00
1.611604e-02	-2.576914e-09	2.033481e+00
1.610306e-02	-2.626765e-09	2.050077e+00
1.609010e-02	-2.680020e-09	2.067929e+00
1.607717e-02	-2.736518e-09	2.087208e+00
1.606426e-02	-2.796030e-09	2.108089e+00
1.605136e-02	-2.858279e-09	2.130749e+00
1.603849e-02	-2.922951e-09	2.155371e+00
1.602564e-02	-2.989715e-09	2.182138e+00
1.601281e-02	-3.058232e-09	2.211236e+00
1.600000e-02	-3.128169e-09	2.242853e+00
1.598721e-02	-3.199211e-09	2.277174e+00
1.597444e-02	-3.271063e-09	2.314382e+00
1.596169e-02	-3.343463e-09	2.354653e+00
1.594896e-02	-3.416180e-09	2.398150e+00
1.593625e-02	-3.489021e-09	2.445020e+00
1.592357e-02	-3.561825e-09	2.495384e+00
1.591090e-02	-3.634471e-09	2.549329e+00
1.589825e-02	-3.706871e-09	2.606894e+00
1.588562e-02	-3.778974e-09	2.668069e+00
1.587302e-02	-3.850762e-09	2.732776e+00
1.586043e-02	-3.922252e-09	2.800870e+00
1.584786e-02	-3.993501e-09	2.872134e+00
1.583531e-02	-4.064599e-09	2.946282e+00
1.582278e-02	-4.135681e-09	3.022970e+00
1.581028e-02	-4.206922e-09	3.101808e+00
1.579779e-02	-4.278548e-09	3.182380e+00
1.578532e-02	-4.350830e-09	3.264262e+00
1.577287e-02	-4.424093e-09	3.347041e+00
1.576044e-02	-4.498711e-09	3.430330e+00
1.574803e-02	-4.575108e-09	3.513767e+00
1.573564e-02	-4.653745e-09	3.597019e+00
1.572327e-02	-4.735111e-09	3.679767e+00
1.571092e-02	-4.819703e-09	3.761686e+00
1.569859e-02	-4.907997e-09	3.842423e+00
1.568627e-02	-5.000412e-09	3.921575e+00
1.567398e-02	-5.097281e-09	3.998678e+00
1.566171e-02	-5.198807e-09	4.073209e+00
1.564945e-02	-5.305037e-09	4.144597e+00
1.563722e-02	-5.415842e-09	4.212265e+00
1.562500e-02	-5.530911e-09	4.275666e+00
1.561280e-02	-5.649768e-09	4.334338e+00
1.560062e-02	-5.771800e-09	4.387942e+00
1.558846e-02	-5.896301e-09	4.436291e+00
1.557632e-02	-6.022516e-09	4.479362e+00
1.556420e-02	-6.149692e-09	4.517292e+00
1.555210e-02	-6.277120e-09	4.550357e+00
1.554002e-02	-6.404163e-09	4.578947e+00
1.552795e-02	-6.530283e-09	4.603537e+00
1.551590e-02	-6.655045e-09	4.624656e+00
1.550388e-02	-6.778125e-09	4.642863e+00
1.549187e-02	-6.899296e-09	4.658725e+00
1.547988e-02	-7.018416e-09	4.672838e+00
1.546790e-02	-7.135418e-09	4.685697e+00
1.545595e-02	-7.250284e-09	4.697793e+00
1.544402e-02	-7.363031e-09	4.709644e+00
1.543210e-02	-7.473696e-09	4.721693e+00
1.542020e-02	-7.582315e-09	4.734345e+00
1.540832e-02	-7.688913e-09	4.747964e+00
1.539646e-02	-7.793490e-09	4.762876e+00
1.538462e-02	-7.896010e-09	4.779369e+00
1.537279e-02	-7.996394e-09	4.797703e+00
1.536098e-02	-8.094513e-09	4.818116e+00
1.534919e-02	-8.190184e-09	4.840836e+00
1.533742e-02	-8.283166e-09	4.866098e+00
1.532567e-02	-8.373162e-09	4.894155e+00
1.531394e-02	-8.459817e-09	4.925297e+00
1.530222e-02	-8.542726e-09	4.959862e+00
1.529052e-02	-8.621432e-09	4.998237e+00
1.527884e-02	-8.695439e-09	5.040856e+00
1.526718e-02	-8.764214e-09	5.088179e+00
1.525553e-02	-8.827201e-09	5.140655e+00
1.524390e-02	-8.883825e-09	5.198674e+00
1.523229e-02	-8.933507e-09	5.262492e+00
1.522070e-02	-8.975671e-09	5.332162e+00
1.520913e-02	-9.009754e-09	5.407453e+00
1.519757e-02	-9.035216e-09	5.487801e+00
1.518603e-02	-9.051548e-09	5.572284e+00
1.517451e-02	-9.058280e-09	5.659648e+00
1.516300e-02	-9.054985e-09	5.748385e+00
1.515152e-02	-9.041289e-09	5.836842e+00
1.514005e-02	-9.016865e-09	5.923351e+00
1.512859e-02	-8.981446e-09	6.006343e+00
1.511716e-02	-8.934813e-09	6.084439e+00
1.510574e-02	-8.876799e-09	6.156492e+00
1.509434e-02	-8.807286e-09	6.221601e+00
1.508296e-02	-8.726192e-09	6.279096e+00
1.507159e-02	-8.633472e-09	6.328502e+00
1.506024e-02	-8.529105e-09	6.369508e+00
1.504891e-02	-8.413082e-09	6.401933e+00
1.503759e-02	-8.285403e-09	6.425696e+00
1.502630e-02	-8.146060e-09	6.440802e+00
1.501502e-02	-7.995031e-09	6.447324e+00
1.500375e-02	-7.832272e-09	6.445396e+00
1.499250e-02	-7.657708e-09	6.435208e+00
1.498127e-02	-7.471235e-09	6.417005e+00
1.497006e-02	-7.272716e-09	6.391083e+00
1.495886e-02	-7.061990e-09	6.357786e+00
1.494768e-02	-6.838882e-09	6.317508e+00
1.493652e-02	-6.603217e-09	6.270690e+00
1.492537e-02	-6.354848e-09	6.217814e+00
1.491424e-02	-6.093676e-09	6.159404e+00
1.490313e-02	-5.819683e-09	6.096015e+00
1.489203e-02	-5.532964e-09	6.028234e+00
1.488095e-02	-5.233762e-09	5.956667e+00
1.486989e-02	-4.922490e-09	5.881936e+00
1.485884e-02	-4.599768e-09	5.804670e+00
1.484781e-02	-4.266433e-09	5.725494e+00
1.483680e-02	-3.923554e-09	5.645023e+00
1.482580e-02	-3.572429e-09	5.563853e+00
1.481481e-02	-3.214568e-09	5.482555e+00
1.480385e-02	-2.851676e-09	5.401665e+00
1.479290e-02	-2.485611e-09	5.321679e+00
1.478197e-02	-2.118341e-09	5.243052e+00
1.477105e-02	-1.751892e-09	5.166190e+00
1.476015e-02	-1.388299e-09	5.091452e+00
1.474926e-02	-1.029549e-09	5.019145e+00
1.473839e-02	-6.775336e-10	4.949524e+00
1.472754e-02	-3.340056e-10	4.882797e+00
1.471670e-02	-5.445614e-13	4.819121e+00
1.470588e-02	3.214728e-10	4.758603e+00
1.469508e-02	6.308910e-10	4.701307e+00
1.468429e-02	9.267875e-10	4.647249e+00
1.467351e-02	1.208480e-09	4.596407e+00
1.466276e-02	1.475529e-09	4.548716e+00
1.465201e-02	1.727731e-09	4.504077e+00
1.464129e-02	1.965118e-09	4.462358e+00
1.463058e-02	2.187946e-09	4.423396e+00
1.461988e-02	2.396692e-09	4.387008e+00
1.460920e-02	2.592033e-09	4.352988e+00
1.459854e-02	2.774834e-09	4.321118e+00
1.458789e-02	2.946131e-09	4.291171e+00
1.457726e-02	3.107101e-09	4.262919e+00
1.456664e-02	3.259041e-09	4.236136e+00
1.455604e-02	3.403338e-09	4.210612e+00
1.454545e-02	3.541442e-09	4.186151e+00
1.453488e-02	3.674830e-09	4.162583e+00
1.452433e-02	3.804980e-09	4.139764e+00
1.451379e-02	3.933341e-09	4.117576e+00
1.450326e-02	4.061297e-09	4.095927e+00
1.449275e-02	4.190139e-09	4.074749e+00
1.448226e-02	4.321037e-09	4.053989e+00
1.447178e-02	4.455009e-09	4.033605e+00
1.446132e-02	4.592905e-09	4.013568e+00
1.445087e-02	4.735388e-09	3.993851e+00
1.444043e-02	4.882925e-09	3.974431e+00
1.443001e-02	5.035786e-09	3.955289e+00
1.441961e-02	5.194047e-09	3.936408e+00
1.440922e-02	5.357600e-09	3.917772e+00
1.439885e-02	5.526164e-09	3.899370e+00
1.438849e-02	5.699306e-09	3.881196e+00
1.437815e-02	5.876459e-09	3.863244e+00
1.436782e-02	6.056937e-09	3.845517e+00
1.435750e-02	6.239958e-09	3.828017e+00
1.434720e-02	6.424658e-09	3.810752e+00
1.433692e-02	6.610104e-09	3.793733e+00
1.432665e-02	6.795308e-09	3.776972e+00
1.431639e-02	6.979238e-09	3.760480e+00
1.430615e-02	7.160827e-09	3.744273e+00
1.429593e-02	7.338982e-09	3.728364e+00
1.428571e-02	7.512591e-09	3.712766e+00
1.427552e-02	7.680542e-09	3.697491e+00
1.426534e-02	7.841725e-09	3.682552e+00
1.425517e-02	7.995052e-09	3.667961e+00
1.424501e-02	8.139470e-09	3.653730e+00
1.423488e-02	8.273974e-09	3.639871e+00
1.422475e-02	8.397627e-09	3.626398e+00
1.421464e-02	8.509570e-09	3.613324e+00
1.420455e-02	8.609033e-09	3.600663e+00
1.419446e-02	8.695349e-09	3.588432e+00
1.418440e-02	8.767957e-09	3.576647e+00
1.417434e-02	8.826402e-09	3.565326e+00
1.416431e-02	8.870340e-09	3.554487e+00
1.415428e-02	8.899528e-09	3.544151e+00
1.414427e-02	8.913822e-09	3.534337e+00
1.413428e-02	8.913164e-09	3.525064e+00
1.412429e-02	8.897579e-09	3.516353e+00
1.411433e-02	8.867157e-09	3.508223e+00
1.410437e-02	8.822050e-09	3.500690e+00
1.409443e-02	8.762455e-09	3.493770e+00
1.408451e-02	8.688610e-09	3.487476e+00
1.407460e-02	8.600779e-09	3.481819e+00
1.406470e-02	8.499251e-09	3.476806e+00
1.405481e-02	8.384326e-09	3.472440e+00
1.404494e-02	8.256314e-09	3.468723e+00
1.403509e-02	8.115528e-09	3.465650e+00
1.402525e-02	7.962281e-09	3.463215e+00
1.401542e-02	7.796884e-09	3.461406e+00
1.400560e-02	7.619647e-09	3.460209e+00
1.399580e-02	7.430875e-09	3.459604e+00
1.398601e-02	7.230876e-09	3.459568e+00
1.397624e-02	7.019963e-09	3.460074e+00
1.396648e-02	6.798452e-09	3.461087e+00
1.395673e-02	6.566678e-09	3.462570e+00
1.394700e-02	6.324991e-09	3.464480e+00
1.393728e-02	6.073770e-09	3.466768e+00
1.392758e-02	5.813421e-09	3.469377e+00
1.391788e-02	5.544392e-09	3.472248e+00
1.390821e-02	5.267170e-09	3.475315e+00
1.389854e-02	4.982287e-09	3.478509e+00
1.388889e-02	4.690322e-09	3.481757e+00
1.387925e-02	4.391901e-09	3.484986e+00
1.386963e-02	4.087691e-09	3.488121e+00
1.386001e-02	3.778398e-09	3.491092e+00
1.385042e-02	3.464759e-09	3.493827e+00
1.384083e-02	3.147527e-09	3.496259e+00
1.383126e-02	2.827459e-09	3.498325e+00
1.382170e-02	2.505298e-09	3.499965e+00
1.381215e-02	2.181755e-09	3.501126e+00
1.380262e-02	1.857487e-09	3.501757e+00
1.379310e-02	1.533086e-09	3.501815e+00
1.378360e-02	1.209059e-09	3.501263e+00
1.377410e-02	8.858217e-10	3.500069e+00
1.376462e-02	5.636970e-10	3.498209e+00
1.375516e-02	2.429130e-10	3.495667e+00
1.374570e-02	-7.639005e-11	3.492432e+00
1.373626e-02	-3.941523e-10	3.488501e+00
1.372684e-02	-7.103835e-10	3.483880e+00
1.371742e-02	-1.025155e-09	3.478580e+00
1.370802e-02	-1.338593e-09	3.472620e+00
1.369863e-02	-1.650870e-09	3.466023e+00
1.368925e-02	-1.962199e-09	3.458820e+00
1.367989e-02	-2.272836e-09	3.451045e+00
1.367054e-02	-2.583074e-09	3.442736e+00
1.366120e-02	-2.893244e-09	3.433934e+00
1.365188e-02	-3.203716e-09	3.424684e+00
1.364256e-02	-3.514896e-09	3.415031e+00
1.363327e-02	-3.827227e-09	3.405023e+00
1.362398e-02	-4.141186e-09	3.394710e+00
1.361470e-02	-4.457288e-09	3.384141e+00
1.360544e-02	-4.776075e-09	3.373366e+00
1.359619e-02	-5.098120e-09	3.362437e+00
1.358696e-02	-5.424020e-09	3.351404e+00
1.357773e-02	-5.754392e-09	3.340320e+00
1.356852e-02	-6.089869e-09	3.329234e+00
1.355932e-02	-6.431095e-09	3.318198e+00
1.355014e-02	-6.778721e-09	3.307260e+00
1.354096e-02	-7.133393e-09	3.296471e+00
1.353180e-02	-7.495757e-09	3.285877e+00
1.352265e-02	-7.866441e-09	3.275525e+00
1.351351e-02	-8.246057e-09	3.265458e+00
1.350439e-02	-8.635191e-09	3.255716e+00
1.349528e-02	-9.034398e-09	3.246338e+00
1.348618e-02	-9.444194e-09	3.237358e+00
1.347709e-02	-9.865048e-09	3.228804e+00
1.346801e-02	-1.029738e-08	3.220703e+00
1.345895e-02	-1.074156e-08	3.213072e+00
1.344990e-02	-1.119787e-08	3.205925e+00
1.344086e-02	-1.166656e-08	3.199267e+00
1.343183e-02	-1.214776e-08	3.193097e+00
1.342282e-02	-1.264157e-08	3.187406e+00
1.341382e-02	-1.314796e-08	3.182176e+00
1.340483e-02	-1.366684e-08	3.177380e+00
1.339585e-02	-1.419801e-08	3.172985e+00
1.338688e-02	-1.474119e-08	3.168948e+00
1.337793e-02	-1.529598e-08	3.165222e+00
1.336898e-02	-1.586192e-08	3.161754e+00
1.336005e-02	-1.643840e-08	3.158487e+00
1.335113e-02	-1.702475e-08	3.155365e+00
1.334223e-02	-1.762017e-08	3.152334e+00
1.333333e-02	-1.822379e-08	3.149341e+00
1.332445e-02	-1.883462e-08	3.146345e+00
1.331558e-02	-1.945160e-08	3.143313e+00
1.330672e-02	-2.007355e-08	3.140225e+00
1.329787e-02	-2.069921e-08	3.137073e+00
1.328904e-02	-2.132726e-08	3.133870e+00
1.328021e-02	-2.195625e-08	3.130643e+00
1.327140e-02	-2.258471e-08	3.127435e+00
1.326260e-02	-2.321107e-08	3.124309e+00
1.325381e-02	-2.383370e-08	3.121341e+00
1.324503e-02	-2.445095e-08	3.118619e+00
1.323627e-02	-2.506113e-08	3.116242e+00
1.322751e-02	-2.566255e-08	3.114317e+00
1.321877e-02	-2.625353e-08	3.112951e+00
1.321004e-02	-2.683242e-08	3.112253e+00
1.320132e-02	-2.739766e-08	3.112322e+00
1.319261e-02	-2.794776e-08	3.113247e+00
1.318392e-02	-2.848134e-08	3.115101e+00
1.317523e-02	-2.899720e-08	3.117937e+00
1.316656e-02	-2.949425e-08	3.121782e+00
1.315789e-02	-2.997163e-08	3.126632e+00
1.314924e-02	-3.042866e-08	3.132452e+00
1.314060e-02	-3.086488e-08	3.139174e+00
1.313198e-02	-3.128003e-08	3.146695e+00
1.312336e-02	-3.167407e-08	3.154880e+00
1.311475e-02	-3.204717e-08	3.163566e+00
1.310616e-02	-3.239965e-08	3.172570e+00
1.309758e-02	-3.273198e-08	3.181695e+00
1.308901e-02	-3.304472e-08	3.190745e+00
1.308044e-02	-3.333847e-08	3.199530e+00
1.307190e-02	-3.361380e-08	3.207881e+00
1.306336e-02	-3.387120e-08	3.215658e+00
1.305483e-02	-3.411104e-08	3.222756e+00
1.304631e-02	-3.433350e-08	3.229112e+00
1.303781e-02	-3.453856e-08	3.234699e+00
1.302932e-02	-3.472594e-08	3.239523e+00
1.302083e-02	-3.489515e-08	3.243619e+00
1.301236e-02	-3.504547e-08	3.247035e+00
1.300390e-02	-3.517601e-08	3.249826e+00
1.299545e-02	-3.528569e-08	3.252037e+00
1.298701e-02	-3.537337e-08	3.253701e+00
1.297859e-02	-3.543783e-08	3.254826e+00
1.297017e-02	-3.547786e-08	3.255390e+00
1.296176e-02	-3.549231e-08	3.255346e+00
1.295337e-02	-3.548011e-08	3.254616e+00
1.294498e-02	-3.544033e-08	3.253097e+00
1.293661e-02	-3.537223e-08	3.250669e+00
1.292825e-02	-3.527524e-08	3.247202e+00
1.291990e-02	-3.514904e-08	3.242561e+00
1.291156e-02	-3.499353e-08	3.236617e+00
1.290323e-02	-3.480888e-08	3.229258e+00
1.289491e-02	-3.459551e-08	3.220393e+00
1.288660e-02	-3.435412e-08	3.209966e+00
1.287830e-02	-3.408569e-08	3.197957e+00
1.287001e-02	-3.379144e-08	3.184393e+00
1.286174e-02	-3.347286e-08	3.169347e+00
1.285347e-02	-3.313164e-08	3.152942e+00
1.284522e-02	-3.276972e-08	3.135348e+00
1.283697e-02	-3.238916e-08	3.116777e+00
1.282874e-02	-3.199220e-08	3.097476e+00
1.282051e-02	-3.158114e-08	3.077715e+00
1.281230e-02	-3.115836e-08	3.057777e+00
1.280410e-02	-3.072622e-08	3.037946e+00
1.279591e-02	-3.028709e-08	3.018497e+00
1.278772e-02	-2.984324e-08	2.999682e+00
1.277955e-02	-2.939689e-08	2.981726e+00
1.277139e-02	-2.895010e-08	2.964821e+00
1.276324e-02	-2.850482e-08	2.949118e+00
1.275510e-02	-2.806286e-08	2.934732e+00
1.274697e-02	-2.762585e-08	2.921735e+00
1.273885e-02	-2.719528e-08	2.910163e+00
1.273074e-02	-2.677247e-08	2.900013e+00
1.272265e-02	-2.635862e-08	2.891252e+00
1.271456e-02	-2.595475e-08	2.883816e+00
1.270648e-02	-2.556178e-08	2.877615e+00
1.269841e-02	-2.518051e-08	2.872537e+00
1.269036e-02	-2.481163e-08	2.868454e+00
1.268231e-02	-2.445574e-08	2.865225e+00
1.267427e-02	-2.411340e-08	2.862698e+00
1.266624e-02	-2.378508e-08	2.860722e+00
1.265823e-02	-2.347123e-08	2.859145e+00
1.265022e-02	-2.317224e-08	2.857820e+00
1.264223e-02	-2.288850e-08	2.856611e+00
1.263424e-02	-2.262036e-08	2.855396e+00
1.262626e-02	-2.236820e-08	2.854068e+00
1.261830e-02	-2.213234e-08	2.852539e+00
1.261034e-02	-2.191314e-08	2.850741e+00
1.260239e-02	-2.171093e-08	2.848628e+00
1.259446e-02	-2.152605e-08	2.846173e+00
1.258653e-02	-2.135882e-08	2.843367e+00
1.257862e-02	-2.120957e-08	2.840222e+00
1.257071e-02	-2.107861e-08	2.836763e+00
1.256281e-02	-2.096622e-08	2.833030e+00
1.255493e-02	-2.087268e-08	2.829071e+00
1.254705e-02	-2.079823e-08	2.824943e+00
1.253918e-02	-2.074308e-08	2.820707e+00
1.253133e-02	-2.070741e-08	2.816428e+00
1.252348e-02	-2.069132e-08	2.812169e+00
1.251564e-02	-2.069490e-08	2.807991e+00
1.250782e-02	-2.071815e-08	2.803953e+00
1.250000e-02	-2.076101e-08	2.800107e+00
1.249219e-02	-2.082334e-08	2.796502e+00
1.248439e-02	-2.090491e-08	2.793178e+00
1.247661e-02	-2.100543e-08	2.790171e+00
1.246883e-02	-2.112448e-08	2.787511e+00
1.246106e-02	-2.126156e-08	2.785221e+00
1.245330e-02	-2.141607e-08	2.783320e+00
1.244555e-02	-2.158731e-08	2.781821e+00
1.243781e-02	-2.177447e-08	2.780735e+00
1.243008e-02	-2.197665e-08	2.780071e+00
1.242236e-02	-2.219285e-08	2.779834e+00
1.241465e-02	-2.242197e-08	2.780030e+00
1.240695e-02	-2.266283e-08	2.780666e+00
1.239926e-02	-2.291417e-08	2.781747e+00
1.239157e-02	-2.317465e-08	2.783281e+00
1.238390e-02	-2.344289e-08	2.785281e+00
1.237624e-02	-2.371742e-08	2.787757e+00
1.236858e-02	-2.399676e-08	2.790727e+00
1.236094e-02	-2.427941e-08	2.794210e+00
1.235330e-02	-2.456382e-08	2.798227e+00
1.234568e-02	-2.484849e-08	2.802804e+00
1.233806e-02	-2.513188e-08	2.807970e+00
1.233046e-02	-2.541252e-08	2.813757e+00
1.232286e-02	-2.568895e-08	2.820201e+00
1.231527e-02	-2.595977e-08	2.827340e+00
1.230769e-02	-2.622362e-08	2.835217e+00
1.230012e-02	-2.647921e-08	2.843877e+00
1.229256e-02	-2.672532e-08	2.853367e+00
1.228501e-02	-2.696078e-08	2.863738e+00
1.227747e-02	-2.718451e-08	2.875045e+00
1.226994e-02	-2.739549e-08	2.887342e+00
1.226242e-02	-2.759277e-08	2.900687e+00
1.225490e-02	-2.777546e-08	2.915138e+00
1.224740e-02	-2.794275e-08	2.930752e+00
1.223990e-02	-2.809389e-08	2.947585e+00
1.223242e-02	-2.822817e-08	2.965687e+00
1.222494e-02	-2.834496e-08	2.985105e+00
1.221747e-02	-2.844369e-08	3.005872e+00
1.221001e-02	-2.852383e-08	3.028010e+00
1.220256e-02	-2.858490e-08	3.051522e+00
1.219512e-02	-2.862650e-08	3.076385e+00
1.218769e-02	-2.864825e-08	3.102544e+00
1.218027e-02	-2.864984e-08	3.129906e+00
1.217285e-02	-2.863101e-08	3.158326e+00
1.216545e-02	-2.859155e-08	3.187602e+00
1.215805e-02	-2.853130e-08	3.217460e+00
1.215067e-02	-2.845016e-08	3.247549e+00
1.214329e-02	-2.834810e-08	3.277429e+00
1.213592e-02	-2.822512e-08	3.306566e+00
1.212856e-02	-2.808130e-08	3.334338e+00
1.212121e-02	-2.791677e-08	3.360034e+00
1.211387e-02	-2.773171e-08	3.382879e+00
1.210654e-02	-2.752637e-08	3.402051e+00
1.209921e-02	-2.730105e-08	3.416725e+00
1.209190e-02	-2.705612e-08	3.426110e+00
1.208459e-02	-2.679199e-08	3.429503e+00
1.207729e-02	-2.650912e-08	3.426343e+00
1.207001e-02	-2.620803e-08	3.416255e+00
1.206273e-02	-2.588930e-08	3.399091e+00
1.205546e-02	-2.555352e-08	3.374959e+00
1.204819e-02	-2.520138e-08	3.344225e+00
1.204094e-02	-2.483357e-08	3.307499e+00
1.203369e-02	-2.445086e-08	3.265601e+00
1.202646e-02	-2.405406e-08	3.219504e+00
1.201923e-02	-2.364403e-08	3.170275e+00
1.201201e-02	-2.322168e-08	3.119006e+00
1.200480e-02	-2.278800e-08	3.066750e+00
1.199760e-02	-2.234400e-08	3.014474e+00
1.199041e-02	-2.189079e-08	2.963020e+00
1.198322e-02	-2.142953e-08	2.913087e+00
1.197605e-02	-2.096145e-08	2.865219e+00
1.196888e-02	-2.048786e-08	2.819815e+00
1.196172e-02	-2.001012e-08	2.777142e+00
1.195457e-02	-1.952971e-08	2.737349e+00
1.194743e-02	-1.904815e-08	2.700491e+00
1.194030e-02	-1.856705e-08	2.666549e+00
1.193317e-02	-1.808811e-08	2.635445e+00
1.192606e-02	-1.761311e-08	2.607061e+00
1.191895e-02	-1.714387e-08	2.581254e+00
1.191185e-02	-1.668231e-08	2.557861e+00
1.190476e-02	-1.623042e-08	2.536716e+00
1.189768e-02	-1.579020e-08	2.517650e+00
1.189061e-02	-1.536374e-08	2.500499e+00
1.188354e-02	-1.495312e-08	2.485104e+00
1.187648e-02	-1.456045e-08	2.471319e+00
1.186944e-02	-1.418784e-08	2.459008e+00
1.186240e-02	-1.383737e-08	2.448045e+00
1.185536e-02	-1.351105e-08	2.438319e+00
1.184834e-02	-1.321087e-08	2.429730e+00
1.184133e-02	-1.293869e-08	2.422189e+00
1.183432e-02	-1.269628e-08	2.415621e+00
1.182732e-02	-1.248524e-08	2.409959e+00
1.182033e-02	-1.230705e-08	2.405148e+00
1.181335e-02	-1.216298e-08	2.401142e+00
1.180638e-02	-1.205410e-08	2.397900e+00
1.179941e-02	-1.198128e-08	2.395394e+00
1.179245e-02	-1.194511e-08	2.393599e+00
1.178550e-02	-1.194596e-08	2.392495e+00
1.177856e-02	-1.198395e-08	2.392067e+00
1.177163e-02	-1.205891e-08	2.392304e+00
1.176471e-02	-1.217041e-08	2.393196e+00
1.175779e-02	-1.231774e-08	2.394735e+00
1.175088e-02	-1.249995e-08	2.396912e+00
1.174398e-02	-1.271581e-08	2.399719e+00
1.173709e-02	-1.296386e-08	2.403145e+00
1.173021e-02	-1.324241e-08	2.407177e+00
1.172333e-02	-1.354955e-08	2.411800e+00
1.171646e-02	-1.388320e-08	2.416994e+00
1.170960e-02	-1.424109e-08	2.422736e+00
1.170275e-02	-1.462084e-08	2.428999e+00
1.169591e-02	-1.501995e-08	2.435749e+00
1.168907e-02	-1.543586e-08	2.442949e+00
1.168224e-02	-1.586594e-08	2.450548e+00
1.167542e-02	-1.630760e-08	2.458490e+00
1.166861e-02	-1.675828e-08	2.466703e+00
1.166181e-02	-1.721548e-08	2.475098e+00
1.165501e-02	-1.767686e-08	2.483566e+00
1.164822e-02	-1.814022e-08	2.491973e+00
1.164144e-02	-1.860359e-08	2.500154e+00
1.163467e-02	-1.906523e-08	2.507919e+00
1.162791e-02	-1.952370e-08	2.515043e+00
1.162115e-02	-1.997781e-08	2.521279e+00
1.161440e-02	-2.042673e-08	2.526363e+00
1.160766e-02	-2.086988e-08	2.530031e+00
1.160093e-02	-2.130697e-08	2.532032e+00
1.159420e-02	-2.173796e-08	2.532157e+00
1.158749e-02	-2.216295e-08	2.530252e+00
1.158078e-02	-2.258217e-08	2.526247e+00
1.157407e-02	-2.299590e-08	2.520163e+00
1.156738e-02	-2.340435e-08	2.512122e+00
1.156069e-02	-2.380768e-08	2.502341e+00
1.155402e-02	-2.420585e-08	2.491122e+00
1.154734e-02	-2.459869e-08	2.478833e+00
1.154068e-02	-2.498580e-08	2.465882e+00
1.153403e-02	-2.536657e-08	2.452697e+00
1.152738e-02	-2.574025e-08	2.439699e+00
1.152074e-02	-2.610588e-08	2.427284e+00
1.151410e-02	-2.646243e-08	2.415814e+00
1.150748e-02	-2.680875e-08	2.405604e+00
1.150086e-02	-2.714368e-08	2.396921e+00
1.149425e-02	-2.746601e-08	2.389988e+00
1.148765e-02	-2.777460e-08	2.384981e+00
1.148106e-02	-2.806833e-08	2.382042e+00
1.147447e-02	-2.834616e-08	2.381282e+00
1.146789e-02	-2.860712e-08	2.382788e+00
1.146132e-02	-2.885036e-08	2.386629e+00
1.145475e-02	-2.907509e-08	2.392861e+00
1.144820e-02	-2.928066e-08	2.401531e+00
1.144165e-02	-2.946648e-08	2.412680e+00
1.143511e-02	-2.963206e-08	2.426346e+00
1.142857e-02	-2.977700e-08	2.442564e+00
1.142204e-02	-2.990097e-08	2.461363e+00
1.141553e-02	-3.000373e-08	2.482769e+00
1.140901e-02	-3.008506e-08	2.506797e+00
1.140251e-02	-3.014484e-08	2.533454e+00
1.139601e-02	-3.018296e-08	2.562725e+00
1.138952e-02	-3.019938e-08	2.594574e+00
1.138304e-02	-3.019407e-08	2.628935e+00
1.137656e-02	-3.016703e-08	2.665701e+00
1.137010e-02	-3.011829e-08	2.704718e+00
1.136364e-02	-3.004789e-08	2.745773e+00
1.135718e-02	-2.995587e-08	2.788585e+00
1.135074e-02	-2.984229e-08	2.832798e+00
1.134430e-02	-2.970720e-08	2.877971e+00
1.133787e-02	-2.955068e-08	2.923573e+00
1.133144e-02	-2.937277e-08	2.968986e+00
1.132503e-02	-2.917354e-08	3.013506e+00
1.131862e-02	-2.895304e-08	3.056357e+00
1.131222e-02	-2.871136e-08	3.096709e+00
1.130582e-02	-2.844855e-08	3.133706e+00
1.129944e-02	-2.816473e-08	3.166498e+00
1.129305e-02	-2.785999e-08	3.194282e+00
1.128668e-02	-2.753448e-08	3.216345e+00
1.128032e-02	-2.718839e-08	3.232104e+00
1.127396e-02	-2.682194e-08	3.241140e+00
1.126761e-02	-2.643542e-08	3.243226e+00
1.126126e-02	-2.602916e-08	3.238345e+00
1.125492e-02	-2.560357e-08	3.226686e+00
1.124859e-02	-2.515912e-08	3.208633e+00
1.124227e-02	-2.469633e-08	3.184740e+00
1.123596e-02	-2.421581e-08	3.155699e+00
1.122965e-02	-2.371821e-08	3.122296e+00
1.122334e-02	-2.320424e-08	3.085375e+00
1.121705e-02	-2.267467e-08	3.045794e+00
1.121076e-02	-2.213029e-08	3.004393e+00
1.120448e-02	-2.157196e-08	2.961964e+00
1.119821e-02	-2.100054e-08	2.919233e+00
1.119194e-02	-2.041693e-08	2.876840e+00
1.118568e-02	-1.982205e-08	2.835337e+00
1.117943e-02	-1.921685e-08	2.795182e+00
1.117318e-02	-1.860227e-08	2.756747e+00
1.116695e-02	-1.797929e-08	2.720317e+00
1.116071e-02	-1.734887e-08	2.686100e+00
1.115449e-02	-1.671201e-08	2.654241e+00
1.114827e-02	-1.606970e-08	2.624821e+00
1.114206e-02	-1.542294e-08	2.597878e+00
1.113586e-02	-1.477274e-08	2.573406e+00
1.112966e-02	-1.412013e-08	2.551369e+00
1.112347e-02	-1.346614e-08	2.531703e+00
1.111729e-02	-1.281180e-08	2.514330e+00
1.111111e-02	-1.215815e-08	2.499152e+00
1.110494e-02	-1.150626e-08	2.486066e+00
1.109878e-02	-1.085718e-08	2.474960e+00
1.109262e-02	-1.021198e-08	2.465720e+00
1.108647e-02	-9.571727e-09	2.458231e+00
1.108033e-02	-8.937489e-09	2.452376e+00
1.107420e-02	-8.310336e-09	2.448041e+00
1.106807e-02	-7.691329e-09	2.445114e+00
1.106195e-02	-7.081524e-09	2.443487e+00
1.105583e-02	-6.481961e-09	2.443053e+00
1.104972e-02	-5.893667e-09	2.443708e+00
1.104362e-02	-5.317644e-09	2.445354e+00
1.103753e-02	-4.754870e-09	2.447893e+00
1.103144e-02	-4.206292e-09	2.451231e+00
1.102536e-02	-3.672816e-09	2.455279e+00
1.101928e-02	-3.155306e-09	2.459948e+00
1.101322e-02	-2.654578e-09	2.465153e+00
1.100715e-02	-2.171388e-09	2.470813e+00
1.100110e-02	-1.706430e-09	2.476849e+00
1.099505e-02	-1.260328e-09	2.483186e+00
1.098901e-02	-8.336295e-10	2.489751e+00
1.098298e-02	-4.267972e-10	2.496475e+00
1.097695e-02	-4.020510e-11	2.503294e+00
1.097093e-02	3.258665e-10	2.510145e+00
1.096491e-02	6.712370e-10	2.516971e+00
1.095890e-02	9.958284e-10	2.523719e+00
1.095290e-02	1.299667e-09	2.530339e+00
1.094691e-02	1.582884e-09	2.536786e+00
1.094092e-02	1.845718e-09	2.543018e+00
1.093494e-02	2.088507e-09	2.548998e+00
1.092896e-02	2.311690e-09	2.554693e+00
1.092299e-02	2.515798e-09	2.560072e+00
1.091703e-02	2.701447e-09	2.565112e+00
1.091107e-02	2.869330e-09	2.569788e+00
1.090513e-02	3.020207e-09	2.574084e+00
1.089918e-02	3.154886e-09	2.577983e+00
1.089325e-02	3.274220e-09	2.581475e+00
1.088732e-02	3.379084e-09	2.584549e+00
1.088139e-02	3.470364e-09	2.587200e+00
1.087548e-02	3.548939e-09	2.589427e+00
1.086957e-02	3.615667e-09	2.591228e+00
1.086366e-02	3.671368e-09	2.592607e+00
1.085776e-02	3.716810e-09	2.593571e+00
1.085187e-02	3.752696e-09	2.594127e+00
1.084599e-02	3.779649e-09	2.594287e+00
1.084011e-02	3.798203e-09	2.594065e+00
1.083424e-02	3.808793e-09	2.593476e+00
1.082837e-02	3.811749e-09	2.592538e+00
1.082251e-02	3.807288e-09	2.591272e+00
1.081666e-02	3.795516e-09	2.589698e+00
1.081081e-02	3.776421e-09	2.587839e+00
1.080497e-02	3.749884e-09	2.585718e+00
1.079914e-02	3.715674e-09	2.583359e+00
1.079331e-02	3.673464e-09	2.580786e+00
1.078749e-02	3.622829e-09	2.578021e+00
1.078167e-02	3.563268e-09	2.575087e+00
1.077586e-02	3.494206e-09	2.572006e+00
1.077006e-02	3.415013e-09	2.568798e+00
1.076426e-02	3.325020e-09	2.565480e+00
1.075847e-02	3.223531e-09	2.562070e+00
1.075269e-02	3.109840e-09	2.558580e+00
1.074691e-02	2.983249e-09	2.555023e+00
1.074114e-02	2.843085e-09	2.551409e+00
1.073537e-02	2.688715e-09	2.547746e+00
1.072961e-02	2.519559e-09	2.544039e+00
1.072386e-02	2.335112e-09	2.540293e+00
1.071811e-02	2.134951e-09	2.536510e+00
1.071237e-02	1.918750e-09	2.532693e+00
1.070664e-02	1.686292e-09	2.528842e+00
1.070091e-02	1.437473e-09	2.524959e+00
1.069519e-02	1.172316e-09	2.521045e+00
1.068947e-02	8.909700e-10	2.517101e+00
1.068376e-02	5.937141e-10	2.513131e+00
1.067806e-02	2.809579e-10	2.509138e+00
1.067236e-02	-4.676012e-11	2.505128e+00
1.066667e-02	-3.887779e-10	2.501108e+00
1.066098e-02	-7.443172e-10	2.497089e+00
1.065530e-02	-1.112491e-09	2.493082e+00
1.064963e-02	-1.492316e-09	2.489102e+00
1.064396e-02	-1.882723e-09	2.485167e+00
1.063830e-02	-2.282574e-09	2.481294e+00
1.063264e-02	-2.690676e-09	2.477508e+00
1.062699e-02	-3.105797e-09	2.473831e+00
1.062135e-02	-3.526681e-09	2.470290e+00
1.061571e-02	-3.952072e-09	2.466913e+00
1.061008e-02	-4.380721e-09	2.463730e+00
1.060445e-02	-4.811413e-09	2.460772e+00
1.059883e-02	-5.242975e-09	2.458071e+00
1.059322e-02	-5.674295e-09	2.455661e+00
1.058761e-02	-6.104338e-09	2.453573e+00
1.058201e-02	-6.532155e-09	2.451842e+00
1.057641e-02	-6.956898e-09	2.450499e+00
1.057082e-02	-7.377826e-09	2.449578e+00
1.056524e-02	-7.794317e-09	2.449109e+00
1.055966e-02	-8.205876e-09	2.449123e+00
1.055409e-02	-8.612134e-09	2.449647e+00
1.054852e-02	-9.012858e-09	2.450709e+00
1.054296e-02	-9.407950e-09	2.452333e+00
1.053741e-02	-9.797450e-09	2.454542e+00
1.053186e-02	-1.018153e-08	2.457356e+00
1.052632e-02	-1.056050e-08	2.460793e+00
1.052078e-02	-1.093479e-08	2.464867e+00
1.051525e-02	-1.130496e-08	2.469592e+00
1.050972e-02	-1.167170e-08	2.474976e+00
1.050420e-02	-1.203580e-08	2.481027e+00
1.049869e-02	-1.239814e-08	2.487747e+00
1.049318e-02	-1.275972e-08	2.495138e+00
1.048768e-02	-1.312161e-08	2.503197e+00
1.048218e-02	-1.348495e-08	2.511918e+00
1.047669e-02	-1.385095e-08	2.521292e+00
1.047120e-02	-1.422084e-08	2.531307e+00
1.046572e-02	-1.459592e-08	2.541949e+00
1.046025e-02	-1.497747e-08	2.553199e+00
1.045478e-02	-1.536679e-08	2.565036e+00
1.044932e-02	-1.576516e-08	2.577437e+00
1.044386e-02	-1.617382e-08	2.590374e+00
1.043841e-02	-1.659395e-08	2.603820e+00
1.043297e-02	-1.702668e-08	2.617742e+00
1.042753e-02	-1.747303e-08	2.632108e+00
1.042209e-02	-1.793392e-08	2.646882e+00
1.041667e-02	-1.841014e-08	2.662027e+00
1.041124e-02	-1.890235e-08	2.677507e+00
1.040583e-02	-1.941102e-08	2.693283e+00
1.040042e-02	-1.993648e-08	2.709317e+00
1.039501e-02	-2.047885e-08	2.725568e+00
1.038961e-02	-2.103805e-08	2.742000e+00
1.038422e-02	-2.161382e-08	2.758574e+00
1.037883e-02	-2.220566e-08	2.775253e+00
1.037344e-02	-2.281284e-08	2.792000e+00
1.036807e-02	-2.343445e-08	2.808780e+00
1.036269e-02	-2.406933e-08	2.825558e+00
1.035733e-02	-2.471612e-08	2.842301e+00
1.035197e-02	-2.537326e-08	2.858977e+00
1.034661e-02	-2.603900e-08	2.875553e+00
1.034126e-02	-2.671140e-08	2.891998e+00
1.033592e-02	-2.738838e-08	2.908283e+00
1.033058e-02	-2.806771e-08	2.924376e+00
1.032525e-02	-2.874705e-08	2.940248e+00
1.031992e-02	-2.942395e-08	2.955869e+00
1.031460e-02	-3.009594e-08	2.971209e+00
1.030928e-02	-3.076047e-08	2.986236e+00
1.030397e-02	-3.141501e-08	3.000921e+00
1.029866e-02	-3.205704e-08	3.015231e+00
1.029336e-02	-3.268411e-08	3.029135e+00
1.028807e-02	-3.329384e-08	3.042603e+00
1.028278e-02	-3.388398e-08	3.055601e+00
1.027749e-02	-3.445241e-08	3.068099e+00
1.027221e-02	-3.499717e-08	3.080067e+00
1.026694e-02	-3.551652e-08	3.091476e+00
1.026167e-02	-3.600892e-08	3.102301e+00
1.025641e-02	-3.647309e-08	3.112517e+00
1.025115e-02	-3.690798e-08	3.122105e+00
1.024590e-02	-3.731283e-08	3.131049e+00
1.024066e-02	-3.768717e-08	3.139339e+00
1.023541e-02	-3.803083e-08	3.146971e+00
1.023018e-02	-3.834393e-08	3.153945e+00
1.022495e-02	-3.862689e-08	3.160272e+00
1.021972e-02	-3.888043e-08	3.165966e+00
1.021450e-02	-3.910558e-08	3.171052e+00
1.020929e-02	-3.930363e-08	3.175560e+00
1.020408e-02	-3.947614e-08	3.179529e+00
1.019888e-02	-3.962490e-08	3.183002e+00
1.019368e-02	-3.975194e-08	3.186032e+00
1.018849e-02	-3.985948e-08	3.188675e+00
1.018330e-02	-3.994991e-08	3.190992e+00
1.017812e-02	-4.002573e-08	3.193051e+00
1.017294e-02	-4.008958e-08	3.194920e+00
1.016777e-02	-4.014415e-08	3.196672e+00
1.016260e-02	-4.019216e-08	3.198377e+00
1.015744e-02	-4.023634e-08	3.200109e+00
1.015228e-02	-4.027940e-08	3.201938e+00
1.014713e-02	-4.032397e-08	3.203934e+00
1.014199e-02	-4.037260e-08	3.206159e+00
1.013685e-02	-4.042774e-08	3.208673e+00
1.013171e-02	-4.049165e-08	3.211529e+00
1.012658e-02	-4.056646e-08	3.214772e+00
1.012146e-02	-4.065411e-08	3.218437e+00
1.011634e-02	-4.075633e-08	3.222550e+00
1.011122e-02	-4.087466e-08	3.227126e+00
1.010611e-02	-4.101041e-08	3.232167e+00
1.010101e-02	-4.116466e-08	3.237664e+00
1.009591e-02	-4.133829e-08	3.243593e+00
1.009082e-02	-4.153196e-08	3.249919e+00
1.008573e-02	-4.174612e-08	3.256593e+00
1.008065e-02	-4.198101e-08	3.263555e+00
1.007557e-02	-4.223670e-08	3.270733e+00
1.007049e-02	-4.251310e-08	3.278046e+00
1.006543e-02	-4.280993e-08	3.285407e+00
1.006036e-02	-4.312683e-08	3.292722e+00
1.005530e-02	-4.346327e-08	3.299895e+00
1.005025e-02	-4.381865e-08	3.306832e+00
1.004520e-02	-4.419231e-08	3.313440e+00
1.004016e-02	-4.458349e-08	3.319635e+00
1.003512e-02	-4.499142e-08	3.325343e+00
1.003009e-02	-4.541530e-08	3.330499e+00
1.002506e-02	-4.585435e-08	3.335058e+00
1.002004e-02	-4.630776e-08	3.338989e+00
1.001502e-02	-4.677480e-08	3.342281e+00
1.001001e-02	-4.725476e-08	3.344941e+00
1.000500e-02	-4.774700e-08	3.346998e+00
1.000000e-02	-4.825097e-08	3.348500e+00
