# Finite Temperature Data for J1J2 Model
# Lx=6, Ly=6, J1=1.0000, J2=0.1250, Fz=0.0000, chi_max=50
# Columns: T | Sigmaz | Cv
# 
2.000000e+01	-2.050085e-09	4.255589e-02
1.000000e+01	-5.220045e-09	1.607613e-01
6.666667e+00	-5.588952e-09	3.388360e-01
5.000000e+00	-2.327145e-09	5.602413e-01
4.000000e+00	6.090972e-09	8.092847e-01
3.333333e+00	1.712329e-08	1.072320e+00
2.857143e+00	3.215500e-08	1.338395e+00
2.500000e+00	5.408098e-08	1.599430e+00
2.222222e+00	8.544301e-08	1.850014e+00
2.000000e+00	1.282774e-07	2.087008e+00
1.818182e+00	1.841151e-07	2.309095e+00
1.666667e+00	2.540670e-07	2.516333e+00
1.538462e+00	3.390104e-07	2.709793e+00
1.428571e+00	4.397764e-07	2.891274e+00
1.333333e+00	5.569555e-07	3.063070e+00
1.250000e+00	6.896615e-07	3.227682e+00
1.176471e+00	8.332296e-07	3.387340e+00
1.111111e+00	9.778968e-07	3.543412e+00
1.052632e+00	1.110955e-06	3.696290e+00
1.000000e+00	1.220914e-06	3.846015e+00
9.523810e-01	1.300125e-06	3.993022e+00
9.090909e-01	1.345062e-06	4.138335e+00
8.695652e-01	1.355440e-06	4.283283e+00
8.333333e-01	1.333064e-06	4.429127e+00
8.000000e-01	1.280612e-06	4.576822e+00
7.692308e-01	1.200538e-06	4.726930e+00
7.407407e-01	1.094416e-06	4.879741e+00
7.142857e-01	9.628704e-07	5.035517e+00
6.896552e-01	8.057579e-07	5.194679e+00
6.666667e-01	6.222137e-07	5.357799e+00
6.451613e-01	4.105515e-07	5.525416e+00
6.250000e-01	1.683024e-07	5.697833e+00
6.060606e-01	-1.074050e-07	5.875042e+00
5.882353e-01	-4.191517e-07	6.056773e+00
5.714286e-01	-7.683896e-07	6.242601e+00
5.555556e-01	-1.154650e-06	6.432021e+00
5.405405e-01	-1.575021e-06	6.624468e+00
5.263158e-01	-2.024125e-06	6.819346e+00
5.128205e-01	-2.494649e-06	7.016110e+00
5.000000e-01	-2.978218e-06	7.214389e+00
4.878049e-01	-3.466205e-06	7.414046e+00
4.761905e-01	-3.950203e-06	7.615138e+00
4.651163e-01	-4.422148e-06	7.817830e+00
4.545455e-01	-4.874254e-06	8.022302e+00
4.444444e-01	-5.298906e-06	8.228689e+00
4.347826e-01	-5.688593e-06	8.437053e+00
4.255319e-01	-6.035922e-06	8.647382e+00
4.166667e-01	-6.333707e-06	8.859608e+00
4.081633e-01	-6.575131e-06	9.073635e+00
4.000000e-01	-6.753939e-06	9.289365e+00
3.921569e-01	-6.864631e-06	9.506710e+00
3.846154e-01	-6.902595e-06	9.725591e+00
3.773585e-01	-6.864185e-06	9.945925e+00
3.703704e-01	-6.746735e-06	1.016761e+01
3.636364e-01	-6.548534e-06	1.039049e+01
3.571429e-01	-6.268787e-06	1.061437e+01
3.508772e-01	-5.907579e-06	1.083897e+01
3.448276e-01	-5.465834e-06	1.106392e+01
3.389831e-01	-4.945270e-06	1.128877e+01
3.333333e-01	-4.348334e-06	1.151297e+01
3.278689e-01	-3.678113e-06	1.173593e+01
3.225806e-01	-2.938226e-06	1.195701e+01
3.174603e-01	-2.132704e-06	1.217559e+01
3.125000e-01	-1.265863e-06	1.239110e+01
3.076923e-01	-3.421794e-07	1.260309e+01
3.030303e-01	6.338102e-07	1.281122e+01
2.985075e-01	1.657600e-06	1.301528e+01
2.941176e-01	2.724780e-06	1.321516e+01
2.898551e-01	3.831081e-06	1.341086e+01
2.857143e-01	4.972400e-06	1.360241e+01
2.816901e-01	6.144805e-06	1.378991e+01
2.777778e-01	7.344526e-06	1.397348e+01
2.739726e-01	8.567928e-06	1.415324e+01
2.702703e-01	9.811476e-06	1.432935e+01
2.666667e-01	1.107170e-05	1.450196e+01
2.631579e-01	1.234517e-05	1.467124e+01
2.597403e-01	1.362845e-05	1.483736e+01
2.564103e-01	1.491815e-05	1.500046e+01
2.531646e-01	1.621089e-05	1.516066e+01
2.500000e-01	1.750335e-05	1.531806e+01
2.469136e-01	1.879231e-05	1.547273e+01
2.439024e-01	2.007461e-05	1.562471e+01
2.409639e-01	2.134722e-05	1.577402e+01
2.380952e-01	2.260710e-05	1.592064e+01
2.352941e-01	2.385124e-05	1.606456e+01
2.325581e-01	2.507651e-05	1.620576e+01
2.298851e-01	2.627962e-05	1.634426e+01
2.272727e-01	2.745708e-05	1.648008e+01
2.247191e-01	2.860515e-05	1.661328e+01
2.222222e-01	2.971986e-05	1.674391e+01
2.197802e-01	3.079709e-05	1.687205e+01
2.173913e-01	3.183265e-05	1.699780e+01
2.150538e-01	3.282241e-05	1.712124e+01
2.127660e-01	3.376253e-05	1.724247e+01
2.105263e-01	3.464960e-05	1.736159e+01
2.083333e-01	3.548084e-05	1.747869e+01
2.061856e-01	3.625430e-05	1.759385e+01
2.040816e-01	3.696891e-05	1.770716e+01
2.020202e-01	3.762454e-05	1.781870e+01
2.000000e-01	3.822194e-05	1.792851e+01
1.980198e-01	3.876262e-05	1.803664e+01
1.960784e-01	3.924871e-05	1.814308e+01
1.941748e-01	3.968273e-05	1.824776e+01
1.923077e-01	4.006735e-05	1.835057e+01
1.904762e-01	4.040520e-05	1.845137e+01
1.886792e-01	4.069862e-05	1.854999e+01
1.869159e-01	4.094956e-05	1.864625e+01
1.851852e-01	4.115943e-05	1.874002e+01
1.834862e-01	4.132914e-05	1.883118e+01
1.818182e-01	4.145907e-05	1.891968e+01
1.801802e-01	4.154918e-05	1.900549e+01
1.785714e-01	4.159908e-05	1.908862e+01
1.769912e-01	4.160812e-05	1.916914e+01
1.754386e-01	4.157554e-05	1.924709e+01
1.739130e-01	4.150047e-05	1.932256e+01
1.724138e-01	4.138208e-05	1.939556e+01
1.709402e-01	4.121957e-05	1.946609e+01
1.694915e-01	4.101224e-05	1.953404e+01
1.680672e-01	4.075951e-05	1.959919e+01
1.666667e-01	4.046097e-05	1.966118e+01
1.652893e-01	4.011635e-05	1.971955e+01
1.639344e-01	3.972565e-05	1.977369e+01
1.626016e-01	3.928907e-05	1.982296e+01
1.612903e-01	3.880715e-05	1.986666e+01
1.600000e-01	3.828072e-05	1.990414e+01
1.587302e-01	3.771099e-05	1.993483e+01
1.574803e-01	3.709947e-05	1.995818e+01
1.562500e-01	3.644802e-05	1.997376e+01
1.550388e-01	3.575875e-05	1.998119e+01
1.538462e-01	3.503402e-05	1.998016e+01
1.526718e-01	3.427639e-05	1.997040e+01
1.515152e-01	3.348854e-05	1.995171e+01
1.503759e-01	3.267332e-05	1.992390e+01
1.492537e-01	3.183370e-05	1.988684e+01
1.481481e-01	3.097281e-05	1.984039e+01
1.470588e-01	3.009396e-05	1.978450e+01
1.459854e-01	2.920068e-05	1.971917e+01
1.449275e-01	2.829671e-05	1.964449e+01
1.438849e-01	2.738603e-05	1.956071e+01
1.428571e-01	2.647278e-05	1.946821e+01
1.418440e-01	2.556126e-05	1.936753e+01
1.408451e-01	2.465580e-05	1.925937e+01
1.398601e-01	2.376070e-05	1.914457e+01
1.388889e-01	2.288017e-05	1.902402e+01
1.379310e-01	2.201818e-05	1.889869e+01
1.369863e-01	2.117840e-05	1.876954e+01
1.360544e-01	2.036409e-05	1.863756e+01
1.351351e-01	1.957809e-05	1.850372e+01
1.342282e-01	1.882271e-05	1.836897e+01
1.333333e-01	1.809977e-05	1.823422e+01
1.324503e-01	1.741060e-05	1.810032e+01
1.315789e-01	1.675614e-05	1.796804e+01
1.307190e-01	1.613700e-05	1.783811e+01
1.298701e-01	1.555352e-05	1.771118e+01
1.290323e-01	1.500590e-05	1.758792e+01
1.282051e-01	1.449418e-05	1.746894e+01
1.273885e-01	1.401830e-05	1.735478e+01
1.265823e-01	1.357803e-05	1.724587e+01
1.257862e-01	1.317292e-05	1.714233e+01
1.250000e-01	1.280220e-05	1.704393e+01
1.242236e-01	1.246467e-05	1.694986e+01
1.234568e-01	1.215861e-05	1.685861e+01
1.226994e-01	1.188168e-05	1.676794e+01
1.219512e-01	1.163095e-05	1.667492e+01
1.212121e-01	1.140288e-05	1.657617e+01
1.204819e-01	1.119343e-05	1.646827e+01
1.197605e-01	1.099825e-05	1.634822e+01
1.190476e-01	1.081280e-05	1.621387e+01
1.183432e-01	1.063265e-05	1.606427e+01
1.176471e-01	1.045364e-05	1.589976e+01
1.169591e-01	1.027209e-05	1.572191e+01
1.162791e-01	1.008489e-05	1.553326e+01
1.156069e-01	9.889602e-06	1.533696e+01
1.149425e-01	9.684422e-06	1.513643e+01
1.142857e-01	9.468172e-06	1.493497e+01
1.136364e-01	9.240238e-06	1.473552e+01
1.129944e-01	9.000505e-06	1.454046e+01
1.123596e-01	8.749303e-06	1.435147e+01
1.117318e-01	8.487349e-06	1.416949e+01
1.111111e-01	8.215692e-06	1.399466e+01
1.104972e-01	7.935653e-06	1.382640e+01
1.098901e-01	7.648768e-06	1.366340e+01
1.092896e-01	7.356716e-06	1.350365e+01
1.086957e-01	7.061244e-06	1.334443e+01
1.081081e-01	6.764100e-06	1.318226e+01
1.075269e-01	6.466957e-06	1.301311e+01
1.069519e-01	6.171366e-06	1.283299e+01
1.063830e-01	5.878713e-06	1.263874e+01
1.058201e-01	5.590208e-06	1.242875e+01
1.052632e-01	5.306879e-06	1.220317e+01
1.047120e-01	5.029573e-06	1.196367e+01
1.041667e-01	4.758968e-06	1.171297e+01
1.036269e-01	4.495589e-06	1.145428e+01
1.030928e-01	4.239820e-06	1.119089e+01
1.025641e-01	3.991920e-06	1.092581e+01
1.020408e-01	3.752042e-06	1.066166e+01
1.015228e-01	3.520235e-06	1.040050e+01
1.010101e-01	3.296462e-06	1.014389e+01
1.005025e-01	3.080611e-06	9.892949e+00
1.000000e-01	2.872518e-06	9.648378e+00
9.950249e-02	2.671993e-06	9.410510e+00
9.900990e-02	2.478853e-06	9.179332e+00
9.852217e-02	2.292947e-06	8.954564e+00
9.803922e-02	2.114168e-06	8.735844e+00
9.756098e-02	1.942460e-06	8.522955e+00
9.708738e-02	1.777813e-06	8.315933e+00
9.661836e-02	1.620256e-06	8.114928e+00
9.615385e-02	1.469851e-06	7.919907e+00
9.569378e-02	1.326677e-06	7.730446e+00
9.523810e-02	1.190812e-06	7.545782e+00
9.478673e-02	1.062321e-06	7.365081e+00
9.433962e-02	9.412363e-07	7.187694e+00
9.389671e-02	8.275480e-07	7.013294e+00
9.345794e-02	7.211948e-07	6.841949e+00
9.302326e-02	6.220643e-07	6.674191e+00
9.259259e-02	5.299942e-07	6.511000e+00
9.216590e-02	4.447769e-07	6.353626e+00
9.174312e-02	3.661649e-07	6.203314e+00
9.132420e-02	2.938774e-07	6.061059e+00
9.090909e-02	2.276091e-07	5.927476e+00
9.049774e-02	1.670415e-07	5.802752e+00
9.009009e-02	1.118560e-07	5.686653e+00
8.968610e-02	6.174822e-08	5.578552e+00
8.928571e-02	1.644235e-08	5.477480e+00
8.888889e-02	-2.429795e-08	5.382230e+00
8.849558e-02	-6.066360e-08	5.291523e+00
8.810573e-02	-9.280048e-08	5.204183e+00
8.771930e-02	-1.208155e-07	5.119295e+00
8.733624e-02	-1.447861e-07	5.036260e+00
8.695652e-02	-1.647722e-07	4.954767e+00
8.658009e-02	-1.808269e-07	4.874694e+00
8.620690e-02	-1.930068e-07	4.796002e+00
8.583691e-02	-2.013820e-07	4.718636e+00
8.547009e-02	-2.060442e-07	4.642459e+00
8.510638e-02	-2.071143e-07	4.567229e+00
8.474576e-02	-2.047484e-07	4.492608e+00
8.438819e-02	-1.991427e-07	4.418207e+00
8.403361e-02	-1.905342e-07	4.343647e+00
8.368201e-02	-1.792001e-07	4.268604e+00
8.333333e-02	-1.654532e-07	4.192814e+00
8.298755e-02	-1.496358e-07	4.116046e+00
8.264463e-02	-1.321132e-07	4.038037e+00
8.230453e-02	-1.132660e-07	3.958453e+00
8.196721e-02	-9.348297e-08	3.876904e+00
8.163265e-02	-7.315259e-08	3.793017e+00
8.130081e-02	-5.265305e-08	3.706569e+00
8.097166e-02	-3.234095e-08	3.617593e+00
8.064516e-02	-1.253925e-08	3.526441e+00
8.032129e-02	6.473566e-09	3.433763e+00
8.000000e-02	2.447134e-08	3.340411e+00
7.968127e-02	4.128397e-08	3.247329e+00
7.936508e-02	5.679673e-08	3.155437e+00
7.905138e-02	7.094585e-08	3.065553e+00
7.874016e-02	8.371153e-08	2.978349e+00
7.843137e-02	9.510972e-08	2.894342e+00
7.812500e-02	1.051838e-07	2.813910e+00
7.782101e-02	1.139967e-07	2.737319e+00
7.751938e-02	1.216246e-07	2.664755e+00
7.722008e-02	1.281507e-07	2.596353e+00
7.692308e-02	1.336614e-07	2.532217e+00
7.662835e-02	1.382423e-07	2.472420e+00
7.633588e-02	1.419755e-07	2.416997e+00
7.604563e-02	1.449368e-07	2.365908e+00
7.575758e-02	1.471945e-07	2.319001e+00
7.547170e-02	1.488069e-07	2.275971e+00
7.518797e-02	1.498225e-07	2.236344e+00
7.490637e-02	1.502799e-07	2.199501e+00
7.462687e-02	1.502092e-07	2.164761e+00
7.434944e-02	1.496347e-07	2.131491e+00
7.407407e-02	1.485781e-07	2.099218e+00
7.380074e-02	1.470619e-07	2.067699e+00
7.352941e-02	1.451110e-07	2.036908e+00
7.326007e-02	1.427534e-07	2.006972e+00
7.299270e-02	1.400195e-07	1.978068e+00
7.272727e-02	1.369393e-07	1.950325e+00
7.246377e-02	1.335403e-07	1.923752e+00
7.220217e-02	1.298456e-07	1.898205e+00
7.194245e-02	1.258723e-07	1.873398e+00
7.168459e-02	1.216326e-07	1.848924e+00
7.142857e-02	1.171358e-07	1.824318e+00
7.117438e-02	1.123917e-07	1.799103e+00
7.092199e-02	1.074154e-07	1.772859e+00
7.067138e-02	1.022314e-07	1.745266e+00
7.042254e-02	9.687602e-08	1.716133e+00
7.017544e-02	9.139869e-08	1.685418e+00
6.993007e-02	8.585977e-08	1.653208e+00
6.968641e-02	8.032689e-08	1.619698e+00
6.944444e-02	7.486961e-08	1.585147e+00
6.920415e-02	6.955382e-08	1.549844e+00
6.896552e-02	6.443672e-08	1.514076e+00
6.872852e-02	5.956338e-08	1.478114e+00
6.849315e-02	5.496498e-08	1.442208e+00
6.825939e-02	5.065909e-08	1.406582e+00
6.802721e-02	4.665130e-08	1.371443e+00
6.779661e-02	4.293787e-08	1.336978e+00
6.756757e-02	3.950871e-08	1.303353e+00
6.734007e-02	3.635020e-08	1.270708e+00
6.711409e-02	3.344749e-08	1.239157e+00
6.688963e-02	3.078623e-08	1.208786e+00
6.666667e-02	2.835358e-08	1.179649e+00
6.644518e-02	2.613872e-08	1.151779e+00
6.622517e-02	2.413297e-08	1.125183e+00
6.600660e-02	2.232957e-08	1.099853e+00
6.578947e-02	2.072333e-08	1.075764e+00
6.557377e-02	1.931021e-08	1.052882e+00
6.535948e-02	1.808682e-08	1.031165e+00
6.514658e-02	1.705000e-08	1.010562e+00
6.493506e-02	1.619638e-08	9.910223e-01
6.472492e-02	1.552193e-08	9.724879e-01
6.451613e-02	1.502161e-08	9.548994e-01
6.430868e-02	1.468900e-08	9.381949e-01
6.410256e-02	1.451598e-08	9.223109e-01
6.389776e-02	1.449248e-08	9.071824e-01
6.369427e-02	1.460630e-08	8.927448e-01
6.349206e-02	1.484308e-08	8.789345e-01
6.329114e-02	1.518643e-08	8.656915e-01
6.309148e-02	1.561823e-08	8.529610e-01
6.289308e-02	1.611909e-08	8.406949e-01
6.269592e-02	1.666901e-08	8.288540e-01
6.250000e-02	1.724810e-08	8.174078e-01
6.230530e-02	1.783726e-08	8.063350e-01
6.211180e-02	1.841892e-08	7.956220e-01
6.191950e-02	1.897756e-08	7.852617e-01
6.172840e-02	1.950012e-08	7.752514e-01
6.153846e-02	1.997621e-08	7.655909e-01
6.134969e-02	2.039815e-08	7.562808e-01
6.116208e-02	2.076087e-08	7.473211e-01
6.097561e-02	2.106169e-08	7.387107e-01
6.079027e-02	2.129999e-08	7.304464e-01
6.060606e-02	2.147695e-08	7.225231e-01
6.042296e-02	2.159513e-08	7.149336e-01
6.024096e-02	2.165818e-08	7.076692e-01
6.006006e-02	2.167051e-08	7.007200e-01
5.988024e-02	2.163706e-08	6.940749e-01
5.970149e-02	2.156302e-08	6.877224e-01
5.952381e-02	2.145370e-08	6.816506e-01
5.934718e-02	2.131435e-08	6.758478e-01
5.917160e-02	2.115003e-08	6.703024e-01
5.899705e-02	2.096556e-08	6.650033e-01
5.882353e-02	2.076545e-08	6.599401e-01
5.865103e-02	2.055386e-08	6.551028e-01
5.847953e-02	2.033459e-08	6.504822e-01
5.830904e-02	2.011104e-08	6.460699e-01
5.813953e-02	1.988628e-08	6.418581e-01
5.797101e-02	1.966298e-08	6.378394e-01
5.780347e-02	1.944348e-08	6.340071e-01
5.763689e-02	1.922981e-08	6.303550e-01
5.747126e-02	1.902367e-08	6.268773e-01
5.730659e-02	1.882646e-08	6.235682e-01
5.714286e-02	1.863933e-08	6.204225e-01
5.698006e-02	1.846315e-08	6.174348e-01
5.681818e-02	1.829856e-08	6.146001e-01
5.665722e-02	1.814593e-08	6.119131e-01
5.649718e-02	1.800544e-08	6.093689e-01
5.633803e-02	1.787703e-08	6.069623e-01
5.617978e-02	1.776041e-08	6.046884e-01
5.602241e-02	1.765512e-08	6.025421e-01
5.586592e-02	1.756047e-08	6.005185e-01
5.571031e-02	1.747563e-08	5.986126e-01
5.555556e-02	1.739957e-08	5.968198e-01
5.540166e-02	1.733110e-08	5.951353e-01
5.524862e-02	1.726894e-08	5.935545e-01
5.509642e-02	1.721165e-08	5.920732e-01
5.494505e-02	1.715774e-08	5.906870e-01
5.479452e-02	1.710566e-08	5.893916e-01
5.464481e-02	1.705384e-08	5.881831e-01
5.449591e-02	1.700071e-08	5.870572e-01
5.434783e-02	1.694476e-08	5.860101e-01
5.420054e-02	1.688454e-08	5.850375e-01
5.405405e-02	1.681872e-08	5.841356e-01
5.390836e-02	1.674612e-08	5.833001e-01
5.376344e-02	1.666569e-08	5.825270e-01
5.361930e-02	1.657661e-08	5.818122e-01
5.347594e-02	1.647823e-08	5.811517e-01
5.333333e-02	1.637015e-08	5.805416e-01
5.319149e-02	1.625217e-08	5.799781e-01
5.305040e-02	1.612432e-08	5.794579e-01
5.291005e-02	1.598686e-08	5.789778e-01
5.277045e-02	1.584023e-08	5.785352e-01
5.263158e-02	1.568508e-08	5.781281e-01
5.249344e-02	1.552221e-08	5.777551e-01
5.235602e-02	1.535256e-08	5.774153e-01
5.221932e-02	1.517718e-08	5.771085e-01
5.208333e-02	1.499719e-08	5.768353e-01
5.194805e-02	1.481376e-08	5.765969e-01
5.181347e-02	1.462808e-08	5.763947e-01
5.167959e-02	1.444132e-08	5.762310e-01
5.154639e-02	1.425463e-08	5.761079e-01
5.141388e-02	1.406909e-08	5.760280e-01
5.128205e-02	1.388571e-08	5.759936e-01
5.115090e-02	1.370543e-08	5.760068e-01
5.102041e-02	1.352908e-08	5.760696e-01
5.089059e-02	1.335738e-08	5.761831e-01
5.076142e-02	1.319092e-08	5.763480e-01
5.063291e-02	1.303019e-08	5.765642e-01
5.050505e-02	1.287552e-08	5.768308e-01
5.037783e-02	1.272709e-08	5.771462e-01
5.025126e-02	1.258491e-08	5.775078e-01
5.012531e-02	1.244882e-08	5.779122e-01
5.000000e-02	1.231849e-08	5.783555e-01
4.987531e-02	1.219338e-08	5.788330e-01
4.975124e-02	1.207276e-08	5.793397e-01
4.962779e-02	1.195575e-08	5.798702e-01
4.950495e-02	1.184131e-08	5.804192e-01
4.938272e-02	1.172826e-08	5.809814e-01
4.926108e-02	1.161538e-08	5.815518e-01
4.914005e-02	1.150142e-08	5.821264e-01
4.901961e-02	1.138515e-08	5.827015e-01
4.889976e-02	1.126546e-08	5.832750e-01
4.878049e-02	1.114137e-08	5.838457e-01
4.866180e-02	1.101210e-08	5.844134e-01
4.854369e-02	1.087709e-08	5.849796e-01
4.842615e-02	1.073601e-08	5.855464e-01
4.830918e-02	1.058878e-08	5.861171e-01
4.819277e-02	1.043556e-08	5.866953e-01
4.807692e-02	1.027667e-08	5.872851e-01
4.796163e-02	1.011264e-08	5.878906e-01
4.784689e-02	9.944116e-09	5.885158e-01
4.773270e-02	9.771818e-09	5.891643e-01
4.761905e-02	9.596535e-09	5.898390e-01
4.750594e-02	9.419064e-09	5.905426e-01
4.739336e-02	9.240188e-09	5.912769e-01
4.728132e-02	9.060650e-09	5.920433e-01
4.716981e-02	8.881133e-09	5.928427e-01
4.705882e-02	8.702249e-09	5.936752e-01
4.694836e-02	8.524531e-09	5.945409e-01
4.683841e-02	8.348424e-09	5.954394e-01
4.672897e-02	8.174292e-09	5.963699e-01
4.662005e-02	8.002414e-09	5.973316e-01
4.651163e-02	7.832993e-09	5.983236e-01
4.640371e-02	7.666157e-09	5.993447e-01
4.629630e-02	7.501968e-09	6.003938e-01
4.618938e-02	7.340428e-09	6.014696e-01
4.608295e-02	7.181488e-09	6.025711e-01
4.597701e-02	7.025050e-09	6.036972e-01
4.587156e-02	6.870978e-09	6.048466e-01
4.576659e-02	6.719100e-09	6.060184e-01
4.566210e-02	6.569216e-09	6.072117e-01
4.555809e-02	6.421103e-09	6.084255e-01
4.545455e-02	6.274519e-09	6.096589e-01
4.535147e-02	6.129204e-09	6.109113e-01
4.524887e-02	5.984890e-09	6.121818e-01
4.514673e-02	5.841298e-09	6.134700e-01
4.504505e-02	5.698144e-09	6.147753e-01
4.494382e-02	5.555140e-09	6.160971e-01
4.484305e-02	5.411998e-09	6.174351e-01
4.474273e-02	5.268431e-09	6.187890e-01
4.464286e-02	5.124154e-09	6.201585e-01
4.454343e-02	4.978888e-09	6.215434e-01
4.444444e-02	4.832359e-09	6.229435e-01
4.434590e-02	4.684304e-09	6.243589e-01
4.424779e-02	4.534468e-09	6.257895e-01
4.415011e-02	4.382608e-09	6.272352e-01
4.405286e-02	4.228496e-09	6.286963e-01
4.395604e-02	4.071919e-09	6.301729e-01
4.385965e-02	3.912681e-09	6.316650e-01
4.376368e-02	3.750610e-09	6.331727e-01
4.366812e-02	3.585553e-09	6.346964e-01
4.357298e-02	3.417383e-09	6.362360e-01
4.347826e-02	3.246002e-09	6.377915e-01
4.338395e-02	3.071341e-09	6.393629e-01
4.329004e-02	2.893365e-09	6.409499e-01
4.319654e-02	2.712073e-09	6.425521e-01
4.310345e-02	2.527501e-09	6.441689e-01
4.301075e-02	2.339721e-09	6.457992e-01
4.291845e-02	2.148844e-09	6.474417e-01
4.282655e-02	1.955018e-09	6.490946e-01
4.273504e-02	1.758421e-09	6.507557e-01
4.264392e-02	1.559263e-09	6.524222e-01
4.255319e-02	1.357773e-09	6.540912e-01
4.246285e-02	1.154192e-09	6.557588e-01
4.237288e-02	9.487633e-10	6.574210e-01
4.228330e-02	7.417138e-10	6.590737e-01
4.219409e-02	5.332410e-10	6.607123e-01
4.210526e-02	3.234964e-10	6.623326e-01
4.201681e-02	1.125656e-10	6.639303e-01
4.192872e-02	-9.954593e-11	6.655018e-01
4.184100e-02	-3.129291e-10	6.670441e-01
4.175365e-02	-5.277807e-10	6.685550e-01
4.166667e-02	-7.444131e-10	6.700331e-01
4.158004e-02	-9.632530e-10	6.714783e-01
4.149378e-02	-1.184839e-09	6.728912e-01
4.140787e-02	-1.409812e-09	6.742732e-01
4.132231e-02	-1.638899e-09	6.756268e-01
4.123711e-02	-1.872894e-09	6.769549e-01
4.115226e-02	-2.112635e-09	6.782608e-01
4.106776e-02	-2.358978e-09	6.795480e-01
4.098361e-02	-2.612771e-09	6.808202e-01
4.089980e-02	-2.874827e-09	6.820808e-01
4.081633e-02	-3.145898e-09	6.833330e-01
4.073320e-02	-3.426653e-09	6.845799e-01
4.065041e-02	-3.717657e-09	6.858238e-01
4.056795e-02	-4.019352e-09	6.870670e-01
4.048583e-02	-4.332042e-09	6.883111e-01
4.040404e-02	-4.655885e-09	6.895576e-01
4.032258e-02	-4.990878e-09	6.908072e-01
4.024145e-02	-5.336858e-09	6.920607e-01
4.016064e-02	-5.693492e-09	6.933184e-01
4.008016e-02	-6.060282e-09	6.945802e-01
4.000000e-02	-6.436562e-09	6.958460e-01
3.992016e-02	-6.821507e-09	6.971156e-01
3.984064e-02	-7.214136e-09	6.983884e-01
3.976143e-02	-7.613320e-09	6.996639e-01
3.968254e-02	-8.017796e-09	7.009413e-01
3.960396e-02	-8.426178e-09	7.022200e-01
3.952569e-02	-8.836974e-09	7.034993e-01
3.944773e-02	-9.248601e-09	7.047785e-01
3.937008e-02	-9.659406e-09	7.060568e-01
3.929273e-02	-1.006769e-08	7.073336e-01
3.921569e-02	-1.047171e-08	7.086083e-01
3.913894e-02	-1.086975e-08	7.098805e-01
3.906250e-02	-1.126009e-08	7.111496e-01
3.898635e-02	-1.164106e-08	7.124155e-01
3.891051e-02	-1.201105e-08	7.136778e-01
3.883495e-02	-1.236854e-08	7.149364e-01
3.875969e-02	-1.271213e-08	7.161914e-01
3.868472e-02	-1.304052e-08	7.174428e-01
3.861004e-02	-1.335257e-08	7.186909e-01
3.853565e-02	-1.364729e-08	7.199360e-01
3.846154e-02	-1.392384e-08	7.211784e-01
3.838772e-02	-1.418154e-08	7.224186e-01
3.831418e-02	-1.441988e-08	7.236570e-01
3.824092e-02	-1.463854e-08	7.248943e-01
3.816794e-02	-1.483733e-08	7.261309e-01
3.809524e-02	-1.501621e-08	7.273675e-01
3.802281e-02	-1.517532e-08	7.286046e-01
3.795066e-02	-1.531490e-08	7.298428e-01
3.787879e-02	-1.543533e-08	7.310827e-01
3.780718e-02	-1.553709e-08	7.323248e-01
3.773585e-02	-1.562076e-08	7.335697e-01
3.766478e-02	-1.568700e-08	7.348176e-01
3.759398e-02	-1.573653e-08	7.360692e-01
3.752345e-02	-1.577014e-08	7.373248e-01
3.745318e-02	-1.578864e-08	7.385846e-01
3.738318e-02	-1.579289e-08	7.398491e-01
3.731343e-02	-1.578375e-08	7.411185e-01
3.724395e-02	-1.576210e-08	7.423930e-01
3.717472e-02	-1.572881e-08	7.436728e-01
3.710575e-02	-1.568476e-08	7.449581e-01
3.703704e-02	-1.563079e-08	7.462489e-01
3.696858e-02	-1.556773e-08	7.475454e-01
3.690037e-02	-1.549640e-08	7.488476e-01
3.683241e-02	-1.541756e-08	7.501556e-01
3.676471e-02	-1.533196e-08	7.514693e-01
3.669725e-02	-1.524031e-08	7.527888e-01
3.663004e-02	-1.514328e-08	7.541141e-01
3.656307e-02	-1.504151e-08	7.554451e-01
3.649635e-02	-1.493559e-08	7.567817e-01
3.642987e-02	-1.482609e-08	7.581240e-01
3.636364e-02	-1.471353e-08	7.594718e-01
3.629764e-02	-1.459839e-08	7.608250e-01
3.623188e-02	-1.448114e-08	7.621836e-01
3.616637e-02	-1.436217e-08	7.635475e-01
3.610108e-02	-1.424188e-08	7.649166e-01
3.603604e-02	-1.412062e-08	7.662907e-01
3.597122e-02	-1.399871e-08	7.676698e-01
3.590664e-02	-1.387644e-08	7.690537e-01
3.584229e-02	-1.375408e-08	7.704424e-01
3.577818e-02	-1.363186e-08	7.718357e-01
3.571429e-02	-1.350999e-08	7.732335e-01
3.565062e-02	-1.338868e-08	7.746357e-01
3.558719e-02	-1.326809e-08	7.760421e-01
3.552398e-02	-1.314837e-08	7.774528e-01
3.546099e-02	-1.302966e-08	7.788675e-01
3.539823e-02	-1.291207e-08	7.802861e-01
3.533569e-02	-1.279570e-08	7.817085e-01
3.527337e-02	-1.268063e-08	7.831346e-01
3.521127e-02	-1.256695e-08	7.845643e-01
3.514938e-02	-1.245471e-08	7.859975e-01
3.508772e-02	-1.234395e-08	7.874340e-01
3.502627e-02	-1.223473e-08	7.888738e-01
3.496503e-02	-1.212706e-08	7.903167e-01
3.490401e-02	-1.202098e-08	7.917626e-01
3.484321e-02	-1.191649e-08	7.932115e-01
3.478261e-02	-1.181360e-08	7.946632e-01
3.472222e-02	-1.171232e-08	7.961176e-01
3.466205e-02	-1.161264e-08	7.975746e-01
3.460208e-02	-1.151455e-08	7.990342e-01
3.454231e-02	-1.141804e-08	8.004961e-01
3.448276e-02	-1.132309e-08	8.019604e-01
3.442341e-02	-1.122969e-08	8.034269e-01
3.436426e-02	-1.113780e-08	8.048956e-01
3.430532e-02	-1.104741e-08	8.063663e-01
3.424658e-02	-1.095848e-08	8.078389e-01
3.418803e-02	-1.087099e-08	8.093134e-01
3.412969e-02	-1.078491e-08	8.107897e-01
3.407155e-02	-1.070020e-08	8.122676e-01
3.401361e-02	-1.061684e-08	8.137472e-01
3.395586e-02	-1.053479e-08	8.152283e-01
3.389831e-02	-1.045401e-08	8.167109e-01
3.384095e-02	-1.037448e-08	8.181948e-01
3.378378e-02	-1.029615e-08	8.196801e-01
3.372681e-02	-1.021900e-08	8.211666e-01
3.367003e-02	-1.014298e-08	8.226542e-01
3.361345e-02	-1.006808e-08	8.241429e-01
3.355705e-02	-9.994244e-09	8.256326e-01
3.350084e-02	-9.921451e-09	8.271233e-01
3.344482e-02	-9.849666e-09	8.286149e-01
3.338898e-02	-9.778858e-09	8.301073e-01
3.333333e-02	-9.708996e-09	8.316005e-01
3.327787e-02	-9.640050e-09	8.330944e-01
3.322259e-02	-9.571990e-09	8.345889e-01
3.316750e-02	-9.504789e-09	8.360841e-01
3.311258e-02	-9.438420e-09	8.375798e-01
3.305785e-02	-9.372855e-09	8.390760e-01
3.300330e-02	-9.308069e-09	8.405727e-01
3.294893e-02	-9.244038e-09	8.420698e-01
3.289474e-02	-9.180739e-09	8.435673e-01
3.284072e-02	-9.118148e-09	8.450652e-01
3.278689e-02	-9.056246e-09	8.465634e-01
3.273322e-02	-8.995011e-09	8.480618e-01
3.267974e-02	-8.934425e-09	8.495606e-01
3.262643e-02	-8.874469e-09	8.510595e-01
3.257329e-02	-8.815128e-09	8.525587e-01
3.252033e-02	-8.756385e-09	8.540581e-01
3.246753e-02	-8.698226e-09	8.555578e-01
3.241491e-02	-8.640639e-09	8.570576e-01
3.236246e-02	-8.583611e-09	8.585576e-01
3.231018e-02	-8.527133e-09	8.600578e-01
3.225806e-02	-8.471196e-09	8.615583e-01
3.220612e-02	-8.415793e-09	8.630590e-01
3.215434e-02	-8.360918e-09	8.645600e-01
3.210273e-02	-8.306567e-09	8.660613e-01
3.205128e-02	-8.252739e-09	8.675630e-01
3.200000e-02	-8.199433e-09	8.690652e-01
3.194888e-02	-8.146653e-09	8.705679e-01
3.189793e-02	-8.094403e-09	8.720712e-01
3.184713e-02	-8.042690e-09	8.735753e-01
3.179650e-02	-7.991525e-09	8.750802e-01
3.174603e-02	-7.940922e-09	8.765862e-01
3.169572e-02	-7.890898e-09	8.780933e-01
3.164557e-02	-7.841474e-09	8.796019e-01
3.159558e-02	-7.792676e-09	8.811122e-01
3.154574e-02	-7.744534e-09	8.826243e-01
3.149606e-02	-7.697085e-09	8.841387e-01
3.144654e-02	-7.650371e-09	8.856558e-01
3.139717e-02	-7.604441e-09	8.871758e-01
3.134796e-02	-7.559352e-09	8.886994e-01
3.129890e-02	-7.515168e-09	8.902269e-01
3.125000e-02	-7.471964e-09	8.917590e-01
3.120125e-02	-7.429823e-09	8.932963e-01
3.115265e-02	-7.388839e-09	8.948395e-01
3.110420e-02	-7.349118e-09	8.963894e-01
3.105590e-02	-7.310777e-09	8.979466e-01
3.100775e-02	-7.273944e-09	8.995121e-01
3.095975e-02	-7.238758e-09	9.010865e-01
3.091190e-02	-7.205371e-09	9.026706e-01
3.086420e-02	-7.173939e-09	9.042650e-01
3.081664e-02	-7.144627e-09	9.058700e-01
3.076923e-02	-7.117602e-09	9.074857e-01
3.072197e-02	-7.093024e-09	9.091119e-01
3.067485e-02	-7.071044e-09	9.107478e-01
3.062787e-02	-7.051791e-09	9.123919e-01
3.058104e-02	-7.035365e-09	9.140421e-01
3.053435e-02	-7.021820e-09	9.156957e-01
3.048780e-02	-7.011153e-09	9.173490e-01
3.044140e-02	-7.003296e-09	9.189980e-01
3.039514e-02	-6.998097e-09	9.206381e-01
3.034901e-02	-6.995319e-09	9.222650e-01
3.030303e-02	-6.994633e-09	9.238745e-01
3.025719e-02	-6.995622e-09	9.254632e-01
3.021148e-02	-6.997789e-09	9.270291e-01
3.016591e-02	-7.000576e-09	9.285713e-01
3.012048e-02	-7.003378e-09	9.300904e-01
3.007519e-02	-7.005574e-09	9.315885e-01
3.003003e-02	-7.006549e-09	9.330686e-01
2.998501e-02	-7.005713e-09	9.345349e-01
2.994012e-02	-7.002533e-09	9.359916e-01
2.989537e-02	-6.996537e-09	9.374434e-01
2.985075e-02	-6.987331e-09	9.388944e-01
2.980626e-02	-6.974601e-09	9.403485e-01
2.976190e-02	-6.958114e-09	9.418089e-01
2.971768e-02	-6.937713e-09	9.432785e-01
2.967359e-02	-6.913309e-09	9.447592e-01
2.962963e-02	-6.884873e-09	9.462527e-01
2.958580e-02	-6.852428e-09	9.477602e-01
2.954210e-02	-6.816036e-09	9.492823e-01
2.949853e-02	-6.775793e-09	9.508195e-01
2.945508e-02	-6.731820e-09	9.523720e-01
2.941176e-02	-6.684258e-09	9.539400e-01
2.936858e-02	-6.633266e-09	9.555234e-01
2.932551e-02	-6.579013e-09	9.571219e-01
2.928258e-02	-6.521686e-09	9.587353e-01
2.923977e-02	-6.461481e-09	9.603632e-01
2.919708e-02	-6.398610e-09	9.620053e-01
2.915452e-02	-6.333304e-09	9.636610e-01
2.911208e-02	-6.265812e-09	9.653298e-01
2.906977e-02	-6.196408e-09	9.670108e-01
2.902758e-02	-6.125390e-09	9.687032e-01
2.898551e-02	-6.053086e-09	9.704061e-01
2.894356e-02	-5.979858e-09	9.721184e-01
2.890173e-02	-5.906096e-09	9.738388e-01
2.886003e-02	-5.832224e-09	9.755660e-01
2.881844e-02	-5.758695e-09	9.772985e-01
2.877698e-02	-5.685986e-09	9.790349e-01
2.873563e-02	-5.614594e-09	9.807737e-01
2.869440e-02	-5.545029e-09	9.825136e-01
2.865330e-02	-5.477798e-09	9.842535e-01
2.861230e-02	-5.413401e-09	9.859922e-01
2.857143e-02	-5.352313e-09	9.877292e-01
2.853067e-02	-5.294975e-09	9.894641e-01
2.849003e-02	-5.241777e-09	9.911969e-01
2.844950e-02	-5.193055e-09	9.929281e-01
2.840909e-02	-5.149071e-09	9.946585e-01
2.836879e-02	-5.110017e-09	9.963892e-01
2.832861e-02	-5.076002e-09	9.981217e-01
2.828854e-02	-5.047055e-09	9.998579e-01
2.824859e-02	-5.023127e-09	1.001600e+00
2.820874e-02	-5.004094e-09	1.003349e+00
2.816901e-02	-4.989764e-09	1.005108e+00
2.812940e-02	-4.979884e-09	1.006879e+00
2.808989e-02	-4.974151e-09	1.008663e+00
2.805049e-02	-4.972224e-09	1.010464e+00
2.801120e-02	-4.973731e-09	1.012282e+00
2.797203e-02	-4.978279e-09	1.014119e+00
2.793296e-02	-4.985469e-09	1.015978e+00
2.789400e-02	-4.994898e-09	1.017858e+00
2.785515e-02	-5.006170e-09	1.019761e+00
2.781641e-02	-5.018903e-09	1.021689e+00
2.777778e-02	-5.032733e-09	1.023641e+00
2.773925e-02	-5.047319e-09	1.025620e+00
2.770083e-02	-5.062344e-09	1.027624e+00
2.766252e-02	-5.077518e-09	1.029656e+00
2.762431e-02	-5.092583e-09	1.031714e+00
2.758621e-02	-5.107306e-09	1.033799e+00
2.754821e-02	-5.121483e-09	1.035912e+00
2.751032e-02	-5.134939e-09	1.038052e+00
2.747253e-02	-5.147525e-09	1.040220e+00
2.743484e-02	-5.159116e-09	1.042415e+00
2.739726e-02	-5.169611e-09	1.044637e+00
2.735978e-02	-5.178929e-09	1.046885e+00
2.732240e-02	-5.187009e-09	1.049160e+00
2.728513e-02	-5.193807e-09	1.051462e+00
2.724796e-02	-5.199296e-09	1.053788e+00
2.721088e-02	-5.203459e-09	1.056140e+00
2.717391e-02	-5.206295e-09	1.058516e+00
2.713704e-02	-5.207809e-09	1.060915e+00
2.710027e-02	-5.208018e-09	1.063337e+00
2.706360e-02	-5.206944e-09	1.065781e+00
2.702703e-02	-5.204615e-09	1.068246e+00
2.699055e-02	-5.201066e-09	1.070731e+00
2.695418e-02	-5.196332e-09	1.073234e+00
2.691790e-02	-5.190453e-09	1.075755e+00
2.688172e-02	-5.183472e-09	1.078292e+00
2.684564e-02	-5.175431e-09	1.080844e+00
2.680965e-02	-5.166372e-09	1.083410e+00
2.677376e-02	-5.156341e-09	1.085987e+00
2.673797e-02	-5.145379e-09	1.088574e+00
2.670227e-02	-5.133529e-09	1.091170e+00
2.666667e-02	-5.120832e-09	1.093773e+00
2.663116e-02	-5.107328e-09	1.096381e+00
2.659574e-02	-5.093057e-09	1.098994e+00
2.656042e-02	-5.078053e-09	1.101608e+00
2.652520e-02	-5.062353e-09	1.104222e+00
2.649007e-02	-5.045990e-09	1.106835e+00
2.645503e-02	-5.028995e-09	1.109446e+00
2.642008e-02	-5.011397e-09	1.112052e+00
2.638522e-02	-4.993225e-09	1.114653e+00
2.635046e-02	-4.974503e-09	1.117247e+00
2.631579e-02	-4.955255e-09	1.119833e+00
2.628121e-02	-4.935504e-09	1.122410e+00
2.624672e-02	-4.915271e-09	1.124977e+00
2.621232e-02	-4.894573e-09	1.127533e+00
2.617801e-02	-4.873429e-09	1.130079e+00
2.614379e-02	-4.851855e-09	1.132612e+00
2.610966e-02	-4.829865e-09	1.135135e+00
2.607562e-02	-4.807473e-09	1.137645e+00
2.604167e-02	-4.784693e-09	1.140144e+00
2.600780e-02	-4.761534e-09	1.142633e+00
2.597403e-02	-4.738009e-09	1.145110e+00
2.594034e-02	-4.714128e-09	1.147578e+00
2.590674e-02	-4.689900e-09	1.150037e+00
2.587322e-02	-4.665335e-09	1.152489e+00
2.583979e-02	-4.640441e-09	1.154933e+00
2.580645e-02	-4.615227e-09	1.157372e+00
2.577320e-02	-4.589702e-09	1.159807e+00
2.574003e-02	-4.563874e-09	1.162239e+00
2.570694e-02	-4.537752e-09	1.164670e+00
2.567394e-02	-4.511344e-09	1.167101e+00
2.564103e-02	-4.484659e-09	1.169534e+00
2.560819e-02	-4.457707e-09	1.171971e+00
2.557545e-02	-4.430496e-09	1.174412e+00
2.554278e-02	-4.403038e-09	1.176860e+00
2.551020e-02	-4.375343e-09	1.179317e+00
2.547771e-02	-4.347423e-09	1.181783e+00
2.544529e-02	-4.319288e-09	1.184260e+00
2.541296e-02	-4.290953e-09	1.186750e+00
2.538071e-02	-4.262431e-09	1.189255e+00
2.534854e-02	-4.233736e-09	1.191776e+00
2.531646e-02	-4.204884e-09	1.194314e+00
2.528445e-02	-4.175891e-09	1.196871e+00
2.525253e-02	-4.146775e-09	1.199449e+00
2.522068e-02	-4.117555e-09	1.202050e+00
2.518892e-02	-4.088251e-09	1.204676e+00
2.515723e-02	-4.058884e-09	1.207328e+00
2.512563e-02	-4.029476e-09	1.210009e+00
2.509410e-02	-4.000053e-09	1.212721e+00
2.506266e-02	-3.970638e-09	1.215467e+00
2.503129e-02	-3.941259e-09	1.218249e+00
2.500000e-02	-3.911946e-09	1.221070e+00
2.496879e-02	-3.882727e-09	1.223934e+00
2.493766e-02	-3.853634e-09	1.226843e+00
2.490660e-02	-3.824702e-09	1.229801e+00
2.487562e-02	-3.795964e-09	1.232812e+00
2.484472e-02	-3.767457e-09	1.235879e+00
2.481390e-02	-3.739220e-09	1.239005e+00
2.478315e-02	-3.711292e-09	1.242195e+00
2.475248e-02	-3.683713e-09	1.245452e+00
2.472188e-02	-3.656525e-09	1.248779e+00
2.469136e-02	-3.629770e-09	1.252180e+00
2.466091e-02	-3.603490e-09	1.255656e+00
2.463054e-02	-3.577729e-09	1.259210e+00
2.460025e-02	-3.552528e-09	1.262844e+00
2.457002e-02	-3.527927e-09	1.266560e+00
2.453988e-02	-3.503964e-09	1.270356e+00
2.450980e-02	-3.480676e-09	1.274234e+00
2.447980e-02	-3.458092e-09	1.278191e+00
2.444988e-02	-3.436241e-09	1.282227e+00
2.442002e-02	-3.415141e-09	1.286337e+00
2.439024e-02	-3.394807e-09	1.290519e+00
2.436054e-02	-3.375243e-09	1.294768e+00
2.433090e-02	-3.356444e-09	1.299079e+00
2.430134e-02	-3.338396e-09	1.303446e+00
2.427184e-02	-3.321071e-09	1.307864e+00
2.424242e-02	-3.304432e-09	1.312325e+00
2.421308e-02	-3.288426e-09	1.316823e+00
2.418380e-02	-3.272991e-09	1.321350e+00
2.415459e-02	-3.258050e-09	1.325900e+00
2.412545e-02	-3.243515e-09	1.330466e+00
2.409639e-02	-3.229285e-09	1.335039e+00
2.406739e-02	-3.215251e-09	1.339614e+00
2.403846e-02	-3.201294e-09	1.344183e+00
2.400960e-02	-3.187289e-09	1.348739e+00
2.398082e-02	-3.173103e-09	1.353276e+00
2.395210e-02	-3.158606e-09	1.357788e+00
2.392344e-02	-3.143661e-09	1.362266e+00
2.389486e-02	-3.128136e-09	1.366706e+00
2.386635e-02	-3.111901e-09	1.371099e+00
2.383790e-02	-3.094833e-09	1.375439e+00
2.380952e-02	-3.076815e-09	1.379719e+00
2.378121e-02	-3.057739e-09	1.383931e+00
2.375297e-02	-3.037507e-09	1.388067e+00
2.372479e-02	-3.016031e-09	1.392120e+00
2.369668e-02	-2.993237e-09	1.396082e+00
2.366864e-02	-2.969061e-09	1.399944e+00
2.364066e-02	-2.943450e-09	1.403698e+00
2.361275e-02	-2.916366e-09	1.407337e+00
2.358491e-02	-2.887779e-09	1.410853e+00
2.355713e-02	-2.857673e-09	1.414237e+00
2.352941e-02	-2.826041e-09	1.417483e+00
2.350176e-02	-2.792885e-09	1.420584e+00
2.347418e-02	-2.758219e-09	1.423534e+00
2.344666e-02	-2.722063e-09	1.426327e+00
2.341920e-02	-2.684448e-09	1.428959e+00
2.339181e-02	-2.645410e-09	1.431424e+00
2.336449e-02	-2.604997e-09	1.433721e+00
2.333722e-02	-2.563263e-09	1.435847e+00
2.331002e-02	-2.520269e-09	1.437799e+00
2.328289e-02	-2.476085e-09	1.439578e+00
2.325581e-02	-2.430790e-09	1.441184e+00
2.322880e-02	-2.384467e-09	1.442616e+00
2.320186e-02	-2.337209e-09	1.443877e+00
2.317497e-02	-2.289108e-09	1.444970e+00
2.314815e-02	-2.240261e-09	1.445897e+00
2.312139e-02	-2.190762e-09	1.446664e+00
2.309469e-02	-2.140701e-09	1.447276e+00
2.306805e-02	-2.090155e-09	1.447739e+00
2.304147e-02	-2.039192e-09	1.448061e+00
2.301496e-02	-1.987861e-09	1.448251e+00
2.298851e-02	-1.936193e-09	1.448319e+00
2.296211e-02	-1.884198e-09	1.448278e+00
2.293578e-02	-1.831867e-09	1.448138e+00
2.290951e-02	-1.779171e-09	1.447915e+00
2.288330e-02	-1.726064e-09	1.447622e+00
2.285714e-02	-1.672487e-09	1.447276e+00
2.283105e-02	-1.618368e-09	1.446893e+00
2.280502e-02	-1.563631e-09	1.446490e+00
2.277904e-02	-1.508192e-09	1.446084e+00
2.275313e-02	-1.451967e-09	1.445694e+00
2.272727e-02	-1.394872e-09	1.445338e+00
2.270148e-02	-1.336824e-09	1.445033e+00
2.267574e-02	-1.277743e-09	1.444798e+00
2.265006e-02	-1.217553e-09	1.444651e+00
2.262443e-02	-1.156184e-09	1.444611e+00
2.259887e-02	-1.093569e-09	1.444694e+00
2.257336e-02	-1.029647e-09	1.444918e+00
2.254791e-02	-9.643642e-10	1.445300e+00
2.252252e-02	-8.976764e-10	1.445857e+00
2.249719e-02	-8.295507e-10	1.446603e+00
2.247191e-02	-7.599677e-10	1.447556e+00
2.244669e-02	-6.889285e-10	1.448728e+00
2.242152e-02	-6.164573e-10	1.450135e+00
2.239642e-02	-5.426102e-10	1.451791e+00
2.237136e-02	-4.674806e-10	1.453708e+00
2.234637e-02	-3.912097e-10	1.455899e+00
2.232143e-02	-3.139961e-10	1.458375e+00
2.229654e-02	-2.361063e-10	1.461149e+00
2.227171e-02	-1.578878e-10	1.464230e+00
2.224694e-02	-7.978325e-11	1.467629e+00
2.222222e-02	-2.344033e-12	1.471355e+00
2.219756e-02	7.375276e-11	1.475416e+00
2.217295e-02	1.476872e-10	1.479821e+00
2.214839e-02	2.184799e-10	1.484575e+00
2.212389e-02	2.849717e-10	1.489686e+00
2.209945e-02	3.458057e-10	1.495156e+00
2.207506e-02	3.994066e-10	1.500990e+00
2.205072e-02	4.439622e-10	1.507190e+00
2.202643e-02	4.774044e-10	1.513756e+00
2.200220e-02	4.973916e-10	1.520686e+00
2.197802e-02	5.012935e-10	1.527978e+00
2.195390e-02	4.861784e-10	1.535627e+00
2.192982e-02	4.488049e-10	1.543626e+00
2.190581e-02	3.856188e-10	1.551966e+00
2.188184e-02	2.927553e-10	1.560635e+00
2.185792e-02	1.660520e-10	1.569620e+00
2.183406e-02	1.068441e-12	1.578906e+00
2.181025e-02	-2.068810e-10	1.588473e+00
2.178649e-02	-4.626830e-10	1.598303e+00
2.176279e-02	-7.713657e-10	1.608371e+00
2.173913e-02	-1.138027e-09	1.618653e+00
2.171553e-02	-1.567742e-09	1.629121e+00
2.169197e-02	-2.065460e-09	1.639745e+00
2.166847e-02	-2.635886e-09	1.650494e+00
2.164502e-02	-3.283337e-09	1.661331e+00
2.162162e-02	-4.011606e-09	1.672222e+00
2.159827e-02	-4.823799e-09	1.683125e+00
2.157497e-02	-5.722175e-09	1.693999e+00
2.155172e-02	-6.707988e-09	1.704800e+00
2.152853e-02	-7.781330e-09	1.715481e+00
2.150538e-02	-8.940988e-09	1.725994e+00
2.148228e-02	-1.018432e-08	1.736286e+00
2.145923e-02	-1.150717e-08	1.746303e+00
2.143623e-02	-1.290376e-08	1.755992e+00
2.141328e-02	-1.436675e-08	1.765293e+00
2.139037e-02	-1.588715e-08	1.774149e+00
2.136752e-02	-1.745446e-08	1.782499e+00
2.134472e-02	-1.905676e-08	1.790285e+00
2.132196e-02	-2.068087e-08	1.797448e+00
2.129925e-02	-2.231257e-08	1.803929e+00
2.127660e-02	-2.393682e-08	1.809676e+00
2.125399e-02	-2.553807e-08	1.814638e+00
2.123142e-02	-2.710057e-08	1.818769e+00
2.120891e-02	-2.860866e-08	1.822031e+00
2.118644e-02	-3.004715e-08	1.824392e+00
2.116402e-02	-3.140158e-08	1.825832e+00
2.114165e-02	-3.265857e-08	1.826339e+00
2.111932e-02	-3.380606e-08	1.825910e+00
2.109705e-02	-3.483353e-08	1.824556e+00
2.107482e-02	-3.573222e-08	1.822297e+00
2.105263e-02	-3.649522e-08	1.819165e+00
2.103049e-02	-3.711757e-08	1.815203e+00
2.100840e-02	-3.759627e-08	1.810461e+00
2.098636e-02	-3.793024e-08	1.804999e+00
2.096436e-02	-3.812026e-08	1.798884e+00
2.094241e-02	-3.816881e-08	1.792187e+00
2.092050e-02	-3.807993e-08	1.784985e+00
2.089864e-02	-3.785906e-08	1.777355e+00
2.087683e-02	-3.751278e-08	1.769376e+00
2.085506e-02	-3.704865e-08	1.761126e+00
2.083333e-02	-3.647494e-08	1.752681e+00
2.081165e-02	-3.580048e-08	1.744113e+00
2.079002e-02	-3.503443e-08	1.735490e+00
2.076843e-02	-3.418607e-08	1.726876e+00
2.074689e-02	-3.326470e-08	1.718327e+00
2.072539e-02	-3.227945e-08	1.709892e+00
2.070393e-02	-3.123916e-08	1.701617e+00
2.068252e-02	-3.015232e-08	1.693536e+00
2.066116e-02	-2.902696e-08	1.685681e+00
2.063983e-02	-2.787061e-08	1.678076e+00
2.061856e-02	-2.669027e-08	1.670738e+00
2.059732e-02	-2.549237e-08	1.663681e+00
2.057613e-02	-2.428279e-08	1.656913e+00
2.055498e-02	-2.306684e-08	1.650441e+00
2.053388e-02	-2.184931e-08	1.644267e+00
2.051282e-02	-2.063444e-08	1.638391e+00
2.049180e-02	-1.942601e-08	1.632815e+00
2.047083e-02	-1.822729e-08	1.627537e+00
2.044990e-02	-1.704114e-08	1.622556e+00
2.042901e-02	-1.587000e-08	1.617872e+00
2.040816e-02	-1.471594e-08	1.613484e+00
2.038736e-02	-1.358068e-08	1.609393e+00
2.036660e-02	-1.246560e-08	1.605598e+00
2.034588e-02	-1.137181e-08	1.602100e+00
2.032520e-02	-1.030012e-08	1.598901e+00
2.030457e-02	-9.251097e-09	1.596001e+00
2.028398e-02	-8.225097e-09	1.593400e+00
2.026342e-02	-7.222252e-09	1.591098e+00
2.024291e-02	-6.242507e-09	1.589094e+00
2.022245e-02	-5.285639e-09	1.587386e+00
2.020202e-02	-4.351269e-09	1.585972e+00
2.018163e-02	-3.438876e-09	1.584845e+00
2.016129e-02	-2.547812e-09	1.584000e+00
2.014099e-02	-1.677312e-09	1.583430e+00
2.012072e-02	-8.265028e-10	1.583125e+00
2.010050e-02	5.589549e-12	1.583073e+00
2.008032e-02	8.200373e-10	1.583262e+00
2.006018e-02	1.618007e-09	1.583678e+00
2.004008e-02	2.400759e-09	1.584306e+00
2.002002e-02	3.169654e-09	1.585131e+00
2.000000e-02	3.926150e-09	1.586136e+00
1.998002e-02	4.671816e-09	1.587305e+00
1.996008e-02	5.408330e-09	1.588624e+00
1.994018e-02	6.137496e-09	1.590078e+00
1.992032e-02	6.861241e-09	1.591655e+00
1.990050e-02	7.581630e-09	1.593346e+00
1.988072e-02	8.300864e-09	1.595145e+00
1.986097e-02	9.021291e-09	1.597047e+00
1.984127e-02	9.745398e-09	1.599054e+00
1.982161e-02	1.047582e-08	1.601170e+00
1.980198e-02	1.121531e-08	1.603402e+00
1.978239e-02	1.196677e-08	1.605762e+00
1.976285e-02	1.273319e-08	1.608267e+00
1.974334e-02	1.351768e-08	1.610936e+00
1.972387e-02	1.432337e-08	1.613789e+00
1.970443e-02	1.515349e-08	1.616854e+00
1.968504e-02	1.601124e-08	1.620156e+00
1.966568e-02	1.689980e-08	1.623725e+00
1.964637e-02	1.782228e-08	1.627593e+00
1.962709e-02	1.878168e-08	1.631791e+00
1.960784e-02	1.978084e-08	1.636352e+00
1.958864e-02	2.082237e-08	1.641309e+00
1.956947e-02	2.190861e-08	1.646695e+00
1.955034e-02	2.304159e-08	1.652541e+00
1.953125e-02	2.422291e-08	1.658876e+00
1.951220e-02	2.545373e-08	1.665729e+00
1.949318e-02	2.673471e-08	1.673123e+00
1.947420e-02	2.806591e-08	1.681080e+00
1.945525e-02	2.944676e-08	1.689616e+00
1.943635e-02	3.087599e-08	1.698744e+00
1.941748e-02	3.235162e-08	1.708470e+00
1.939864e-02	3.387085e-08	1.718797e+00
1.937984e-02	3.543011e-08	1.729720e+00
1.936108e-02	3.702498e-08	1.741230e+00
1.934236e-02	3.865022e-08	1.753312e+00
1.932367e-02	4.029977e-08	1.765942e+00
1.930502e-02	4.196675e-08	1.779092e+00
1.928640e-02	4.364354e-08	1.792729e+00
1.926782e-02	4.532178e-08	1.806811e+00
1.924928e-02	4.699246e-08	1.821291e+00
1.923077e-02	4.864600e-08	1.836117e+00
1.921230e-02	5.027230e-08	1.851230e+00
1.919386e-02	5.186083e-08	1.866565e+00
1.917546e-02	5.340074e-08	1.882054e+00
1.915709e-02	5.488091e-08	1.897620e+00
1.913876e-02	5.629011e-08	1.913185e+00
1.912046e-02	5.761702e-08	1.928663e+00
1.910220e-02	5.885038e-08	1.943965e+00
1.908397e-02	5.997910e-08	1.958998e+00
1.906578e-02	6.099235e-08	1.973666e+00
1.904762e-02	6.187970e-08	1.987873e+00
1.902950e-02	6.263129e-08	2.001519e+00
1.901141e-02	6.323795e-08	2.014508e+00
1.899335e-02	6.369140e-08	2.026747e+00
1.897533e-02	6.398445e-08	2.038148e+00
1.895735e-02	6.411115e-08	2.048630e+00
1.893939e-02	6.406703e-08	2.058120e+00
1.892148e-02	6.384928e-08	2.066558e+00
1.890359e-02	6.345688e-08	2.073895e+00
1.888574e-02	6.289080e-08	2.080097e+00
1.886792e-02	6.215406e-08	2.085143e+00
1.885014e-02	6.125175e-08	2.089028e+00
1.883239e-02	6.019108e-08	2.091759e+00
1.881468e-02	5.898122e-08	2.093360e+00
1.879699e-02	5.763325e-08	2.093866e+00
1.877934e-02	5.615985e-08	2.093322e+00
1.876173e-02	5.457511e-08	2.091784e+00
1.874414e-02	5.289421e-08	2.089311e+00
1.872659e-02	5.113303e-08	2.085968e+00
1.870907e-02	4.930789e-08	2.081817e+00
1.869159e-02	4.743509e-08	2.076921e+00
1.867414e-02	4.553067e-08	2.071334e+00
1.865672e-02	4.360999e-08	2.065105e+00
1.863933e-02	4.168755e-08	2.058274e+00
1.862197e-02	3.977670e-08	2.050876e+00
1.860465e-02	3.788949e-08	2.042935e+00
1.858736e-02	3.603653e-08	2.034475e+00
1.857010e-02	3.422693e-08	2.025518e+00
1.855288e-02	3.246828e-08	2.016089e+00
1.853568e-02	3.076664e-08	2.006219e+00
1.851852e-02	2.912663e-08	1.995950e+00
1.850139e-02	2.755149e-08	1.985334e+00
1.848429e-02	2.604321e-08	1.974434e+00
1.846722e-02	2.460263e-08	1.963326e+00
1.845018e-02	2.322959e-08	1.952094e+00
1.843318e-02	2.192304e-08	1.940830e+00
1.841621e-02	2.068120e-08	1.929630e+00
1.839926e-02	1.950166e-08	1.918591e+00
1.838235e-02	1.838151e-08	1.907807e+00
1.836547e-02	1.731744e-08	1.897368e+00
1.834862e-02	1.630584e-08	1.887356e+00
1.833181e-02	1.534289e-08	1.877847e+00
1.831502e-02	1.442461e-08	1.868906e+00
1.829826e-02	1.354693e-08	1.860588e+00
1.828154e-02	1.270577e-08	1.852940e+00
1.826484e-02	1.189703e-08	1.845997e+00
1.824818e-02	1.111666e-08	1.839787e+00
1.823154e-02	1.036067e-08	1.834325e+00
1.821494e-02	9.625155e-09	1.829619e+00
1.819836e-02	8.906301e-09	1.825669e+00
1.818182e-02	8.200408e-09	1.822465e+00
1.816530e-02	7.503890e-09	1.819989e+00
1.814882e-02	6.813276e-09	1.818216e+00
1.813237e-02	6.125216e-09	1.817115e+00
1.811594e-02	5.436478e-09	1.816647e+00
1.809955e-02	4.743948e-09	1.816771e+00
1.808318e-02	4.044633e-09	1.817440e+00
1.806685e-02	3.335654e-09	1.818608e+00
1.805054e-02	2.614258e-09	1.820229e+00
1.803427e-02	1.877820e-09	1.822259e+00
1.801802e-02	1.123861e-09	1.824662e+00
1.800180e-02	3.500738e-10	1.827404e+00
1.798561e-02	-4.456400e-10	1.830461e+00
1.796945e-02	-1.265109e-09	1.833819e+00
1.795332e-02	-2.109817e-09	1.837471e+00
1.793722e-02	-2.980794e-09	1.841420e+00
1.792115e-02	-3.878496e-09	1.845675e+00
1.790510e-02	-4.802648e-09	1.850255e+00
1.788909e-02	-5.752082e-09	1.855183e+00
1.787310e-02	-6.724566e-09	1.860489e+00
1.785714e-02	-7.716635e-09	1.866204e+00
1.784121e-02	-8.723460e-09	1.872361e+00
1.782531e-02	-9.738733e-09	1.878993e+00
1.780944e-02	-1.075461e-08	1.886130e+00
1.779359e-02	-1.176172e-08	1.893794e+00
1.777778e-02	-1.274917e-08	1.902003e+00
1.776199e-02	-1.370466e-08	1.910766e+00
1.774623e-02	-1.461460e-08	1.920085e+00
1.773050e-02	-1.546428e-08	1.929954e+00
1.771479e-02	-1.623805e-08	1.940364e+00
1.769912e-02	-1.691954e-08	1.951304e+00
1.768347e-02	-1.749189e-08	1.962765e+00
1.766784e-02	-1.793803e-08	1.974741e+00
1.765225e-02	-1.824097e-08	1.987226e+00
1.763668e-02	-1.838407e-08	2.000220e+00
1.762115e-02	-1.835141e-08	2.013721e+00
1.760563e-02	-1.812807e-08	2.027725e+00
1.759015e-02	-1.770046e-08	2.042220e+00
1.757469e-02	-1.705667e-08	2.057189e+00
1.755926e-02	-1.618670e-08	2.072605e+00
1.754386e-02	-1.508279e-08	2.088428e+00
1.752848e-02	-1.373956e-08	2.104612e+00
1.751313e-02	-1.215422e-08	2.121098e+00
1.749781e-02	-1.032666e-08	2.137819e+00
1.748252e-02	-8.259471e-09	2.154701e+00
1.746725e-02	-5.957941e-09	2.171663e+00
1.745201e-02	-3.429962e-09	2.188624e+00
1.743679e-02	-6.858787e-10	2.205498e+00
1.742160e-02	2.261702e-09	2.222202e+00
1.740644e-02	5.398154e-09	2.238653e+00
1.739130e-02	8.707102e-09	2.254774e+00
1.737619e-02	1.217072e-08	2.270493e+00
1.736111e-02	1.577001e-08	2.285746e+00
1.734605e-02	1.948517e-08	2.300476e+00
1.733102e-02	2.329581e-08	2.314633e+00
1.731602e-02	2.718129e-08	2.328177e+00
1.730104e-02	3.112094e-08	2.341073e+00
1.728608e-02	3.509429e-08	2.353293e+00
1.727116e-02	3.908125e-08	2.364810e+00
1.725626e-02	4.306227e-08	2.375598e+00
1.724138e-02	4.701840e-08	2.385625e+00
1.722653e-02	5.093143e-08	2.394855e+00
1.721170e-02	5.478385e-08	2.403247e+00
1.719690e-02	5.855896e-08	2.410757e+00
1.718213e-02	6.224077e-08	2.417344e+00
1.716738e-02	6.581407e-08	2.422976e+00
1.715266e-02	6.926440e-08	2.427642e+00
1.713796e-02	7.257799e-08	2.431350e+00
1.712329e-02	7.574182e-08	2.434129e+00
1.710864e-02	7.874355e-08	2.436024e+00
1.709402e-02	8.157158e-08	2.437081e+00
1.707942e-02	8.421503e-08	2.437345e+00
1.706485e-02	8.666383e-08	2.436847e+00
1.705030e-02	8.890880e-08	2.435604e+00
1.703578e-02	9.094180e-08	2.433614e+00
1.702128e-02	9.275588e-08	2.430864e+00
1.700680e-02	9.434547e-08	2.427333e+00
1.699235e-02	9.570667e-08	2.422994e+00
1.697793e-02	9.683740e-08	2.417825e+00
1.696353e-02	9.773766e-08	2.411811e+00
1.694915e-02	9.840970e-08	2.404948e+00
1.693480e-02	9.885818e-08	2.397250e+00
1.692047e-02	9.909025e-08	2.388748e+00
1.690617e-02	9.911555e-08	2.379491e+00
1.689189e-02	9.894619e-08	2.369550e+00
1.687764e-02	9.859659e-08	2.359016e+00
1.686341e-02	9.808331e-08	2.347994e+00
1.684920e-02	9.742477e-08	2.336609e+00
1.683502e-02	9.664094e-08	2.324997e+00
1.682086e-02	9.575302e-08	2.313302e+00
1.680672e-02	9.478301e-08	2.301677e+00
1.679261e-02	9.375342e-08	2.290275e+00
1.677852e-02	9.268684e-08	2.279250e+00
1.676446e-02	9.160558e-08	2.268751e+00
1.675042e-02	9.053138e-08	2.258920e+00
1.673640e-02	8.948508e-08	2.249891e+00
1.672241e-02	8.848638e-08	2.241787e+00
1.670844e-02	8.755361e-08	2.234718e+00
1.669449e-02	8.670351e-08	2.228783e+00
1.668057e-02	8.595113e-08	2.224065e+00
1.666667e-02	8.530968e-08	2.220634e+00
1.665279e-02	8.479042e-08	2.218547e+00
1.663894e-02	8.440263e-08	2.217846e+00
1.662510e-02	8.415354e-08	2.218559e+00
1.661130e-02	8.404835e-08	2.220702e+00
1.659751e-02	8.409018e-08	2.224278e+00
1.658375e-02	8.428011e-08	2.229277e+00
1.657001e-02	8.461725e-08	2.235678e+00
1.655629e-02	8.509874e-08	2.243448e+00
1.654260e-02	8.571990e-08	2.252541e+00
1.652893e-02	8.647425e-08	2.262905e+00
1.651528e-02	8.735371e-08	2.274475e+00
1.650165e-02	8.834868e-08	2.287178e+00
1.648805e-02	8.944822e-08	2.300933e+00
1.647446e-02	9.064023e-08	2.315652e+00
1.646091e-02	9.191160e-08	2.331240e+00
1.644737e-02	9.324842e-08	2.347598e+00
1.643385e-02	9.463616e-08	2.364623e+00
1.642036e-02	9.605981e-08	2.382205e+00
1.640689e-02	9.750404e-08	2.400235e+00
1.639344e-02	9.895333e-08	2.418598e+00
1.638002e-02	1.003920e-07	2.437179e+00
1.636661e-02	1.018044e-07	2.455859e+00
1.635323e-02	1.031748e-07	2.474513e+00
1.633987e-02	1.044873e-07	2.493013e+00
1.632653e-02	1.057260e-07	2.511223e+00
1.631321e-02	1.068749e-07	2.528997e+00
1.629992e-02	1.079175e-07	2.546175e+00
1.628664e-02	1.088373e-07	2.562582e+00
1.627339e-02	1.096174e-07	2.578024e+00
1.626016e-02	1.102408e-07	2.592285e+00
1.624695e-02	1.106902e-07	2.605132e+00
1.623377e-02	1.109486e-07	2.616321e+00
1.622060e-02	1.109996e-07	2.625604e+00
1.620746e-02	1.108278e-07	2.632753e+00
1.619433e-02	1.104193e-07	2.637576e+00
1.618123e-02	1.097628e-07	2.639942e+00
1.616815e-02	1.088497e-07	2.639798e+00
1.615509e-02	1.076753e-07	2.637177e+00
1.614205e-02	1.062384e-07	2.632193e+00
1.612903e-02	1.045422e-07	2.625034e+00
1.611604e-02	1.025939e-07	2.615941e+00
1.610306e-02	1.004044e-07	2.605188e+00
1.609010e-02	9.798800e-08	2.593072e+00
1.607717e-02	9.536195e-08	2.579892e+00
1.606426e-02	9.254562e-08	2.565948e+00
1.605136e-02	8.955999e-08	2.551526e+00
1.603849e-02	8.642704e-08	2.536901e+00
1.602564e-02	8.316912e-08	2.522330e+00
1.601281e-02	7.980843e-08	2.508051e+00
1.600000e-02	7.636653e-08	2.494282e+00
1.598721e-02	7.286396e-08	2.481220e+00
1.597444e-02	6.931988e-08	2.469039e+00
1.596169e-02	6.575183e-08	2.457893e+00
1.594896e-02	6.217555e-08	2.447915e+00
1.593625e-02	5.860486e-08	2.439217e+00
1.592357e-02	5.505157e-08	2.431892e+00
1.591090e-02	5.152553e-08	2.426016e+00
1.589825e-02	4.803458e-08	2.421650e+00
1.588562e-02	4.458467e-08	2.418839e+00
1.587302e-02	4.117992e-08	2.417615e+00
1.586043e-02	3.782272e-08	2.418001e+00
1.584786e-02	3.451384e-08	2.420008e+00
1.583531e-02	3.125255e-08	2.423640e+00
1.582278e-02	2.803676e-08	2.428893e+00
1.581028e-02	2.486307e-08	2.435759e+00
1.579779e-02	2.172697e-08	2.444226e+00
1.578532e-02	1.862284e-08	2.454279e+00
1.577287e-02	1.554415e-08	2.465899e+00
1.576044e-02	1.248347e-08	2.479071e+00
1.574803e-02	9.432589e-09	2.493777e+00
1.573564e-02	6.382582e-09	2.510004e+00
1.572327e-02	3.323875e-09	2.527739e+00
1.571092e-02	2.463071e-10	2.546976e+00
1.569859e-02	-2.860806e-09	2.567710e+00
1.568627e-02	-6.008618e-09	2.589946e+00
1.567398e-02	-9.208699e-09	2.613689e+00
1.566171e-02	-1.247298e-08	2.638955e+00
1.564945e-02	-1.581369e-08	2.665761e+00
1.563722e-02	-1.924331e-08	2.694131e+00
1.562500e-02	-2.277451e-08	2.724090e+00
1.561280e-02	-2.642007e-08	2.755668e+00
1.560062e-02	-3.019285e-08	2.788893e+00
1.558846e-02	-3.410568e-08	2.823789e+00
1.557632e-02	-3.817130e-08	2.860379e+00
1.556420e-02	-4.240226e-08	2.898677e+00
1.555210e-02	-4.681087e-08	2.938687e+00
1.554002e-02	-5.140909e-08	2.980403e+00
1.552795e-02	-5.620839e-08	3.023802e+00
1.551590e-02	-6.121970e-08	3.068846e+00
1.550388e-02	-6.645326e-08	3.115477e+00
1.549187e-02	-7.191845e-08	3.163619e+00
1.547988e-02	-7.762372e-08	3.213172e+00
1.546790e-02	-8.357631e-08	3.264014e+00
1.545595e-02	-8.978214e-08	3.316003e+00
1.544402e-02	-9.624551e-08	3.368971e+00
1.543210e-02	-1.029689e-07	3.422731e+00
1.542020e-02	-1.099525e-07	3.477073e+00
1.540832e-02	-1.171943e-07	3.531773e+00
1.539646e-02	-1.246890e-07	3.586589e+00
1.538462e-02	-1.324283e-07	3.641267e+00
1.537279e-02	-1.404003e-07	3.695547e+00
1.536098e-02	-1.485887e-07	3.749162e+00
1.534919e-02	-1.569731e-07	3.801848e+00
1.533742e-02	-1.655280e-07	3.853345e+00
1.532567e-02	-1.742231e-07	3.903398e+00
1.531394e-02	-1.830230e-07	3.951765e+00
1.530222e-02	-1.918869e-07	3.998219e+00
1.529052e-02	-2.007693e-07	4.042544e+00
1.527884e-02	-2.096200e-07	4.084538e+00
1.526718e-02	-2.183847e-07	4.124014e+00
1.525553e-02	-2.270060e-07	4.160795e+00
1.524390e-02	-2.354240e-07	4.194711e+00
1.523229e-02	-2.435776e-07	4.225600e+00
1.522070e-02	-2.514055e-07	4.253299e+00
1.520913e-02	-2.588475e-07	4.277651e+00
1.519757e-02	-2.658461e-07	4.298496e+00
1.518603e-02	-2.723472e-07	4.315680e+00
1.517451e-02	-2.783017e-07	4.329057e+00
1.516300e-02	-2.836661e-07	4.338493e+00
1.515152e-02	-2.884038e-07	4.343879e+00
1.514005e-02	-2.924852e-07	4.345137e+00
1.512859e-02	-2.958882e-07	4.342233e+00
1.511716e-02	-2.985985e-07	4.335181e+00
1.510574e-02	-3.006093e-07	4.324053e+00
1.509434e-02	-3.019209e-07	4.308975e+00
1.508296e-02	-3.025401e-07	4.290131e+00
1.507159e-02	-3.024800e-07	4.267748e+00
1.506024e-02	-3.017585e-07	4.242088e+00
1.504891e-02	-3.003983e-07	4.213434e+00
1.503759e-02	-2.984257e-07	4.182079e+00
1.502630e-02	-2.958697e-07	4.148307e+00
1.501502e-02	-2.927619e-07	4.112388e+00
1.500375e-02	-2.891354e-07	4.074573e+00
1.499250e-02	-2.850249e-07	4.035088e+00
1.498127e-02	-2.804656e-07	3.994143e+00
1.497006e-02	-2.754938e-07	3.951933e+00
1.495886e-02	-2.701459e-07	3.908650e+00
1.494768e-02	-2.644590e-07	3.864490e+00
1.493652e-02	-2.584699e-07	3.819658e+00
1.492537e-02	-2.522158e-07	3.774380e+00
1.491424e-02	-2.457335e-07	3.728901e+00
1.490313e-02	-2.390598e-07	3.683485e+00
1.489203e-02	-2.322308e-07	3.638413e+00
1.488095e-02	-2.252820e-07	3.593975e+00
1.486989e-02	-2.182481e-07	3.550467e+00
1.485884e-02	-2.111626e-07	3.508175e+00
1.484781e-02	-2.040575e-07	3.467373e+00
1.483680e-02	-1.969633e-07	3.428310e+00
1.482580e-02	-1.899087e-07	3.391206e+00
1.481481e-02	-1.829204e-07	3.356246e+00
1.480385e-02	-1.760231e-07	3.323576e+00
1.479290e-02	-1.692392e-07	3.293301e+00
1.478197e-02	-1.625887e-07	3.265487e+00
1.477105e-02	-1.560896e-07	3.240157e+00
1.476015e-02	-1.497575e-07	3.217300e+00
1.474926e-02	-1.436058e-07	3.196871e+00
1.473839e-02	-1.376459e-07	3.178795e+00
1.472754e-02	-1.318870e-07	3.162972e+00
1.471670e-02	-1.263366e-07	3.149285e+00
1.470588e-02	-1.210004e-07	3.137599e+00
1.469508e-02	-1.158825e-07	3.127772e+00
1.468429e-02	-1.109857e-07	3.119659e+00
1.467351e-02	-1.063113e-07	3.113112e+00
1.466276e-02	-1.018596e-07	3.107990e+00
1.465201e-02	-9.763000e-08	3.104162e+00
1.464129e-02	-9.362081e-08	3.101506e+00
1.463058e-02	-8.982980e-08	3.099915e+00
1.461988e-02	-8.625407e-08	3.099301e+00
1.460920e-02	-8.289024e-08	3.099589e+00
1.459854e-02	-7.973455e-08	3.100725e+00
1.458789e-02	-7.678293e-08	3.102669e+00
1.457726e-02	-7.403115e-08	3.105399e+00
1.456664e-02	-7.147481e-08	3.108904e+00
1.455604e-02	-6.910949e-08	3.113186e+00
1.454545e-02	-6.693078e-08	3.118253e+00
1.453488e-02	-6.493437e-08	3.124119e+00
1.452433e-02	-6.311605e-08	3.130795e+00
1.451379e-02	-6.147179e-08	3.138290e+00
1.450326e-02	-5.999779e-08	3.146604e+00
1.449275e-02	-5.869047e-08	3.155725e+00
1.448226e-02	-5.754651e-08	3.165624e+00
1.447178e-02	-5.656286e-08	3.176256e+00
1.446132e-02	-5.573673e-08	3.187552e+00
1.445087e-02	-5.506557e-08	3.199427e+00
1.444043e-02	-5.454707e-08	3.211773e+00
1.443001e-02	-5.417908e-08	3.224465e+00
1.441961e-02	-5.395957e-08	3.237366e+00
1.440922e-02	-5.388658e-08	3.250330e+00
1.439885e-02	-5.395808e-08	3.263208e+00
1.438849e-02	-5.417191e-08	3.275856e+00
1.437815e-02	-5.452563e-08	3.288137e+00
1.436782e-02	-5.501640e-08	3.299928e+00
1.435750e-02	-5.564078e-08	3.311117e+00
1.434720e-02	-5.639463e-08	3.321612e+00
1.433692e-02	-5.727287e-08	3.331329e+00
1.432665e-02	-5.826934e-08	3.340193e+00
1.431639e-02	-5.937659e-08	3.348131e+00
1.430615e-02	-6.058574e-08	3.355067e+00
1.429593e-02	-6.188633e-08	3.360917e+00
1.428571e-02	-6.326618e-08	3.365585e+00
1.427552e-02	-6.471134e-08	3.368961e+00
1.426534e-02	-6.620604e-08	3.370925e+00
1.425517e-02	-6.773279e-08	3.371352e+00
1.424501e-02	-6.927245e-08	3.370112e+00
1.423488e-02	-7.080444e-08	3.367084e+00
1.422475e-02	-7.230704e-08	3.362164e+00
1.421464e-02	-7.375776e-08	3.355264e+00
1.420455e-02	-7.513378e-08	3.346330e+00
1.419446e-02	-7.641245e-08	3.335336e+00
1.418440e-02	-7.757187e-08	3.322290e+00
1.417434e-02	-7.859144e-08	3.307235e+00
1.416431e-02	-7.945245e-08	3.290246e+00
1.415428e-02	-8.013860e-08	3.271429e+00
1.414427e-02	-8.063650e-08	3.250916e+00
1.413428e-02	-8.093605e-08	3.228865e+00
1.412429e-02	-8.103072e-08	3.205450e+00
1.411433e-02	-8.091776e-08	3.180866e+00
1.410437e-02	-8.059819e-08	3.155317e+00
1.409443e-02	-8.007677e-08	3.129019e+00
1.408451e-02	-7.936177e-08	3.102193e+00
1.407460e-02	-7.846474e-08	3.075064e+00
1.406470e-02	-7.740007e-08	3.047857e+00
1.405481e-02	-7.618462e-08	3.020794e+00
1.404494e-02	-7.483722e-08	2.994092e+00
1.403509e-02	-7.337823e-08	2.967959e+00
1.402525e-02	-7.182903e-08	2.942597e+00
1.401542e-02	-7.021159e-08	2.918192e+00
1.400560e-02	-6.854806e-08	2.894921e+00
1.399580e-02	-6.686041e-08	2.872947e+00
1.398601e-02	-6.517006e-08	2.852415e+00
1.397624e-02	-6.349769e-08	2.833460e+00
1.396648e-02	-6.186299e-08	2.816199e+00
1.395673e-02	-6.028448e-08	2.800735e+00
1.394700e-02	-5.877945e-08	2.787157e+00
1.393728e-02	-5.736386e-08	2.775540e+00
1.392758e-02	-5.605233e-08	2.765944e+00
1.391788e-02	-5.485811e-08	2.758415e+00
1.390821e-02	-5.379315e-08	2.752988e+00
1.389854e-02	-5.286811e-08	2.749684e+00
1.388889e-02	-5.209243e-08	2.748512e+00
1.387925e-02	-5.147441e-08	2.749469e+00
1.386963e-02	-5.102124e-08	2.752541e+00
1.386001e-02	-5.073912e-08	2.757702e+00
1.385042e-02	-5.063327e-08	2.764915e+00
1.384083e-02	-5.070800e-08	2.774130e+00
1.383126e-02	-5.096677e-08	2.785288e+00
1.382170e-02	-5.141219e-08	2.798317e+00
1.381215e-02	-5.204605e-08	2.813133e+00
1.380262e-02	-5.286932e-08	2.829642e+00
1.379310e-02	-5.388213e-08	2.847739e+00
1.378360e-02	-5.508378e-08	2.867306e+00
1.377410e-02	-5.647265e-08	2.888219e+00
1.376462e-02	-5.804620e-08	2.910342e+00
1.375516e-02	-5.980090e-08	2.933535e+00
1.374570e-02	-6.173219e-08	2.957656e+00
1.373626e-02	-6.383441e-08	2.982560e+00
1.372684e-02	-6.610071e-08	3.008106e+00
1.371742e-02	-6.852304e-08	3.034160e+00
1.370802e-02	-7.109202e-08	3.060598e+00
1.369863e-02	-7.379690e-08	3.087307e+00
1.368925e-02	-7.662548e-08	3.114192e+00
1.367989e-02	-7.956399e-08	3.141175e+00
1.367054e-02	-8.259705e-08	3.168192e+00
1.366120e-02	-8.570749e-08	3.195197e+00
1.365188e-02	-8.887629e-08	3.222156e+00
1.364256e-02	-9.208246e-08	3.249043e+00
1.363327e-02	-9.530292e-08	3.275832e+00
1.362398e-02	-9.851246e-08	3.302496e+00
1.361470e-02	-1.016836e-07	3.328992e+00
1.360544e-02	-1.047869e-07	3.355257e+00
1.359619e-02	-1.077905e-07	3.381202e+00
1.358696e-02	-1.106611e-07	3.406708e+00
1.357773e-02	-1.133637e-07	3.431619e+00
1.356852e-02	-1.158622e-07	3.455746e+00
1.355932e-02	-1.181204e-07	3.478871e+00
1.355014e-02	-1.201022e-07	3.500751e+00
1.354096e-02	-1.217731e-07	3.521132e+00
1.353180e-02	-1.231006e-07	3.539762e+00
1.352265e-02	-1.240556e-07	3.556400e+00
1.351351e-02	-1.246131e-07	3.570837e+00
1.350439e-02	-1.247532e-07	3.582904e+00
1.349528e-02	-1.244619e-07	3.592487e+00
1.348618e-02	-1.237314e-07	3.599530e+00
1.347709e-02	-1.225605e-07	3.604041e+00
1.346801e-02	-1.209544e-07	3.606092e+00
1.345895e-02	-1.189248e-07	3.605815e+00
1.344990e-02	-1.164891e-07	3.603394e+00
1.344086e-02	-1.136696e-07	3.599060e+00
1.343183e-02	-1.104928e-07	3.593082e+00
1.342282e-02	-1.069882e-07	3.585754e+00
1.341382e-02	-1.031878e-07	3.577396e+00
1.340483e-02	-9.912419e-08	3.568339e+00
1.339585e-02	-9.483045e-08	3.558922e+00
1.338688e-02	-9.033879e-08	3.549489e+00
1.337793e-02	-8.567995e-08	3.540385e+00
1.336898e-02	-8.088260e-08	3.531947e+00
1.336005e-02	-7.597287e-08	3.524511e+00
1.335113e-02	-7.097402e-08	3.518404e+00
1.334223e-02	-6.590624e-08	3.513945e+00
1.333333e-02	-6.078659e-08	3.511442e+00
1.332445e-02	-5.562906e-08	3.511199e+00
1.331558e-02	-5.044466e-08	3.513508e+00
1.330672e-02	-4.524165e-08	3.518656e+00
1.329787e-02	-4.002583e-08	3.526926e+00
1.328904e-02	-3.480086e-08	3.538592e+00
1.328021e-02	-2.956862e-08	3.553926e+00
1.327140e-02	-2.432965e-08	3.573193e+00
1.326260e-02	-1.908359e-08	3.596650e+00
1.325381e-02	-1.382961e-08	3.624540e+00
1.324503e-02	-8.566962e-09	3.657086e+00
1.323627e-02	-3.295407e-09	3.694477e+00
1.322751e-02	1.984256e-09	3.736857e+00
1.321877e-02	7.269712e-09	3.784300e+00
1.321004e-02	1.255667e-08	3.836786e+00
1.320132e-02	1.783844e-08	3.894175e+00
1.319261e-02	2.310558e-08	3.956173e+00
1.318392e-02	2.834560e-08	4.022298e+00
1.317523e-02	3.354285e-08	4.091859e+00
1.316656e-02	3.867844e-08	4.163933e+00
1.315789e-02	4.373046e-08	4.237368e+00
1.314924e-02	4.867427e-08	4.310804e+00
1.314060e-02	5.348306e-08	4.382722e+00
1.313198e-02	5.812862e-08	4.451514e+00
1.312336e-02	6.258221e-08	4.515583e+00
1.311475e-02	6.681563e-08	4.573447e+00
1.310616e-02	7.080235e-08	4.623839e+00
1.309758e-02	7.451861e-08	4.665797e+00
1.308901e-02	7.794450e-08	4.698721e+00
1.308044e-02	8.106477e-08	4.722394e+00
1.307190e-02	8.386951e-08	4.736971e+00
1.306336e-02	8.635448e-08	4.742939e+00
1.305483e-02	8.852114e-08	4.741048e+00
1.304631e-02	9.037641e-08	4.732245e+00
1.303781e-02	9.193213e-08	4.717591e+00
1.302932e-02	9.320432e-08	4.698195e+00
1.302083e-02	9.421228e-08	4.675152e+00
1.301236e-02	9.497766e-08	4.649501e+00
1.300390e-02	9.552352e-08	4.622188e+00
1.299545e-02	9.587346e-08	4.594049e+00
1.298701e-02	9.605084e-08	4.565802e+00
1.297859e-02	9.607820e-08	4.538048e+00
1.297017e-02	9.597680e-08	4.511276e+00
1.296176e-02	9.576631e-08	4.485877e+00
1.295337e-02	9.546463e-08	4.462156e+00
1.294498e-02	9.508784e-08	4.440347e+00
1.293661e-02	9.465020e-08	4.420624e+00
1.292825e-02	9.416415e-08	4.403119e+00
1.291990e-02	9.364042e-08	4.387925e+00
1.291156e-02	9.308805e-08	4.375112e+00
1.290323e-02	9.251435e-08	4.364728e+00
1.289491e-02	9.192491e-08	4.356802e+00
1.288660e-02	9.132346e-08	4.351351e+00
1.287830e-02	9.071174e-08	4.348377e+00
1.287001e-02	9.008931e-08	4.347864e+00
1.286174e-02	8.945336e-08	4.349778e+00
1.285347e-02	8.879844e-08	4.354064e+00
1.284522e-02	8.811632e-08	4.360640e+00
1.283697e-02	8.739585e-08	4.369395e+00
1.282874e-02	8.662284e-08	4.380184e+00
1.282051e-02	8.578018e-08	4.392830e+00
1.281230e-02	8.484800e-08	4.407119e+00
1.280410e-02	8.380405e-08	4.422808e+00
1.279591e-02	8.262425e-08	4.439625e+00
1.278772e-02	8.128342e-08	4.457279e+00
1.277955e-02	7.975620e-08	4.475470e+00
1.277139e-02	7.801809e-08	4.493896e+00
1.276324e-02	7.604663e-08	4.512269e+00
1.275510e-02	7.382256e-08	4.530322e+00
1.274697e-02	7.133099e-08	4.547819e+00
1.273885e-02	6.856241e-08	4.564559e+00
1.273074e-02	6.551358e-08	4.580377e+00
1.272265e-02	6.218809e-08	4.595144e+00
1.271456e-02	5.859669e-08	4.608757e+00
1.270648e-02	5.475721e-08	4.621132e+00
1.269841e-02	5.069429e-08	4.632195e+00
1.269036e-02	4.643867e-08	4.641874e+00
1.268231e-02	4.202625e-08	4.650098e+00
1.267427e-02	3.749703e-08	4.656798e+00
1.266624e-02	3.289378e-08	4.661916e+00
1.265823e-02	2.826078e-08	4.665418e+00
1.265022e-02	2.364247e-08	4.667308e+00
1.264223e-02	1.908228e-08	4.667648e+00
1.263424e-02	1.462160e-08	4.666569e+00
1.262626e-02	1.029893e-08	4.664279e+00
1.261830e-02	6.149302e-09	4.661062e+00
1.261034e-02	2.203926e-09	4.657278e+00
1.260239e-02	-1.509895e-09	4.653341e+00
1.259446e-02	-4.968687e-09	4.649713e+00
1.258653e-02	-8.152553e-09	4.646871e+00
1.257862e-02	-1.104483e-08	4.645297e+00
1.257071e-02	-1.363169e-08	4.645454e+00
1.256281e-02	-1.590182e-08	4.647773e+00
1.255493e-02	-1.784607e-08	4.652643e+00
1.254705e-02	-1.945731e-08	4.660412e+00
1.253918e-02	-2.073034e-08	4.671382e+00
1.253133e-02	-2.166196e-08	4.685819e+00
1.252348e-02	-2.225113e-08	4.703963e+00
1.251564e-02	-2.249931e-08	4.726036e+00
1.250782e-02	-2.241072e-08	4.752251e+00
1.250000e-02	-2.199282e-08	4.782819e+00
1.249219e-02	-2.125659e-08	4.817953e+00
1.248439e-02	-2.021691e-08	4.857865e+00
1.247661e-02	-1.889283e-08	4.902756e+00
1.246883e-02	-1.730767e-08	4.952804e+00
1.246106e-02	-1.548912e-08	5.008142e+00
1.245330e-02	-1.346909e-08	5.068836e+00
1.244555e-02	-1.128353e-08	5.134854e+00
1.243781e-02	-8.972026e-09	5.206038e+00
1.243008e-02	-6.577266e-09	5.282080e+00
1.242236e-02	-4.144383e-09	5.362490e+00
1.241465e-02	-1.720131e-09	5.446589e+00
1.240695e-02	6.480733e-10	5.533496e+00
1.239926e-02	2.913229e-09	5.622139e+00
1.239157e-02	5.029927e-09	5.711283e+00
1.238390e-02	6.955591e-09	5.799564e+00
1.237624e-02	8.651718e-09	5.885548e+00
1.236858e-02	1.008507e-08	5.967803e+00
1.236094e-02	1.122873e-08	6.044964e+00
1.235330e-02	1.206301e-08	6.115811e+00
1.234568e-02	1.257601e-08	6.179327e+00
1.233806e-02	1.276399e-08	6.234747e+00
1.233046e-02	1.263138e-08	6.281580e+00
1.232286e-02	1.219041e-08	6.319614e+00
1.231527e-02	1.146060e-08	6.348901e+00
1.230769e-02	1.046784e-08	6.369725e+00
1.230012e-02	9.243390e-09	6.382554e+00
1.229256e-02	7.822754e-09	6.388004e+00
1.228501e-02	6.244471e-09	6.386783e+00
1.227747e-02	4.548941e-09	6.379657e+00
1.226994e-02	2.777316e-09	6.367413e+00
1.226242e-02	9.704992e-10	6.350834e+00
1.225490e-02	-8.317314e-10	6.330674e+00
1.224740e-02	-2.591447e-09	6.307649e+00
1.223990e-02	-4.273155e-09	6.282418e+00
1.223242e-02	-5.844252e-09	6.255579e+00
1.222494e-02	-7.275369e-09	6.227657e+00
1.221747e-02	-8.540609e-09	6.199099e+00
1.221001e-02	-9.617723e-09	6.170266e+00
1.220256e-02	-1.048820e-08	6.141424e+00
1.219512e-02	-1.113732e-08	6.112744e+00
1.218769e-02	-1.155412e-08	6.084290e+00
1.218027e-02	-1.173130e-08	6.056022e+00
1.217285e-02	-1.166507e-08	6.027795e+00
1.216545e-02	-1.135488e-08	5.999362e+00
1.215805e-02	-1.080309e-08	5.970382e+00
1.215067e-02	-1.001449e-08	5.940435e+00
1.214329e-02	-8.995872e-09	5.909040e+00
1.213592e-02	-7.755372e-09	5.875678e+00
1.212856e-02	-6.301942e-09	5.839822e+00
1.212121e-02	-4.644751e-09	5.800969e+00
1.211387e-02	-2.792667e-09	5.758670e+00
1.210654e-02	-7.538322e-10	5.712568e+00
1.209921e-02	1.464655e-09	5.662424e+00
1.209190e-02	3.856914e-09	5.608137e+00
1.208459e-02	6.418329e-09	5.549765e+00
1.207729e-02	9.145469e-09	5.487526e+00
1.207001e-02	1.203592e-08	5.421793e+00
1.206273e-02	1.508803e-08	5.353081e+00
1.205546e-02	1.830068e-08	5.282022e+00
1.204819e-02	2.167295e-08	5.209341e+00
1.204094e-02	2.520393e-08	5.135819e+00
1.203369e-02	2.889249e-08	5.062268e+00
1.202646e-02	3.273711e-08	4.989498e+00
1.201923e-02	3.673580e-08	4.918290e+00
1.201201e-02	4.088601e-08	4.849380e+00
1.200480e-02	4.518459e-08	4.783439e+00
1.199760e-02	4.962776e-08	4.721067e+00
1.199041e-02	5.421109e-08	4.662781e+00
1.198322e-02	5.892948e-08	4.609023e+00
1.197605e-02	6.377706e-08	4.560154e+00
1.196888e-02	6.874716e-08	4.516458e+00
1.196172e-02	7.383216e-08	4.478154e+00
1.195457e-02	7.902336e-08	4.445393e+00
1.194743e-02	8.431079e-08	4.418269e+00
1.194030e-02	8.968303e-08	4.396821e+00
1.193317e-02	9.512699e-08	4.381040e+00
1.192606e-02	1.006277e-07	4.370870e+00
1.191895e-02	1.061681e-07	4.366210e+00
1.191185e-02	1.117288e-07	4.366919e+00
1.190476e-02	1.172882e-07	4.372814e+00
1.189768e-02	1.228221e-07	4.383673e+00
1.189061e-02	1.283038e-07	4.399237e+00
1.188354e-02	1.337046e-07	4.419211e+00
1.187648e-02	1.389936e-07	4.443272e+00
1.186944e-02	1.441381e-07	4.471072e+00
1.186240e-02	1.491047e-07	4.502248e+00
1.185536e-02	1.538593e-07	4.536433e+00
1.184834e-02	1.583683e-07	4.573272e+00
1.184133e-02	1.625992e-07	4.612434e+00
1.183432e-02	1.665218e-07	4.653628e+00
1.182732e-02	1.701092e-07	4.696619e+00
1.182033e-02	1.733382e-07	4.741244e+00
1.181335e-02	1.761908e-07	4.787418e+00
1.180638e-02	1.786544e-07	4.835139e+00
1.179941e-02	1.807220e-07	4.884492e+00
1.179245e-02	1.823933e-07	4.935636e+00
1.178550e-02	1.836737e-07	4.988792e+00
1.177856e-02	1.845744e-07	5.044223e+00
1.177163e-02	1.851120e-07	5.102209e+00
1.176471e-02	1.853076e-07	5.163014e+00
1.175779e-02	1.851860e-07	5.226860e+00
1.175088e-02	1.847747e-07	5.293890e+00
1.174398e-02	1.841027e-07	5.364140e+00
1.173709e-02	1.832000e-07	5.437508e+00
1.173021e-02	1.820961e-07	5.513730e+00
1.172333e-02	1.808194e-07	5.592365e+00
1.171646e-02	1.793966e-07	5.672774e+00
1.170960e-02	1.778520e-07	5.754127e+00
1.170275e-02	1.762072e-07	5.835398e+00
1.169591e-02	1.744807e-07	5.915384e+00
1.168907e-02	1.726884e-07	5.992730e+00
1.168224e-02	1.708434e-07	6.065962e+00
1.167542e-02	1.689566e-07	6.133536e+00
1.166861e-02	1.670372e-07	6.193892e+00
1.166181e-02	1.650931e-07	6.245516e+00
1.165501e-02	1.631320e-07	6.287014e+00
1.164822e-02	1.611615e-07	6.317176e+00
1.164144e-02	1.591903e-07	6.335046e+00
1.163467e-02	1.572281e-07	6.339980e+00
1.162791e-02	1.552863e-07	6.331690e+00
1.162115e-02	1.533778e-07	6.310269e+00
1.161440e-02	1.515173e-07	6.276189e+00
1.160766e-02	1.497210e-07	6.230286e+00
1.160093e-02	1.480062e-07	6.173711e+00
1.159420e-02	1.463911e-07	6.107867e+00
1.158749e-02	1.448943e-07	6.034335e+00
1.158078e-02	1.435344e-07	5.954794e+00
1.157407e-02	1.423299e-07	5.870939e+00
1.156738e-02	1.412987e-07	5.784414e+00
1.156069e-02	1.404578e-07	5.696755e+00
1.155402e-02	1.398234e-07	5.609347e+00
1.154734e-02	1.394102e-07	5.523397e+00
1.154068e-02	1.392322e-07	5.439927e+00
1.153403e-02	1.393015e-07	5.359771e+00
1.152738e-02	1.396291e-07	5.283592e+00
1.152074e-02	1.402245e-07	5.211897e+00
1.151410e-02	1.410956e-07	5.145058e+00
1.150748e-02	1.422485e-07	5.083341e+00
1.150086e-02	1.436879e-07	5.026922e+00
1.149425e-02	1.454165e-07	4.975913e+00
1.148765e-02	1.474350e-07	4.930373e+00
1.148106e-02	1.497422e-07	4.890327e+00
1.147447e-02	1.523346e-07	4.855773e+00
1.146789e-02	1.552065e-07	4.826690e+00
1.146132e-02	1.583495e-07	4.803036e+00
1.145475e-02	1.617526e-07	4.784756e+00
1.144820e-02	1.654017e-07	4.771775e+00
1.144165e-02	1.692800e-07	4.763993e+00
1.143511e-02	1.733670e-07	4.761287e+00
1.142857e-02	1.776391e-07	4.763501e+00
1.142204e-02	1.820690e-07	4.770441e+00
1.141553e-02	1.866257e-07	4.781872e+00
1.140901e-02	1.912746e-07	4.797514e+00
1.140251e-02	1.959777e-07	4.817034e+00
1.139601e-02	2.006934e-07	4.840052e+00
1.138952e-02	2.053772e-07	4.866133e+00
1.138304e-02	2.099815e-07	4.894792e+00
1.137656e-02	2.144569e-07	4.925495e+00
1.137010e-02	2.187523e-07	4.957666e+00
1.136364e-02	2.228158e-07	4.990691e+00
1.135718e-02	2.265956e-07	5.023927e+00
1.135074e-02	2.300410e-07	5.056708e+00
1.134430e-02	2.331033e-07	5.088355e+00
1.133787e-02	2.357368e-07	5.118188e+00
1.133144e-02	2.379000e-07	5.145530e+00
1.132503e-02	2.395563e-07	5.169724e+00
1.131862e-02	2.406749e-07	5.190139e+00
1.131222e-02	2.412315e-07	5.206184e+00
1.130582e-02	2.412089e-07	5.217322e+00
1.129944e-02	2.405971e-07	5.223086e+00
1.129305e-02	2.393937e-07	5.223092e+00
1.128668e-02	2.376033e-07	5.217059e+00
1.128032e-02	2.352378e-07	5.204819e+00
1.127396e-02	2.323157e-07	5.186335e+00
1.126761e-02	2.288611e-07	5.161702e+00
1.126126e-02	2.249038e-07	5.131153e+00
1.125492e-02	2.204777e-07	5.095052e+00
1.124859e-02	2.156204e-07	5.053878e+00
1.124227e-02	2.103723e-07	5.008213e+00
1.123596e-02	2.047760e-07	4.958709e+00
1.122965e-02	1.988750e-07	4.906071e+00
1.122334e-02	1.927136e-07	4.851026e+00
1.121705e-02	1.863355e-07	4.794298e+00
1.121076e-02	1.797841e-07	4.736588e+00
1.120448e-02	1.731012e-07	4.678554e+00
1.119821e-02	1.663269e-07	4.620798e+00
1.119194e-02	1.594990e-07	4.563861e+00
1.118568e-02	1.526530e-07	4.508214e+00
1.117943e-02	1.458215e-07	4.454256e+00
1.117318e-02	1.390343e-07	4.402322e+00
1.116695e-02	1.323181e-07	4.352683e+00
1.116071e-02	1.256966e-07	4.305549e+00
1.115449e-02	1.191905e-07	4.261082e+00
1.114827e-02	1.128174e-07	4.219398e+00
1.114206e-02	1.065923e-07	4.180575e+00
1.113586e-02	1.005272e-07	4.144661e+00
1.112966e-02	9.463169e-08	4.111680e+00
1.112347e-02	8.891310e-08	4.081635e+00
1.111729e-02	8.337647e-08	4.054518e+00
1.111111e-02	7.802498e-08	4.030308e+00
1.110494e-02	7.286007e-08	4.008982e+00
1.109878e-02	6.788168e-08	3.990513e+00
1.109262e-02	6.308845e-08	3.974873e+00
1.108647e-02	5.847796e-08	3.962038e+00
1.108033e-02	5.404688e-08	3.951985e+00
1.107420e-02	4.979118e-08	3.944696e+00
1.106807e-02	4.570631e-08	3.940157e+00
1.106195e-02	4.178733e-08	3.938356e+00
1.105583e-02	3.802913e-08	3.939286e+00
1.104972e-02	3.442648e-08	3.942940e+00
1.104362e-02	3.097422e-08	3.949310e+00
1.103753e-02	2.766733e-08	3.958385e+00
1.103144e-02	2.450099e-08	3.970148e+00
1.102536e-02	2.147066e-08	3.984573e+00
1.101928e-02	1.857213e-08	4.001624e+00
1.101322e-02	1.580145e-08	4.021250e+00
1.100715e-02	1.315495e-08	4.043383e+00
1.100110e-02	1.062914e-08	4.067939e+00
1.099505e-02	8.220615e-09	4.094819e+00
1.098901e-02	5.925910e-09	4.123909e+00
1.098298e-02	3.741331e-09	4.155085e+00
1.097695e-02	1.662782e-09	4.188218e+00
1.097093e-02	-3.144312e-10	4.223180e+00
1.096491e-02	-2.195778e-09	4.259851e+00
1.095890e-02	-3.987661e-09	4.298127e+00
1.095290e-02	-5.697546e-09	4.337927e+00
1.094691e-02	-7.334032e-09	4.379192e+00
1.094092e-02	-8.906885e-09	4.421896e+00
1.093494e-02	-1.042700e-08	4.466038e+00
1.092896e-02	-1.190631e-08	4.511646e+00
1.092299e-02	-1.335768e-08	4.558767e+00
1.091703e-02	-1.479467e-08	4.607468e+00
1.091107e-02	-1.623140e-08	4.657822e+00
1.090513e-02	-1.768226e-08	4.709908e+00
1.089918e-02	-1.916172e-08	4.763800e+00
1.089325e-02	-2.068408e-08	4.819567e+00
1.088732e-02	-2.226323e-08	4.877263e+00
1.088139e-02	-2.391248e-08	4.936929e+00
1.087548e-02	-2.564434e-08	4.998591e+00
1.086957e-02	-2.747038e-08	5.062261e+00
1.086366e-02	-2.940107e-08	5.127936e+00
1.085776e-02	-3.144572e-08	5.195604e+00
1.085187e-02	-3.361239e-08	5.265244e+00
1.084599e-02	-3.590786e-08	5.336830e+00
1.084011e-02	-3.833767e-08	5.410333e+00
1.083424e-02	-4.090618e-08	5.485722e+00
1.082837e-02	-4.361666e-08	5.562962e+00
1.082251e-02	-4.647151e-08	5.642020e+00
1.081666e-02	-4.947236e-08	5.722853e+00
1.081081e-02	-5.262041e-08	5.805411e+00
1.080497e-02	-5.591660e-08	5.889631e+00
1.079914e-02	-5.936193e-08	5.975428e+00
1.079331e-02	-6.295765e-08	6.062696e+00
1.078749e-02	-6.670555e-08	6.151302e+00
1.078167e-02	-7.060803e-08	6.241086e+00
1.077586e-02	-7.466829e-08	6.331865e+00
1.077006e-02	-7.889027e-08	6.423436e+00
1.076426e-02	-8.327863e-08	6.515592e+00
1.075847e-02	-8.783861e-08	6.608129e+00
1.075269e-02	-9.257580e-08	6.700863e+00
1.074691e-02	-9.749590e-08	6.793643e+00
1.074114e-02	-1.026045e-07	6.886358e+00
1.073537e-02	-1.079066e-07	6.978943e+00
1.072961e-02	-1.134066e-07	7.071375e+00
1.072386e-02	-1.191079e-07	7.163661e+00
1.071811e-02	-1.250125e-07	7.255829e+00
1.071237e-02	-1.311212e-07	7.347898e+00
1.070664e-02	-1.374329e-07	7.439861e+00
1.070091e-02	-1.439445e-07	7.531655e+00
1.069519e-02	-1.506509e-07	7.623148e+00
1.068947e-02	-1.575444e-07	7.714112e+00
1.068376e-02	-1.646145e-07	7.804218e+00
1.067806e-02	-1.718476e-07	7.893029e+00
1.067236e-02	-1.792261e-07	7.980002e+00
1.066667e-02	-1.867284e-07	8.064499e+00
1.066098e-02	-1.943278e-07	8.145800e+00
1.065530e-02	-2.019921e-07	8.223124e+00
1.064963e-02	-2.096830e-07	8.295650e+00
1.064396e-02	-2.173554e-07	8.362542e+00
1.063830e-02	-2.249572e-07	8.422970e+00
1.063264e-02	-2.324290e-07	8.476135e+00
1.062699e-02	-2.397049e-07	8.521288e+00
1.062135e-02	-2.467124e-07	8.557753e+00
1.061571e-02	-2.533742e-07	8.584948e+00
1.061008e-02	-2.596097e-07	8.602410e+00
1.060445e-02	-2.653366e-07	8.609822e+00
1.059883e-02	-2.704737e-07	8.607042e+00
1.059322e-02	-2.749434e-07	8.594132e+00
1.058761e-02	-2.786735e-07	8.571387e+00
1.058201e-02	-2.816005e-07	8.539351e+00
1.057641e-02	-2.836708e-07	8.498832e+00
1.057082e-02	-2.848429e-07	8.450897e+00
1.056524e-02	-2.850883e-07	8.396854e+00
1.055966e-02	-2.843922e-07	8.338225e+00
1.055409e-02	-2.827541e-07	8.276696e+00
1.054852e-02	-2.801873e-07	8.214057e+00
1.054296e-02	-2.767187e-07	8.152133e+00
1.053741e-02	-2.723886e-07	8.092692e+00
1.053186e-02	-2.672497e-07	8.037345e+00
1.052632e-02	-2.613669e-07	7.987437e+00
1.052078e-02	-2.548167e-07	7.943918e+00
1.051525e-02	-2.476861e-07	7.907223e+00
1.050972e-02	-2.400725e-07	7.877150e+00
1.050420e-02	-2.320818e-07	7.852776e+00
1.049869e-02	-2.238264e-07	7.832425e+00
1.049318e-02	-2.154229e-07	7.813714e+00
1.048768e-02	-2.069881e-07	7.793699e+00
1.048218e-02	-1.986345e-07	7.769114e+00
1.047669e-02	-1.904660e-07	7.736685e+00
1.047120e-02	-1.825727e-07	7.693480e+00
1.046572e-02	-1.750274e-07	7.637212e+00
1.046025e-02	-1.678824e-07	7.566474e+00
1.045478e-02	-1.611686e-07	7.480832e+00
1.044932e-02	-1.548960e-07	7.380800e+00
1.044386e-02	-1.490554e-07	7.267699e+00
1.043841e-02	-1.436222e-07	7.143444e+00
1.043297e-02	-1.385595e-07	7.010315e+00
1.042753e-02	-1.338229e-07	6.870734e+00
1.042209e-02	-1.293639e-07	6.727087e+00
1.041667e-02	-1.251335e-07	6.581592e+00
1.041124e-02	-1.210848e-07	6.436221e+00
1.040583e-02	-1.171750e-07	6.292662e+00
1.040042e-02	-1.133664e-07	6.152314e+00
1.039501e-02	-1.096275e-07	6.016304e+00
1.038961e-02	-1.059329e-07	5.885513e+00
1.038422e-02	-1.022627e-07	5.760615e+00
1.037883e-02	-9.860254e-08	5.642111e+00
1.037344e-02	-9.494247e-08	5.530363e+00
1.036807e-02	-9.127620e-08	5.425629e+00
1.036269e-02	-8.760026e-08	5.328092e+00
1.035733e-02	-8.391311e-08	5.237882e+00
1.035197e-02	-8.021439e-08	5.155107e+00
1.034661e-02	-7.650415e-08	5.079865e+00
1.034126e-02	-7.278220e-08	5.012273e+00
1.033592e-02	-6.904760e-08	4.952475e+00
1.033058e-02	-6.529823e-08	4.900666e+00
1.032525e-02	-6.153043e-08	4.857102e+00
1.031992e-02	-5.773884e-08	4.822116e+00
1.031460e-02	-5.391635e-08	4.796126e+00
1.030928e-02	-5.005421e-08	4.779640e+00
1.030397e-02	-4.614238e-08	4.773256e+00
1.029866e-02	-4.217007e-08	4.777650e+00
1.029336e-02	-3.812663e-08	4.793547e+00
1.028807e-02	-3.400275e-08	4.821675e+00
1.028278e-02	-2.979198e-08	4.862685e+00
1.027749e-02	-2.549271e-08	4.917044e+00
1.027221e-02	-2.111028e-08	4.984889e+00
1.026694e-02	-1.665935e-08	5.065846e+00
1.026167e-02	-1.216595e-08	5.158844e+00
1.025641e-02	-7.669062e-09	5.261941e+00
1.025115e-02	-3.220974e-09	5.372224e+00
1.024590e-02	1.113801e-09	5.485836e+00
1.024066e-02	5.261563e-09	5.598182e+00
1.023541e-02	9.144312e-09	5.704328e+00
1.023018e-02	1.268606e-08	5.799570e+00
1.022495e-02	1.581976e-08	5.880050e+00
1.021972e-02	1.849363e-08	5.943326e+00
1.021450e-02	2.067605e-08	5.988740e+00
1.020929e-02	2.235806e-08	6.017539e+00
1.020408e-02	2.355328e-08	6.032733e+00
1.019888e-02	2.429553e-08	6.038741e+00
1.019368e-02	2.463457e-08	6.040914e+00
1.018849e-02	2.463062e-08	6.044986e+00
1.018330e-02	2.434825e-08	6.056488e+00
1.017812e-02	2.385019e-08	6.080125e+00
1.017294e-02	2.319122e-08	6.119122e+00
1.016777e-02	2.241273e-08	6.174564e+00
1.016260e-02	2.153828e-08	6.244864e+00
1.015744e-02	2.057110e-08	6.325554e+00
1.015228e-02	1.949401e-08	6.409620e+00
1.014713e-02	1.827244e-08	6.488498e+00
1.014199e-02	1.686031e-08	6.553589e+00
1.013685e-02	1.520764e-08	6.597890e+00
1.013171e-02	1.326831e-08	6.617233e+00
1.012658e-02	1.100654e-08	6.610798e+00
1.012146e-02	8.400732e-09	6.580845e+00
1.011634e-02	5.444816e-09	6.531910e+00
1.011122e-02	2.147369e-09	6.469798e+00
1.010611e-02	-1.470442e-09	6.400653e+00
1.010101e-02	-5.377297e-09	6.330251e+00
1.009591e-02	-9.533835e-09	6.263543e+00
1.009082e-02	-1.389413e-08	6.204408e+00
1.008573e-02	-1.840643e-08	6.155547e+00
1.008065e-02	-2.301338e-08	6.118463e+00
1.007557e-02	-2.765193e-08	6.093478e+00
1.007049e-02	-3.225339e-08	6.079799e+00
1.006543e-02	-3.674396e-08	6.075607e+00
1.006036e-02	-4.104602e-08	6.078206e+00
1.005530e-02	-4.508036e-08	6.084237e+00
1.005025e-02	-4.876937e-08	6.089965e+00
1.004520e-02	-5.204089e-08	6.091617e+00
1.004016e-02	-5.483228e-08	6.085744e+00
1.003512e-02	-5.709430e-08	6.069549e+00
1.003009e-02	-5.879404e-08	6.041135e+00
1.002506e-02	-5.991668e-08	5.999631e+00
1.002004e-02	-6.046576e-08	5.945188e+00
1.001502e-02	-6.046200e-08	5.878857e+00
1.001001e-02	-5.994088e-08	5.802389e+00
1.000500e-02	-5.894953e-08	5.717993e+00
1.000000e-02	-5.754307e-08	5.628107e+00
