# Finite Temperature Data for J1J2 Model
# Lx=6, Ly=6, J1=1.0000, J2=0.1250, Fz=0.0000, chi_max=270
# Columns: T | Sigmaz | Cv
# 
2.000000e+01	6.049759e-10	4.284730e-02
1.000000e+01	1.817968e-09	1.637114e-01
6.666667e+00	2.811142e-09	3.505221e-01
5.000000e+00	4.826699e-09	5.908596e-01
4.000000e+00	1.027229e-08	8.723968e-01
3.333333e+00	2.010739e-08	1.183266e+00
2.857143e+00	3.508621e-08	1.512395e+00
2.500000e+00	5.786451e-08	1.849806e+00
2.222222e+00	9.330815e-08	2.186855e+00
2.000000e+00	1.463109e-07	2.516449e+00
1.818182e+00	2.174861e-07	2.833166e+00
1.666667e+00	3.053188e-07	3.133255e+00
1.538462e+00	4.108506e-07	3.414285e+00
1.428571e+00	5.316515e-07	3.674739e+00
1.333333e+00	6.559791e-07	3.913944e+00
1.250000e+00	7.725659e-07	4.132079e+00
1.176471e+00	8.766663e-07	4.329949e+00
1.111111e+00	9.678961e-07	4.508748e+00
1.052632e+00	1.048123e-06	4.669892e+00
1.000000e+00	1.119904e-06	4.814933e+00
9.523810e-01	1.185547e-06	4.945522e+00
9.090909e-01	1.246705e-06	5.063389e+00
8.695652e-01	1.304337e-06	5.170308e+00
8.333333e-01	1.358980e-06	5.267979e+00
8.000000e-01	1.411153e-06	5.357900e+00
7.692308e-01	1.461710e-06	5.441338e+00
7.407407e-01	1.512028e-06	5.519428e+00
7.142857e-01	1.563905e-06	5.593225e+00
6.896552e-01	1.619299e-06	5.663686e+00
6.666667e-01	1.680041e-06	5.731627e+00
6.451613e-01	1.747605e-06	5.797733e+00
6.250000e-01	1.822974e-06	5.862584e+00
6.060606e-01	1.906586e-06	5.926688e+00
5.882353e-01	1.998381e-06	5.990500e+00
5.714286e-01	2.097889e-06	6.054433e+00
5.555556e-01	2.204369e-06	6.118863e+00
5.405405e-01	2.316933e-06	6.184127e+00
5.263158e-01	2.434658e-06	6.250526e+00
5.128205e-01	2.556660e-06	6.318322e+00
5.000000e-01	2.682136e-06	6.387738e+00
4.878049e-01	2.810383e-06	6.458957e+00
4.761905e-01	2.940793e-06	6.532123e+00
4.651163e-01	3.072837e-06	6.607344e+00
4.545455e-01	3.206048e-06	6.684699e+00
4.444444e-01	3.339989e-06	6.764242e+00
4.347826e-01	3.474229e-06	6.846009e+00
4.255319e-01	3.608319e-06	6.930023e+00
4.166667e-01	3.741780e-06	7.016294e+00
4.081633e-01	3.874095e-06	7.104827e+00
4.000000e-01	4.004720e-06	7.195615e+00
3.921569e-01	4.133093e-06	7.288645e+00
3.846154e-01	4.258655e-06	7.383897e+00
3.773585e-01	4.380869e-06	7.481343e+00
3.703704e-01	4.499242e-06	7.580956e+00
3.636364e-01	4.613335e-06	7.682703e+00
3.571429e-01	4.722781e-06	7.786552e+00
3.508772e-01	4.827287e-06	7.892470e+00
3.448276e-01	4.926645e-06	8.000427e+00
3.389831e-01	5.020728e-06	8.110393e+00
3.333333e-01	5.109495e-06	8.222343e+00
3.278689e-01	5.192988e-06	8.336254e+00
3.225806e-01	5.271334e-06	8.452107e+00
3.174603e-01	5.344746e-06	8.569892e+00
3.125000e-01	5.413519e-06	8.689609e+00
3.076923e-01	5.478039e-06	8.811270e+00
3.030303e-01	5.538775e-06	8.934904e+00
2.985075e-01	5.596275e-06	9.060546e+00
2.941176e-01	5.651147e-06	9.188224e+00
2.898551e-01	5.704030e-06	9.317923e+00
2.857143e-01	5.755559e-06	9.449548e+00
2.816901e-01	5.806346e-06	9.582895e+00
2.777778e-01	5.856987e-06	9.717657e+00
2.739726e-01	5.908080e-06	9.853460e+00
2.702703e-01	5.960256e-06	9.989930e+00
2.666667e-01	6.014171e-06	1.012677e+01
2.631579e-01	6.070465e-06	1.026380e+01
2.597403e-01	6.129682e-06	1.040096e+01
2.564103e-01	6.192185e-06	1.053826e+01
2.531646e-01	6.258113e-06	1.067578e+01
2.500000e-01	6.327400e-06	1.081362e+01
2.469136e-01	6.399841e-06	1.095188e+01
2.439024e-01	6.475156e-06	1.109066e+01
2.409639e-01	6.553028e-06	1.123002e+01
2.380952e-01	6.633105e-06	1.137001e+01
2.352941e-01	6.714982e-06	1.151068e+01
2.325581e-01	6.798184e-06	1.165203e+01
2.298851e-01	6.882154e-06	1.179406e+01
2.272727e-01	6.966255e-06	1.193674e+01
2.247191e-01	7.049776e-06	1.208004e+01
2.222222e-01	7.131951e-06	1.222390e+01
2.197802e-01	7.211974e-06	1.236827e+01
2.173913e-01	7.289021e-06	1.251308e+01
2.150538e-01	7.362264e-06	1.265824e+01
2.127660e-01	7.430890e-06	1.280365e+01
2.105263e-01	7.494117e-06	1.294921e+01
2.083333e-01	7.551202e-06	1.309479e+01
2.061856e-01	7.601456e-06	1.324023e+01
2.040816e-01	7.644251e-06	1.338540e+01
2.020202e-01	7.679024e-06	1.353015e+01
2.000000e-01	7.705285e-06	1.367435e+01
1.980198e-01	7.722619e-06	1.381788e+01
1.960784e-01	7.730688e-06	1.396068e+01
1.941748e-01	7.729228e-06	1.410267e+01
1.923077e-01	7.718052e-06	1.424385e+01
1.904762e-01	7.697040e-06	1.438418e+01
1.886792e-01	7.666127e-06	1.452366e+01
1.869159e-01	7.625295e-06	1.466225e+01
1.851852e-01	7.574559e-06	1.479988e+01
1.834862e-01	7.513960e-06	1.493644e+01
1.818182e-01	7.443557e-06	1.507177e+01
1.801802e-01	7.363435e-06	1.520569e+01
1.785714e-01	7.273706e-06	1.533799e+01
1.769912e-01	7.174535e-06	1.546846e+01
1.754386e-01	7.066156e-06	1.559691e+01
1.739130e-01	6.948895e-06	1.572317e+01
1.724138e-01	6.823187e-06	1.584702e+01
1.709402e-01	6.689580e-06	1.596823e+01
1.694915e-01	6.548726e-06	1.608647e+01
1.680672e-01	6.401357e-06	1.620128e+01
1.666667e-01	6.248254e-06	1.631212e+01
1.652893e-01	6.090212e-06	1.641840e+01
1.639344e-01	5.928002e-06	1.651957e+01
1.626016e-01	5.762353e-06	1.661517e+01
1.612903e-01	5.593934e-06	1.670484e+01
1.600000e-01	5.423357e-06	1.678832e+01
1.587302e-01	5.251179e-06	1.686539e+01
1.574803e-01	5.077913e-06	1.693588e+01
1.562500e-01	4.904041e-06	1.699965e+01
1.550388e-01	4.730021e-06	1.705653e+01
1.538462e-01	4.556294e-06	1.710637e+01
1.526718e-01	4.383293e-06	1.714900e+01
1.515152e-01	4.211439e-06	1.718423e+01
1.503759e-01	4.041146e-06	1.721188e+01
1.492537e-01	3.872810e-06	1.723176e+01
1.481481e-01	3.706809e-06	1.724371e+01
1.470588e-01	3.543494e-06	1.724758e+01
1.459854e-01	3.383180e-06	1.724326e+01
1.449275e-01	3.226148e-06	1.723068e+01
1.438849e-01	3.072631e-06	1.720979e+01
1.428571e-01	2.922819e-06	1.718060e+01
1.418440e-01	2.776854e-06	1.714316e+01
1.408451e-01	2.634836e-06	1.709754e+01
1.398601e-01	2.496823e-06	1.704384e+01
1.388889e-01	2.362838e-06	1.698218e+01
1.379310e-01	2.232871e-06	1.691270e+01
1.369863e-01	2.106888e-06	1.683556e+01
1.360544e-01	1.984837e-06	1.675092e+01
1.351351e-01	1.866647e-06	1.665898e+01
1.342282e-01	1.752239e-06	1.655994e+01
1.333333e-01	1.641530e-06	1.645408e+01
1.324503e-01	1.534437e-06	1.634165e+01
1.315789e-01	1.430881e-06	1.622298e+01
1.307190e-01	1.330794e-06	1.609839e+01
1.298701e-01	1.234120e-06	1.596826e+01
1.290323e-01	1.140817e-06	1.583294e+01
1.282051e-01	1.050852e-06	1.569282e+01
1.273885e-01	9.642027e-07	1.554828e+01
1.265823e-01	8.808551e-07	1.539972e+01
1.257862e-01	8.007975e-07	1.524753e+01
1.250000e-01	7.240197e-07	1.509214e+01
1.242236e-01	6.505106e-07	1.493395e+01
1.234568e-01	5.802568e-07	1.477341e+01
1.226994e-01	5.132413e-07	1.461096e+01
1.219512e-01	4.494430e-07	1.444706e+01
1.212121e-01	3.888365e-07	1.428215e+01
1.204819e-01	3.313924e-07	1.411667e+01
1.197605e-01	2.770771e-07	1.395101e+01
1.190476e-01	2.258543e-07	1.378551e+01
1.183432e-01	1.776844e-07	1.362044e+01
1.176471e-01	1.325252e-07	1.345595e+01
1.169591e-01	9.033120e-08	1.329208e+01
1.162791e-01	5.105318e-08	1.312870e+01
1.156069e-01	1.463725e-08	1.296556e+01
1.149425e-01	-1.897575e-08	1.280225e+01
1.142857e-01	-4.985080e-08	1.263828e+01
1.136364e-01	-7.805879e-08	1.247305e+01
1.129944e-01	-1.036764e-07	1.230598e+01
1.123596e-01	-1.267855e-07	1.213649e+01
1.117318e-01	-1.474732e-07	1.196415e+01
1.111111e-01	-1.658306e-07	1.178866e+01
1.104972e-01	-1.819529e-07	1.160989e+01
1.098901e-01	-1.959395e-07	1.142792e+01
1.092896e-01	-2.078935e-07	1.124302e+01
1.086957e-01	-2.179221e-07	1.105561e+01
1.081081e-01	-2.261377e-07	1.086626e+01
1.075269e-01	-2.326577e-07	1.067560e+01
1.069519e-01	-2.376053e-07	1.048430e+01
1.063830e-01	-2.411102e-07	1.029302e+01
1.058201e-01	-2.433081e-07	1.010238e+01
1.052632e-01	-2.443409e-07	9.912897e+00
1.047120e-01	-2.443558e-07	9.725014e+00
1.041667e-01	-2.435042e-07	9.539081e+00
1.036269e-01	-2.419400e-07	9.355377e+00
1.030928e-01	-2.398178e-07	9.174120e+00
1.025641e-01	-2.372906e-07	8.995498e+00
1.020408e-01	-2.345068e-07	8.819682e+00
1.015228e-01	-2.316075e-07	8.646834e+00
1.010101e-01	-2.287242e-07	8.477112e+00
1.005025e-01	-2.259761e-07	8.310664e+00
1.000000e-01	-2.234685e-07	8.147623e+00
9.950249e-02	-2.212911e-07	7.988101e+00
9.900990e-02	-2.195177e-07	7.832182e+00
9.852217e-02	-2.182055e-07	7.679924e+00
9.803922e-02	-2.173959e-07	7.531356e+00
9.756098e-02	-2.171144e-07	7.386478e+00
9.708738e-02	-2.173722e-07	7.245267e+00
9.661836e-02	-2.181673e-07	7.107670e+00
9.615385e-02	-2.194860e-07	6.973616e+00
9.569378e-02	-2.213046e-07	6.843008e+00
9.523810e-02	-2.235910e-07	6.715728e+00
9.478673e-02	-2.263070e-07	6.591638e+00
9.433962e-02	-2.294098e-07	6.470586e+00
9.389671e-02	-2.328535e-07	6.352404e+00
9.345794e-02	-2.365913e-07	6.236916e+00
9.302326e-02	-2.405759e-07	6.123942e+00
9.259259e-02	-2.447607e-07	6.013303e+00
9.216590e-02	-2.491005e-07	5.904827e+00
9.174312e-02	-2.535517e-07	5.798359e+00
9.132420e-02	-2.580720e-07	5.693767e+00
9.090909e-02	-2.626205e-07	5.590946e+00
9.049774e-02	-2.671574e-07	5.489823e+00
9.009009e-02	-2.716429e-07	5.390350e+00
8.968610e-02	-2.760370e-07	5.292504e+00
8.928571e-02	-2.802988e-07	5.196272e+00
8.888889e-02	-2.843859e-07	5.101654e+00
8.849558e-02	-2.882544e-07	5.008660e+00
8.810573e-02	-2.918600e-07	4.917312e+00
8.771930e-02	-2.951595e-07	4.827646e+00
8.733624e-02	-2.981134e-07	4.739702e+00
8.695652e-02	-3.006889e-07	4.653515e+00
8.658009e-02	-3.028640e-07	4.569082e+00
8.620690e-02	-3.046296e-07	4.486341e+00
8.583691e-02	-3.059911e-07	4.405158e+00
8.547009e-02	-3.069680e-07	4.325341e+00
8.510638e-02	-3.075920e-07	4.246694e+00
8.474576e-02	-3.079036e-07	4.169067e+00
8.438819e-02	-3.079492e-07	4.092385e+00
8.403361e-02	-3.077780e-07	4.016644e+00
8.368201e-02	-3.074403e-07	3.941881e+00
8.333333e-02	-3.069856e-07	3.868151e+00
8.298755e-02	-3.064614e-07	3.795505e+00
8.264463e-02	-3.059121e-07	3.723983e+00
8.230453e-02	-3.053778e-07	3.653615e+00
8.196721e-02	-3.048936e-07	3.584420e+00
8.163265e-02	-3.044885e-07	3.516413e+00
8.130081e-02	-3.041852e-07	3.449609e+00
8.097166e-02	-3.039994e-07	3.384021e+00
8.064516e-02	-3.039395e-07	3.319671e+00
8.032129e-02	-3.040063e-07	3.256582e+00
8.000000e-02	-3.041930e-07	3.194776e+00
7.968127e-02	-3.044847e-07	3.134263e+00
7.936508e-02	-3.048595e-07	3.075032e+00
7.905138e-02	-3.052894e-07	3.017049e+00
7.874016e-02	-3.057419e-07	2.960261e+00
7.843137e-02	-3.061819e-07	2.904616e+00
7.812500e-02	-3.065740e-07	2.850068e+00
7.782101e-02	-3.068837e-07	2.796592e+00
7.751938e-02	-3.070785e-07	2.744180e+00
7.722008e-02	-3.071279e-07	2.692828e+00
7.692308e-02	-3.070043e-07	2.642535e+00
7.662835e-02	-3.066821e-07	2.593293e+00
7.633588e-02	-3.061380e-07	2.545089e+00
7.604563e-02	-3.053507e-07	2.497900e+00
7.575758e-02	-3.043009e-07	2.451703e+00
7.547170e-02	-3.029712e-07	2.406472e+00
7.518797e-02	-3.013457e-07	2.362180e+00
7.490637e-02	-2.994104e-07	2.318802e+00
7.462687e-02	-2.971532e-07	2.276310e+00
7.434944e-02	-2.945638e-07	2.234672e+00
7.407407e-02	-2.916345e-07	2.193854e+00
7.380074e-02	-2.883601e-07	2.153814e+00
7.352941e-02	-2.847388e-07	2.114511e+00
7.326007e-02	-2.807720e-07	2.075901e+00
7.299270e-02	-2.764649e-07	2.037946e+00
7.272727e-02	-2.718263e-07	2.000615e+00
7.246377e-02	-2.668691e-07	1.963890e+00
7.220217e-02	-2.616097e-07	1.927767e+00
7.194245e-02	-2.560684e-07	1.892255e+00
7.168459e-02	-2.502683e-07	1.857379e+00
7.142857e-02	-2.442357e-07	1.823171e+00
7.117438e-02	-2.379990e-07	1.789669e+00
7.092199e-02	-2.315886e-07	1.756910e+00
7.067138e-02	-2.250360e-07	1.724927e+00
7.042254e-02	-2.183734e-07	1.693746e+00
7.017544e-02	-2.116328e-07	1.663381e+00
6.993007e-02	-2.048457e-07	1.633838e+00
6.968641e-02	-1.980427e-07	1.605111e+00
6.944444e-02	-1.912528e-07	1.577185e+00
6.920415e-02	-1.845036e-07	1.550039e+00
6.896552e-02	-1.778206e-07	1.523646e+00
6.872852e-02	-1.712274e-07	1.497978e+00
6.849315e-02	-1.647456e-07	1.473004e+00
6.825939e-02	-1.583947e-07	1.448694e+00
6.802721e-02	-1.521920e-07	1.425017e+00
6.779661e-02	-1.461524e-07	1.401944e+00
6.756757e-02	-1.402887e-07	1.379446e+00
6.734007e-02	-1.346112e-07	1.357496e+00
6.711409e-02	-1.291277e-07	1.336066e+00
6.688963e-02	-1.238438e-07	1.315131e+00
6.666667e-02	-1.187624e-07	1.294665e+00
6.644518e-02	-1.138846e-07	1.274644e+00
6.622517e-02	-1.092091e-07	1.255047e+00
6.600660e-02	-1.047329e-07	1.235853e+00
6.578947e-02	-1.004514e-07	1.217043e+00
6.557377e-02	-9.635853e-08	1.198601e+00
6.535948e-02	-9.244744e-08	1.180514e+00
6.514658e-02	-8.871040e-08	1.162767e+00
6.493506e-02	-8.513929e-08	1.145347e+00
6.472492e-02	-8.172577e-08	1.128239e+00
6.451613e-02	-7.846155e-08	1.111427e+00
6.430868e-02	-7.533855e-08	1.094893e+00
6.410256e-02	-7.234906e-08	1.078617e+00
6.389776e-02	-6.948589e-08	1.062584e+00
6.369427e-02	-6.674243e-08	1.046776e+00
6.349206e-02	-6.411278e-08	1.031183e+00
6.329114e-02	-6.159173e-08	1.015796e+00
6.309148e-02	-5.917481e-08	1.000613e+00
6.289308e-02	-5.685822e-08	9.856326e-01
6.269592e-02	-5.463879e-08	9.708557e-01
6.250000e-02	-5.251387e-08	9.562850e-01
6.230530e-02	-5.048126e-08	9.419235e-01
6.211180e-02	-4.853910e-08	9.277745e-01
6.191950e-02	-4.668576e-08	9.138407e-01
6.172840e-02	-4.491985e-08	9.001248e-01
6.153846e-02	-4.324014e-08	8.866293e-01
6.134969e-02	-4.164557e-08	8.733566e-01
6.116208e-02	-4.013524e-08	8.603093e-01
6.097561e-02	-3.870840e-08	8.474897e-01
6.079027e-02	-3.736447e-08	8.349004e-01
6.060606e-02	-3.610298e-08	8.225447e-01
6.042296e-02	-3.492357e-08	8.104277e-01
6.024096e-02	-3.382584e-08	7.985574e-01
6.006006e-02	-3.280931e-08	7.869446e-01
5.988024e-02	-3.187319e-08	7.756025e-01
5.970149e-02	-3.101625e-08	7.645449e-01
5.952381e-02	-3.023653e-08	7.537850e-01
5.934718e-02	-2.953115e-08	7.433346e-01
5.917160e-02	-2.889612e-08	7.332039e-01
5.899705e-02	-2.832612e-08	7.234025e-01
5.882353e-02	-2.781451e-08	7.139400e-01
5.865103e-02	-2.735328e-08	7.048273e-01
5.847953e-02	-2.693321e-08	6.960765e-01
5.830904e-02	-2.654410e-08	6.877002e-01
5.813953e-02	-2.617507e-08	6.797101e-01
5.797101e-02	-2.581498e-08	6.721156e-01
5.780347e-02	-2.545283e-08	6.649209e-01
5.763689e-02	-2.507828e-08	6.581233e-01
5.747126e-02	-2.468202e-08	6.517108e-01
5.730659e-02	-2.425619e-08	6.456617e-01
5.714286e-02	-2.379465e-08	6.399437e-01
5.698006e-02	-2.329310e-08	6.345156e-01
5.681818e-02	-2.274920e-08	6.293298e-01
5.665722e-02	-2.216241e-08	6.243361e-01
5.649718e-02	-2.153388e-08	6.194862e-01
5.633803e-02	-2.086620e-08	6.147388e-01
5.617978e-02	-2.016308e-08	6.100638e-01
5.602241e-02	-1.942917e-08	6.054440e-01
5.586592e-02	-1.866974e-08	6.008763e-01
5.571031e-02	-1.789055e-08	5.963683e-01
5.555556e-02	-1.709772e-08	5.919338e-01
5.540166e-02	-1.629770e-08	5.875870e-01
5.524862e-02	-1.549718e-08	5.833367e-01
5.509642e-02	-1.470306e-08	5.791828e-01
5.494505e-02	-1.392215e-08	5.751160e-01
5.479452e-02	-1.316084e-08	5.711192e-01
5.464481e-02	-1.242462e-08	5.671707e-01
5.449591e-02	-1.171746e-08	5.632459e-01
5.434783e-02	-1.104140e-08	5.593177e-01
5.420054e-02	-1.039618e-08	5.553569e-01
5.405405e-02	-9.779293e-09	5.513339e-01
5.390836e-02	-9.186289e-09	5.472221e-01
5.376344e-02	-8.611359e-09	5.430021e-01
5.361930e-02	-8.048061e-09	5.386650e-01
5.347594e-02	-7.490005e-09	5.342142e-01
5.333333e-02	-6.931382e-09	5.296659e-01
5.319149e-02	-6.367306e-09	5.250485e-01
5.305040e-02	-5.794003e-09	5.204017e-01
5.291005e-02	-5.208937e-09	5.157735e-01
5.277045e-02	-4.610907e-09	5.112147e-01
5.263158e-02	-4.000142e-09	5.067721e-01
5.249344e-02	-3.378326e-09	5.024816e-01
5.235602e-02	-2.748521e-09	4.983654e-01
5.221932e-02	-2.114953e-09	4.944335e-01
5.208333e-02	-1.482693e-09	4.906890e-01
5.194805e-02	-8.573155e-10	4.871339e-01
5.181347e-02	-2.446040e-10	4.837720e-01
5.167959e-02	3.496755e-10	4.806102e-01
5.154639e-02	9.199493e-10	4.776574e-01
5.141388e-02	1.461000e-09	4.749243e-01
5.128205e-02	1.968144e-09	4.724213e-01
5.115090e-02	2.437418e-09	4.701573e-01
5.102041e-02	2.865756e-09	4.681369e-01
5.089059e-02	3.251134e-09	4.663586e-01
5.076142e-02	3.592658e-09	4.648141e-01
5.063291e-02	3.890597e-09	4.634887e-01
5.050505e-02	4.146345e-09	4.623643e-01
5.037783e-02	4.362333e-09	4.614230e-01
5.025126e-02	4.541885e-09	4.606501e-01
5.012531e-02	4.689025e-09	4.600357e-01
5.000000e-02	4.808239e-09	4.595730e-01
4.987531e-02	4.904195e-09	4.592548e-01
4.975124e-02	4.981424e-09	4.590685e-01
4.962779e-02	5.043981e-09	4.589901e-01
4.950495e-02	5.095108e-09	4.589806e-01
4.938272e-02	5.136937e-09	4.589835e-01
4.926108e-02	5.170266e-09	4.589262e-01
4.914005e-02	5.194467e-09	4.587269e-01
4.901961e-02	5.207543e-09	4.583052e-01
4.889976e-02	5.206342e-09	4.575935e-01
4.878049e-02	5.186873e-09	4.565467e-01
4.866180e-02	5.144678e-09	4.551464e-01
4.854369e-02	5.075191e-09	4.534018e-01
4.842615e-02	4.974050e-09	4.513468e-01
4.830918e-02	4.837356e-09	4.490354e-01
4.819277e-02	4.661879e-09	4.465345e-01
4.807692e-02	4.445228e-09	4.439167e-01
4.796163e-02	4.186001e-09	4.412539e-01
4.784689e-02	3.883911e-09	4.386116e-01
4.773270e-02	3.539902e-09	4.360462e-01
4.761905e-02	3.156221e-09	4.336034e-01
4.750594e-02	2.736458e-09	4.313174e-01
4.739336e-02	2.285526e-09	4.292119e-01
4.728132e-02	1.809580e-09	4.273013e-01
4.716981e-02	1.315866e-09	4.255930e-01
4.705882e-02	8.124878e-10	4.240885e-01
4.694836e-02	3.080978e-10	4.227858e-01
4.683841e-02	-1.884573e-10	4.216789e-01
4.672897e-02	-6.685294e-10	4.207569e-01
4.662005e-02	-1.124046e-09	4.200002e-01
4.651163e-02	-1.547847e-09	4.193782e-01
4.640371e-02	-1.933952e-09	4.188479e-01
4.629630e-02	-2.277724e-09	4.183559e-01
4.618938e-02	-2.575928e-09	4.178435e-01
4.608295e-02	-2.826680e-09	4.172548e-01
4.597701e-02	-3.029330e-09	4.165441e-01
4.587156e-02	-3.184295e-09	4.156826e-01
4.576659e-02	-3.292899e-09	4.146627e-01
4.566210e-02	-3.357205e-09	4.134991e-01
4.555809e-02	-3.379891e-09	4.122251e-01
4.545455e-02	-3.364119e-09	4.108875e-01
4.535147e-02	-3.313426e-09	4.095409e-01
4.524887e-02	-3.231617e-09	4.082465e-01
4.514673e-02	-3.122655e-09	4.070698e-01
4.504505e-02	-2.990555e-09	4.060760e-01
4.494382e-02	-2.839291e-09	4.053211e-01
4.484305e-02	-2.672708e-09	4.048442e-01
4.474273e-02	-2.494413e-09	4.046635e-01
4.464286e-02	-2.307653e-09	4.047775e-01
4.454343e-02	-2.115154e-09	4.051695e-01
4.444444e-02	-1.918957e-09	4.058146e-01
4.434590e-02	-1.720264e-09	4.066854e-01
4.424779e-02	-1.519321e-09	4.077562e-01
4.415011e-02	-1.315369e-09	4.090036e-01
4.405286e-02	-1.106673e-09	4.104053e-01
4.395604e-02	-8.906292e-10	4.119365e-01
4.385965e-02	-6.639570e-10	4.135676e-01
4.376368e-02	-4.229428e-10	4.152630e-01
4.366812e-02	-1.637222e-10	4.169824e-01
4.357298e-02	1.174076e-10	4.186834e-01
4.347826e-02	4.236898e-10	4.203258e-01
4.338395e-02	7.576225e-10	4.218750e-01
4.329004e-02	1.120713e-09	4.233046e-01
4.319654e-02	1.513269e-09	4.245973e-01
4.310345e-02	1.934244e-09	4.257445e-01
4.301075e-02	2.381131e-09	4.267446e-01
4.291845e-02	2.849915e-09	4.276008e-01
4.282655e-02	3.335092e-09	4.283181e-01
4.273504e-02	3.829760e-09	4.289020e-01
4.264392e-02	4.325808e-09	4.293563e-01
4.255319e-02	4.814206e-09	4.296831e-01
4.246285e-02	5.285404e-09	4.298840e-01
4.237288e-02	5.729837e-09	4.299622e-01
4.228330e-02	6.138506e-09	4.299260e-01
4.219409e-02	6.503572e-09	4.297923e-01
4.210526e-02	6.818915e-09	4.295897e-01
4.201681e-02	7.080550e-09	4.293603e-01
4.192872e-02	7.286861e-09	4.291594e-01
4.184100e-02	7.438599e-09	4.290531e-01
4.175365e-02	7.538663e-09	4.291147e-01
4.166667e-02	7.591699e-09	4.294192e-01
4.158004e-02	7.603571e-09	4.300373e-01
4.149378e-02	7.580784e-09	4.310299e-01
4.140787e-02	7.529903e-09	4.324431e-01
4.132231e-02	7.457026e-09	4.343041e-01
4.123711e-02	7.367351e-09	4.366204e-01
4.115226e-02	7.264884e-09	4.393805e-01
4.106776e-02	7.152303e-09	4.425592e-01
4.098361e-02	7.030985e-09	4.461242e-01
4.089980e-02	6.901136e-09	4.500427e-01
4.081633e-02	6.761961e-09	4.542865e-01
4.073320e-02	6.611829e-09	4.588350e-01
4.065041e-02	6.448425e-09	4.636780e-01
4.056795e-02	6.268910e-09	4.688166e-01
4.048583e-02	6.070160e-09	4.742637e-01
4.040404e-02	5.849172e-09	4.800375e-01
4.032258e-02	5.603773e-09	4.861483e-01
4.024145e-02	5.333737e-09	4.925707e-01
4.016064e-02	5.042274e-09	4.992089e-01
4.008016e-02	4.737295e-09	5.058816e-01
4.000000e-02	4.431409e-09	5.123621e-01
3.992016e-02	4.139926e-09	5.184576e-01
3.984064e-02	3.877645e-09	5.240453e-01
3.976143e-02	3.656114e-09	5.290273e-01
3.968254e-02	3.482246e-09	5.332512e-01
3.960396e-02	3.357880e-09	5.364746e-01
3.952569e-02	3.279874e-09	5.384127e-01
3.944773e-02	3.241172e-09	5.388505e-01
3.937008e-02	3.233207e-09	5.377271e-01
3.929273e-02	3.248598e-09	5.351203e-01
3.921569e-02	3.282304e-09	5.311613e-01
3.913894e-02	3.330341e-09	5.259622e-01
3.906250e-02	3.386662e-09	5.195828e-01
3.898635e-02	3.440334e-09	5.120403e-01
3.891051e-02	3.476251e-09	5.033880e-01
3.883495e-02	3.480354e-09	4.938132e-01
3.875969e-02	3.445328e-09	4.836204e-01
3.868472e-02	3.372475e-09	4.731216e-01
3.861004e-02	3.269966e-09	4.625586e-01
3.853565e-02	3.149831e-09	4.520934e-01
3.846154e-02	3.025203e-09	4.418333e-01
3.838772e-02	2.908131e-09	4.318611e-01
3.831418e-02	2.808077e-09	4.222527e-01
3.824092e-02	2.731163e-09	4.130818e-01
3.816794e-02	2.680153e-09	4.044163e-01
3.809524e-02	2.654974e-09	3.963142e-01
3.802281e-02	2.653507e-09	3.888195e-01
3.795066e-02	2.672421e-09	3.819595e-01
3.787879e-02	2.707920e-09	3.757426e-01
3.780718e-02	2.756339e-09	3.701584e-01
3.773585e-02	2.814571e-09	3.651796e-01
3.766478e-02	2.880303e-09	3.607693e-01
3.759398e-02	2.952030e-09	3.568912e-01
3.752345e-02	3.028880e-09	3.535207e-01
3.745318e-02	3.110309e-09	3.506536e-01
3.738318e-02	3.195808e-09	3.483078e-01
3.731343e-02	3.284694e-09	3.465193e-01
3.724395e-02	3.376048e-09	3.453337e-01
3.717472e-02	3.468778e-09	3.447973e-01
3.710575e-02	3.561754e-09	3.449498e-01
3.703704e-02	3.654017e-09	3.458200e-01
3.696858e-02	3.745002e-09	3.474230e-01
3.690037e-02	3.834768e-09	3.497607e-01
3.683241e-02	3.924158e-09	3.528244e-01
3.676471e-02	4.014815e-09	3.565979e-01
3.669725e-02	4.109055e-09	3.610540e-01
3.663004e-02	4.209665e-09	3.661361e-01
3.656307e-02	4.319748e-09	3.717225e-01
3.649635e-02	4.442687e-09	3.775913e-01
3.642987e-02	4.582062e-09	3.834150e-01
3.636364e-02	4.741240e-09	3.887988e-01
3.629764e-02	4.922213e-09	3.933595e-01
3.623188e-02	5.123956e-09	3.968311e-01
3.616637e-02	5.341453e-09	3.991384e-01
3.610108e-02	5.566049e-09	4.003774e-01
3.603604e-02	5.786626e-09	4.007363e-01
3.597122e-02	5.991066e-09	4.004313e-01
3.590664e-02	6.167992e-09	3.996695e-01
3.584229e-02	6.308885e-09	3.986197e-01
3.577818e-02	6.410208e-09	3.973972e-01
3.571429e-02	6.474665e-09	3.960706e-01
3.565062e-02	6.510913e-09	3.946814e-01
3.558719e-02	6.531869e-09	3.932566e-01
3.552398e-02	6.552446e-09	3.918054e-01
3.546099e-02	6.587646e-09	3.903035e-01
3.539823e-02	6.651257e-09	3.886879e-01
3.533569e-02	6.754695e-09	3.868865e-01
3.527337e-02	6.905445e-09	3.848698e-01
3.521127e-02	7.105541e-09	3.826717e-01
3.514938e-02	7.351187e-09	3.803705e-01
3.508772e-02	7.634008e-09	3.780655e-01
3.502627e-02	7.943207e-09	3.758610e-01
3.496503e-02	8.267451e-09	3.738495e-01
3.490401e-02	8.595757e-09	3.720881e-01
3.484321e-02	8.917355e-09	3.705758e-01
3.478261e-02	9.221135e-09	3.692493e-01
3.472222e-02	9.495519e-09	3.680082e-01
3.466205e-02	9.729351e-09	3.667578e-01
3.460208e-02	9.913542e-09	3.654364e-01
3.454231e-02	1.004256e-08	3.640123e-01
3.448276e-02	1.011507e-08	3.624667e-01
3.442341e-02	1.013354e-08	3.607869e-01
3.436426e-02	1.010331e-08	3.589718e-01
3.430532e-02	1.003139e-08	3.570426e-01
3.424658e-02	9.925432e-09	3.550467e-01
3.418803e-02	9.792982e-09	3.530474e-01
3.412969e-02	9.640980e-09	3.511005e-01
3.407155e-02	9.475485e-09	3.492237e-01
3.401361e-02	9.301556e-09	3.473707e-01
3.395586e-02	9.123250e-09	3.454225e-01
3.389831e-02	8.943696e-09	3.432037e-01
3.384095e-02	8.765229e-09	3.405255e-01
3.378378e-02	8.589544e-09	3.372403e-01
3.372681e-02	8.417858e-09	3.332898e-01
3.367003e-02	8.251046e-09	3.287238e-01
3.361345e-02	8.089752e-09	3.236852e-01
3.355705e-02	7.934450e-09	3.183711e-01
3.350084e-02	7.785489e-09	3.129882e-01
3.344482e-02	7.643117e-09	3.077182e-01
3.338898e-02	7.507494e-09	3.026986e-01
3.333333e-02	7.378718e-09	2.980187e-01
3.327787e-02	7.256854e-09	2.937248e-01
3.322259e-02	7.141968e-09	2.898290e-01
3.316750e-02	7.034169e-09	2.863195e-01
3.311258e-02	6.933645e-09	2.831694e-01
3.305785e-02	6.840680e-09	2.803433e-01
3.300330e-02	6.755654e-09	2.778025e-01
3.294893e-02	6.679019e-09	2.755088e-01
3.289474e-02	6.611239e-09	2.734269e-01
3.284072e-02	6.552727e-09	2.715261e-01
3.278689e-02	6.503769e-09	2.697814e-01
3.273322e-02	6.464462e-09	2.681730e-01
3.267974e-02	6.434689e-09	2.666865e-01
3.262643e-02	6.414115e-09	2.653115e-01
3.257329e-02	6.402216e-09	2.640405e-01
3.252033e-02	6.398330e-09	2.628681e-01
3.246753e-02	6.401716e-09	2.617897e-01
3.241491e-02	6.411607e-09	2.608013e-01
3.236246e-02	6.427256e-09	2.598988e-01
3.231018e-02	6.447973e-09	2.590780e-01
3.225806e-02	6.473136e-09	2.583345e-01
3.220612e-02	6.502199e-09	2.576638e-01
3.215434e-02	6.534690e-09	2.570615e-01
3.210273e-02	6.570196e-09	2.565230e-01
3.205128e-02	6.608348e-09	2.560443e-01
3.200000e-02	6.648807e-09	2.556216e-01
3.194888e-02	6.691244e-09	2.552514e-01
3.189793e-02	6.735327e-09	2.549308e-01
3.184713e-02	6.780707e-09	2.546572e-01
3.179650e-02	6.827004e-09	2.544280e-01
3.174603e-02	6.873799e-09	2.542410e-01
3.169572e-02	6.920622e-09	2.540939e-01
3.164557e-02	6.966948e-09	2.539844e-01
3.159558e-02	7.012193e-09	2.539102e-01
3.154574e-02	7.055712e-09	2.538690e-01
3.149606e-02	7.096801e-09	2.538588e-01
3.144654e-02	7.134710e-09	2.538780e-01
3.139717e-02	7.168661e-09	2.539256e-01
3.134796e-02	7.197867e-09	2.540014e-01
3.129890e-02	7.221564e-09	2.541061e-01
3.125000e-02	7.239040e-09	2.542406e-01
3.120125e-02	7.249660e-09	2.544059e-01
3.115265e-02	7.252886e-09	2.546020e-01
3.110420e-02	7.248293e-09	2.548280e-01
3.105590e-02	7.235568e-09	2.550810e-01
3.100775e-02	7.214514e-09	2.553573e-01
3.095975e-02	7.185049e-09	2.556529e-01
3.091190e-02	7.147213e-09	2.559649e-01
3.086420e-02	7.101180e-09	2.562927e-01
3.081664e-02	7.047271e-09	2.566395e-01
3.076923e-02	6.985973e-09	2.570120e-01
3.072197e-02	6.917932e-09	2.574198e-01
3.067485e-02	6.843944e-09	2.578748e-01
3.062787e-02	6.764922e-09	2.583895e-01
3.058104e-02	6.681858e-09	2.589764e-01
3.053435e-02	6.595782e-09	2.596478e-01
3.048780e-02	6.507724e-09	2.604152e-01
3.044140e-02	6.418680e-09	2.612903e-01
3.039514e-02	6.329590e-09	2.622849e-01
3.034901e-02	6.241327e-09	2.634111e-01
3.030303e-02	6.154693e-09	2.646816e-01
3.025719e-02	6.070443e-09	2.661086e-01
3.021148e-02	5.989312e-09	2.677026e-01
3.016591e-02	5.912072e-09	2.694716e-01
3.012048e-02	5.839583e-09	2.714199e-01
3.007519e-02	5.772841e-09	2.735479e-01
3.003003e-02	5.712986e-09	2.758542e-01
2.998501e-02	5.661279e-09	2.783366e-01
2.994012e-02	5.619049e-09	2.809938e-01
2.989537e-02	5.587643e-09	2.838243e-01
2.985075e-02	5.568400e-09	2.868249e-01
2.980626e-02	5.562659e-09	2.899873e-01
2.976190e-02	5.571794e-09	2.932971e-01
2.971768e-02	5.597247e-09	2.967327e-01
2.967359e-02	5.640543e-09	3.002673e-01
2.962963e-02	5.703262e-09	3.038708e-01
2.958580e-02	5.786966e-09	3.075132e-01
2.954210e-02	5.893088e-09	3.111677e-01
2.949853e-02	6.022782e-09	3.148131e-01
2.945508e-02	6.176773e-09	3.184358e-01
2.941176e-02	6.355212e-09	3.220301e-01
2.936858e-02	6.557564e-09	3.255979e-01
2.932551e-02	6.782547e-09	3.291475e-01
2.928258e-02	7.028138e-09	3.326916e-01
2.923977e-02	7.291638e-09	3.362463e-01
2.919708e-02	7.569803e-09	3.398285e-01
2.915452e-02	7.859024e-09	3.434553e-01
2.911208e-02	8.155548e-09	3.471425e-01
2.906977e-02	8.455709e-09	3.509035e-01
2.902758e-02	8.756153e-09	3.547481e-01
2.898551e-02	9.054048e-09	3.586814e-01
2.894356e-02	9.347228e-09	3.627025e-01
2.890173e-02	9.634294e-09	3.668035e-01
2.886003e-02	9.914625e-09	3.709699e-01
2.881844e-02	1.018832e-08	3.751810e-01
2.877698e-02	1.045604e-08	3.794131e-01
2.873563e-02	1.071886e-08	3.836417e-01
2.869440e-02	1.097798e-08	3.878443e-01
2.865330e-02	1.123449e-08	3.920022e-01
2.861230e-02	1.148911e-08	3.961017e-01
2.857143e-02	1.174196e-08	4.001339e-01
2.853067e-02	1.199237e-08	4.040935e-01
2.849003e-02	1.223886e-08	4.079754e-01
2.844950e-02	1.247920e-08	4.117683e-01
2.840909e-02	1.271059e-08	4.154476e-01
2.836879e-02	1.292992e-08	4.189693e-01
2.832861e-02	1.313410e-08	4.222667e-01
2.828854e-02	1.332043e-08	4.252547e-01
2.824859e-02	1.348700e-08	4.278397e-01
2.820874e-02	1.363307e-08	4.299316e-01
2.816901e-02	1.375939e-08	4.314528e-01
2.812940e-02	1.386824e-08	4.323408e-01
2.808989e-02	1.396318e-08	4.325461e-01
2.805049e-02	1.404859e-08	4.320338e-01
2.801120e-02	1.412909e-08	4.307953e-01
2.797203e-02	1.420915e-08	4.288668e-01
2.793296e-02	1.429288e-08	4.263412e-01
2.789400e-02	1.438390e-08	4.233581e-01
2.785515e-02	1.448526e-08	4.200755e-01
2.781641e-02	1.459927e-08	4.166405e-01
2.777778e-02	1.472752e-08	4.131732e-01
2.773925e-02	1.487080e-08	4.097661e-01
2.770083e-02	1.502921e-08	4.064925e-01
2.766252e-02	1.520220e-08	4.034127e-01
2.762431e-02	1.538865e-08	4.005761e-01
2.758621e-02	1.558699e-08	3.980171e-01
2.754821e-02	1.579533e-08	3.957505e-01
2.751032e-02	1.601149e-08	3.937679e-01
2.747253e-02	1.623309e-08	3.920369e-01
2.743484e-02	1.645762e-08	3.905030e-01
2.739726e-02	1.668251e-08	3.890953e-01
2.735978e-02	1.690521e-08	3.877337e-01
2.732240e-02	1.712331e-08	3.863379e-01
2.728513e-02	1.733471e-08	3.848367e-01
2.724796e-02	1.753768e-08	3.831771e-01
2.721088e-02	1.773097e-08	3.813294e-01
2.717391e-02	1.791373e-08	3.792894e-01
2.713704e-02	1.808544e-08	3.770751e-01
2.710027e-02	1.824576e-08	3.747197e-01
2.706360e-02	1.839442e-08	3.722629e-01
2.702703e-02	1.853111e-08	3.697434e-01
2.699055e-02	1.865544e-08	3.671930e-01
2.695418e-02	1.876696e-08	3.646352e-01
2.691790e-02	1.886511e-08	3.620856e-01
2.688172e-02	1.894931e-08	3.595556e-01
2.684564e-02	1.901892e-08	3.570548e-01
2.680965e-02	1.907334e-08	3.545939e-01
2.677376e-02	1.911199e-08	3.521843e-01
2.673797e-02	1.913439e-08	3.498368e-01
2.670227e-02	1.914016e-08	3.475592e-01
2.666667e-02	1.912910e-08	3.453540e-01
2.663116e-02	1.910120e-08	3.432173e-01
2.659574e-02	1.905664e-08	3.411393e-01
2.656042e-02	1.899580e-08	3.391057e-01
2.652520e-02	1.891927e-08	3.371008e-01
2.649007e-02	1.882779e-08	3.351107e-01
2.645503e-02	1.872223e-08	3.331262e-01
2.642008e-02	1.860356e-08	3.311450e-01
2.638522e-02	1.847280e-08	3.291730e-01
2.635046e-02	1.833098e-08	3.272237e-01
2.631579e-02	1.817915e-08	3.253171e-01
2.628121e-02	1.801829e-08	3.234776e-01
2.624672e-02	1.784937e-08	3.217317e-01
2.621232e-02	1.767330e-08	3.201057e-01
2.617801e-02	1.749093e-08	3.186242e-01
2.614379e-02	1.730308e-08	3.173090e-01
2.610966e-02	1.711054e-08	3.161780e-01
2.607562e-02	1.691405e-08	3.152460e-01
2.604167e-02	1.671436e-08	3.145241e-01
2.600780e-02	1.651218e-08	3.140203e-01
2.597403e-02	1.630824e-08	3.137407e-01
2.594034e-02	1.610325e-08	3.136890e-01
2.590674e-02	1.589791e-08	3.138679e-01
2.587322e-02	1.569295e-08	3.142787e-01
2.583979e-02	1.548907e-08	3.149221e-01
2.580645e-02	1.528697e-08	3.157979e-01
2.577320e-02	1.508734e-08	3.169051e-01
2.574003e-02	1.489084e-08	3.182419e-01
2.570694e-02	1.469809e-08	3.198048e-01
2.567394e-02	1.450966e-08	3.215889e-01
2.564103e-02	1.432605e-08	3.235869e-01
2.560819e-02	1.414766e-08	3.257884e-01
2.557545e-02	1.397478e-08	3.281794e-01
2.554278e-02	1.380756e-08	3.307417e-01
2.551020e-02	1.364598e-08	3.334521e-01
2.547771e-02	1.348986e-08	3.362824e-01
2.544529e-02	1.333879e-08	3.391986e-01
2.541296e-02	1.319218e-08	3.421622e-01
2.538071e-02	1.304922e-08	3.451302e-01
2.534854e-02	1.290890e-08	3.480565e-01
2.531646e-02	1.277007e-08	3.508936e-01
2.528445e-02	1.263141e-08	3.535947e-01
2.525253e-02	1.249158e-08	3.561156e-01
2.522068e-02	1.234918e-08	3.584173e-01
2.518892e-02	1.220292e-08	3.604676e-01
2.515723e-02	1.205160e-08	3.622437e-01
2.512563e-02	1.189427e-08	3.637328e-01
2.509410e-02	1.173020e-08	3.649334e-01
2.506266e-02	1.155903e-08	3.658551e-01
2.503129e-02	1.138072e-08	3.665177e-01
2.500000e-02	1.119561e-08	3.669500e-01
2.496879e-02	1.100439e-08	3.671870e-01
2.493766e-02	1.080810e-08	3.672673e-01
2.490660e-02	1.060808e-08	3.672296e-01
2.487562e-02	1.040588e-08	3.671096e-01
2.484472e-02	1.020327e-08	3.669374e-01
2.481390e-02	1.000209e-08	3.667348e-01
2.478315e-02	9.804244e-09	3.665142e-01
2.475248e-02	9.611596e-09	3.662783e-01
2.472188e-02	9.425920e-09	3.660210e-01
2.469136e-02	9.248844e-09	3.657288e-01
2.466091e-02	9.081793e-09	3.653837e-01
2.463054e-02	8.925946e-09	3.649658e-01
2.460025e-02	8.782205e-09	3.644568e-01
2.457002e-02	8.651167e-09	3.638427e-01
2.453988e-02	8.533113e-09	3.631164e-01
2.450980e-02	8.428007e-09	3.622788e-01
2.447980e-02	8.335515e-09	3.613396e-01
2.444988e-02	8.255027e-09	3.603170e-01
2.442002e-02	8.185696e-09	3.592365e-01
2.439024e-02	8.126486e-09	3.581292e-01
2.436054e-02	8.076223e-09	3.570299e-01
2.433090e-02	8.033645e-09	3.559755e-01
2.430134e-02	7.997456e-09	3.550028e-01
2.427184e-02	7.966367e-09	3.541480e-01
2.424242e-02	7.939138e-09	3.534452e-01
2.421308e-02	7.914604e-09	3.529260e-01
2.418380e-02	7.891701e-09	3.526197e-01
2.415459e-02	7.869472e-09	3.525530e-01
2.412545e-02	7.847081e-09	3.527506e-01
2.409639e-02	7.823805e-09	3.532352e-01
2.406739e-02	7.799032e-09	3.540283e-01
2.403846e-02	7.772247e-09	3.551504e-01
2.400960e-02	7.743027e-09	3.566209e-01
2.398082e-02	7.711017e-09	3.584588e-01
2.395210e-02	7.675925e-09	3.606823e-01
2.392344e-02	7.637500e-09	3.633084e-01
2.389486e-02	7.595520e-09	3.663526e-01
2.386635e-02	7.549779e-09	3.698277e-01
2.383790e-02	7.500075e-09	3.737429e-01
2.380952e-02	7.446199e-09	3.781015e-01
2.378121e-02	7.387928e-09	3.828993e-01
2.375297e-02	7.325020e-09	3.881223e-01
2.372479e-02	7.257211e-09	3.937445e-01
2.369668e-02	7.184221e-09	3.997262e-01
2.366864e-02	7.105759e-09	4.060134e-01
2.364066e-02	7.021535e-09	4.125372e-01
2.361275e-02	6.931278e-09	4.192151e-01
2.358491e-02	6.834755e-09	4.259542e-01
2.355713e-02	6.731799e-09	4.326536e-01
2.352941e-02	6.622335e-09	4.392099e-01
2.350176e-02	6.506400e-09	4.455212e-01
2.347418e-02	6.384171e-09	4.514917e-01
2.344666e-02	6.255976e-09	4.570359e-01
2.341920e-02	6.122310e-09	4.620806e-01
2.339181e-02	5.983828e-09	4.665672e-01
2.336449e-02	5.841348e-09	4.704517e-01
2.333722e-02	5.695837e-09	4.737041e-01
2.331002e-02	5.548388e-09	4.763071e-01
2.328289e-02	5.400201e-09	4.782549e-01
2.325581e-02	5.252548e-09	4.795509e-01
2.322880e-02	5.106733e-09	4.802071e-01
2.320186e-02	4.964052e-09	4.802433e-01
2.317497e-02	4.825739e-09	4.796879e-01
2.314815e-02	4.692922e-09	4.785785e-01
2.312139e-02	4.566573e-09	4.769633e-01
2.309469e-02	4.447473e-09	4.749009e-01
2.306805e-02	4.336185e-09	4.724595e-01
2.304147e-02	4.233040e-09	4.697141e-01
2.301496e-02	4.138144e-09	4.667431e-01
2.298851e-02	4.051394e-09	4.636239e-01
2.296211e-02	3.972502e-09	4.604294e-01
2.293578e-02	3.901035e-09	4.572247e-01
2.290951e-02	3.836451e-09	4.540651e-01
2.288330e-02	3.778140e-09	4.509948e-01
2.285714e-02	3.725459e-09	4.480470e-01
2.283105e-02	3.677765e-09	4.452444e-01
2.280502e-02	3.634442e-09	4.426002e-01
2.277904e-02	3.594924e-09	4.401197e-01
2.275313e-02	3.558710e-09	4.378015e-01
2.272727e-02	3.525375e-09	4.356391e-01
2.270148e-02	3.494578e-09	4.336223e-01
2.267574e-02	3.466062e-09	4.317383e-01
2.265006e-02	3.439655e-09	4.299726e-01
2.262443e-02	3.415268e-09	4.283102e-01
2.259887e-02	3.392891e-09	4.267357e-01
2.257336e-02	3.372584e-09	4.252343e-01
2.254791e-02	3.354474e-09	4.237921e-01
2.252252e-02	3.338746e-09	4.223962e-01
2.249719e-02	3.325633e-09	4.210350e-01
2.247191e-02	3.315410e-09	4.196987e-01
2.244669e-02	3.308383e-09	4.183791e-01
2.242152e-02	3.304880e-09	4.170701e-01
2.239642e-02	3.305246e-09	4.157680e-01
2.237136e-02	3.309833e-09	4.144710e-01
2.234637e-02	3.318992e-09	4.131797e-01
2.232143e-02	3.333075e-09	4.118971e-01
2.229654e-02	3.352424e-09	4.106281e-01
2.227171e-02	3.377372e-09	4.093797e-01
2.224694e-02	3.408237e-09	4.081601e-01
2.222222e-02	3.445323e-09	4.069788e-01
2.219756e-02	3.488915e-09	4.058455e-01
2.217295e-02	3.539275e-09	4.047695e-01
2.214839e-02	3.596645e-09	4.037586e-01
2.212389e-02	3.661239e-09	4.028184e-01
2.209945e-02	3.733246e-09	4.019509e-01
2.207506e-02	3.812822e-09	4.011543e-01
2.205072e-02	3.900095e-09	4.004221e-01
2.202643e-02	3.995162e-09	3.997440e-01
2.200220e-02	4.098087e-09	3.991068e-01
2.197802e-02	4.208900e-09	3.984959e-01
2.195390e-02	4.327605e-09	3.978976e-01
2.192982e-02	4.454170e-09	3.973018e-01
2.190581e-02	4.588536e-09	3.967033e-01
2.188184e-02	4.730614e-09	3.961036e-01
2.185792e-02	4.880287e-09	3.955107e-01
2.183406e-02	5.037412e-09	3.949385e-01
2.181025e-02	5.201816e-09	3.944052e-01
2.178649e-02	5.373303e-09	3.939310e-01
2.176279e-02	5.551647e-09	3.935364e-01
2.173913e-02	5.736601e-09	3.932403e-01
2.171553e-02	5.927891e-09	3.930583e-01
2.169197e-02	6.125222e-09	3.930023e-01
2.166847e-02	6.328278e-09	3.930798e-01
2.164502e-02	6.536732e-09	3.932939e-01
2.162162e-02	6.750239e-09	3.936435e-01
2.159827e-02	6.968454e-09	3.941237e-01
2.157497e-02	7.191027e-09	3.947258e-01
2.155172e-02	7.417614e-09	3.954382e-01
2.152853e-02	7.647883e-09	3.962464e-01
2.150538e-02	7.881514e-09	3.971342e-01
2.148228e-02	8.118211e-09	3.980844e-01
2.145923e-02	8.357698e-09	3.990808e-01
2.143623e-02	8.599728e-09	4.001097e-01
2.141328e-02	8.844082e-09	4.011623e-01
2.139037e-02	9.090575e-09	4.022367e-01
2.136752e-02	9.339050e-09	4.033401e-01
2.134472e-02	9.589389e-09	4.044899e-01
2.132196e-02	9.841507e-09	4.057142e-01
2.129925e-02	1.009536e-08	4.070517e-01
2.127660e-02	1.035093e-08	4.085505e-01
2.125399e-02	1.060826e-08	4.102661e-01
2.123142e-02	1.086744e-08	4.122592e-01
2.120891e-02	1.112858e-08	4.145923e-01
2.118644e-02	1.139186e-08	4.173257e-01
2.116402e-02	1.165752e-08	4.205124e-01
2.114165e-02	1.192582e-08	4.241919e-01
2.111932e-02	1.219709e-08	4.283819e-01
2.109705e-02	1.247165e-08	4.330705e-01
2.107482e-02	1.274986e-08	4.382082e-01
2.105263e-02	1.303204e-08	4.437032e-01
2.103049e-02	1.331845e-08	4.494232e-01
2.100840e-02	1.360928e-08	4.552060e-01
2.098636e-02	1.390455e-08	4.608801e-01
2.096436e-02	1.420413e-08	4.662926e-01
2.094241e-02	1.450767e-08	4.713381e-01
2.092050e-02	1.481459e-08	4.759800e-01
2.089864e-02	1.512403e-08	4.802551e-01
2.087683e-02	1.543482e-08	4.842599e-01
2.085506e-02	1.574545e-08	4.881200e-01
2.083333e-02	1.605402e-08	4.919510e-01
2.081165e-02	1.635813e-08	4.958199e-01
2.079002e-02	1.665487e-08	4.997159e-01
2.076843e-02	1.694076e-08	5.035375e-01
2.074689e-02	1.721183e-08	5.070986e-01
2.072539e-02	1.746376e-08	5.101539e-01
2.070393e-02	1.769210e-08	5.124393e-01
2.068252e-02	1.789260e-08	5.137201e-01
2.066116e-02	1.806158e-08	5.138357e-01
2.063983e-02	1.819626e-08	5.127321e-01
2.061856e-02	1.829504e-08	5.104732e-01
2.059732e-02	1.835759e-08	5.072314e-01
2.057613e-02	1.838486e-08	5.032616e-01
2.055498e-02	1.837893e-08	4.988653e-01
2.053388e-02	1.834277e-08	4.943557e-01
2.051282e-02	1.827995e-08	4.900261e-01
2.049180e-02	1.819434e-08	4.861262e-01
2.047083e-02	1.808987e-08	4.828439e-01
2.044990e-02	1.797027e-08	4.802881e-01
2.042901e-02	1.783888e-08	4.784731e-01
2.040816e-02	1.769846e-08	4.773033e-01
2.038736e-02	1.755110e-08	4.765665e-01
2.036660e-02	1.739814e-08	4.759488e-01
2.034588e-02	1.724017e-08	4.750810e-01
2.032520e-02	1.707717e-08	4.736146e-01
2.030457e-02	1.690869e-08	4.713058e-01
2.028398e-02	1.673413e-08	4.680703e-01
2.026342e-02	1.655290e-08	4.639890e-01
2.024291e-02	1.636459e-08	4.592646e-01
2.022245e-02	1.616897e-08	4.541576e-01
2.020202e-02	1.596595e-08	4.489291e-01
2.018163e-02	1.575554e-08	4.438054e-01
2.016129e-02	1.553775e-08	4.389652e-01
2.014099e-02	1.531254e-08	4.345417e-01
2.012072e-02	1.507983e-08	4.306331e-01
2.010050e-02	1.483949e-08	4.273134e-01
2.008032e-02	1.459138e-08	4.246431e-01
2.006018e-02	1.433539e-08	4.226773e-01
2.004008e-02	1.407145e-08	4.214723e-01
2.002002e-02	1.379959e-08	4.210905e-01
2.000000e-02	1.351997e-08	4.216047e-01
1.998002e-02	1.323287e-08	4.231006e-01
1.996008e-02	1.293872e-08	4.256784e-01
1.994018e-02	1.263812e-08	4.294529e-01
1.992032e-02	1.233179e-08	4.345480e-01
1.990050e-02	1.202059e-08	4.410849e-01
1.988072e-02	1.170546e-08	4.491581e-01
1.986097e-02	1.138736e-08	4.587951e-01
1.984127e-02	1.106720e-08	4.699023e-01
1.982161e-02	1.074572e-08	4.822070e-01
1.980198e-02	1.042337e-08	4.952275e-01
1.978239e-02	1.010026e-08	5.083114e-01
1.976285e-02	9.776170e-09	5.207600e-01
1.974334e-02	9.450674e-09	5.319994e-01
1.972387e-02	9.123297e-09	5.417068e-01
1.970443e-02	8.793743e-09	5.498226e-01
1.968504e-02	8.462057e-09	5.564594e-01
1.966568e-02	8.128740e-09	5.617813e-01
1.964637e-02	7.794802e-09	5.659203e-01
1.962709e-02	7.461779e-09	5.689516e-01
1.960784e-02	7.131701e-09	5.709143e-01
1.958864e-02	6.807025e-09	5.718497e-01
1.956947e-02	6.490523e-09	5.718350e-01
1.955034e-02	6.185139e-09	5.710027e-01
1.953125e-02	5.893804e-09	5.695411e-01
1.951220e-02	5.619258e-09	5.676827e-01
1.949318e-02	5.363890e-09	5.656840e-01
1.947420e-02	5.129610e-09	5.638055e-01
1.945525e-02	4.917783e-09	5.622925e-01
1.943635e-02	4.729226e-09	5.613566e-01
1.941748e-02	4.564255e-09	5.611479e-01
1.939864e-02	4.422805e-09	5.617067e-01
1.937984e-02	4.304589e-09	5.628895e-01
1.936108e-02	4.209287e-09	5.642985e-01
1.934236e-02	4.136695e-09	5.652926e-01
1.932367e-02	4.086758e-09	5.651594e-01
1.930502e-02	4.059432e-09	5.634053e-01
1.928640e-02	4.054436e-09	5.599731e-01
1.926782e-02	4.071005e-09	5.552212e-01
1.924928e-02	4.107781e-09	5.497061e-01
1.923077e-02	4.162857e-09	5.439437e-01
1.921230e-02	4.233928e-09	5.382727e-01
1.919386e-02	4.318471e-09	5.328313e-01
1.917546e-02	4.413909e-09	5.276017e-01
1.915709e-02	4.517735e-09	5.224756e-01
1.913876e-02	4.627573e-09	5.173160e-01
1.912046e-02	4.741227e-09	5.120010e-01
1.910220e-02	4.856686e-09	5.064487e-01
1.908397e-02	4.972124e-09	5.006234e-01
1.906578e-02	5.085884e-09	4.945307e-01
1.904762e-02	5.196469e-09	4.882073e-01
1.902950e-02	5.302525e-09	4.817128e-01
1.901141e-02	5.402831e-09	4.751236e-01
1.899335e-02	5.496294e-09	4.685294e-01
1.897533e-02	5.581943e-09	4.620290e-01
1.895735e-02	5.658925e-09	4.557254e-01
1.893939e-02	5.726503e-09	4.497185e-01
1.892148e-02	5.784051e-09	4.440995e-01
1.890359e-02	5.831051e-09	4.389459e-01
1.888574e-02	5.867084e-09	4.343191e-01
1.886792e-02	5.891823e-09	4.302648e-01
1.885014e-02	5.905019e-09	4.268146e-01
1.883239e-02	5.906498e-09	4.239883e-01
1.881468e-02	5.896153e-09	4.217947e-01
1.879699e-02	5.873975e-09	4.202273e-01
1.877934e-02	5.840104e-09	4.192551e-01
1.876173e-02	5.794937e-09	4.188108e-01
1.874414e-02	5.739222e-09	4.187912e-01
1.872659e-02	5.674061e-09	4.190815e-01
1.870907e-02	5.600776e-09	4.195950e-01
1.869159e-02	5.520674e-09	4.202924e-01
1.867414e-02	5.434881e-09	4.211648e-01
1.865672e-02	5.344277e-09	4.222035e-01
1.863933e-02	5.249548e-09	4.233796e-01
1.862197e-02	5.151258e-09	4.246415e-01
1.860465e-02	5.049909e-09	4.259224e-01
1.858736e-02	4.945980e-09	4.271503e-01
1.857010e-02	4.839925e-09	4.282560e-01
1.855288e-02	4.732172e-09	4.291792e-01
1.853568e-02	4.623105e-09	4.298721e-01
1.851852e-02	4.513059e-09	4.303028e-01
1.850139e-02	4.402310e-09	4.304585e-01
1.848429e-02	4.291076e-09	4.303465e-01
1.846722e-02	4.179512e-09	4.299923e-01
1.845018e-02	4.067711e-09	4.294330e-01
1.843318e-02	3.955720e-09	4.287100e-01
1.841621e-02	3.843553e-09	4.278618e-01
1.839926e-02	3.731216e-09	4.269205e-01
1.838235e-02	3.618719e-09	4.259127e-01
1.836547e-02	3.506088e-09	4.248634e-01
1.834862e-02	3.393358e-09	4.238004e-01
1.833181e-02	3.280569e-09	4.227541e-01
1.831502e-02	3.167764e-09	4.217545e-01
1.829826e-02	3.054981e-09	4.208268e-01
1.828154e-02	2.942265e-09	4.199893e-01
1.826484e-02	2.829668e-09	4.192526e-01
1.824818e-02	2.712635e-09	5.829783e-01
1.823154e-02	2.598555e-09	6.898859e-01
1.821494e-02	2.483794e-09	6.231193e-01
1.819836e-02	2.368919e-09	5.734675e-01
1.818182e-02	2.254380e-09	5.363501e-01
1.816530e-02	2.140540e-09	5.084614e-01
1.814882e-02	2.036339e-09	8.034255e-01
1.813237e-02	1.929425e-09	7.096325e-01
1.811594e-02	1.824748e-09	6.403039e-01
1.809955e-02	1.721918e-09	5.884067e-01
1.808318e-02	1.620760e-09	5.493591e-01
1.806685e-02	1.521246e-09	5.198342e-01
1.805054e-02	1.423449e-09	4.974054e-01
1.803427e-02	1.327509e-09	4.802940e-01
1.801802e-02	1.233615e-09	4.671907e-01
1.800180e-02	1.141987e-09	4.571281e-01
1.798561e-02	1.052871e-09	4.493894e-01
1.796945e-02	9.665259e-10	4.434406e-01
1.795332e-02	8.832233e-10	4.388801e-01
1.793722e-02	8.032404e-10	4.353988e-01
1.792115e-02	7.268463e-10	4.327503e-01
1.790510e-02	6.542725e-10	4.307350e-01
1.788909e-02	5.856525e-10	4.291958e-01
1.787310e-02	5.209445e-10	4.280161e-01
1.785714e-02	4.598582e-10	4.271101e-01
1.784121e-02	4.018188e-10	4.264098e-01
1.782531e-02	3.459857e-10	4.258571e-01
1.780944e-02	2.913366e-10	4.254041e-01
1.779359e-02	2.367952e-10	4.250173e-01
1.777778e-02	1.813774e-10	4.246824e-01
1.776199e-02	1.243046e-10	4.244045e-01
1.774623e-02	6.507374e-11	4.242043e-01
1.773050e-02	3.499435e-12	4.241104e-01
1.771479e-02	-6.020142e-11	4.241470e-01
1.769912e-02	-1.252207e-10	4.243152e-01
1.768347e-02	-1.899767e-10	4.245749e-01
1.766784e-02	-2.523317e-10	4.248504e-01
1.765225e-02	-3.103051e-10	4.250760e-01
1.763668e-02	-3.625780e-10	4.252400e-01
1.762115e-02	-4.083994e-10	4.253677e-01
1.760563e-02	-4.473854e-10	4.254822e-01
1.759015e-02	-4.794722e-10	4.255969e-01
1.757469e-02	-5.048945e-10	4.257275e-01
1.755926e-02	-5.241060e-10	4.258999e-01
1.754386e-02	-5.376688e-10	4.261494e-01
1.752848e-02	-5.461443e-10	4.265161e-01
1.751313e-02	-5.500236e-10	4.270410e-01
1.749781e-02	-5.497181e-10	4.277606e-01
1.748252e-02	-5.456907e-10	4.286941e-01
1.746725e-02	-5.387335e-10	4.298124e-01
1.745201e-02	-5.300094e-10	4.310298e-01
1.743679e-02	-5.205093e-10	4.322714e-01
1.742160e-02	-5.106132e-10	4.335365e-01
1.740644e-02	-5.002911e-10	4.348620e-01
1.739130e-02	-4.894464e-10	4.362678e-01
1.737619e-02	-4.780684e-10	4.377517e-01
1.736111e-02	-4.662514e-10	4.393084e-01
1.734605e-02	-4.541807e-10	4.409403e-01
1.733102e-02	-4.421026e-10	4.426563e-01
1.731602e-02	-4.302953e-10	4.444657e-01
1.730104e-02	-4.190352e-10	4.463762e-01
1.728608e-02	-4.085620e-10	4.483959e-01
1.727116e-02	-3.990483e-10	4.505375e-01
1.725626e-02	-3.905738e-10	4.528200e-01
1.724138e-02	-3.830972e-10	4.552654e-01
1.722653e-02	-3.764165e-10	4.578889e-01
1.721170e-02	-3.701762e-10	4.606938e-01
1.719690e-02	-3.639892e-10	4.636844e-01
1.718213e-02	-3.576007e-10	4.668906e-01
1.716738e-02	-3.509046e-10	4.703707e-01
1.715266e-02	-3.438337e-10	4.741903e-01
1.713796e-02	-3.362246e-10	4.784020e-01
1.712329e-02	-3.277473e-10	4.830358e-01
1.710864e-02	-3.179791e-10	4.881054e-01
1.709402e-02	-3.066058e-10	4.936261e-01
1.707942e-02	-2.935513e-10	4.996214e-01
1.706485e-02	-2.789378e-10	5.061027e-01
1.705030e-02	-2.629712e-10	5.130384e-01
1.703578e-02	-2.458572e-10	5.203313e-01
1.702128e-02	-2.277606e-10	5.278074e-01
1.700680e-02	-2.087890e-10	5.352166e-01
1.699235e-02	-1.889891e-10	5.422480e-01
1.697793e-02	-1.683526e-10	5.485630e-01
1.696353e-02	-1.468258e-10	5.538467e-01
1.694915e-02	-1.243209e-10	5.578709e-01
1.693480e-02	-1.007071e-10	5.605469e-01
1.692047e-02	-7.579850e-11	5.619481e-01
1.690617e-02	-4.935934e-11	5.623024e-01
1.689189e-02	-2.110887e-11	5.619564e-01
1.687764e-02	9.265403e-12	5.613226e-01
1.686341e-02	4.209883e-11	5.608209e-01
1.684920e-02	7.772949e-11	5.608241e-01
1.683502e-02	1.164720e-10	5.616134e-01
1.682086e-02	1.585799e-10	5.633415e-01
1.680672e-02	2.042011e-10	5.660081e-01
1.679261e-02	2.533269e-10	5.694492e-01
1.677852e-02	3.057547e-10	5.733514e-01
1.676446e-02	3.610679e-10	5.772984e-01
1.675042e-02	4.186545e-10	5.808494e-01
1.673640e-02	4.777622e-10	5.836317e-01
1.672241e-02	5.375803e-10	5.854197e-01
1.670844e-02	5.973318e-10	5.861688e-01
1.669449e-02	6.563459e-10	5.859931e-01
1.668057e-02	7.140961e-10	5.850970e-01
1.666667e-02	7.702030e-10	5.836919e-01
1.665279e-02	8.244054e-10	5.819300e-01
1.663894e-02	8.765184e-10	5.798725e-01
1.662510e-02	9.264012e-10	5.774981e-01
1.661130e-02	9.739304e-10	5.747377e-01
1.659751e-02	1.018995e-09	5.715183e-01
1.658375e-02	1.061495e-09	5.677972e-01
1.657001e-02	1.101349e-09	5.635789e-01
1.655629e-02	1.138496e-09	5.589147e-01
1.654260e-02	1.172892e-09	5.538935e-01
1.652893e-02	1.204504e-09	5.486322e-01
1.651528e-02	1.233307e-09	5.432659e-01
1.650165e-02	1.259273e-09	5.379383e-01
1.648805e-02	1.282370e-09	5.327857e-01
1.647446e-02	1.302563e-09	5.279194e-01
1.646091e-02	1.319816e-09	5.234079e-01
1.644737e-02	1.334097e-09	5.192709e-01
1.643385e-02	1.345388e-09	5.154858e-01
1.642036e-02	1.353687e-09	5.120069e-01
1.640689e-02	1.359013e-09	5.087892e-01
1.639344e-02	1.361405e-09	5.058078e-01
1.638002e-02	1.360923e-09	5.030665e-01
1.636661e-02	1.357644e-09	5.005946e-01
1.635323e-02	1.351658e-09	4.984339e-01
1.633987e-02	1.343060e-09	4.966243e-01
1.632653e-02	1.331953e-09	4.951889e-01
1.631321e-02	1.318434e-09	4.941248e-01
1.629992e-02	1.302601e-09	4.933965e-01
1.628664e-02	1.284545e-09	4.929356e-01
1.627339e-02	1.264357e-09	4.926444e-01
1.626016e-02	1.242121e-09	4.924067e-01
1.624695e-02	1.217921e-09	4.921052e-01
1.623377e-02	1.191841e-09	4.916453e-01
1.622060e-02	1.163964e-09	4.909790e-01
1.620746e-02	1.134377e-09	4.901231e-01
1.619433e-02	1.103169e-09	4.891655e-01
1.618123e-02	1.070431e-09	4.882566e-01
1.616815e-02	1.036260e-09	4.875879e-01
1.615509e-02	1.000761e-09	4.873645e-01
1.614205e-02	9.640421e-10	4.877743e-01
1.612903e-02	9.262213e-10	4.889595e-01
1.611604e-02	8.874251e-10	4.909904e-01
1.610306e-02	8.477868e-10	4.938422e-01
1.609010e-02	8.074461e-10	4.973775e-01
1.607717e-02	7.665460e-10	5.013386e-01
1.606426e-02	7.252285e-10	5.053587e-01
1.605136e-02	6.836313e-10	5.089955e-01
1.603849e-02	6.418854e-10	5.117914e-01
1.602564e-02	6.001115e-10	5.133485e-01
1.601281e-02	5.584230e-10	5.134017e-01
1.600000e-02	5.169274e-10	5.118661e-01
1.598721e-02	4.757289e-10	5.088456e-01
1.597444e-02	4.349358e-10	5.046017e-01
1.596169e-02	3.946610e-10	4.994948e-01
1.594896e-02	3.550234e-10	4.939201e-01
1.593625e-02	3.161485e-10	4.882522e-01
1.592357e-02	2.781658e-10	4.828101e-01
1.591090e-02	2.412055e-10	4.778412e-01
1.589825e-02	2.053956e-10	4.735213e-01
1.588562e-02	1.708565e-10	4.699639e-01
1.587302e-02	1.376992e-10	4.672334e-01
1.586043e-02	1.060223e-10	4.653577e-01
1.584786e-02	7.590908e-11	4.643396e-01
1.583531e-02	4.742537e-11	4.641634e-01
1.582278e-02	2.061976e-11	4.647995e-01
1.581028e-02	-4.478969e-12	4.662040e-01
1.579779e-02	-2.786147e-11	4.683164e-01
1.578532e-02	-4.953704e-11	4.710543e-01
1.577287e-02	-6.953448e-11	4.743075e-01
1.576044e-02	-8.789829e-11	4.779332e-01
1.574803e-02	-1.046857e-10	4.817540e-01
1.573564e-02	-1.199635e-10	4.855632e-01
1.572327e-02	-1.338024e-10	4.891368e-01
1.571092e-02	-1.462750e-10	4.922544e-01
1.569859e-02	-1.574522e-10	4.947230e-01
1.568627e-02	-1.674008e-10	4.964007e-01
1.567398e-02	-1.761835e-10	4.972118e-01
1.566171e-02	-1.838593e-10	4.971500e-01
1.564945e-02	-1.904826e-10	4.962706e-01
1.563722e-02	-1.961047e-10	4.946736e-01
1.562500e-02	-2.007737e-10	4.924850e-01
1.561280e-02	-2.045356e-10	4.898390e-01
1.560062e-02	-2.074336e-10	4.868652e-01
1.558846e-02	-2.095081e-10	4.836803e-01
1.557632e-02	-2.107958e-10	4.803841e-01
1.556420e-02	-2.113310e-10	4.770584e-01
1.555210e-02	-2.111441e-10	4.737675e-01
1.554002e-02	-2.102614e-10	4.705603e-01
1.552795e-02	-2.087050e-10	4.674715e-01
1.551590e-02	-2.064934e-10	4.645244e-01
1.550388e-02	-2.036406e-10	4.617328e-01
1.549187e-02	-2.001577e-10	4.591026e-01
1.547988e-02	-1.960517e-10	4.566339e-01
1.546790e-02	-1.913292e-10	4.543224e-01
1.545595e-02	-1.859949e-10	4.521610e-01
1.544402e-02	-1.800539e-10	4.501407e-01
1.543210e-02	-1.735128e-10	4.482517e-01
1.542020e-02	-1.663811e-10	4.464843e-01
1.540832e-02	-1.586714e-10	4.448291e-01
1.539646e-02	-1.504010e-10	4.432777e-01
1.538462e-02	-1.415938e-10	4.418229e-01
1.537279e-02	-1.322786e-10	4.404587e-01
1.536098e-02	-1.224908e-10	4.391809e-01
1.534919e-02	-1.122710e-10	4.379866e-01
1.533742e-02	-1.016660e-10	4.368745e-01
1.532567e-02	-9.072647e-11	4.358453e-01
1.531394e-02	-7.950788e-11	4.349015e-01
1.530222e-02	-6.806743e-11	4.340479e-01
1.529052e-02	-5.646400e-11	4.332917e-01
1.527884e-02	-4.475671e-11	4.326427e-01
1.526718e-02	-3.300464e-11	4.321140e-01
1.525553e-02	-2.126393e-11	4.317221e-01
1.524390e-02	-9.588973e-12	4.314875e-01
1.523229e-02	1.969467e-12	4.314345e-01
1.522070e-02	1.336338e-11	4.315917e-01
1.520913e-02	2.454904e-11	4.319915e-01
1.519757e-02	3.548739e-11	4.326694e-01
1.518603e-02	4.614180e-11	4.336623e-01
1.517451e-02	5.647956e-11	4.350063e-01
1.516300e-02	6.647060e-11	4.367326e-01
1.515152e-02	7.608786e-11	4.388619e-01
1.514005e-02	8.530592e-11	4.413980e-01
1.512859e-02	9.410151e-11	4.443194e-01
1.511716e-02	1.024516e-10	4.475712e-01
1.510574e-02	1.103360e-10	4.510588e-01
1.509434e-02	1.177353e-10	4.546454e-01
1.508296e-02	1.246338e-10	4.581559e-01
1.507159e-02	1.310196e-10	4.613895e-01
1.506024e-02	1.368862e-10	4.641403e-01
1.504891e-02	1.422350e-10	4.662230e-01
1.503759e-02	1.470757e-10	4.674991e-01
1.502630e-02	1.514279e-10	4.678967e-01
1.501502e-02	1.553206e-10	4.674204e-01
1.500375e-02	1.587911e-10	4.661474e-01
1.499250e-02	1.618831e-10	4.642140e-01
1.498127e-02	1.646445e-10	4.617950e-01
1.497006e-02	1.671236e-10	4.590833e-01
1.495886e-02	1.693688e-10	4.562713e-01
1.494768e-02	1.714251e-10	4.535388e-01
1.493652e-02	1.733323e-10	4.510456e-01
1.492537e-02	1.751252e-10	4.489301e-01
1.491424e-02	1.768327e-10	4.473102e-01
1.490313e-02	1.784779e-10	4.462850e-01
1.489203e-02	1.800783e-10	4.459373e-01
1.488095e-02	1.816469e-10	4.463328e-01
1.486989e-02	1.831916e-10	4.475166e-01
1.485884e-02	1.847176e-10	4.495057e-01
1.484781e-02	1.862268e-10	4.522779e-01
1.483680e-02	1.877193e-10	4.557579e-01
1.482580e-02	1.891972e-10	4.598039e-01
1.481481e-02	1.906626e-10	4.642009e-01
1.480385e-02	1.921219e-10	4.686649e-01
1.479290e-02	1.935855e-10	4.728644e-01
1.478197e-02	1.950700e-10	4.764582e-01
1.477105e-02	1.965977e-10	4.791436e-01
1.476015e-02	1.981953e-10	4.807034e-01
1.474926e-02	1.998923e-10	4.810370e-01
1.473839e-02	2.017197e-10	4.801688e-01
1.472754e-02	2.037065e-10	4.782307e-01
1.471670e-02	2.058780e-10	4.754292e-01
1.470588e-02	2.082537e-10	4.720062e-01
1.469508e-02	2.108480e-10	4.682034e-01
1.468429e-02	2.136688e-10	4.642374e-01
1.467351e-02	2.167190e-10	4.602851e-01
1.466276e-02	2.199969e-10	4.564799e-01
1.465201e-02	2.234981e-10	4.529136e-01
1.464129e-02	2.272151e-10	4.496423e-01
1.463058e-02	2.311409e-10	4.466938e-01
1.461988e-02	2.352671e-10	4.440752e-01
1.460920e-02	2.395865e-10	4.417785e-01
1.459854e-02	2.440921e-10	4.397866e-01
1.458789e-02	2.487793e-10	4.380766e-01
1.457726e-02	2.536431e-10	4.366232e-01
1.456664e-02	2.586818e-10	4.354003e-01
1.455604e-02	2.638943e-10	4.343826e-01
1.454545e-02	2.692804e-10	4.335465e-01
1.453488e-02	2.748420e-10	4.328701e-01
1.452433e-02	2.805815e-10	4.323341e-01
1.451379e-02	2.865030e-10	4.319211e-01
1.450326e-02	2.926112e-10	4.316161e-01
1.449275e-02	2.989117e-10	4.314061e-01
1.448226e-02	3.054121e-10	4.312799e-01
1.447178e-02	3.121201e-10	4.312279e-01
1.446132e-02	3.190443e-10	4.312425e-01
1.445087e-02	3.261945e-10	4.313173e-01
1.444043e-02	3.335800e-10	4.314473e-01
1.443001e-02	3.412107e-10	4.316285e-01
1.441961e-02	3.490963e-10	4.318578e-01
1.440922e-02	3.572467e-10	4.321326e-01
1.439885e-02	3.656719e-10	4.324510e-01
1.438849e-02	3.743819e-10	4.328116e-01
1.437815e-02	3.833875e-10	4.332131e-01
1.436782e-02	3.926987e-10	4.336549e-01
1.435750e-02	4.023270e-10	4.341364e-01
1.434720e-02	4.122838e-10	4.346575e-01
1.433692e-02	4.225803e-10	4.352182e-01
1.432665e-02	4.332289e-10	4.358189e-01
1.431639e-02	4.442416e-10	4.364604e-01
1.430615e-02	4.556311e-10	4.371436e-01
1.429593e-02	4.674108e-10	4.378700e-01
1.428571e-02	4.795936e-10	4.386413e-01
1.427552e-02	4.921936e-10	4.394599e-01
1.426534e-02	5.052244e-10	4.403286e-01
1.425517e-02	5.187011e-10	4.412507e-01
1.424501e-02	5.326379e-10	4.422302e-01
1.423488e-02	5.470504e-10	4.432715e-01
1.422475e-02	5.619538e-10	4.443797e-01
1.421464e-02	5.773639e-10	4.455601e-01
1.420455e-02	5.932981e-10	4.468189e-01
1.419446e-02	6.097723e-10	4.481621e-01
1.418440e-02	6.268046e-10	4.495961e-01
1.417434e-02	6.444137e-10	4.511271e-01
1.416431e-02	6.626189e-10	4.527610e-01
1.415428e-02	6.814404e-10	4.545027e-01
1.414427e-02	7.009008e-10	4.563562e-01
1.413428e-02	7.210232e-10	4.583236e-01
1.412429e-02	7.418333e-10	4.604053e-01
1.411433e-02	7.633592e-10	4.625986e-01
1.410437e-02	7.856313e-10	4.664422e-01
1.409443e-02	8.086831e-10	4.685502e-01
1.408451e-02	8.325522e-10	4.708071e-01
1.407460e-02	8.572797e-10	4.731771e-01
1.406470e-02	8.829104e-10	4.756307e-01
1.405481e-02	9.094934e-10	4.781382e-01
1.404494e-02	9.370822e-10	4.806703e-01
1.403509e-02	9.657333e-10	4.831993e-01
1.402525e-02	9.955065e-10	4.857008e-01
1.401542e-02	1.026463e-09	4.881563e-01
1.400560e-02	1.058665e-09	4.905557e-01
1.399580e-02	1.092172e-09	4.928994e-01
1.398601e-02	1.127044e-09	4.952015e-01
1.397624e-02	1.163331e-09	4.974916e-01
1.396648e-02	1.201080e-09	4.998159e-01
1.395673e-02	1.240327e-09	5.022382e-01
1.394700e-02	1.281099e-09	5.048387e-01
1.393728e-02	1.323411e-09	5.077115e-01
1.392758e-02	1.367267e-09	5.109594e-01
1.391788e-02	1.412656e-09	5.146852e-01
1.390821e-02	1.459557e-09	5.189774e-01
1.389854e-02	1.507932e-09	5.238909e-01
1.388889e-02	1.557733e-09	5.294205e-01
1.387925e-02	1.608899e-09	5.354729e-01
1.386963e-02	1.661353e-09	5.418403e-01
1.386001e-02	1.715006e-09	5.481909e-01
1.385042e-02	1.769759e-09	5.540855e-01
1.384083e-02	1.825498e-09	5.590314e-01
1.383126e-02	1.882105e-09	5.625658e-01
1.382170e-02	1.939464e-09	7.007498e-01
1.381215e-02	1.997394e-09	7.887661e-01
1.380262e-02	2.055750e-09	7.296766e-01
1.379310e-02	2.114453e-09	6.844716e-01
1.378360e-02	2.173427e-09	6.492019e-01
1.377410e-02	2.232612e-09	6.212233e-01
1.376462e-02	2.291950e-09	5.987498e-01
1.375516e-02	2.351396e-09	5.805474e-01
1.374570e-02	2.410907e-09	5.657343e-01
1.373626e-02	2.470446e-09	5.536557e-01
1.372684e-02	2.529978e-09	5.438074e-01
1.371742e-02	2.589465e-09	5.357901e-01
1.370802e-02	2.648872e-09	5.292812e-01
1.369863e-02	2.708156e-09	5.240172e-01
1.368925e-02	2.767274e-09	5.197814e-01
1.367989e-02	2.826179e-09	5.163952e-01
1.367054e-02	2.884817e-09	5.137111e-01
1.366120e-02	2.943131e-09	5.116075e-01
1.365188e-02	3.001057e-09	5.099839e-01
1.364256e-02	3.058525e-09	5.087574e-01
1.363327e-02	3.115462e-09	5.078594e-01
1.362398e-02	3.171785e-09	5.072330e-01
1.361470e-02	3.227409e-09	5.068311e-01
1.360544e-02	3.282239e-09	5.066143e-01
1.359619e-02	3.336178e-09	5.065501e-01
1.358696e-02	3.389123e-09	5.066109e-01
1.357773e-02	3.440965e-09	5.067736e-01
1.356852e-02	3.491593e-09	5.070189e-01
1.355932e-02	3.540890e-09	5.073302e-01
1.355014e-02	3.588738e-09	5.076937e-01
1.354096e-02	3.635018e-09	5.080977e-01
1.353180e-02	3.679607e-09	5.085322e-01
1.352265e-02	3.722384e-09	5.089891e-01
1.351351e-02	3.763227e-09	5.094617e-01
1.350439e-02	3.802017e-09	5.099449e-01
1.349528e-02	3.838633e-09	5.104345e-01
1.348618e-02	3.872960e-09	5.109283e-01
1.347709e-02	3.904885e-09	5.114250e-01
1.346801e-02	3.934297e-09	5.119251e-01
1.345895e-02	3.961093e-09	5.124306e-01
1.344990e-02	3.985173e-09	5.129452e-01
1.344086e-02	4.006445e-09	5.134746e-01
1.343183e-02	4.024828e-09	5.140266e-01
1.342282e-02	4.040249e-09	5.146114e-01
1.341382e-02	4.052650e-09	5.152419e-01
1.340483e-02	4.061989e-09	5.159338e-01
1.339585e-02	4.068240e-09	5.167062e-01
1.338688e-02	4.071397e-09	5.175819e-01
1.337793e-02	4.071474e-09	5.185875e-01
1.336898e-02	4.068508e-09	5.197536e-01
1.336005e-02	4.062553e-09	5.211150e-01
1.335113e-02	4.053687e-09	5.227099e-01
1.334223e-02	4.042001e-09	5.245791e-01
1.333333e-02	4.027604e-09	5.267639e-01
1.332445e-02	4.010615e-09	5.293026e-01
1.331558e-02	3.991161e-09	5.322260e-01
1.330672e-02	3.969371e-09	5.355507e-01
1.329787e-02	3.943281e-09	6.824635e-01
1.328904e-02	3.918716e-09	7.772450e-01
1.328021e-02	3.897930e-09	7.224642e-01
1.327140e-02	3.878639e-09	6.839199e-01
1.326260e-02	3.859261e-09	6.569235e-01
1.325381e-02	3.838716e-09	6.380890e-01
1.324503e-02	3.816280e-09	6.249604e-01
1.323627e-02	3.791491e-09	6.157665e-01
1.322751e-02	3.764089e-09	6.092578e-01
1.321877e-02	3.733970e-09	6.045925e-01
1.321004e-02	3.701162e-09	6.012480e-01
1.320132e-02	3.665801e-09	5.989420e-01
1.319261e-02	3.628115e-09	5.975591e-01
1.318392e-02	3.588406e-09	5.970826e-01
1.317523e-02	3.547034e-09	5.975318e-01
1.316656e-02	3.504398e-09	5.989092e-01
1.315789e-02	3.460920e-09	6.011581e-01
1.314924e-02	3.417030e-09	6.041344e-01
1.314060e-02	3.373148e-09	6.075959e-01
1.313198e-02	3.329672e-09	6.112145e-01
1.312336e-02	3.286967e-09	6.146111e-01
1.311475e-02	3.245356e-09	6.174085e-01
1.310616e-02	3.205117e-09	6.192906e-01
1.309758e-02	3.166478e-09	6.200514e-01
1.308901e-02	3.129629e-09	6.196229e-01
1.308044e-02	3.094721e-09	6.180751e-01
1.307190e-02	3.061882e-09	6.155936e-01
1.306336e-02	3.031218e-09	6.124413e-01
1.305483e-02	3.002826e-09	6.089139e-01
1.304631e-02	2.976796e-09	6.052972e-01
1.303781e-02	2.953213e-09	6.018309e-01
1.302932e-02	2.932158e-09	5.986819e-01
1.302083e-02	2.913704e-09	5.959289e-01
1.301236e-02	2.897918e-09	5.935589e-01
1.300390e-02	2.884855e-09	5.914762e-01
1.299545e-02	2.874558e-09	5.895250e-01
1.298701e-02	2.867061e-09	5.875230e-01
1.297859e-02	2.862386e-09	5.853006e-01
1.297017e-02	2.860542e-09	5.827360e-01
1.296176e-02	2.861533e-09	5.797777e-01
1.295337e-02	2.865349e-09	5.764476e-01
1.294498e-02	2.871971e-09	5.728273e-01
1.293661e-02	2.881369e-09	5.690338e-01
1.292825e-02	2.893498e-09	5.651932e-01
1.291990e-02	2.908300e-09	5.614205e-01
1.291156e-02	2.925695e-09	5.578067e-01
1.290323e-02	2.945588e-09	5.544152e-01
1.289491e-02	2.967861e-09	5.512824e-01
1.288660e-02	2.992376e-09	5.484227e-01
1.287830e-02	3.018976e-09	5.458347e-01
1.287001e-02	3.047482e-09	5.435058e-01
1.286174e-02	3.077701e-09	5.414174e-01
1.285347e-02	3.109418e-09	5.395484e-01
1.284522e-02	3.142409e-09	5.378772e-01
1.283697e-02	3.176434e-09	5.363832e-01
1.282874e-02	3.211243e-09	5.350482e-01
1.282051e-02	3.246580e-09	5.338563e-01
1.281230e-02	3.282187e-09	5.327936e-01
1.280410e-02	3.317800e-09	5.318491e-01
1.279591e-02	3.353164e-09	5.310130e-01
1.278772e-02	3.388031e-09	5.302771e-01
1.277955e-02	3.422168e-09	5.296342e-01
1.277139e-02	3.455366e-09	5.290774e-01
1.276324e-02	3.487450e-09	5.285995e-01
1.275510e-02	3.518284e-09	5.281933e-01
1.274697e-02	3.547781e-09	5.278504e-01
1.273885e-02	3.575905e-09	5.275623e-01
1.273074e-02	3.602672e-09	5.273205e-01
1.272265e-02	3.628136e-09	5.271174e-01
1.271456e-02	3.652382e-09	5.269472e-01
1.270648e-02	3.675502e-09	5.268070e-01
1.269841e-02	3.697582e-09	5.266971e-01
1.269036e-02	3.718692e-09	5.266208e-01
1.268231e-02	3.738881e-09	5.265839e-01
1.267427e-02	3.758179e-09	5.265930e-01
1.266624e-02	3.776607e-09	5.266553e-01
1.265823e-02	3.794183e-09	5.267770e-01
1.265022e-02	3.810929e-09	5.269634e-01
1.264223e-02	3.826880e-09	5.272185e-01
1.263424e-02	3.842081e-09	5.275452e-01
1.262626e-02	3.856589e-09	5.279456e-01
1.261830e-02	3.870469e-09	5.284215e-01
1.261034e-02	3.883794e-09	5.289738e-01
1.260239e-02	3.896635e-09	5.296037e-01
1.259446e-02	3.909064e-09	5.303123e-01
1.258653e-02	3.921147e-09	5.311005e-01
1.257862e-02	3.932944e-09	5.319694e-01
1.257071e-02	3.944507e-09	5.329202e-01
1.256281e-02	3.955876e-09	5.339540e-01
1.255493e-02	3.967083e-09	5.350721e-01
1.254705e-02	3.978152e-09	5.362754e-01
1.253918e-02	3.989096e-09	5.375651e-01
1.253133e-02	3.999920e-09	5.389422e-01
1.252348e-02	4.010622e-09	5.404073e-01
1.251564e-02	4.021196e-09	5.419610e-01
1.250782e-02	4.031626e-09	5.436034e-01
1.250000e-02	4.041897e-09	5.453345e-01
1.249219e-02	4.051985e-09	5.471534e-01
1.248439e-02	4.061867e-09	5.490588e-01
1.247661e-02	4.071514e-09	5.510486e-01
1.246883e-02	4.080896e-09	5.531195e-01
1.246106e-02	4.089978e-09	5.552671e-01
1.245330e-02	4.098724e-09	5.574854e-01
1.244555e-02	4.107089e-09	5.597665e-01
1.243781e-02	4.115031e-09	5.621006e-01
1.243008e-02	4.122499e-09	5.644757e-01
1.242236e-02	4.129443e-09	5.668785e-01
1.241465e-02	4.135814e-09	5.692948e-01
1.240695e-02	4.141568e-09	5.717111e-01
1.239926e-02	4.146669e-09	5.741154e-01
1.239157e-02	4.151100e-09	5.764978e-01
1.238390e-02	4.154860e-09	5.788508e-01
1.237624e-02	4.157972e-09	5.811678e-01
1.236858e-02	4.160490e-09	5.834429e-01
1.236094e-02	4.162492e-09	5.856692e-01
1.235330e-02	4.164080e-09	5.878390e-01
1.234568e-02	4.165372e-09	5.899437e-01
1.233806e-02	4.166497e-09	5.919750e-01
1.233046e-02	4.167577e-09	5.939245e-01
1.232286e-02	4.168717e-09	5.957844e-01
1.231527e-02	4.169992e-09	5.975471e-01
1.230769e-02	4.171436e-09	5.992046e-01
1.230012e-02	4.173028e-09	6.007488e-01
1.229256e-02	4.174693e-09	6.021715e-01
1.228501e-02	4.176295e-09	6.034656e-01
1.227747e-02	4.177650e-09	6.046266e-01
1.226994e-02	4.178541e-09	6.056541e-01
1.226242e-02	4.178735e-09	6.065517e-01
1.225490e-02	4.178004e-09	6.073278e-01
1.224740e-02	4.176135e-09	6.079935e-01
1.223990e-02	4.172941e-09	6.085619e-01
1.223242e-02	4.168257e-09	6.090461e-01
1.222494e-02	4.161943e-09	6.094587e-01
1.221747e-02	4.153870e-09	6.098107e-01
1.221001e-02	4.143929e-09	6.101117e-01
1.220256e-02	4.132019e-09	6.103692e-01
1.219512e-02	4.118059e-09	6.105894e-01
1.218769e-02	4.101984e-09	6.107769e-01
1.218027e-02	4.083752e-09	6.109353e-01
1.217285e-02	4.063350e-09	6.110680e-01
1.216545e-02	4.040788e-09	6.111782e-01
1.215805e-02	4.016098e-09	6.112701e-01
1.215067e-02	3.989328e-09	6.113482e-01
1.214329e-02	3.960524e-09	6.114182e-01
1.213592e-02	3.929723e-09	6.114861e-01
1.212856e-02	3.896943e-09	6.115580e-01
1.212121e-02	3.862171e-09	6.116397e-01
1.211387e-02	3.825366e-09	6.117362e-01
1.210654e-02	3.786459e-09	6.118516e-01
1.209921e-02	3.745352e-09	6.119892e-01
1.209190e-02	3.701927e-09	6.121511e-01
1.208459e-02	3.656053e-09	6.123389e-01
1.207729e-02	3.607588e-09	6.125534e-01
1.207001e-02	3.556391e-09	6.127947e-01
1.206273e-02	3.502323e-09	6.130629e-01
1.205546e-02	3.445261e-09	6.133576e-01
1.204819e-02	3.385096e-09	6.136784e-01
1.204094e-02	3.321747e-09	6.140248e-01
1.203369e-02	3.255164e-09	6.143965e-01
1.202646e-02	3.185332e-09	6.147932e-01
1.201923e-02	3.112280e-09	6.152150e-01
1.201201e-02	3.036057e-09	6.174946e-01
1.200480e-02	2.956826e-09	6.176653e-01
1.199760e-02	2.874716e-09	6.178959e-01
1.199041e-02	2.789925e-09	6.182078e-01
1.198322e-02	2.702686e-09	6.185909e-01
1.197605e-02	2.613256e-09	6.190380e-01
1.196888e-02	2.521919e-09	6.195439e-01
1.196172e-02	2.428967e-09	6.201048e-01
1.195457e-02	2.334704e-09	6.207183e-01
1.194743e-02	2.239431e-09	6.213823e-01
1.194030e-02	2.143447e-09	6.220950e-01
1.193317e-02	2.047040e-09	6.228550e-01
1.192606e-02	1.950487e-09	6.236596e-01
1.191895e-02	1.854052e-09	6.245060e-01
1.191185e-02	1.757981e-09	6.253892e-01
1.190476e-02	1.662509e-09	6.263029e-01
1.189768e-02	1.567854e-09	6.272382e-01
1.189061e-02	1.474221e-09	6.281845e-01
1.188354e-02	1.381806e-09	6.291303e-01
1.187648e-02	1.290791e-09	6.300641e-01
1.186944e-02	1.201354e-09	6.309761e-01
1.186240e-02	1.113666e-09	6.318593e-01
1.185536e-02	1.027891e-09	6.327098e-01
1.184834e-02	9.441920e-10	6.335265e-01
1.184133e-02	8.627276e-10	6.343102e-01
1.183432e-02	7.836541e-10	6.350619e-01
1.182732e-02	7.071260e-10	6.357825e-01
1.182033e-02	6.332950e-10	6.364719e-01
1.181335e-02	5.623110e-10	6.371286e-01
1.180638e-02	4.943207e-10	6.377501e-01
1.179941e-02	4.294692e-10	6.383328e-01
1.179245e-02	3.678957e-10	6.388724e-01
1.178550e-02	3.097370e-10	6.393643e-01
1.177856e-02	2.551229e-10	6.398037e-01
1.177163e-02	2.041752e-10	6.401857e-01
1.176471e-02	1.570083e-10	6.405057e-01
1.175779e-02	1.137247e-10	6.416137e-01
1.175088e-02	7.441303e-11	6.432138e-01
1.174398e-02	3.914740e-11	6.436107e-01
1.173709e-02	7.981206e-12	6.431557e-01
1.173021e-02	-1.905218e-11	6.427266e-01
1.172333e-02	-4.194397e-11	6.422995e-01
1.171646e-02	-6.071093e-11	6.418571e-01
1.170960e-02	-7.539850e-11	6.413874e-01
1.170275e-02	-8.607971e-11	6.408827e-01
1.169591e-02	-9.285717e-11	6.403389e-01
1.168907e-02	-9.586081e-11	6.397549e-01
1.168224e-02	-9.524593e-11	6.391316e-01
1.167542e-02	-9.119184e-11	6.384720e-01
1.166861e-02	-8.389644e-11	6.377803e-01
1.166181e-02	-7.358135e-11	6.386430e-01
1.165501e-02	-6.045593e-11	6.376234e-01
1.164822e-02	-4.476017e-11	6.366145e-01
1.164144e-02	-2.672978e-11	6.356517e-01
1.163467e-02	-6.597908e-12	6.347271e-01
1.162791e-02	1.540583e-11	6.338354e-01
1.162115e-02	3.905953e-11	6.329729e-01
1.161440e-02	6.415147e-11	6.321371e-01
1.160766e-02	9.048163e-11	6.313260e-01
1.160093e-02	1.178610e-10	6.305380e-01
1.159420e-02	1.461134e-10	6.297718e-01
1.158749e-02	1.750731e-10	6.290267e-01
1.158078e-02	2.045832e-10	6.283022e-01
1.157407e-02	2.344949e-10	6.275985e-01
1.156738e-02	2.646638e-10	6.269160e-01
1.156069e-02	2.949506e-10	6.262555e-01
1.155402e-02	3.252185e-10	6.256179e-01
1.154734e-02	3.553331e-10	6.250041e-01
1.154068e-02	3.851630e-10	6.244151e-01
1.153403e-02	4.145813e-10	6.238515e-01
1.152738e-02	4.434646e-10	6.233140e-01
1.152074e-02	4.716952e-10	6.228026e-01
1.151410e-02	4.991640e-10	6.223175e-01
1.150748e-02	5.257675e-10	6.218586e-01
1.150086e-02	5.514129e-10	6.214257e-01
1.149425e-02	5.765597e-10	7.709547e-01
1.148765e-02	6.000266e-10	7.365397e-01
1.148106e-02	6.220575e-10	7.079880e-01
1.147447e-02	6.427401e-10	6.867069e-01
1.146789e-02	6.621110e-10	6.707519e-01
1.146132e-02	6.801766e-10	6.594306e-01
1.145475e-02	6.969312e-10	6.508874e-01
1.144820e-02	7.123606e-10	6.436995e-01
1.144165e-02	7.264510e-10	6.396690e-01
1.143511e-02	7.391901e-10	6.365327e-01
1.142857e-02	7.505698e-10	6.326398e-01
1.142204e-02	7.605855e-10	6.296360e-01
1.141553e-02	7.692349e-10	6.273073e-01
1.140901e-02	7.765208e-10	6.254997e-01
1.140251e-02	7.824475e-10	6.240974e-01
1.139601e-02	7.870213e-10	6.230135e-01
1.138952e-02	7.902501e-10	6.221823e-01
1.138304e-02	7.921415e-10	6.215535e-01
1.137656e-02	7.927050e-10	6.210888e-01
1.137010e-02	7.919482e-10	6.207585e-01
1.136364e-02	7.898790e-10	6.205397e-01
1.135718e-02	7.865057e-10	6.204142e-01
1.135074e-02	7.818354e-10	6.218022e-01
1.134430e-02	7.758738e-10	6.215537e-01
1.133787e-02	7.686268e-10	6.213989e-01
1.133144e-02	7.600994e-10	6.213465e-01
1.132503e-02	7.502973e-10	6.213776e-01
1.131862e-02	7.392266e-10	6.214777e-01
1.131222e-02	7.268952e-10	6.216352e-01
1.130582e-02	7.133110e-10	6.218408e-01
1.129944e-02	6.984848e-10	6.220870e-01
1.129305e-02	6.824291e-10	6.223680e-01
1.128668e-02	6.651585e-10	6.226788e-01
1.128032e-02	6.466919e-10	6.230155e-01
1.127396e-02	6.270507e-10	6.233750e-01
1.126761e-02	6.062600e-10	6.237547e-01
1.126126e-02	5.843504e-10	6.241530e-01
1.125492e-02	5.613554e-10	6.245683e-01
1.124859e-02	5.373146e-10	6.249998e-01
1.124227e-02	5.122722e-10	6.254472e-01
1.123596e-02	4.862782e-10	6.259100e-01
1.122965e-02	4.593869e-10	6.263886e-01
1.122334e-02	4.316592e-10	6.268834e-01
1.121705e-02	4.031588e-10	6.273946e-01
1.121076e-02	3.739553e-10	6.279231e-01
1.120448e-02	3.441203e-10	6.284694e-01
1.119821e-02	3.137265e-10	6.290343e-01
1.119194e-02	2.828458e-10	6.296185e-01
1.118568e-02	2.515486e-10	6.302229e-01
1.117943e-02	2.199003e-10	6.308487e-01
1.117318e-02	1.879603e-10	6.314973e-01
1.116695e-02	1.557803e-10	6.321701e-01
1.116071e-02	1.234043e-10	6.328691e-01
1.115449e-02	9.087086e-11	6.335963e-01
1.114827e-02	5.820853e-11	6.343539e-01
1.114206e-02	2.544602e-11	6.351438e-01
1.113586e-02	-7.394620e-12	6.359678e-01
1.112966e-02	-4.029064e-11	6.368276e-01
1.112347e-02	-7.321770e-11	6.377241e-01
1.111729e-02	-1.061497e-10	6.386579e-01
1.111111e-02	-1.390576e-10	6.396290e-01
1.110494e-02	-1.719081e-10	6.406372e-01
1.109878e-02	-2.046635e-10	6.431825e-01
1.109262e-02	-2.372812e-10	6.440130e-01
1.108647e-02	-2.697150e-10	6.449006e-01
1.108033e-02	-3.019153e-10	6.458619e-01
1.107420e-02	-3.338277e-10	6.468848e-01
1.106807e-02	-3.653962e-10	6.493391e-01
1.106195e-02	-3.965602e-10	6.502108e-01
1.105583e-02	-4.272590e-10	6.511524e-01
1.104972e-02	-4.574301e-10	6.521653e-01
1.104362e-02	-4.870093e-10	6.532331e-01
1.103753e-02	-5.159328e-10	6.543420e-01
1.103144e-02	-5.441372e-10	6.554809e-01
1.102536e-02	-5.715594e-10	6.566403e-01
1.101928e-02	-5.981392e-10	6.578124e-01
1.101322e-02	-6.238170e-10	6.589907e-01
1.100715e-02	-6.485375e-10	6.601696e-01
1.100110e-02	-6.722490e-10	6.613451e-01
1.099505e-02	-6.949037e-10	6.625136e-01
1.098901e-02	-7.164583e-10	6.636728e-01
1.098298e-02	-7.368761e-10	6.648212e-01
1.097695e-02	-7.561243e-10	6.659580e-01
1.097093e-02	-7.741780e-10	6.670834e-01
1.096491e-02	-7.910163e-10	6.681981e-01
1.095890e-02	-8.066255e-10	6.693035e-01
1.095290e-02	-8.209968e-10	6.704015e-01
1.094691e-02	-8.341274e-10	6.714945e-01
1.094092e-02	-8.460191e-10	6.725850e-01
1.093494e-02	-8.566784e-10	6.736757e-01
1.092896e-02	-8.661154e-10	6.747696e-01
1.092299e-02	-8.743427e-10	6.758694e-01
1.091703e-02	-8.813763e-10	6.769777e-01
1.091107e-02	-8.872332e-10	6.780970e-01
1.090513e-02	-8.919316e-10	6.792292e-01
1.089918e-02	-8.954902e-10	6.803760e-01
1.089325e-02	-8.979271e-10	6.815386e-01
1.088732e-02	-8.992596e-10	6.827174e-01
1.088139e-02	-8.995045e-10	6.839123e-01
1.087548e-02	-8.986762e-10	6.851225e-01
1.086957e-02	-8.967877e-10	6.863465e-01
1.086366e-02	-8.938507e-10	6.875817e-01
1.085776e-02	-8.898736e-10	6.888247e-01
1.085187e-02	-8.848638e-10	6.900718e-01
1.084599e-02	-8.788265e-10	6.913180e-01
1.084011e-02	-8.717657e-10	6.925579e-01
1.083424e-02	-8.636843e-10	6.937858e-01
1.082837e-02	-8.545839e-10	6.949953e-01
1.082251e-02	-8.444660e-10	6.961803e-01
1.081666e-02	-8.333744e-10	8.630710e-01
1.081081e-02	-8.212616e-10	8.264169e-01
1.080497e-02	-8.081365e-10	7.963010e-01
1.079914e-02	-7.940082e-10	7.741670e-01
1.079331e-02	-7.788885e-10	7.578513e-01
1.078749e-02	-7.627899e-10	7.457956e-01
1.078167e-02	-7.457278e-10	7.368722e-01
1.077586e-02	-7.277219e-10	7.302606e-01
1.077006e-02	-7.087941e-10	7.253616e-01
1.076426e-02	-6.889704e-10	7.217356e-01
1.075847e-02	-6.682807e-10	7.190591e-01
1.075269e-02	-6.454102e-10	9.548186e-01
1.074691e-02	-6.227053e-10	1.108589e+00
1.074114e-02	-5.988120e-10	1.006616e+00
1.073537e-02	-5.740004e-10	9.323779e-01
1.072961e-02	-5.484598e-10	8.780420e-01
1.072386e-02	-5.223262e-10	8.380673e-01
1.071811e-02	-4.956983e-10	8.085170e-01
1.071237e-02	-4.686505e-10	7.865791e-01
1.070664e-02	-4.412795e-10	1.220476e+00
1.070091e-02	-4.136807e-10	1.096830e+00
1.069519e-02	-3.857400e-10	1.001598e+00
1.068947e-02	-3.574896e-10	9.318658e-01
1.068376e-02	-3.289663e-10	8.805674e-01
1.067806e-02	-3.002097e-10	8.426786e-01
1.067236e-02	-2.712618e-10	8.146088e-01
1.066667e-02	-2.421656e-10	7.937791e-01
1.066098e-02	-2.129665e-10	7.783279e-01
1.065530e-02	-1.837105e-10	7.669052e-01
1.064963e-02	-1.544448e-10	7.585272e-01
1.064396e-02	-1.252176e-10	7.524736e-01
1.063830e-02	-9.607745e-11	7.494147e-01
1.063264e-02	-6.707664e-11	7.463639e-01
1.062699e-02	-3.826562e-11	7.444423e-01
1.062135e-02	-9.697269e-12	7.434515e-01
1.061571e-02	1.857398e-11	7.432210e-01
1.061008e-02	4.649334e-11	7.436219e-01
1.060445e-02	7.400328e-11	7.445560e-01
1.059883e-02	1.010465e-10	7.459468e-01
1.059322e-02	1.275641e-10	7.477348e-01
1.058761e-02	1.534950e-10	7.498724e-01
1.058201e-02	1.787793e-10	7.523202e-01
1.057641e-02	2.033557e-10	7.550451e-01
1.057082e-02	2.271623e-10	7.580182e-01
1.056524e-02	2.501401e-10	7.624246e-01
1.055966e-02	2.722262e-10	7.655893e-01
1.055409e-02	2.933638e-10	7.689571e-01
1.054852e-02	3.134977e-10	7.725126e-01
1.054296e-02	3.325738e-10	7.762186e-01
1.053741e-02	3.505435e-10	7.800391e-01
1.053186e-02	3.673620e-10	7.839379e-01
1.052632e-02	3.829907e-10	7.878782e-01
1.052078e-02	3.973967e-10	7.918224e-01
1.051525e-02	4.105559e-10	7.957317e-01
1.050972e-02	4.224521e-10	7.995669e-01
1.050420e-02	4.330794e-10	8.032881e-01
1.049869e-02	4.424431e-10	8.068559e-01
1.049318e-02	4.505602e-10	8.102317e-01
1.048768e-02	4.574604e-10	8.133786e-01
1.048218e-02	4.631863e-10	8.162622e-01
1.047669e-02	4.677947e-10	8.188517e-01
1.047120e-02	4.713563e-10	8.211202e-01
1.046572e-02	4.739540e-10	8.230460e-01
1.046025e-02	4.756836e-10	8.246128e-01
1.045478e-02	4.766519e-10	8.258100e-01
1.044932e-02	4.769747e-10	8.266338e-01
1.044386e-02	4.767760e-10	8.270860e-01
1.043841e-02	4.761834e-10	8.271750e-01
1.043297e-02	4.753280e-10	8.269146e-01
1.042753e-02	4.743379e-10	8.263241e-01
1.042209e-02	4.733388e-10	8.254269e-01
1.041667e-02	4.724480e-10	8.242503e-01
1.041124e-02	4.717728e-10	8.228241e-01
1.040583e-02	4.714065e-10	8.211798e-01
1.040042e-02	4.714277e-10	8.193492e-01
1.039501e-02	4.718958e-10	8.173642e-01
1.038961e-02	4.728521e-10	8.152549e-01
1.038422e-02	4.743172e-10	8.130495e-01
1.037883e-02	4.762917e-10	8.107735e-01
1.037344e-02	4.787549e-10	8.084489e-01
1.036807e-02	4.816697e-10	8.060943e-01
1.036269e-02	4.849792e-10	8.037245e-01
1.035733e-02	4.886132e-10	8.013507e-01
1.035197e-02	4.924872e-10	7.989805e-01
1.034661e-02	4.965067e-10	7.966185e-01
1.034126e-02	5.005695e-10	7.942665e-01
1.033592e-02	5.045683e-10	7.919242e-01
1.033058e-02	5.083923e-10	7.895898e-01
1.032525e-02	5.119311e-10	7.872606e-01
1.031992e-02	5.150757e-10	7.849333e-01
1.031460e-02	5.177199e-10	7.826052e-01
1.030928e-02	5.197639e-10	7.802740e-01
1.030397e-02	5.211136e-10	7.779384e-01
1.029866e-02	5.216824e-10	7.755987e-01
1.029336e-02	5.213932e-10	7.732562e-01
1.028807e-02	5.201773e-10	7.709139e-01
1.028278e-02	5.179751e-10	7.685759e-01
1.027749e-02	5.147391e-10	7.662475e-01
1.027221e-02	5.104292e-10	7.639347e-01
1.026694e-02	5.050174e-10	7.616442e-01
1.026167e-02	4.984849e-10	7.593827e-01
1.025641e-02	4.908224e-10	7.571568e-01
1.025115e-02	4.820295e-10	7.549730e-01
1.024590e-02	4.721157e-10	7.528370e-01
1.024066e-02	4.610975e-10	7.507538e-01
1.023541e-02	4.489989e-10	7.487280e-01
1.023018e-02	4.358510e-10	7.467628e-01
1.022495e-02	4.216910e-10	7.448612e-01
1.021972e-02	4.065604e-10	7.430252e-01
1.021450e-02	3.905056e-10	7.412563e-01
1.020929e-02	3.735761e-10	7.395553e-01
1.020408e-02	3.558249e-10	7.379230e-01
1.019888e-02	3.373059e-10	7.363597e-01
1.019368e-02	3.180743e-10	7.348654e-01
1.018849e-02	2.981868e-10	7.334403e-01
1.018330e-02	2.776985e-10	7.320844e-01
1.017812e-02	2.566645e-10	7.307980e-01
1.017294e-02	2.351385e-10	7.295810e-01
1.016777e-02	2.131719e-10	7.284338e-01
1.016260e-02	1.908153e-10	7.273567e-01
1.015744e-02	1.681154e-10	7.263499e-01
1.015228e-02	1.451170e-10	7.254139e-01
1.014713e-02	1.218625e-10	7.245491e-01
1.014199e-02	9.838991e-11	7.237560e-01
1.013685e-02	7.473539e-11	7.230347e-01
1.013171e-02	5.093140e-11	7.223857e-01
1.012658e-02	2.700865e-11	7.218092e-01
1.012146e-02	2.992937e-12	7.213054e-01
1.011634e-02	-2.109060e-11	7.208743e-01
1.011122e-02	-4.522092e-11	7.205160e-01
1.010611e-02	-6.937885e-11	7.202303e-01
1.010101e-02	-9.354761e-11	7.200170e-01
1.009591e-02	-1.177117e-10	7.198758e-01
1.009082e-02	-1.418586e-10	7.198064e-01
1.008573e-02	-1.659766e-10	7.198084e-01
1.008065e-02	-1.900553e-10	7.198813e-01
1.007557e-02	-2.140856e-10	7.200243e-01
1.007049e-02	-2.380602e-10	7.202372e-01
1.006543e-02	-2.619706e-10	7.205191e-01
1.006036e-02	-2.858101e-10	7.208694e-01
1.005530e-02	-3.095724e-10	7.212873e-01
1.005025e-02	-3.332505e-10	7.217721e-01
1.004520e-02	-3.568382e-10	7.223229e-01
1.004016e-02	-3.803284e-10	7.229389e-01
1.003512e-02	-4.037145e-10	7.236191e-01
1.003009e-02	-4.269883e-10	7.243626e-01
1.002506e-02	-4.501418e-10	7.251682e-01
1.002004e-02	-4.731661e-10	7.260348e-01
1.001502e-02	-4.960518e-10	7.269612e-01
1.001001e-02	-5.187870e-10	7.279458e-01
1.000500e-02	-5.413612e-10	7.289874e-01
1.000000e-02	-5.637608e-10	7.300840e-01
