# Finite Temperature Data for J1J2 Model
# Lx=6, Ly=6, J1=1.0000, J2=0.1250, Fz=0.0000, chi_max=210
# Columns: T | Sigmaz | Cv
# 
2.000000e+01	-2.816989e-11	4.284667e-02
1.000000e+01	-1.370664e-09	1.636952e-01
6.666667e+00	-4.635620e-09	3.504028e-01
5.000000e+00	-6.290300e-09	5.903645e-01
4.000000e+00	-8.052167e-09	8.709191e-01
3.333333e+00	-1.011674e-08	1.179770e+00
2.857143e+00	-1.079709e-08	1.505404e+00
2.500000e+00	-1.009031e-08	1.837511e+00
2.222222e+00	-8.493957e-09	2.167357e+00
2.000000e+00	-5.780224e-09	2.488095e+00
1.818182e+00	6.193227e-10	2.794655e+00
1.666667e+00	2.364585e-08	3.083041e+00
1.538462e+00	6.710909e-08	3.350417e+00
1.428571e+00	1.222218e-07	3.595512e+00
1.333333e+00	1.805846e-07	3.818152e+00
1.250000e+00	2.353496e-07	4.018866e+00
1.176471e+00	2.822722e-07	4.198829e+00
1.111111e+00	3.193521e-07	4.359831e+00
1.052632e+00	3.456120e-07	4.504008e+00
1.000000e+00	3.604718e-07	4.633422e+00
9.523810e-01	3.635291e-07	4.749900e+00
9.090909e-01	3.544979e-07	4.855246e+00
8.695652e-01	3.334980e-07	4.951294e+00
8.333333e-01	3.013061e-07	5.039779e+00
8.000000e-01	2.592375e-07	5.122280e+00
7.692308e-01	2.088659e-07	5.200154e+00
7.407407e-01	1.518458e-07	5.274510e+00
7.142857e-01	8.984497e-08	5.346270e+00
6.896552e-01	2.450882e-08	5.416290e+00
6.666667e-01	-4.257067e-08	5.485408e+00
6.451613e-01	-1.098957e-07	5.554429e+00
6.250000e-01	-1.761126e-07	5.624078e+00
6.060606e-01	-2.400591e-07	5.694975e+00
5.882353e-01	-3.007984e-07	5.767626e+00
5.714286e-01	-3.576387e-07	5.842433e+00
5.555556e-01	-4.101400e-07	5.919705e+00
5.405405e-01	-4.581105e-07	5.999671e+00
5.263158e-01	-5.015940e-07	6.082494e+00
5.128205e-01	-5.408492e-07	6.168284e+00
5.000000e-01	-5.763217e-07	6.257109e+00
4.878049e-01	-6.086110e-07	6.349005e+00
4.761905e-01	-6.384324e-07	6.443989e+00
4.651163e-01	-6.665769e-07	6.542061e+00
4.545455e-01	-6.938712e-07	6.643213e+00
4.444444e-01	-7.211384e-07	6.747435e+00
4.347826e-01	-7.491631e-07	6.854715e+00
4.255319e-01	-7.786599e-07	6.965041e+00
4.166667e-01	-8.102477e-07	7.078405e+00
4.081633e-01	-8.444287e-07	7.194799e+00
4.000000e-01	-8.815732e-07	7.314215e+00
3.921569e-01	-9.219083e-07	7.436645e+00
3.846154e-01	-9.655109e-07	7.562078e+00
3.773585e-01	-1.012305e-06	7.690494e+00
3.703704e-01	-1.062063e-06	7.821862e+00
3.636364e-01	-1.114410e-06	7.956131e+00
3.571429e-01	-1.168840e-06	8.093225e+00
3.508772e-01	-1.224733e-06	8.233036e+00
3.448276e-01	-1.281379e-06	8.375424e+00
3.389831e-01	-1.338015e-06	8.520225e+00
3.333333e-01	-1.393856e-06	8.667257e+00
3.278689e-01	-1.448132e-06	8.816333e+00
3.225806e-01	-1.500116e-06	8.967271e+00
3.174603e-01	-1.549150e-06	9.119908e+00
3.125000e-01	-1.594662e-06	9.274102e+00
3.076923e-01	-1.636168e-06	9.429737e+00
3.030303e-01	-1.673282e-06	9.586719e+00
2.985075e-01	-1.705708e-06	9.744977e+00
2.941176e-01	-1.733236e-06	9.904451e+00
2.898551e-01	-1.755737e-06	1.006508e+01
2.857143e-01	-1.773147e-06	1.022682e+01
2.816901e-01	-1.785456e-06	1.038958e+01
2.777778e-01	-1.792686e-06	1.055328e+01
2.739726e-01	-1.794868e-06	1.071780e+01
2.702703e-01	-1.792014e-06	1.088304e+01
2.666667e-01	-1.784103e-06	1.104888e+01
2.631579e-01	-1.771056e-06	1.121520e+01
2.597403e-01	-1.752732e-06	1.138191e+01
2.564103e-01	-1.728925e-06	1.154892e+01
2.531646e-01	-1.699366e-06	1.171614e+01
2.500000e-01	-1.663732e-06	1.188347e+01
2.469136e-01	-1.621668e-06	1.205081e+01
2.439024e-01	-1.572800e-06	1.221802e+01
2.409639e-01	-1.516763e-06	1.238496e+01
2.380952e-01	-1.453227e-06	1.255146e+01
2.352941e-01	-1.381926e-06	1.271735e+01
2.325581e-01	-1.302674e-06	1.288245e+01
2.298851e-01	-1.215380e-06	1.304655e+01
2.272727e-01	-1.120050e-06	1.320945e+01
2.247191e-01	-1.016788e-06	1.337093e+01
2.222222e-01	-9.057896e-07	1.353081e+01
2.197802e-01	-7.873366e-07	1.368892e+01
2.173913e-01	-6.617893e-07	1.384512e+01
2.150538e-01	-5.295766e-07	1.399932e+01
2.127660e-01	-3.911844e-07	1.415146e+01
2.105263e-01	-2.471421e-07	1.430147e+01
2.083333e-01	-9.800833e-08	1.444934e+01
2.061856e-01	5.564369e-08	1.459503e+01
2.040816e-01	2.132396e-07	1.473855e+01
2.020202e-01	3.742143e-07	1.487988e+01
2.000000e-01	5.380189e-07	1.501906e+01
1.980198e-01	7.041225e-07	1.515608e+01
1.960784e-01	8.720105e-07	1.529097e+01
1.941748e-01	1.041178e-06	1.542375e+01
1.923077e-01	1.211123e-06	1.555440e+01
1.904762e-01	1.381336e-06	1.568289e+01
1.886792e-01	1.551293e-06	1.580918e+01
1.869159e-01	1.720453e-06	1.593319e+01
1.851852e-01	1.888256e-06	1.605481e+01
1.834862e-01	2.054132e-06	1.617392e+01
1.818182e-01	2.217509e-06	1.629036e+01
1.801802e-01	2.377835e-06	1.640394e+01
1.785714e-01	2.534596e-06	1.651447e+01
1.769912e-01	2.687336e-06	1.662175e+01
1.754386e-01	2.835677e-06	1.672556e+01
1.739130e-01	2.979327e-06	1.682569e+01
1.724138e-01	3.118078e-06	1.692194e+01
1.709402e-01	3.251804e-06	1.701410e+01
1.694915e-01	3.380439e-06	1.710197e+01
1.680672e-01	3.503962e-06	1.718534e+01
1.666667e-01	3.622374e-06	1.726403e+01
1.652893e-01	3.735680e-06	1.733788e+01
1.639344e-01	3.843877e-06	1.740676e+01
1.626016e-01	3.946937e-06	1.747064e+01
1.612903e-01	4.044800e-06	1.752957e+01
1.600000e-01	4.137364e-06	1.758371e+01
1.587302e-01	4.224475e-06	1.763334e+01
1.574803e-01	4.305925e-06	1.767877e+01
1.562500e-01	4.381456e-06	1.772034e+01
1.550388e-01	4.450774e-06	1.775829e+01
1.538462e-01	4.513584e-06	1.779270e+01
1.526718e-01	4.569621e-06	1.782348e+01
1.515152e-01	4.618710e-06	1.785040e+01
1.503759e-01	4.660804e-06	1.787316e+01
1.492537e-01	4.696018e-06	1.789139e+01
1.481481e-01	4.724628e-06	1.790469e+01
1.470588e-01	4.747045e-06	1.791257e+01
1.459854e-01	4.763767e-06	1.791442e+01
1.449275e-01	4.775308e-06	1.790947e+01
1.438849e-01	4.782146e-06	1.789674e+01
1.428571e-01	4.784681e-06	1.787499e+01
1.418440e-01	4.783227e-06	1.784280e+01
1.408451e-01	4.778038e-06	1.779882e+01
1.398601e-01	4.769328e-06	1.774200e+01
1.388889e-01	4.757298e-06	1.767169e+01
1.379310e-01	4.742139e-06	1.758771e+01
1.369863e-01	4.724044e-06	1.749014e+01
1.360544e-01	4.703214e-06	1.737934e+01
1.351351e-01	4.679864e-06	1.725604e+01
1.342282e-01	4.654223e-06	1.712139e+01
1.333333e-01	4.626512e-06	1.697693e+01
1.324503e-01	4.596933e-06	1.682433e+01
1.315789e-01	4.565647e-06	1.666519e+01
1.307190e-01	4.532770e-06	1.650088e+01
1.298701e-01	4.498366e-06	1.633246e+01
1.290323e-01	4.462456e-06	1.616074e+01
1.282051e-01	4.425023e-06	1.598625e+01
1.273885e-01	4.386017e-06	1.580939e+01
1.265823e-01	4.345366e-06	1.563044e+01
1.257862e-01	4.302981e-06	1.544955e+01
1.250000e-01	4.258767e-06	1.526678e+01
1.242236e-01	4.212628e-06	1.508200e+01
1.234568e-01	4.164491e-06	1.489503e+01
1.226994e-01	4.114316e-06	1.470562e+01
1.219512e-01	4.062111e-06	1.451365e+01
1.212121e-01	4.007927e-06	1.431917e+01
1.204819e-01	3.951859e-06	1.412236e+01
1.197605e-01	3.894021e-06	1.392353e+01
1.190476e-01	3.834540e-06	1.372300e+01
1.183432e-01	3.773542e-06	1.352112e+01
1.176471e-01	3.711146e-06	1.331822e+01
1.169591e-01	3.647457e-06	1.311464e+01
1.162791e-01	3.582575e-06	1.291069e+01
1.156069e-01	3.516590e-06	1.270665e+01
1.149425e-01	3.449595e-06	1.250271e+01
1.142857e-01	3.381687e-06	1.229894e+01
1.136364e-01	3.312975e-06	1.209534e+01
1.129944e-01	3.243589e-06	1.189176e+01
1.123596e-01	3.173683e-06	1.168806e+01
1.117318e-01	3.103435e-06	1.148408e+01
1.111111e-01	3.033042e-06	1.127973e+01
1.104972e-01	2.962719e-06	1.107508e+01
1.098901e-01	2.892685e-06	1.087029e+01
1.092896e-01	2.823156e-06	1.066565e+01
1.086957e-01	2.754338e-06	1.046154e+01
1.081081e-01	2.686415e-06	1.025840e+01
1.075269e-01	2.619550e-06	1.005667e+01
1.069519e-01	2.553879e-06	9.856775e+00
1.063830e-01	2.489514e-06	9.659126e+00
1.058201e-01	2.426539e-06	9.464077e+00
1.052632e-01	2.365016e-06	9.271928e+00
1.047120e-01	2.304984e-06	9.082925e+00
1.041667e-01	2.246467e-06	8.897247e+00
1.036269e-01	2.189469e-06	8.715010e+00
1.030928e-01	2.133982e-06	8.536267e+00
1.025641e-01	2.079989e-06	8.361012e+00
1.020408e-01	2.027461e-06	8.189185e+00
1.015228e-01	1.976367e-06	8.020688e+00
1.010101e-01	1.926668e-06	7.855394e+00
1.005025e-01	1.878324e-06	7.693162e+00
1.000000e-01	1.831293e-06	7.533850e+00
9.950249e-02	1.785533e-06	7.377329e+00
9.900990e-02	1.740999e-06	7.223487e+00
9.852217e-02	1.697651e-06	7.072237e+00
9.803922e-02	1.655444e-06	6.923516e+00
9.756098e-02	1.614336e-06	6.777286e+00
9.708738e-02	1.574282e-06	6.633531e+00
9.661836e-02	1.535238e-06	6.492250e+00
9.615385e-02	1.497156e-06	6.353461e+00
9.569378e-02	1.459989e-06	6.217189e+00
9.523810e-02	1.423687e-06	6.083469e+00
9.478673e-02	1.388199e-06	5.952339e+00
9.433962e-02	1.353476e-06	5.823841e+00
9.389671e-02	1.319469e-06	5.698017e+00
9.345794e-02	1.286130e-06	5.574906e+00
9.302326e-02	1.253417e-06	5.454545e+00
9.259259e-02	1.221288e-06	5.336964e+00
9.216590e-02	1.189708e-06	5.222182e+00
9.174312e-02	1.158645e-06	5.110205e+00
9.132420e-02	1.128074e-06	5.001024e+00
9.090909e-02	1.097973e-06	4.894612e+00
9.049774e-02	1.068324e-06	4.790922e+00
9.009009e-02	1.039117e-06	4.689889e+00
8.968610e-02	1.010341e-06	4.591434e+00
8.928571e-02	9.819920e-07	4.495465e+00
8.888889e-02	9.540686e-07	4.401881e+00
8.849558e-02	9.265713e-07	4.310580e+00
8.810573e-02	8.995031e-07	4.221464e+00
8.771930e-02	8.728686e-07	4.134438e+00
8.733624e-02	8.455430e-07	4.193961e+00
8.695652e-02	8.193369e-07	4.372116e+00
8.658009e-02	7.929388e-07	4.365320e+00
8.620690e-02	7.663579e-07	4.203658e+00
8.583691e-02	7.397598e-07	4.060130e+00
8.547009e-02	7.132735e-07	3.931148e+00
8.510638e-02	6.859812e-07	4.113016e+00
8.474576e-02	6.605524e-07	3.959160e+00
8.438819e-02	6.357541e-07	3.816522e+00
8.403361e-02	6.115626e-07	3.689165e+00
8.368201e-02	5.879579e-07	3.574224e+00
8.333333e-02	5.649227e-07	3.469472e+00
8.298755e-02	5.424428e-07	3.373171e+00
8.264463e-02	5.205064e-07	3.283951e+00
8.230453e-02	4.991049e-07	3.200728e+00
8.196721e-02	4.782326e-07	3.122632e+00
8.163265e-02	4.578872e-07	3.048962e+00
8.130081e-02	4.380693e-07	2.979146e+00
8.097166e-02	4.187833e-07	2.912713e+00
8.064516e-02	4.000361e-07	2.849268e+00
8.032129e-02	3.818377e-07	2.788482e+00
8.000000e-02	3.642005e-07	2.730070e+00
7.968127e-02	3.471385e-07	2.673790e+00
7.936508e-02	3.306671e-07	2.619428e+00
7.905138e-02	3.148016e-07	2.566802e+00
7.874016e-02	2.995573e-07	2.515749e+00
7.843137e-02	2.849476e-07	2.466131e+00
7.812500e-02	2.709838e-07	2.417826e+00
7.782101e-02	2.576738e-07	2.370733e+00
7.751938e-02	2.450218e-07	2.324766e+00
7.722008e-02	2.330275e-07	2.279852e+00
7.692308e-02	2.216860e-07	2.235931e+00
7.662835e-02	2.109881e-07	2.192951e+00
7.633588e-02	2.009202e-07	2.150868e+00
7.604563e-02	1.914653e-07	2.109639e+00
7.575758e-02	1.826033e-07	2.069226e+00
7.547170e-02	1.743122e-07	2.029596e+00
7.518797e-02	1.665686e-07	1.990716e+00
7.490637e-02	1.593116e-07	2.350930e+00
7.462687e-02	1.529537e-07	2.250115e+00
7.434944e-02	1.472108e-07	2.154798e+00
7.407407e-02	1.415239e-07	2.285235e+00
7.380074e-02	1.370002e-07	2.816304e+00
7.352941e-02	1.334943e-07	3.051521e+00
7.326007e-02	1.287946e-07	2.803292e+00
7.299270e-02	1.241643e-07	2.592374e+00
7.272727e-02	1.194142e-07	2.648046e+00
7.246377e-02	1.153542e-07	2.916839e+00
7.220217e-02	1.115776e-07	3.141056e+00
7.194245e-02	1.085591e-07	3.085246e+00
7.168459e-02	1.061729e-07	2.813069e+00
7.142857e-02	1.043154e-07	2.587892e+00
7.117438e-02	1.029052e-07	2.399983e+00
7.092199e-02	1.018764e-07	2.241818e+00
7.067138e-02	1.011740e-07	2.107546e+00
7.042254e-02	1.007509e-07	1.992595e+00
7.017544e-02	1.005654e-07	1.893368e+00
6.993007e-02	1.005798e-07	1.807027e+00
6.968641e-02	1.007593e-07	1.731317e+00
6.944444e-02	1.010717e-07	1.664438e+00
6.920415e-02	1.014870e-07	1.604946e+00
6.896552e-02	1.019772e-07	1.551672e+00
6.872852e-02	1.025168e-07	1.503665e+00
6.849315e-02	1.030830e-07	1.460142e+00
6.825939e-02	1.036557e-07	1.420453e+00
6.802721e-02	1.042176e-07	1.384055e+00
6.779661e-02	1.047541e-07	1.350490e+00
6.756757e-02	1.052532e-07	1.319377e+00
6.734007e-02	1.057046e-07	1.290400e+00
6.711409e-02	1.060995e-07	1.263304e+00
6.688963e-02	1.064305e-07	1.237883e+00
6.666667e-02	1.066908e-07	1.213981e+00
6.644518e-02	1.068746e-07	1.191476e+00
6.622517e-02	1.069768e-07	1.170277e+00
6.600660e-02	1.069930e-07	1.150311e+00
6.578947e-02	1.069196e-07	1.131513e+00
6.557377e-02	1.067531e-07	1.113813e+00
6.535948e-02	1.064907e-07	1.097127e+00
6.514658e-02	1.061297e-07	1.081352e+00
6.493506e-02	1.056676e-07	1.066364e+00
6.472492e-02	1.051024e-07	1.052030e+00
6.451613e-02	1.044329e-07	1.038225e+00
6.430868e-02	1.036592e-07	1.024852e+00
6.410256e-02	1.027820e-07	1.011874e+00
6.389776e-02	1.018035e-07	9.993270e-01
6.369427e-02	1.007263e-07	9.873161e-01
6.349206e-02	9.955356e-08	9.759738e-01
6.329114e-02	9.828909e-08	9.654086e-01
6.309148e-02	9.693701e-08	9.556529e-01
6.289308e-02	9.550183e-08	9.466365e-01
6.269592e-02	9.398841e-08	9.381974e-01
6.250000e-02	9.240194e-08	9.301316e-01
6.230530e-02	9.074792e-08	9.222588e-01
6.211180e-02	8.903227e-08	9.144676e-01
6.191950e-02	8.726121e-08	9.067181e-01
6.172840e-02	8.544131e-08	8.990117e-01
6.153846e-02	8.357935e-08	8.913486e-01
6.134969e-02	8.168228e-08	8.836947e-01
6.116208e-02	7.975683e-08	8.759776e-01
6.097561e-02	7.780900e-08	8.681140e-01
6.079027e-02	7.584371e-08	8.600547e-01
6.060606e-02	7.386490e-08	8.518169e-01
6.042296e-02	7.187602e-08	8.434858e-01
6.024096e-02	6.988050e-08	8.351941e-01
6.006006e-02	6.788181e-08	8.270933e-01
5.988024e-02	6.588317e-08	8.193311e-01
5.970149e-02	6.388710e-08	8.120353e-01
5.952381e-02	6.189497e-08	8.053061e-01
5.934718e-02	5.990693e-08	7.992130e-01
5.917160e-02	5.792194e-08	7.937974e-01
5.899705e-02	5.593811e-08	7.890792e-01
5.882353e-02	5.395319e-08	7.850637e-01
5.865103e-02	5.196509e-08	7.817444e-01
5.847953e-02	4.997239e-08	7.791008e-01
5.830904e-02	4.797473e-08	7.770937e-01
5.813953e-02	4.597316e-08	7.756607e-01
5.797101e-02	4.397025e-08	7.747162e-01
5.780347e-02	4.197030e-08	7.741539e-01
5.763689e-02	3.997933e-08	7.738528e-01
5.747126e-02	3.800498e-08	7.736836e-01
5.730659e-02	3.605600e-08	7.735168e-01
5.714286e-02	3.414130e-08	7.732299e-01
5.698006e-02	3.226879e-08	7.727155e-01
5.681818e-02	3.044425e-08	7.718853e-01
5.665722e-02	2.867070e-08	7.706732e-01
5.649718e-02	2.694823e-08	7.690350e-01
5.633803e-02	2.527447e-08	7.669459e-01
5.617978e-02	2.364526e-08	7.643967e-01
5.602241e-02	2.205561e-08	7.613899e-01
5.586592e-02	2.050061e-08	7.579370e-01
5.571031e-02	1.897630e-08	7.540570e-01
5.555556e-02	1.748036e-08	7.497776e-01
5.540166e-02	1.601264e-08	7.451352e-01
5.524862e-02	1.457513e-08	7.401740e-01
5.509642e-02	1.317160e-08	7.349415e-01
5.494505e-02	1.180661e-08	7.294820e-01
5.479452e-02	1.048434e-08	7.238301e-01
5.464481e-02	9.207067e-09	7.180066e-01
5.449591e-02	7.973937e-09	7.120179e-01
5.434783e-02	6.780171e-09	7.058568e-01
5.420054e-02	5.617332e-09	6.995073e-01
5.405405e-02	4.474839e-09	6.929566e-01
5.390836e-02	3.342322e-09	6.862134e-01
5.376344e-02	2.211692e-09	6.793237e-01
5.361930e-02	1.077927e-09	6.723720e-01
5.347594e-02	-6.147743e-11	6.654652e-01
5.333333e-02	-1.207644e-09	6.587074e-01
5.319149e-02	-2.361256e-09	6.521779e-01
5.305040e-02	-3.523031e-09	6.459208e-01
5.291005e-02	-4.693800e-09	6.399433e-01
5.277045e-02	-5.874410e-09	6.342208e-01
5.263158e-02	-7.065581e-09	6.287026e-01
5.249344e-02	-8.267737e-09	6.233179e-01
5.235602e-02	-9.480633e-09	6.179839e-01
5.221932e-02	-1.070273e-08	6.126219e-01
5.208333e-02	-1.193064e-08	6.071782e-01
5.194805e-02	-1.315920e-08	6.016359e-01
5.181347e-02	-1.438213e-08	5.960076e-01
5.167959e-02	-1.559289e-08	5.903190e-01
5.154639e-02	-1.678532e-08	5.845956e-01
5.141388e-02	-1.795389e-08	5.788583e-01
5.128205e-02	-1.909387e-08	5.731231e-01
5.115090e-02	-2.020130e-08	5.674038e-01
5.102041e-02	-2.127298e-08	5.617135e-01
5.089059e-02	-2.230642e-08	5.560658e-01
5.076142e-02	-2.329974e-08	5.504761e-01
5.063291e-02	-2.425160e-08	5.449622e-01
5.050505e-02	-2.516109e-08	5.395445e-01
5.037783e-02	-2.602765e-08	5.342465e-01
5.025126e-02	-2.685098e-08	5.290936e-01
5.012531e-02	-2.763099e-08	5.241123e-01
5.000000e-02	-2.836776e-08	5.193288e-01
4.987531e-02	-2.906154e-08	5.147676e-01
4.975124e-02	-2.971279e-08	5.104508e-01
4.962779e-02	-3.032224e-08	5.063969e-01
4.950495e-02	-3.089095e-08	5.026207e-01
4.938272e-02	-3.142028e-08	4.991354e-01
4.926108e-02	-3.191175e-08	4.959547e-01
4.914005e-02	-3.236680e-08	4.930962e-01
4.901961e-02	-3.278656e-08	4.905829e-01
4.889976e-02	-3.317162e-08	4.884441e-01
4.878049e-02	-3.352197e-08	4.867146e-01
4.866180e-02	-3.383699e-08	4.854342e-01
4.854369e-02	-3.411540e-08	4.846479e-01
4.842615e-02	-3.435534e-08	4.844040e-01
4.830918e-02	-3.455443e-08	4.847537e-01
4.819277e-02	-3.470981e-08	4.857491e-01
4.807692e-02	-3.481829e-08	4.874399e-01
4.796163e-02	-3.487659e-08	4.898701e-01
4.784689e-02	-3.488165e-08	4.930726e-01
4.773270e-02	-3.483105e-08	4.970628e-01
4.761905e-02	-3.472364e-08	5.018317e-01
4.750594e-02	-3.456026e-08	5.073385e-01
4.739336e-02	-3.434455e-08	5.135039e-01
4.728132e-02	-3.408361e-08	5.202040e-01
4.716981e-02	-3.378821e-08	5.272662e-01
4.705882e-02	-3.347244e-08	5.344671e-01
4.694836e-02	-3.315253e-08	5.415357e-01
4.683841e-02	-3.284483e-08	5.481640e-01
4.672897e-02	-3.256356e-08	5.540281e-01
4.662005e-02	-3.231852e-08	5.588246e-01
4.651163e-02	-3.211400e-08	5.623144e-01
4.640371e-02	-3.194908e-08	5.643575e-01
4.629630e-02	-3.181967e-08	5.649172e-01
4.618938e-02	-3.172130e-08	5.640309e-01
4.608295e-02	-3.165130e-08	5.617727e-01
4.597701e-02	-3.160963e-08	5.582445e-01
4.587156e-02	-3.159819e-08	5.536021e-01
4.576659e-02	-3.161947e-08	5.480682e-01
4.566210e-02	-3.167509e-08	5.418940e-01
4.555809e-02	-3.176478e-08	5.353002e-01
4.545455e-02	-3.188585e-08	5.284637e-01
4.535147e-02	-3.203320e-08	5.215582e-01
4.524887e-02	-3.219980e-08	5.147897e-01
4.514673e-02	-3.237746e-08	5.083793e-01
4.504505e-02	-3.255803e-08	5.025181e-01
4.494382e-02	-3.273447e-08	4.973358e-01
4.484305e-02	-3.290149e-08	4.928873e-01
4.474273e-02	-3.305547e-08	4.891542e-01
4.464286e-02	-3.319388e-08	4.860617e-01
4.454343e-02	-3.331474e-08	4.835148e-01
4.444444e-02	-3.341633e-08	4.814397e-01
4.434590e-02	-3.349723e-08	4.798115e-01
4.424779e-02	-3.355657e-08	4.786557e-01
4.415011e-02	-3.359419e-08	4.780258e-01
4.405286e-02	-3.361056e-08	4.779714e-01
4.395604e-02	-3.360669e-08	4.785065e-01
4.385965e-02	-3.358421e-08	4.795857e-01
4.376368e-02	-3.354582e-08	4.810925e-01
4.366812e-02	-3.349596e-08	4.828561e-01
4.357298e-02	-3.344084e-08	4.847024e-01
4.347826e-02	-3.338756e-08	4.865167e-01
4.338395e-02	-3.334225e-08	4.882729e-01
4.329004e-02	-3.330848e-08	4.900054e-01
4.319654e-02	-3.328673e-08	4.917541e-01
4.310345e-02	-3.327506e-08	4.935207e-01
4.301075e-02	-3.327045e-08	4.952590e-01
4.291845e-02	-3.326962e-08	4.968890e-01
4.282655e-02	-3.326910e-08	4.983204e-01
4.273504e-02	-3.326480e-08	4.994719e-01
4.264392e-02	-3.325156e-08	5.002874e-01
4.255319e-02	-3.322335e-08	5.007509e-01
4.246285e-02	-3.317395e-08	5.008946e-01
4.237288e-02	-3.309774e-08	5.007907e-01
4.228330e-02	-3.299031e-08	5.005288e-01
4.219409e-02	-3.284869e-08	5.001915e-01
4.210526e-02	-3.267139e-08	4.998381e-01
4.201681e-02	-3.245820e-08	4.995004e-01
4.192872e-02	-3.221011e-08	4.991855e-01
4.184100e-02	-3.192905e-08	4.988837e-01
4.175365e-02	-3.161787e-08	4.985786e-01
4.166667e-02	-3.128011e-08	4.982563e-01
4.158004e-02	-3.091978e-08	4.979141e-01
4.149378e-02	-3.054103e-08	4.975615e-01
4.140787e-02	-3.014782e-08	4.972170e-01
4.132231e-02	-2.974366e-08	4.968999e-01
4.123711e-02	-2.933141e-08	4.966235e-01
4.115226e-02	-2.891326e-08	4.963917e-01
4.106776e-02	-2.849072e-08	4.961995e-01
4.098361e-02	-2.806471e-08	4.960379e-01
4.089980e-02	-2.763567e-08	4.958985e-01
4.081633e-02	-2.720367e-08	4.957790e-01
4.073320e-02	-2.676854e-08	4.956853e-01
4.065041e-02	-2.633005e-08	4.956321e-01
4.056795e-02	-2.588808e-08	4.956413e-01
4.048583e-02	-2.544280e-08	4.957391e-01
4.040404e-02	-2.499484e-08	4.959536e-01
4.032258e-02	-2.454537e-08	4.963113e-01
4.024145e-02	-2.409612e-08	4.968340e-01
4.016064e-02	-2.364935e-08	4.975359e-01
4.008016e-02	-2.320769e-08	4.984230e-01
4.000000e-02	-2.277388e-08	4.994944e-01
3.992016e-02	-2.235045e-08	5.007476e-01
3.984064e-02	-2.193944e-08	5.021833e-01
3.976143e-02	-2.154212e-08	5.038080e-01
3.968254e-02	-2.115894e-08	5.056337e-01
3.960396e-02	-2.078954e-08	5.076738e-01
3.952569e-02	-2.043293e-08	5.099384e-01
3.944773e-02	-2.008772e-08	5.124312e-01
3.937008e-02	-1.975234e-08	5.151470e-01
3.929273e-02	-1.942517e-08	5.180715e-01
3.921569e-02	-1.910472e-08	5.211807e-01
3.913894e-02	-1.878958e-08	5.244408e-01
3.906250e-02	-1.847851e-08	5.278090e-01
3.898635e-02	-1.817031e-08	5.312343e-01
3.891051e-02	-1.786373e-08	5.346611e-01
3.883495e-02	-1.755739e-08	5.380345e-01
3.875969e-02	-1.724967e-08	5.413069e-01
3.868472e-02	-1.693861e-08	5.444436e-01
3.861004e-02	-1.662184e-08	5.474253e-01
3.853565e-02	-1.629659e-08	5.502472e-01
3.846154e-02	-1.595972e-08	5.529160e-01
3.838772e-02	-1.560783e-08	5.554467e-01
3.831418e-02	-1.523748e-08	5.578622e-01
3.824092e-02	-1.484536e-08	5.601954e-01
3.816794e-02	-1.442862e-08	5.624917e-01
3.809524e-02	-1.398515e-08	5.648100e-01
3.802281e-02	-1.351375e-08	5.672182e-01
3.795066e-02	-1.301427e-08	5.697866e-01
3.787879e-02	-1.248763e-08	5.725781e-01
3.780718e-02	-1.193567e-08	5.756414e-01
3.773585e-02	-1.136106e-08	5.790053e-01
3.766478e-02	-1.076719e-08	5.826774e-01
3.759398e-02	-1.015808e-08	5.866437e-01
3.752345e-02	-9.538397e-09	5.908698e-01
3.745318e-02	-8.913403e-09	5.953039e-01
3.738318e-02	-8.288998e-09	5.998796e-01
3.731343e-02	-7.671685e-09	6.045211e-01
3.724395e-02	-7.068511e-09	6.091486e-01
3.717472e-02	-6.486952e-09	6.136853e-01
3.710575e-02	-5.934731e-09	6.180639e-01
3.703704e-02	-5.419593e-09	6.222324e-01
3.696858e-02	-4.949054e-09	6.261587e-01
3.690037e-02	-4.530151e-09	6.298322e-01
3.683241e-02	-4.169231e-09	6.332631e-01
3.676471e-02	-3.871818e-09	6.364788e-01
3.669725e-02	-3.642562e-09	6.395182e-01
3.663004e-02	-3.485279e-09	6.424248e-01
3.656307e-02	-3.403072e-09	6.452401e-01
3.649635e-02	-3.398504e-09	6.479965e-01
3.642987e-02	-3.473800e-09	6.507129e-01
3.636364e-02	-3.631042e-09	6.533928e-01
3.629764e-02	-3.872317e-09	6.560267e-01
3.623188e-02	-4.199774e-09	6.585971e-01
3.616637e-02	-4.615572e-09	6.610857e-01
3.610108e-02	-5.121686e-09	6.634774e-01
3.603604e-02	-5.719620e-09	6.657596e-01
3.597122e-02	-6.410061e-09	6.679138e-01
3.590664e-02	-7.192560e-09	6.699042e-01
3.584229e-02	-8.065318e-09	6.716658e-01
3.577818e-02	-9.025153e-09	6.731027e-01
3.571429e-02	-1.006764e-08	6.740982e-01
3.565062e-02	-1.118729e-08	6.745333e-01
3.558719e-02	-1.237776e-08	6.743039e-01
3.552398e-02	-1.363170e-08	6.733295e-01
3.546099e-02	-1.494053e-08	6.715575e-01
3.539823e-02	-1.629393e-08	6.689712e-01
3.533569e-02	-1.767948e-08	6.655979e-01
3.527337e-02	-1.908274e-08	6.615055e-01
3.521127e-02	-2.048781e-08	6.567851e-01
3.514938e-02	-2.187820e-08	6.515300e-01
3.508772e-02	-2.323783e-08	6.458248e-01
3.502627e-02	-2.455183e-08	6.397435e-01
3.496503e-02	-2.580717e-08	6.333509e-01
3.490401e-02	-2.699299e-08	6.267025e-01
3.484321e-02	-2.810052e-08	6.198497e-01
3.478261e-02	-2.912266e-08	6.128466e-01
3.472222e-02	-3.005337e-08	6.057563e-01
3.466205e-02	-3.088703e-08	5.986492e-01
3.460208e-02	-3.161812e-08	5.915969e-01
3.454231e-02	-3.224144e-08	5.846665e-01
3.448276e-02	-3.275288e-08	5.779177e-01
3.442341e-02	-3.315073e-08	5.713962e-01
3.436426e-02	-3.343689e-08	5.651150e-01
3.430532e-02	-3.361769e-08	5.590324e-01
3.424658e-02	-3.370346e-08	5.530537e-01
3.418803e-02	-3.370666e-08	5.470793e-01
3.412969e-02	-3.363944e-08	5.410752e-01
3.407155e-02	-3.351197e-08	5.351087e-01
3.401361e-02	-3.333208e-08	5.293208e-01
3.395586e-02	-3.310587e-08	5.238665e-01
3.389831e-02	-3.283843e-08	5.188684e-01
3.384095e-02	-3.253440e-08	5.144006e-01
3.378378e-02	-3.219818e-08	5.104937e-01
3.372681e-02	-3.183400e-08	5.071482e-01
3.367003e-02	-3.144597e-08	5.043467e-01
3.361345e-02	-3.103796e-08	5.020629e-01
3.355705e-02	-3.061362e-08	5.002672e-01
3.350084e-02	-3.017629e-08	4.989295e-01
3.344482e-02	-2.972901e-08	4.980210e-01
3.338898e-02	-2.927450e-08	4.975140e-01
3.333333e-02	-2.881515e-08	4.973818e-01
3.327787e-02	-2.835303e-08	4.975981e-01
3.322259e-02	-2.788995e-08	4.981364e-01
3.316750e-02	-2.742743e-08	4.989688e-01
3.311258e-02	-2.696678e-08	5.000660e-01
3.305785e-02	-2.650909e-08	5.013977e-01
3.300330e-02	-2.605529e-08	5.029334e-01
3.294893e-02	-2.560614e-08	5.046439e-01
3.289474e-02	-2.516227e-08	5.065025e-01
3.284072e-02	-2.472417e-08	5.084854e-01
3.278689e-02	-2.429221e-08	5.105715e-01
3.273322e-02	-2.386668e-08	5.127415e-01
3.267974e-02	-2.344783e-08	5.149781e-01
3.262643e-02	-2.303586e-08	5.172651e-01
3.257329e-02	-2.263100e-08	5.195883e-01
3.252033e-02	-2.223348e-08	5.219345e-01
3.246753e-02	-2.184358e-08	5.242920e-01
3.241491e-02	-2.146159e-08	5.266498e-01
3.236246e-02	-2.108782e-08	5.289975e-01
3.231018e-02	-2.072259e-08	5.313240e-01
3.225806e-02	-2.036618e-08	5.336177e-01
3.220612e-02	-2.001886e-08	5.358659e-01
3.215434e-02	-1.968082e-08	5.380546e-01
3.210273e-02	-1.935216e-08	5.401694e-01
3.205128e-02	-1.903290e-08	5.421961e-01
3.200000e-02	-1.872293e-08	5.441221e-01
3.194888e-02	-1.842203e-08	5.459380e-01
3.189793e-02	-1.812988e-08	5.476391e-01
3.184713e-02	-1.784604e-08	5.492268e-01
3.179650e-02	-1.757002e-08	5.507093e-01
3.174603e-02	-1.730134e-08	5.521014e-01
3.169572e-02	-1.703955e-08	5.534229e-01
3.164557e-02	-1.678437e-08	5.546969e-01
3.159558e-02	-1.653563e-08	5.559493e-01
3.154574e-02	-1.629325e-08	5.572099e-01
3.149606e-02	-1.605709e-08	5.585159e-01
3.144654e-02	-1.582686e-08	5.599126e-01
3.139717e-02	-1.560213e-08	5.614516e-01
3.134796e-02	-1.538229e-08	5.631864e-01
3.129890e-02	-1.516674e-08	5.651681e-01
3.125000e-02	-1.495486e-08	5.674418e-01
3.120125e-02	-1.474611e-08	5.700448e-01
3.115265e-02	-1.454013e-08	5.730015e-01
3.110420e-02	-1.433675e-08	5.763183e-01
3.105590e-02	-1.413601e-08	5.799792e-01
3.100775e-02	-1.393809e-08	5.839516e-01
3.095975e-02	-1.374315e-08	5.881996e-01
3.091190e-02	-1.355127e-08	5.926935e-01
3.086420e-02	-1.336241e-08	5.974059e-01
3.081664e-02	-1.317655e-08	6.023034e-01
3.076923e-02	-1.299366e-08	6.073420e-01
3.072197e-02	-1.281375e-08	6.124685e-01
3.067485e-02	-1.263689e-08	6.176247e-01
3.062787e-02	-1.246311e-08	6.227541e-01
3.058104e-02	-1.229248e-08	6.278065e-01
3.053435e-02	-1.212503e-08	6.327428e-01
3.048780e-02	-1.196077e-08	6.375373e-01
3.044140e-02	-1.179967e-08	6.421787e-01
3.039514e-02	-1.164173e-08	6.466697e-01
3.034901e-02	-1.148697e-08	6.510237e-01
3.030303e-02	-1.133557e-08	6.552608e-01
3.025719e-02	-1.118790e-08	6.594031e-01
3.021148e-02	-1.104459e-08	6.634731e-01
3.016591e-02	-1.090638e-08	6.674990e-01
3.012048e-02	-1.077398e-08	6.715222e-01
3.007519e-02	-1.064793e-08	6.756003e-01
3.003003e-02	-1.052860e-08	6.798038e-01
2.998501e-02	-1.041624e-08	6.842090e-01
2.994012e-02	-1.031107e-08	6.888928e-01
2.989537e-02	-1.021328e-08	6.939279e-01
2.985075e-02	-1.012306e-08	6.993793e-01
2.980626e-02	-1.004062e-08	7.052969e-01
2.976190e-02	-9.966186e-09	7.117056e-01
2.971768e-02	-9.899985e-09	7.185918e-01
2.967359e-02	-9.842257e-09	7.258886e-01
2.962963e-02	-9.793246e-09	7.334659e-01
2.958580e-02	-9.753222e-09	7.411327e-01
2.954210e-02	-9.722514e-09	7.486618e-01
2.949853e-02	-9.701586e-09	7.558382e-01
2.945508e-02	-9.691149e-09	7.625253e-01
2.941176e-02	-9.692305e-09	7.687272e-01
2.936858e-02	-9.706687e-09	7.746226e-01
2.932551e-02	-9.736569e-09	7.805503e-01
2.928258e-02	-9.784868e-09	7.869470e-01
2.923977e-02	-9.855025e-09	7.942527e-01
2.919708e-02	-9.950705e-09	8.028057e-01
2.915452e-02	-1.007535e-08	8.127491e-01
2.911208e-02	-1.023159e-08	8.239621e-01
2.906977e-02	-1.042060e-08	8.360313e-01
2.902758e-02	-1.064152e-08	8.482735e-01
2.898551e-02	-1.089101e-08	8.598190e-01
2.894356e-02	-1.116312e-08	8.697436e-01
2.890173e-02	-1.144950e-08	8.772232e-01
2.886003e-02	-1.173991e-08	8.816680e-01
2.881844e-02	-1.202296e-08	8.828015e-01
2.877698e-02	-1.228697e-08	8.806680e-01
2.873563e-02	-1.252077e-08	8.755818e-01
2.869440e-02	-1.271440e-08	8.680466e-01
2.865330e-02	-1.285949e-08	8.586781e-01
2.861230e-02	-1.294942e-08	8.481472e-01
2.857143e-02	-1.297924e-08	8.371458e-01
2.853067e-02	-1.294540e-08	8.263625e-01
2.849003e-02	-1.284543e-08	8.164584e-01
2.844950e-02	-1.267761e-08	8.080370e-01
2.840909e-02	-1.244081e-08	8.016141e-01
2.836879e-02	-1.213444e-08	7.975894e-01
2.832861e-02	-1.175860e-08	7.962237e-01
2.828854e-02	-1.131439e-08	7.976154e-01
2.824859e-02	-1.080426e-08	8.016758e-01
2.820874e-02	-1.023252e-08	8.081134e-01
2.816901e-02	-9.605574e-09	8.164481e-01
2.812940e-02	-8.932164e-09	8.260571e-01
2.808989e-02	-8.223256e-09	8.362294e-01
2.805049e-02	-7.491687e-09	8.462227e-01
2.801120e-02	-6.751554e-09	8.553305e-01
2.797203e-02	-6.017448e-09	8.629563e-01
2.793296e-02	-5.303627e-09	8.686722e-01
2.789400e-02	-4.623277e-09	8.722480e-01
2.785515e-02	-3.987902e-09	8.736493e-01
2.781641e-02	-3.406918e-09	8.730129e-01
2.777778e-02	-2.887436e-09	8.706128e-01
2.773925e-02	-2.434226e-09	8.668231e-01
2.770083e-02	-2.049805e-09	8.620813e-01
2.766252e-02	-1.734520e-09	8.568490e-01
2.762431e-02	-1.486457e-09	8.515635e-01
2.758621e-02	-1.301276e-09	8.465811e-01
2.754821e-02	-1.172673e-09	8.421513e-01
2.751032e-02	-1.093589e-09	8.384402e-01
2.747253e-02	-1.057020e-09	8.355329e-01
2.743484e-02	-1.056100e-09	8.333805e-01
2.739726e-02	-1.084062e-09	8.317554e-01
2.735978e-02	-1.134343e-09	8.302476e-01
2.732240e-02	-1.200759e-09	8.283052e-01
2.728513e-02	-1.277666e-09	8.253189e-01
2.724796e-02	-1.360018e-09	8.207463e-01
2.721088e-02	-1.443356e-09	8.142459e-01
2.717391e-02	-1.523786e-09	8.057696e-01
2.713704e-02	-1.598164e-09	7.955686e-01
2.710027e-02	-1.664483e-09	7.841063e-01
2.706360e-02	-1.721873e-09	7.719400e-01
2.702703e-02	-1.769767e-09	7.596496e-01
2.699055e-02	-1.807120e-09	7.477925e-01
2.695418e-02	-1.832457e-09	7.368367e-01
2.691790e-02	-1.844238e-09	7.271060e-01
2.688172e-02	-1.841090e-09	7.187674e-01
2.684564e-02	-1.821874e-09	7.118427e-01
2.680965e-02	-1.785690e-09	7.062265e-01
2.677376e-02	-1.731851e-09	7.017076e-01
2.673797e-02	-1.659872e-09	6.980006e-01
2.670227e-02	-1.569480e-09	6.947912e-01
2.666667e-02	-1.460637e-09	6.917920e-01
2.663116e-02	-1.333589e-09	6.887949e-01
2.659574e-02	-1.188890e-09	6.857027e-01
2.656042e-02	-1.027416e-09	6.825292e-01
2.652520e-02	-8.503496e-10	6.793698e-01
2.649007e-02	-6.591372e-10	6.763587e-01
2.645503e-02	-4.554300e-10	6.736282e-01
2.642008e-02	-2.410203e-10	6.712821e-01
2.638522e-02	-1.778277e-11	6.693846e-01
2.635046e-02	2.123784e-10	6.679610e-01
2.631579e-02	4.475704e-10	6.670060e-01
2.628121e-02	6.859397e-10	6.664924e-01
2.624672e-02	9.256933e-10	6.663801e-01
2.621232e-02	1.165108e-09	6.666217e-01
2.617801e-02	1.402534e-09	6.671667e-01
2.614379e-02	1.636393e-09	6.679634e-01
2.610966e-02	1.865172e-09	6.689597e-01
2.607562e-02	2.087427e-09	6.701043e-01
2.604167e-02	2.301780e-09	6.713461e-01
2.600780e-02	2.506934e-09	6.726359e-01
2.597403e-02	2.701692e-09	6.739263e-01
2.594034e-02	2.884989e-09	6.751730e-01
2.590674e-02	3.055933e-09	6.763364e-01
2.587322e-02	3.213865e-09	6.773834e-01
2.583979e-02	3.358413e-09	6.782893e-01
2.580645e-02	3.489548e-09	6.790417e-01
2.577320e-02	3.607582e-09	6.796417e-01
2.574003e-02	3.713009e-09	6.800989e-01
2.570694e-02	3.806106e-09	6.804131e-01
2.567394e-02	3.886623e-09	6.805567e-01
2.564103e-02	3.954169e-09	6.805012e-01
2.560819e-02	4.008970e-09	6.802735e-01
2.557545e-02	4.052058e-09	6.799620e-01
2.554278e-02	4.084981e-09	6.796766e-01
2.551020e-02	4.109519e-09	6.795217e-01
2.547771e-02	4.127541e-09	6.795919e-01
2.544529e-02	4.140926e-09	6.799743e-01
2.541296e-02	4.151517e-09	6.807498e-01
2.538071e-02	4.161068e-09	6.819916e-01
2.534854e-02	4.171201e-09	6.837610e-01
2.531646e-02	4.183352e-09	6.861013e-01
2.528445e-02	4.198718e-09	6.890314e-01
2.525253e-02	4.218209e-09	6.925387e-01
2.522068e-02	4.242410e-09	6.965738e-01
2.518892e-02	4.271544e-09	7.010480e-01
2.515723e-02	4.305441e-09	7.058347e-01
2.512563e-02	4.343509e-09	7.107773e-01
2.509410e-02	4.384716e-09	7.157006e-01
2.506266e-02	4.427591e-09	7.204265e-01
2.503129e-02	4.470267e-09	7.247899e-01
2.500000e-02	4.510602e-09	7.286521e-01
2.496879e-02	4.546374e-09	7.319097e-01
2.493766e-02	4.575563e-09	7.344987e-01
2.490660e-02	4.596651e-09	7.363931e-01
2.487562e-02	4.608882e-09	7.376009e-01
2.484472e-02	4.612380e-09	7.381563e-01
2.481390e-02	4.608088e-09	7.381118e-01
2.478315e-02	4.597507e-09	7.375304e-01
2.475248e-02	4.582305e-09	7.364796e-01
2.472188e-02	4.563879e-09	7.350285e-01
2.469136e-02	4.542986e-09	7.332498e-01
2.466091e-02	4.519518e-09	7.312245e-01
2.463054e-02	4.492473e-09	7.290484e-01
2.460025e-02	4.460118e-09	7.268377e-01
2.457002e-02	4.420283e-09	7.247290e-01
2.453988e-02	4.370717e-09	7.228751e-01
2.450980e-02	4.309406e-09	7.214356e-01
2.447980e-02	4.222743e-09	8.924985e-01
2.444988e-02	4.130957e-09	8.493111e-01
2.442002e-02	4.025569e-09	8.186251e-01
2.439024e-02	3.907670e-09	7.969664e-01
2.436054e-02	3.779782e-09	7.821946e-01
2.433090e-02	3.646152e-09	7.727210e-01
2.430134e-02	3.513011e-09	7.673087e-01
2.427184e-02	3.387649e-09	9.400095e-01
2.424242e-02	3.280450e-09	8.957273e-01
2.421308e-02	3.200321e-09	8.648382e-01
2.418380e-02	3.154344e-09	8.426768e-01
2.415459e-02	3.146008e-09	8.263132e-01
2.412545e-02	3.174210e-09	8.135335e-01
2.409639e-02	3.231040e-09	8.132134e-01
2.406739e-02	3.478615e-09	1.020066e+00
2.403846e-02	3.541443e-09	9.582597e-01
2.400960e-02	3.599580e-09	9.073342e-01
2.398082e-02	3.640166e-09	8.657328e-01
2.395210e-02	3.654615e-09	8.310914e-01
2.392344e-02	3.639391e-09	8.019158e-01
2.389486e-02	3.595322e-09	7.772533e-01
2.386635e-02	3.525899e-09	7.564784e-01
2.383790e-02	3.435662e-09	7.391627e-01
2.380952e-02	3.329212e-09	7.249878e-01
2.378121e-02	3.210720e-09	7.136891e-01
2.375297e-02	3.083721e-09	7.050305e-01
2.372479e-02	2.950902e-09	6.987958e-01
2.369668e-02	2.813859e-09	6.947804e-01
2.366864e-02	2.859276e-09	7.120212e-01
2.364066e-02	2.679885e-09	7.080839e-01
2.361275e-02	2.503101e-09	7.065207e-01
2.358491e-02	2.329696e-09	7.068445e-01
2.355713e-02	2.163377e-09	7.086124e-01
2.352941e-02	2.011535e-09	7.113567e-01
2.350176e-02	1.883964e-09	7.146494e-01
2.347418e-02	1.789441e-09	7.182072e-01
2.344666e-02	1.732835e-09	7.219107e-01
2.341920e-02	1.714334e-09	7.257031e-01
2.339181e-02	1.730302e-09	7.294759e-01
2.336449e-02	1.774745e-09	7.330139e-01
2.333722e-02	1.840668e-09	7.360025e-01
2.331002e-02	1.921011e-09	7.380726e-01
2.328289e-02	2.009177e-09	7.388631e-01
2.325581e-02	2.099307e-09	7.380861e-01
2.322880e-02	2.186399e-09	7.355823e-01
2.320186e-02	2.266361e-09	7.313524e-01
2.317497e-02	2.336022e-09	7.255570e-01
2.314815e-02	2.393119e-09	7.184880e-01
2.312139e-02	2.436270e-09	7.105190e-01
2.309469e-02	2.464897e-09	7.020528e-01
2.306805e-02	2.479028e-09	6.934716e-01
2.304147e-02	2.671331e-09	7.035999e-01
2.301496e-02	2.617730e-09	6.923615e-01
2.298851e-02	2.557930e-09	6.822685e-01
2.296211e-02	2.492189e-09	6.734566e-01
2.293578e-02	2.421105e-09	6.658814e-01
2.290951e-02	2.325337e-09	7.739732e-01
2.288330e-02	2.253346e-09	8.446911e-01
2.285714e-02	2.175415e-09	7.947544e-01
2.283105e-02	2.094588e-09	7.572476e-01
2.280502e-02	2.011838e-09	7.288895e-01
2.277904e-02	1.927996e-09	7.072536e-01
2.275313e-02	1.843766e-09	6.905302e-01
2.272727e-02	1.759731e-09	6.773642e-01
2.270148e-02	1.676367e-09	6.667466e-01
2.267574e-02	1.594059e-09	6.579388e-01
2.265006e-02	1.513108e-09	6.504170e-01
2.262443e-02	1.433745e-09	6.438261e-01
2.259887e-02	1.356138e-09	6.379398e-01
2.257336e-02	1.280401e-09	6.326239e-01
2.254791e-02	1.206600e-09	6.278055e-01
2.252252e-02	1.134757e-09	6.234475e-01
2.249719e-02	1.064865e-09	6.195309e-01
2.247191e-02	9.968846e-10	6.160424e-01
2.244669e-02	9.307614e-10	6.129687e-01
2.242152e-02	8.664273e-10	6.102927e-01
2.239642e-02	8.038084e-10	6.079935e-01
2.237136e-02	7.428318e-10	6.060473e-01
2.234637e-02	6.834301e-10	6.044280e-01
2.232143e-02	6.255445e-10	6.031088e-01
2.229654e-02	5.691303e-10	6.020633e-01
2.227171e-02	5.141572e-10	6.012662e-01
2.224694e-02	4.606139e-10	6.006935e-01
2.222222e-02	4.085063e-10	6.003232e-01
2.219756e-02	3.578607e-10	6.001351e-01
2.217295e-02	3.087222e-10	6.001110e-01
2.214839e-02	2.611543e-10	6.002344e-01
2.212389e-02	2.152375e-10	6.004902e-01
2.209945e-02	1.710677e-10	6.008652e-01
2.207506e-02	1.287552e-10	6.013474e-01
2.205072e-02	8.842275e-11	6.019266e-01
2.202643e-02	5.020704e-11	6.025943e-01
2.200220e-02	1.425888e-11	6.033439e-01
2.197802e-02	-1.925533e-11	6.041711e-01
2.195390e-02	-5.015166e-11	6.050736e-01
2.192982e-02	-7.822995e-11	6.060507e-01
2.190581e-02	-1.032775e-10	6.071025e-01
2.188184e-02	-1.250815e-10	6.082276e-01
2.185792e-02	-1.434476e-10	6.094192e-01
2.183406e-02	-1.582175e-10	6.106642e-01
2.181025e-02	-1.692750e-10	6.119476e-01
2.178649e-02	-1.765195e-10	6.132618e-01
2.176279e-02	-1.798353e-10	6.146097e-01
2.173913e-02	-1.790749e-10	6.160009e-01
2.171553e-02	-1.740678e-10	6.174446e-01
2.169197e-02	-1.646396e-10	6.189478e-01
2.166847e-02	-1.506307e-10	6.205150e-01
2.164502e-02	-1.319075e-10	6.221501e-01
2.162162e-02	-1.083687e-10	6.238576e-01
2.159827e-02	-7.994471e-11	6.256432e-01
2.157497e-02	-4.659678e-11	6.275136e-01
2.155172e-02	-8.311608e-12	6.294748e-01
2.152853e-02	3.490216e-11	6.315296e-01
2.150538e-02	8.301731e-11	6.336751e-01
2.148228e-02	1.359831e-10	6.359076e-01
2.145923e-02	1.937115e-10	6.382322e-01
2.143623e-02	2.560676e-10	6.406681e-01
2.141328e-02	3.228675e-10	6.432443e-01
2.139037e-02	3.938870e-10	6.459924e-01
2.136752e-02	4.688708e-10	6.489420e-01
2.134472e-02	5.475408e-10	6.521206e-01
2.132196e-02	6.295996e-10	6.555538e-01
2.129925e-02	7.147346e-10	6.592650e-01
2.127660e-02	8.026193e-10	6.632743e-01
2.125399e-02	8.929153e-10	6.675953e-01
2.123142e-02	9.852751e-10	6.722312e-01
2.120891e-02	1.079345e-09	6.771701e-01
2.118644e-02	1.174767e-09	6.823800e-01
2.116402e-02	1.271185e-09	6.878031e-01
2.114165e-02	1.368244e-09	6.933531e-01
2.111932e-02	1.465596e-09	6.989144e-01
2.109705e-02	1.562900e-09	7.043471e-01
2.107482e-02	1.659824e-09	7.094969e-01
2.105263e-02	1.756045e-09	7.142109e-01
2.103049e-02	1.851252e-09	7.183576e-01
2.100840e-02	1.945141e-09	7.218470e-01
2.098636e-02	2.037419e-09	7.246467e-01
2.096436e-02	2.127803e-09	7.267905e-01
2.094241e-02	2.216022e-09	7.283770e-01
2.092050e-02	2.301816e-09	7.295578e-01
2.089864e-02	2.384942e-09	7.305193e-01
2.087683e-02	2.465180e-09	7.314609e-01
2.085506e-02	2.542333e-09	7.325730e-01
2.083333e-02	2.616242e-09	7.340183e-01
2.081165e-02	2.686790e-09	7.359175e-01
2.079002e-02	2.753918e-09	7.383382e-01
2.076843e-02	2.817635e-09	7.412903e-01
2.074689e-02	2.878028e-09	7.447254e-01
2.072539e-02	2.935270e-09	7.485425e-01
2.070393e-02	2.989621e-09	7.526007e-01
2.068252e-02	3.041418e-09	7.567386e-01
2.066116e-02	3.091056e-09	7.607982e-01
2.063983e-02	3.138957e-09	7.646492e-01
2.061856e-02	3.185544e-09	7.682090e-01
2.059732e-02	3.231200e-09	7.714536e-01
2.057613e-02	3.276246e-09	7.744181e-01
2.055498e-02	3.320923e-09	7.771883e-01
2.053388e-02	3.365381e-09	7.798869e-01
2.051282e-02	3.409685e-09	7.826584e-01
2.049180e-02	3.453818e-09	7.856535e-01
2.047083e-02	3.497695e-09	7.890141e-01
2.044990e-02	3.541177e-09	7.928563e-01
2.042901e-02	3.584070e-09	7.972511e-01
2.040816e-02	3.626142e-09	8.022035e-01
2.038736e-02	3.667115e-09	8.076327e-01
2.036660e-02	3.706674e-09	8.133596e-01
2.034588e-02	3.744465e-09	8.191075e-01
2.032520e-02	3.780104e-09	8.245203e-01
2.030457e-02	3.813189e-09	8.291988e-01
2.028398e-02	3.843323e-09	8.327493e-01
2.026342e-02	3.870131e-09	8.348349e-01
2.024291e-02	3.893291e-09	8.352197e-01
2.022245e-02	3.912547e-09	8.337981e-01
2.020202e-02	3.927720e-09	8.306048e-01
2.018163e-02	3.938711e-09	8.258080e-01
2.016129e-02	3.945491e-09	8.196856e-01
2.014099e-02	3.948082e-09	8.125921e-01
2.012072e-02	3.946545e-09	8.049178e-01
2.010050e-02	3.940960e-09	7.970487e-01
2.008032e-02	3.931411e-09	7.893305e-01
2.006018e-02	3.917977e-09	7.820415e-01
2.004008e-02	3.900730e-09	7.753765e-01
2.002002e-02	3.879734e-09	7.694424e-01
2.000000e-02	3.855049e-09	7.642644e-01
1.998002e-02	3.826741e-09	7.598005e-01
1.996008e-02	3.794888e-09	7.559635e-01
1.994018e-02	3.759583e-09	7.526431e-01
1.992032e-02	3.720942e-09	7.497274e-01
1.990050e-02	3.679102e-09	7.471158e-01
1.988072e-02	3.634219e-09	7.447226e-01
1.986097e-02	3.586459e-09	7.424715e-01
1.984127e-02	3.535997e-09	7.402837e-01
1.982161e-02	3.483000e-09	7.380684e-01
1.980198e-02	3.427627e-09	7.357194e-01
1.978239e-02	3.370021e-09	7.331239e-01
1.976285e-02	3.310300e-09	7.301807e-01
1.974334e-02	3.248559e-09	7.268226e-01
1.972387e-02	3.184868e-09	7.230339e-01
1.970443e-02	3.119273e-09	7.188573e-01
1.968504e-02	3.051797e-09	7.143868e-01
1.966568e-02	2.982449e-09	7.097499e-01
1.964637e-02	2.911220e-09	7.050864e-01
1.962709e-02	2.838093e-09	7.005281e-01
1.960784e-02	2.763044e-09	6.961851e-01
1.958864e-02	2.686046e-09	6.921387e-01
1.956947e-02	2.607071e-09	6.884405e-01
1.955034e-02	2.526091e-09	6.851158e-01
1.953125e-02	2.443083e-09	6.821686e-01
1.951220e-02	2.358028e-09	6.795873e-01
1.949318e-02	2.270914e-09	6.773500e-01
1.947420e-02	2.181735e-09	6.754289e-01
1.945525e-02	2.090493e-09	6.737934e-01
1.943635e-02	1.997199e-09	6.724123e-01
1.941748e-02	1.901871e-09	6.712557e-01
1.939864e-02	1.804538e-09	6.702957e-01
1.937984e-02	1.705238e-09	6.695068e-01
1.936108e-02	1.604017e-09	6.688664e-01
1.934236e-02	1.500929e-09	6.683545e-01
1.932367e-02	1.396038e-09	6.679535e-01
1.930502e-02	1.289415e-09	6.676484e-01
1.928640e-02	1.181137e-09	6.674263e-01
1.926782e-02	1.071290e-09	6.672761e-01
1.924928e-02	9.599620e-10	6.671884e-01
1.923077e-02	8.472491e-10	6.671554e-01
1.921230e-02	7.332494e-10	6.671703e-01
1.919386e-02	6.180642e-10	6.672276e-01
1.917546e-02	5.017973e-10	6.673226e-01
1.915709e-02	3.845530e-10	6.674513e-01
1.913876e-02	2.664363e-10	6.676105e-01
1.912046e-02	1.475516e-10	6.677975e-01
1.910220e-02	2.800159e-11	6.680100e-01
1.908397e-02	-9.211202e-11	6.682460e-01
1.906578e-02	-2.126913e-10	6.685041e-01
1.904762e-02	-3.336409e-10	6.687829e-01
1.902950e-02	-4.548690e-10	6.690812e-01
1.901141e-02	-5.762886e-10	6.693981e-01
1.899335e-02	-6.978168e-10	6.697329e-01
1.897533e-02	-8.193756e-10	6.700848e-01
1.895735e-02	-9.408925e-10	6.704532e-01
1.893939e-02	-1.062300e-09	6.708377e-01
1.892148e-02	-1.183536e-09	6.712378e-01
1.890359e-02	-1.304544e-09	6.716530e-01
1.888574e-02	-1.425275e-09	6.720832e-01
1.886792e-02	-1.545684e-09	6.725279e-01
1.885014e-02	-1.665732e-09	6.729868e-01
1.883239e-02	-1.785386e-09	6.734598e-01
1.881468e-02	-1.904622e-09	6.739466e-01
1.879699e-02	-2.023417e-09	6.744470e-01
1.877934e-02	-2.141757e-09	6.749609e-01
1.876173e-02	-2.259635e-09	6.754881e-01
1.874414e-02	-2.377047e-09	6.760285e-01
1.872659e-02	-2.493999e-09	6.765820e-01
1.870907e-02	-2.610499e-09	6.771485e-01
1.869159e-02	-2.726564e-09	6.777281e-01
1.867414e-02	-2.842216e-09	6.783205e-01
1.865672e-02	-2.957482e-09	6.789259e-01
1.863933e-02	-3.072398e-09	6.795443e-01
1.862197e-02	-3.187002e-09	6.801756e-01
1.860465e-02	-3.301342e-09	6.808199e-01
1.858736e-02	-3.415470e-09	6.814773e-01
1.857010e-02	-3.529443e-09	6.821478e-01
1.855288e-02	-3.643327e-09	6.828316e-01
1.853568e-02	-3.757190e-09	6.835286e-01
1.851852e-02	-3.871107e-09	6.842392e-01
1.850139e-02	-3.985160e-09	6.849633e-01
1.848429e-02	-4.099434e-09	6.857011e-01
1.846722e-02	-4.214020e-09	6.864527e-01
1.845018e-02	-4.329012e-09	6.872184e-01
1.843318e-02	-4.444510e-09	6.879982e-01
1.841621e-02	-4.560614e-09	6.887923e-01
1.839926e-02	-4.677430e-09	6.896009e-01
1.838235e-02	-4.795063e-09	6.904240e-01
1.836547e-02	-4.913619e-09	6.912620e-01
1.834862e-02	-5.033204e-09	6.921148e-01
1.833181e-02	-5.153921e-09	6.929827e-01
1.831502e-02	-5.275867e-09	6.938659e-01
1.829826e-02	-5.399136e-09	6.947645e-01
1.828154e-02	-5.523811e-09	6.956788e-01
1.826484e-02	-5.649963e-09	6.966090e-01
1.824818e-02	-5.777651e-09	6.975554e-01
1.823154e-02	-5.906911e-09	6.985184e-01
1.821494e-02	-6.037761e-09	6.994984e-01
1.819836e-02	-6.170191e-09	7.004960e-01
1.818182e-02	-6.304159e-09	7.015120e-01
1.816530e-02	-6.439586e-09	7.025474e-01
1.814882e-02	-6.576352e-09	7.036032e-01
1.813237e-02	-6.714292e-09	7.046810e-01
1.811594e-02	-6.853187e-09	7.057824e-01
1.809955e-02	-6.992764e-09	7.069094e-01
1.808318e-02	-7.132695e-09	7.080642e-01
1.806685e-02	-7.272596e-09	7.092493e-01
1.805054e-02	-7.412034e-09	7.104667e-01
1.803427e-02	-7.550541e-09	7.117185e-01
1.801802e-02	-7.687628e-09	7.130056e-01
1.800180e-02	-7.822818e-09	7.143274e-01
1.798561e-02	-7.955684e-09	7.156812e-01
1.796945e-02	-8.085891e-09	7.170609e-01
1.795332e-02	-8.213250e-09	7.184567e-01
1.793722e-02	-8.337765e-09	7.198542e-01
1.792115e-02	-8.459659e-09	7.212352e-01
1.790510e-02	-8.579383e-09	7.225784e-01
1.788909e-02	-8.697576e-09	7.238618e-01
1.787310e-02	-8.814987e-09	7.250652e-01
1.785714e-02	-8.932358e-09	7.261737e-01
1.784121e-02	-9.050288e-09	7.271795e-01
1.782531e-02	-9.169105e-09	7.280834e-01
1.780944e-02	-9.288766e-09	7.288939e-01
1.779359e-02	-9.408808e-09	7.296261e-01
1.777778e-02	-9.528362e-09	7.302983e-01
1.776199e-02	-9.646210e-09	7.309297e-01
1.774623e-02	-9.760873e-09	7.315382e-01
1.773050e-02	-9.870726e-09	7.321388e-01
1.771479e-02	-9.974098e-09	7.327424e-01
1.769912e-02	-1.006936e-08	7.333566e-01
1.768347e-02	-1.015501e-08	7.339849e-01
1.766784e-02	-1.022971e-08	7.346280e-01
1.765225e-02	-1.029231e-08	7.352841e-01
1.763668e-02	-1.034188e-08	7.359493e-01
1.762115e-02	-1.037770e-08	7.366186e-01
1.760563e-02	-1.039926e-08	7.372862e-01
1.759015e-02	-1.040621e-08	7.379460e-01
1.757469e-02	-1.039843e-08	7.385926e-01
1.755926e-02	-1.037592e-08	7.392210e-01
1.754386e-02	-1.033883e-08	7.398279e-01
1.752848e-02	-1.028745e-08	7.404112e-01
1.751313e-02	-1.022218e-08	7.409702e-01
1.749781e-02	-1.014352e-08	7.415060e-01
1.748252e-02	-1.005205e-08	7.420203e-01
1.746725e-02	-9.948417e-09	7.425159e-01
1.745201e-02	-9.833348e-09	7.429957e-01
1.743679e-02	-9.707606e-09	7.434624e-01
1.742160e-02	-9.572000e-09	7.439187e-01
1.740644e-02	-9.427368e-09	7.443663e-01
1.739130e-02	-9.274573e-09	7.448066e-01
1.737619e-02	-9.114492e-09	7.452403e-01
1.736111e-02	-8.948009e-09	7.456675e-01
1.734605e-02	-8.776008e-09	7.460881e-01
1.733102e-02	-8.599369e-09	7.465019e-01
1.731602e-02	-8.418953e-09	7.469089e-01
1.730104e-02	-8.235609e-09	7.473095e-01
1.728608e-02	-8.050157e-09	7.477046e-01
1.727116e-02	-7.863391e-09	7.480960e-01
1.725626e-02	-7.676068e-09	7.484861e-01
1.724138e-02	-7.488911e-09	7.488782e-01
1.722653e-02	-7.302604e-09	7.492760e-01
1.721170e-02	-7.117784e-09	7.496837e-01
1.719690e-02	-6.935049e-09	7.501056e-01
1.718213e-02	-6.754947e-09	7.505457e-01
1.716738e-02	-6.577985e-09	7.510078e-01
1.715266e-02	-6.404621e-09	7.514950e-01
1.713796e-02	-6.235268e-09	7.520097e-01
1.712329e-02	-6.070297e-09	7.525535e-01
1.710864e-02	-5.910035e-09	7.531271e-01
1.709402e-02	-5.754770e-09	7.537308e-01
1.707942e-02	-5.604749e-09	7.543642e-01
1.706485e-02	-5.460186e-09	7.550267e-01
1.705030e-02	-5.321259e-09	7.557176e-01
1.703578e-02	-5.188119e-09	7.564367e-01
1.702128e-02	-5.060887e-09	7.571842e-01
1.700680e-02	-4.939658e-09	7.579607e-01
1.699235e-02	-4.824507e-09	7.587676e-01
1.697793e-02	-4.715488e-09	7.596062e-01
1.696353e-02	-4.612640e-09	7.604774e-01
1.694915e-02	-4.515987e-09	7.613813e-01
1.693480e-02	-4.425539e-09	7.623170e-01
1.692047e-02	-4.341294e-09	7.632844e-01
1.690617e-02	-4.263235e-09	7.642861e-01
1.689189e-02	-4.191333e-09	7.653290e-01
1.687764e-02	-4.125544e-09	7.664223e-01
1.686341e-02	-4.065824e-09	7.675702e-01
1.684920e-02	-4.012139e-09	7.687657e-01
1.683502e-02	-3.964485e-09	7.699947e-01
1.682086e-02	-3.922888e-09	7.712521e-01
1.680672e-02	-3.887388e-09	7.725476e-01
1.679261e-02	-3.856291e-09	9.305771e-01
1.677852e-02	-3.833044e-09	8.956509e-01
1.676446e-02	-3.815823e-09	8.677223e-01
1.675042e-02	-3.804558e-09	8.475343e-01
1.673640e-02	-3.799151e-09	8.329923e-01
1.672241e-02	-3.799485e-09	8.225975e-01
1.670844e-02	-3.805426e-09	8.152729e-01
1.669449e-02	-3.816833e-09	8.102395e-01
1.668057e-02	-3.833582e-09	8.069257e-01
1.666667e-02	-3.846647e-09	8.247052e-01
1.665279e-02	-3.876037e-09	8.350607e-01
1.663894e-02	-3.910245e-09	8.259742e-01
1.662510e-02	-3.949456e-09	8.198908e-01
1.661130e-02	-3.993776e-09	8.159672e-01
1.659751e-02	-4.043252e-09	8.136368e-01
1.658375e-02	-4.097889e-09	8.125043e-01
1.657001e-02	-4.157658e-09	8.122834e-01
1.655629e-02	-4.222499e-09	8.127615e-01
1.654260e-02	-4.292326e-09	8.137817e-01
1.652893e-02	-4.367022e-09	8.152320e-01
1.651528e-02	-4.446442e-09	8.170310e-01
1.650165e-02	-4.530415e-09	8.191154e-01
1.648805e-02	-4.618740e-09	8.214350e-01
1.647446e-02	-4.711190e-09	8.239532e-01
1.646091e-02	-4.807510e-09	8.266427e-01
1.644737e-02	-4.907415e-09	8.294815e-01
1.643385e-02	-5.010594e-09	8.324508e-01
1.642036e-02	-5.116707e-09	8.355349e-01
1.640689e-02	-5.225388e-09	8.387198e-01
1.639344e-02	-5.336246e-09	8.419933e-01
1.638002e-02	-5.448868e-09	8.453443e-01
1.636661e-02	-5.562818e-09	8.487627e-01
1.635323e-02	-5.677652e-09	8.522396e-01
1.633987e-02	-5.792912e-09	8.557671e-01
1.632653e-02	-5.908140e-09	8.593378e-01
1.631321e-02	-6.022881e-09	8.629447e-01
1.629992e-02	-6.136683e-09	8.665792e-01
1.628664e-02	-6.249108e-09	8.702297e-01
1.627339e-02	-6.359730e-09	8.738822e-01
1.626016e-02	-6.468150e-09	8.775235e-01
1.624695e-02	-6.574006e-09	8.811454e-01
1.623377e-02	-6.718055e-09	1.054579e+00
1.622060e-02	-6.807142e-09	1.012845e+00
1.620746e-02	-6.894501e-09	9.829019e-01
1.619433e-02	-6.979755e-09	9.621423e-01
1.618123e-02	-7.062651e-09	9.479070e-01
1.616815e-02	-7.143066e-09	9.383348e-01
1.615509e-02	-7.221011e-09	9.321117e-01
1.614205e-02	-7.296604e-09	9.283030e-01
1.612903e-02	-7.370029e-09	9.262460e-01
1.611604e-02	-7.441528e-09	9.254707e-01
1.610306e-02	-7.511401e-09	9.256399e-01
1.609010e-02	-7.579994e-09	9.265102e-01
1.607717e-02	-7.647676e-09	9.279057e-01
1.606426e-02	-7.714832e-09	9.296990e-01
1.605136e-02	-7.781839e-09	9.317973e-01
1.603849e-02	-7.849061e-09	9.341329e-01
1.602564e-02	-7.916830e-09	9.366557e-01
1.601281e-02	-7.985441e-09	9.393283e-01
1.600000e-02	-8.055140e-09	9.421222e-01
1.598721e-02	-8.126120e-09	9.450150e-01
1.597444e-02	-8.198515e-09	9.479890e-01
1.596169e-02	-8.272400e-09	9.510290e-01
1.594896e-02	-8.347786e-09	9.541222e-01
1.593625e-02	-8.424623e-09	9.572568e-01
1.592357e-02	-8.502801e-09	9.604220e-01
1.591090e-02	-8.582156e-09	9.636076e-01
1.589825e-02	-8.662471e-09	9.668037e-01
1.588562e-02	-8.743480e-09	9.700008e-01
1.587302e-02	-8.824881e-09	9.731899e-01
1.586043e-02	-8.906335e-09	9.763620e-01
1.584786e-02	-8.987474e-09	9.795090e-01
1.583531e-02	-9.067913e-09	9.826231e-01
1.582278e-02	-9.147249e-09	9.856973e-01
1.581028e-02	-9.225075e-09	9.887254e-01
1.579779e-02	-9.300984e-09	9.917020e-01
1.578532e-02	-9.374572e-09	9.946232e-01
1.577287e-02	-9.445450e-09	9.974859e-01
1.576044e-02	-9.513247e-09	1.000289e+00
1.574803e-02	-9.577612e-09	1.003031e+00
1.573564e-02	-9.638222e-09	1.005715e+00
1.572327e-02	-9.694784e-09	1.008343e+00
1.571092e-02	-9.747038e-09	1.010919e+00
1.569859e-02	-9.794758e-09	1.013449e+00
1.568627e-02	-9.837757e-09	1.015941e+00
1.567398e-02	-9.875881e-09	1.018402e+00
1.566171e-02	-9.909017e-09	1.020842e+00
1.564945e-02	-9.937087e-09	1.023271e+00
1.563722e-02	-9.960051e-09	1.025699e+00
1.562500e-02	-9.977905e-09	1.028139e+00
1.561280e-02	-9.990679e-09	1.030600e+00
1.560062e-02	-9.998438e-09	1.033093e+00
1.558846e-02	-1.000128e-08	1.035629e+00
1.557632e-02	-9.999334e-09	1.038217e+00
1.556420e-02	-9.992765e-09	1.040864e+00
1.555210e-02	-9.981766e-09	1.043578e+00
1.554002e-02	-9.966561e-09	1.046364e+00
1.552795e-02	-9.947405e-09	1.049224e+00
1.551590e-02	-9.924582e-09	1.052161e+00
1.550388e-02	-9.898404e-09	1.055172e+00
1.549187e-02	-9.869210e-09	1.058257e+00
1.547988e-02	-9.837364e-09	1.061408e+00
1.546790e-02	-9.803251e-09	1.064620e+00
1.545595e-02	-9.767278e-09	1.067882e+00
1.544402e-02	-9.729862e-09	1.071184e+00
1.543210e-02	-9.691432e-09	1.074511e+00
1.542020e-02	-9.652418e-09	1.077851e+00
1.540832e-02	-9.613248e-09	1.081186e+00
1.539646e-02	-9.574333e-09	1.084500e+00
1.538462e-02	-9.536066e-09	1.087775e+00
1.537279e-02	-9.498809e-09	1.090994e+00
1.536098e-02	-9.462883e-09	1.094140e+00
1.534919e-02	-9.428559e-09	1.097196e+00
1.533742e-02	-9.396050e-09	1.100146e+00
1.532567e-02	-9.365500e-09	1.102977e+00
1.531394e-02	-9.336980e-09	1.105675e+00
1.530222e-02	-9.310481e-09	1.108231e+00
1.529052e-02	-9.285905e-09	1.110637e+00
1.527884e-02	-9.263069e-09	1.112886e+00
1.526718e-02	-9.241702e-09	1.114977e+00
1.525553e-02	-9.221443e-09	1.116908e+00
1.524390e-02	-9.201850e-09	1.118681e+00
1.523229e-02	-9.182399e-09	1.120299e+00
1.522070e-02	-9.162496e-09	1.121767e+00
1.520913e-02	-9.141483e-09	1.123094e+00
1.519757e-02	-9.118649e-09	1.124287e+00
1.518603e-02	-9.093241e-09	1.125354e+00
1.517451e-02	-9.064474e-09	1.126305e+00
1.516300e-02	-9.031544e-09	1.127149e+00
1.515152e-02	-8.993642e-09	1.127895e+00
1.514005e-02	-8.949963e-09	1.128553e+00
1.512859e-02	-8.899723e-09	1.129129e+00
1.511716e-02	-8.842164e-09	1.129631e+00
1.510574e-02	-8.776567e-09	1.130065e+00
1.509434e-02	-8.702267e-09	1.130436e+00
1.508296e-02	-8.618653e-09	1.130750e+00
1.507159e-02	-8.525182e-09	1.131008e+00
1.506024e-02	-8.421382e-09	1.131215e+00
1.504891e-02	-8.306856e-09	1.131373e+00
1.503759e-02	-8.181292e-09	1.131485e+00
1.502630e-02	-8.044454e-09	1.131551e+00
1.501502e-02	-7.896192e-09	1.131576e+00
1.500375e-02	-7.736435e-09	1.131560e+00
1.499250e-02	-7.565191e-09	1.131507e+00
1.498127e-02	-7.382541e-09	1.131420e+00
1.497006e-02	-7.188635e-09	1.131302e+00
1.495886e-02	-6.983685e-09	1.131159e+00
1.494768e-02	-6.767956e-09	1.130994e+00
1.493652e-02	-6.541760e-09	1.130813e+00
1.492537e-02	-6.305446e-09	1.130621e+00
1.491424e-02	-6.059391e-09	1.130426e+00
1.490313e-02	-5.803994e-09	1.130232e+00
1.489203e-02	-5.539662e-09	1.130049e+00
1.488095e-02	-5.266810e-09	1.129881e+00
1.486989e-02	-4.985848e-09	1.129737e+00
1.485884e-02	-4.697178e-09	1.129623e+00
1.484781e-02	-4.401190e-09	1.129546e+00
1.483680e-02	-4.098257e-09	1.129514e+00
1.482580e-02	-3.788733e-09	1.129534e+00
1.481481e-02	-3.472957e-09	1.129612e+00
1.480385e-02	-3.151242e-09	1.129754e+00
1.479290e-02	-2.823891e-09	1.129967e+00
1.478197e-02	-2.491185e-09	1.130257e+00
1.477105e-02	-2.153396e-09	1.130631e+00
1.476015e-02	-1.810782e-09	1.131093e+00
1.474926e-02	-1.463599e-09	1.131650e+00
1.473839e-02	-1.112096e-09	1.132307e+00
1.472754e-02	-7.565238e-10	1.133069e+00
1.471670e-02	-3.971366e-10	1.133941e+00
1.470588e-02	-3.419477e-11	1.134927e+00
1.469508e-02	3.320323e-10	1.136033e+00
1.468429e-02	7.012639e-10	1.137262e+00
1.467351e-02	1.073207e-09	1.138619e+00
1.466276e-02	1.447557e-09	1.140106e+00
1.465201e-02	1.823990e-09	1.141727e+00
1.464129e-02	2.202173e-09	1.143485e+00
1.463058e-02	2.581756e-09	1.145382e+00
1.461988e-02	2.962376e-09	1.147419e+00
1.460920e-02	3.343659e-09	1.149600e+00
1.459854e-02	3.725217e-09	1.151923e+00
1.458789e-02	4.106653e-09	1.154390e+00
1.457726e-02	4.487561e-09	1.157000e+00
1.456664e-02	4.867527e-09	1.159753e+00
1.455604e-02	5.246131e-09	1.162647e+00
1.454545e-02	5.622947e-09	1.165680e+00
1.453488e-02	5.997545e-09	1.168850e+00
1.452433e-02	6.369493e-09	1.172154e+00
1.451379e-02	6.738353e-09	1.175588e+00
1.450326e-02	7.103690e-09	1.179149e+00
1.449275e-02	7.465063e-09	1.182831e+00
1.448226e-02	7.822034e-09	1.186631e+00
1.447178e-02	8.174162e-09	1.190543e+00
1.446132e-02	8.521006e-09	1.194561e+00
1.445087e-02	8.862128e-09	1.198680e+00
1.444043e-02	9.197086e-09	1.202896e+00
1.443001e-02	9.525442e-09	1.207201e+00
1.441961e-02	9.846759e-09	1.211590e+00
1.440922e-02	1.016060e-08	1.216058e+00
1.439885e-02	1.046654e-08	1.220600e+00
1.438849e-02	1.076414e-08	1.225211e+00
1.437815e-02	1.105299e-08	1.229886e+00
1.436782e-02	1.133267e-08	1.234620e+00
1.435750e-02	1.160278e-08	1.239410e+00
1.434720e-02	1.186293e-08	1.244253e+00
1.433692e-02	1.211272e-08	1.249144e+00
1.432665e-02	1.235182e-08	1.254083e+00
1.431639e-02	1.257987e-08	1.259065e+00
1.430615e-02	1.279655e-08	1.264090e+00
1.429593e-02	1.300159e-08	1.269156e+00
1.428571e-02	1.319470e-08	1.274261e+00
1.427552e-02	1.337568e-08	1.279405e+00
1.426534e-02	1.354432e-08	1.284587e+00
1.425517e-02	1.370048e-08	1.289805e+00
1.424501e-02	1.384404e-08	1.295059e+00
1.423488e-02	1.397495e-08	1.300348e+00
1.422475e-02	1.409317e-08	1.305671e+00
1.421464e-02	1.419873e-08	1.311026e+00
1.420455e-02	1.429171e-08	1.316412e+00
1.419446e-02	1.437223e-08	1.321826e+00
1.418440e-02	1.444044e-08	1.327267e+00
1.417434e-02	1.449654e-08	1.332730e+00
1.416431e-02	1.454078e-08	1.338213e+00
1.415428e-02	1.457343e-08	1.343710e+00
1.414427e-02	1.459478e-08	1.349217e+00
1.413428e-02	1.460515e-08	1.354726e+00
1.412429e-02	1.460488e-08	1.360232e+00
1.411433e-02	1.459428e-08	1.365726e+00
1.410437e-02	1.457370e-08	1.371200e+00
1.409443e-02	1.454345e-08	1.376644e+00
1.408451e-02	1.450382e-08	1.382047e+00
1.407460e-02	1.445507e-08	1.387400e+00
1.406470e-02	1.439744e-08	1.392691e+00
1.405481e-02	1.433110e-08	1.397908e+00
1.404494e-02	1.425618e-08	1.403039e+00
1.403509e-02	1.417275e-08	1.408072e+00
1.402525e-02	1.408082e-08	1.412996e+00
1.401542e-02	1.398035e-08	1.417798e+00
1.400560e-02	1.387122e-08	1.422467e+00
1.399580e-02	1.375328e-08	1.426995e+00
1.398601e-02	1.362631e-08	1.431370e+00
1.397624e-02	1.349005e-08	1.435585e+00
1.396648e-02	1.334422e-08	1.439634e+00
1.395673e-02	1.318850e-08	1.443509e+00
1.394700e-02	1.302256e-08	1.447208e+00
1.393728e-02	1.284610e-08	1.450728e+00
1.392758e-02	1.265880e-08	1.454069e+00
1.391788e-02	1.246039e-08	1.457231e+00
1.390821e-02	1.225066e-08	1.460218e+00
1.389854e-02	1.202942e-08	1.463035e+00
1.388889e-02	1.179658e-08	1.465688e+00
1.387925e-02	1.155211e-08	1.468185e+00
1.386963e-02	1.129606e-08	1.470536e+00
1.386001e-02	1.102856e-08	1.472751e+00
1.385042e-02	1.074982e-08	1.474844e+00
1.384083e-02	1.046016e-08	1.476827e+00
1.383126e-02	1.015992e-08	1.478713e+00
1.382170e-02	9.849549e-09	1.480517e+00
1.381215e-02	9.529535e-09	1.482253e+00
1.380262e-02	9.200419e-09	1.483935e+00
1.379310e-02	8.862774e-09	1.485576e+00
1.378360e-02	8.517204e-09	1.487188e+00
1.377410e-02	8.164335e-09	1.488783e+00
1.376462e-02	7.804804e-09	1.490369e+00
1.375516e-02	7.439262e-09	1.491956e+00
1.374570e-02	7.068367e-09	1.493549e+00
1.373626e-02	6.692793e-09	1.495152e+00
1.372684e-02	6.313229e-09	1.496769e+00
1.371742e-02	5.930391e-09	1.498399e+00
1.370802e-02	5.545024e-09	1.500042e+00
1.369863e-02	5.157914e-09	1.501695e+00
1.368925e-02	4.769897e-09	1.503354e+00
1.367989e-02	4.381861e-09	1.505014e+00
1.367054e-02	3.994751e-09	1.506666e+00
1.366120e-02	3.609568e-09	1.508302e+00
1.365188e-02	3.227363e-09	1.509913e+00
1.364256e-02	2.849231e-09	1.511485e+00
1.363327e-02	2.476288e-09	1.513004e+00
1.362398e-02	2.109660e-09	1.514453e+00
1.361470e-02	1.750457e-09	1.515813e+00
1.360544e-02	1.399744e-09	1.517062e+00
1.359619e-02	1.058518e-09	1.518176e+00
1.358696e-02	7.276765e-10	1.519127e+00
1.357773e-02	4.079895e-10	1.519888e+00
1.356852e-02	1.000755e-10	1.520432e+00
1.355932e-02	-1.956195e-10	1.520729e+00
1.355014e-02	-4.788381e-10	1.520756e+00
1.354096e-02	-7.495223e-10	1.520489e+00
1.353180e-02	-1.007813e-09	1.519912e+00
1.352265e-02	-1.254046e-09	1.519013e+00
1.351351e-02	-1.488733e-09	1.517787e+00
1.350439e-02	-1.712546e-09	1.516238e+00
1.349528e-02	-1.926280e-09	1.514375e+00
1.348618e-02	-2.130825e-09	1.512216e+00
1.347709e-02	-2.327126e-09	1.509786e+00
1.346801e-02	-2.516141e-09	1.507115e+00
1.345895e-02	-2.698807e-09	1.504240e+00
1.344990e-02	-2.876004e-09	1.501200e+00
1.344086e-02	-3.048520e-09	1.498037e+00
1.343183e-02	-3.217030e-09	1.494795e+00
1.342282e-02	-3.382079e-09	1.491518e+00
1.341382e-02	-3.544064e-09	1.488247e+00
1.340483e-02	-3.703240e-09	1.485023e+00
1.339585e-02	-3.859712e-09	1.481882e+00
1.338688e-02	-4.013450e-09	1.478857e+00
1.337793e-02	-4.164298e-09	1.475979e+00
1.336898e-02	-4.311990e-09	1.473270e+00
1.336005e-02	-4.456174e-09	1.470750e+00
1.335113e-02	-4.596424e-09	1.468435e+00
1.334223e-02	-4.732268e-09	1.466335e+00
1.333333e-02	-4.863204e-09	1.464455e+00
1.332445e-02	-4.988724e-09	1.462798e+00
1.331558e-02	-5.108328e-09	1.461362e+00
1.330672e-02	-5.221546e-09	1.460141e+00
1.329787e-02	-5.327947e-09	1.459130e+00
1.328904e-02	-5.427158e-09	1.458319e+00
1.328021e-02	-5.518868e-09	1.457697e+00
1.327140e-02	-5.602842e-09	1.457252e+00
1.326260e-02	-5.678920e-09	1.456974e+00
1.325381e-02	-5.747027e-09	1.456851e+00
1.324503e-02	-5.807169e-09	1.456873e+00
1.323627e-02	-5.859434e-09	1.457028e+00
1.322751e-02	-5.903986e-09	1.457310e+00
1.321877e-02	-5.941063e-09	1.457712e+00
1.321004e-02	-5.970970e-09	1.458228e+00
1.320132e-02	-5.994066e-09	1.458855e+00
1.319261e-02	-6.010761e-09	1.459592e+00
1.318392e-02	-6.021502e-09	1.460440e+00
1.317523e-02	-6.026762e-09	1.461401e+00
1.316656e-02	-6.027030e-09	1.462478e+00
1.315789e-02	-6.022802e-09	1.463677e+00
1.314924e-02	-6.014567e-09	1.465004e+00
1.314060e-02	-6.002798e-09	1.466467e+00
1.313198e-02	-5.987946e-09	1.468074e+00
1.312336e-02	-5.970429e-09	1.469834e+00
1.311475e-02	-5.950624e-09	1.471756e+00
1.310616e-02	-5.928866e-09	1.473850e+00
1.309758e-02	-5.905438e-09	1.476126e+00
1.308901e-02	-5.880573e-09	1.478593e+00
1.308044e-02	-5.854446e-09	1.481261e+00
1.307190e-02	-5.827179e-09	1.484138e+00
1.306336e-02	-5.798839e-09	1.487234e+00
1.305483e-02	-5.769436e-09	1.490556e+00
1.304631e-02	-5.738931e-09	1.494111e+00
1.303781e-02	-5.707232e-09	1.497907e+00
1.302932e-02	-5.674203e-09	1.501947e+00
1.302083e-02	-5.639664e-09	1.506238e+00
1.301236e-02	-5.603396e-09	1.510783e+00
1.300390e-02	-5.565145e-09	1.515583e+00
1.299545e-02	-5.524627e-09	1.520640e+00
1.298701e-02	-5.481531e-09	1.525954e+00
1.297859e-02	-5.435526e-09	1.531523e+00
1.297017e-02	-5.386262e-09	1.537342e+00
1.296176e-02	-5.333377e-09	1.543408e+00
1.295337e-02	-5.276499e-09	1.549713e+00
1.294498e-02	-5.215252e-09	1.556248e+00
1.293661e-02	-5.149261e-09	1.563003e+00
1.292825e-02	-5.078153e-09	1.569966e+00
1.291990e-02	-5.001562e-09	1.577121e+00
1.291156e-02	-4.919136e-09	1.584454e+00
1.290323e-02	-4.830535e-09	1.591945e+00
1.289491e-02	-4.735442e-09	1.599577e+00
1.288660e-02	-4.633563e-09	1.607328e+00
1.287830e-02	-4.524633e-09	1.615177e+00
1.287001e-02	-4.408422e-09	1.623101e+00
1.286174e-02	-4.284736e-09	1.631078e+00
1.285347e-02	-4.153426e-09	1.639086e+00
1.284522e-02	-4.014394e-09	1.647101e+00
1.283697e-02	-3.867594e-09	1.655103e+00
1.282874e-02	-3.713041e-09	1.663070e+00
1.282051e-02	-3.550818e-09	1.670983e+00
1.281230e-02	-3.381074e-09	1.678825e+00
1.280410e-02	-3.204035e-09	1.686579e+00
1.279591e-02	-3.020004e-09	1.694232e+00
1.278772e-02	-2.829364e-09	1.701770e+00
1.277955e-02	-2.632577e-09	1.709182e+00
1.277139e-02	-2.430183e-09	1.716460e+00
1.276324e-02	-2.222798e-09	1.723595e+00
1.275510e-02	-2.011110e-09	1.730582e+00
1.274697e-02	-1.795870e-09	1.737413e+00
1.273885e-02	-1.577885e-09	1.744086e+00
1.273074e-02	-1.358008e-09	1.750595e+00
1.272265e-02	-1.137127e-09	1.756939e+00
1.271456e-02	-9.161546e-10	1.763113e+00
1.270648e-02	-6.960162e-10	1.769115e+00
1.269841e-02	-4.776367e-10	1.774944e+00
1.269036e-02	-2.619304e-10	1.780596e+00
1.268231e-02	-4.979213e-11	1.786069e+00
1.267427e-02	1.579124e-10	1.791360e+00
1.266624e-02	3.603537e-10	1.796465e+00
1.265823e-02	5.567419e-10	1.801382e+00
1.265022e-02	7.463311e-10	1.806105e+00
1.264223e-02	9.284201e-10	1.810630e+00
1.263424e-02	1.102353e-09	1.814951e+00
1.262626e-02	1.267515e-09	1.819063e+00
1.261830e-02	1.423334e-09	1.822961e+00
1.261034e-02	1.569276e-09	1.826639e+00
1.260239e-02	1.704845e-09	1.830095e+00
1.259446e-02	1.829578e-09	1.833325e+00
1.258653e-02	1.943052e-09	1.836327e+00
1.257862e-02	2.044881e-09	1.839103e+00
1.257071e-02	2.134722e-09	1.841656e+00
1.256281e-02	2.212281e-09	1.843991e+00
1.255493e-02	2.277318e-09	1.846116e+00
1.254705e-02	2.329657e-09	1.848044e+00
1.253918e-02	2.369195e-09	1.849787e+00
1.253133e-02	2.395909e-09	1.851361e+00
1.252348e-02	2.409865e-09	1.852784e+00
1.251564e-02	2.411231e-09	1.854074e+00
1.250782e-02	2.400280e-09	1.855250e+00
1.250000e-02	2.377399e-09	1.856332e+00
1.249219e-02	2.343096e-09	1.857340e+00
1.248439e-02	2.298005e-09	1.858292e+00
1.247661e-02	2.242886e-09	1.859206e+00
1.246883e-02	2.178627e-09	1.860099e+00
1.246106e-02	2.106241e-09	1.860987e+00
1.245330e-02	2.026865e-09	1.861883e+00
1.244555e-02	1.941750e-09	1.862798e+00
1.243781e-02	1.852254e-09	1.863741e+00
1.243008e-02	1.759830e-09	1.864719e+00
1.242236e-02	1.666011e-09	1.865735e+00
1.241465e-02	1.572398e-09	1.866791e+00
1.240695e-02	1.480637e-09	1.867883e+00
1.239926e-02	1.392404e-09	1.869008e+00
1.239157e-02	1.309379e-09	1.870157e+00
1.238390e-02	1.233228e-09	1.871320e+00
1.237624e-02	1.165575e-09	1.872483e+00
1.236858e-02	1.107983e-09	1.873631e+00
1.236094e-02	1.061922e-09	1.874745e+00
1.235330e-02	1.028754e-09	1.875806e+00
1.234568e-02	1.009707e-09	1.876793e+00
1.233806e-02	1.005849e-09	1.877684e+00
1.233046e-02	1.018079e-09	1.878458e+00
1.232286e-02	1.047103e-09	1.879094e+00
1.231527e-02	1.093428e-09	1.879573e+00
1.230769e-02	1.157349e-09	1.879877e+00
1.230012e-02	1.238948e-09	1.879993e+00
1.229256e-02	1.338088e-09	1.879910e+00
1.228501e-02	1.454425e-09	1.879618e+00
1.227747e-02	1.587406e-09	1.879114e+00
1.226994e-02	1.736287e-09	1.878396e+00
1.226242e-02	1.900142e-09	1.877464e+00
1.225490e-02	2.077880e-09	1.876321e+00
1.224740e-02	2.268264e-09	1.874972e+00
1.223990e-02	2.469930e-09	1.873424e+00
1.223242e-02	2.681409e-09	1.871683e+00
1.222494e-02	2.901145e-09	1.869760e+00
1.221747e-02	3.127517e-09	1.867662e+00
1.221001e-02	3.358864e-09	1.865399e+00
1.220256e-02	3.593497e-09	1.862982e+00
1.219512e-02	3.829723e-09	1.860421e+00
1.218769e-02	4.065859e-09	1.857726e+00
1.218027e-02	4.300253e-09	1.854909e+00
1.217285e-02	4.531292e-09	1.851980e+00
1.216545e-02	4.757420e-09	1.848951e+00
1.215805e-02	4.977144e-09	1.845833e+00
1.215067e-02	5.189052e-09	1.842640e+00
1.214329e-02	5.391811e-09	1.839384e+00
1.213592e-02	5.584185e-09	1.836077e+00
1.212856e-02	5.765031e-09	1.832733e+00
1.212121e-02	5.933311e-09	1.829364e+00
1.211387e-02	6.088092e-09	1.825985e+00
1.210654e-02	6.228548e-09	1.822608e+00
1.209921e-02	6.353964e-09	1.819246e+00
1.209190e-02	6.463735e-09	1.815913e+00
1.208459e-02	6.557364e-09	1.812621e+00
1.207729e-02	6.634463e-09	1.809381e+00
1.207001e-02	6.694747e-09	1.806205e+00
1.206273e-02	6.738036e-09	1.803103e+00
1.205546e-02	6.764245e-09	1.800085e+00
1.204819e-02	6.773383e-09	1.797158e+00
1.204094e-02	6.765545e-09	1.794332e+00
1.203369e-02	6.740908e-09	1.791612e+00
1.202646e-02	6.699724e-09	1.789005e+00
1.201923e-02	6.642312e-09	1.786513e+00
1.201201e-02	6.569052e-09	1.784142e+00
1.200480e-02	6.480377e-09	1.781893e+00
1.199760e-02	6.376766e-09	1.779767e+00
1.199041e-02	6.258740e-09	1.777766e+00
1.198322e-02	6.126851e-09	1.775888e+00
1.197605e-02	5.981677e-09	1.774133e+00
1.196888e-02	5.823818e-09	1.772498e+00
1.196172e-02	5.653888e-09	1.770979e+00
1.195457e-02	5.472512e-09	1.769574e+00
1.194743e-02	5.280323e-09	1.768279e+00
1.194030e-02	5.077951e-09	1.767088e+00
1.193317e-02	4.866032e-09	1.765997e+00
1.192606e-02	4.645192e-09	1.765000e+00
1.191895e-02	4.416055e-09	1.764093e+00
1.191185e-02	4.179236e-09	1.763269e+00
1.190476e-02	3.935339e-09	1.762524e+00
1.189768e-02	3.684959e-09	1.761852e+00
1.189061e-02	3.428677e-09	1.761248e+00
1.188354e-02	3.167062e-09	1.760709e+00
1.187648e-02	2.900669e-09	1.760228e+00
1.186944e-02	2.630036e-09	1.759804e+00
1.186240e-02	2.355687e-09	1.759433e+00
1.185536e-02	2.078127e-09	1.759113e+00
1.184834e-02	1.797844e-09	1.758840e+00
1.184133e-02	1.515304e-09	1.758615e+00
1.183432e-02	1.230954e-09	1.758436e+00
1.182732e-02	9.452214e-10	1.758304e+00
1.182033e-02	6.585064e-10	1.758219e+00
1.181335e-02	3.711888e-10	1.758182e+00
1.180638e-02	8.362218e-11	1.758196e+00
1.179941e-02	-2.038647e-10	1.758263e+00
1.179245e-02	-4.909690e-10	1.758386e+00
1.178550e-02	-7.774136e-10	1.758569e+00
1.177856e-02	-1.062947e-09	1.758818e+00
1.177163e-02	-1.347344e-09	1.759136e+00
1.176471e-02	-1.630404e-09	1.759530e+00
1.175779e-02	-1.911950e-09	1.760005e+00
1.175088e-02	-2.191828e-09	1.760569e+00
1.174398e-02	-2.469906e-09	1.761228e+00
1.173709e-02	-2.746068e-09	1.761990e+00
1.173021e-02	-3.020217e-09	1.762862e+00
1.172333e-02	-3.292271e-09	1.763852e+00
1.171646e-02	-3.562159e-09	1.764969e+00
1.170960e-02	-3.829817e-09	1.766220e+00
1.170275e-02	-4.095190e-09	1.767613e+00
1.169591e-02	-4.358224e-09	1.769158e+00
1.168907e-02	-4.618863e-09	1.770861e+00
1.168224e-02	-4.877049e-09	1.772732e+00
1.167542e-02	-5.132717e-09	1.774777e+00
1.166861e-02	-5.385792e-09	1.777006e+00
1.166181e-02	-5.636183e-09	1.779424e+00
1.165501e-02	-5.883788e-09	1.782040e+00
1.164822e-02	-6.128482e-09	1.784860e+00
1.164144e-02	-6.370122e-09	1.787890e+00
1.163467e-02	-6.608541e-09	1.791136e+00
1.162791e-02	-6.843549e-09	1.794603e+00
1.162115e-02	-7.074927e-09	1.798296e+00
1.161440e-02	-7.302433e-09	1.802218e+00
1.160766e-02	-7.525795e-09	1.806372e+00
1.160093e-02	-7.744716e-09	1.810761e+00
1.159420e-02	-7.958871e-09	1.815384e+00
1.158749e-02	-8.167911e-09	1.820242e+00
1.158078e-02	-8.371461e-09	1.825333e+00
1.157407e-02	-8.569125e-09	1.830654e+00
1.156738e-02	-8.760488e-09	1.836201e+00
1.156069e-02	-8.945116e-09	1.841968e+00
1.155402e-02	-9.122566e-09	1.847949e+00
1.154734e-02	-9.292384e-09	1.854133e+00
1.154068e-02	-9.454111e-09	1.860510e+00
1.153403e-02	-9.607290e-09	1.867069e+00
1.152738e-02	-9.751470e-09	1.873795e+00
1.152074e-02	-9.886210e-09	1.880673e+00
1.151410e-02	-1.001109e-08	1.887686e+00
1.150748e-02	-1.012570e-08	1.894816e+00
1.150086e-02	-1.022969e-08	1.902043e+00
1.149425e-02	-1.032270e-08	1.909347e+00
1.148765e-02	-1.040446e-08	1.916705e+00
1.148106e-02	-1.047472e-08	1.924096e+00
1.147447e-02	-1.053328e-08	1.931496e+00
1.146789e-02	-1.058001e-08	1.938884e+00
1.146132e-02	-1.061484e-08	1.946236e+00
1.145475e-02	-1.063776e-08	1.953530e+00
1.144820e-02	-1.064885e-08	1.960746e+00
1.144165e-02	-1.064823e-08	1.967862e+00
1.143511e-02	-1.063613e-08	1.974859e+00
1.142857e-02	-1.061283e-08	1.981720e+00
1.142204e-02	-1.057869e-08	1.988429e+00
1.141553e-02	-1.053414e-08	1.994971e+00
1.140901e-02	-1.047969e-08	2.001335e+00
1.140251e-02	-1.041590e-08	2.007510e+00
1.139601e-02	-1.034340e-08	2.013487e+00
1.138952e-02	-1.026287e-08	2.019261e+00
1.138304e-02	-1.017503e-08	2.024825e+00
1.137656e-02	-1.008065e-08	2.030177e+00
1.137010e-02	-9.980530e-09	2.035314e+00
1.136364e-02	-9.875476e-09	2.040235e+00
1.135718e-02	-9.766319e-09	2.044940e+00
1.135074e-02	-9.653890e-09	2.049430e+00
1.134430e-02	-9.539010e-09	2.053706e+00
1.133787e-02	-9.422489e-09	2.057770e+00
1.133144e-02	-9.305108e-09	2.061624e+00
1.132503e-02	-9.187617e-09	2.065271e+00
1.131862e-02	-9.070726e-09	2.068714e+00
1.131222e-02	-8.955097e-09	2.071957e+00
1.130582e-02	-8.841335e-09	2.075002e+00
1.129944e-02	-8.729986e-09	2.077855e+00
1.129305e-02	-8.621525e-09	2.080520e+00
1.128668e-02	-8.516355e-09	2.083001e+00
1.128032e-02	-8.414798e-09	2.085304e+00
1.127396e-02	-8.317091e-09	2.087432e+00
1.126761e-02	-8.223381e-09	2.089393e+00
1.126126e-02	-8.133717e-09	2.091191e+00
1.125492e-02	-8.048047e-09	2.092832e+00
1.124859e-02	-7.966214e-09	2.094322e+00
1.124227e-02	-7.887951e-09	2.095667e+00
1.123596e-02	-7.812876e-09	2.096873e+00
1.122965e-02	-7.740491e-09	2.097945e+00
1.122334e-02	-7.670181e-09	2.098890e+00
1.121705e-02	-7.601212e-09	2.099712e+00
1.121076e-02	-7.532731e-09	2.100418e+00
1.120448e-02	-7.463771e-09	2.101013e+00
1.119821e-02	-7.393253e-09	2.101501e+00
1.119194e-02	-7.319993e-09	2.101888e+00
1.118568e-02	-7.242712e-09	2.102178e+00
1.117943e-02	-7.160042e-09	2.102375e+00
1.117318e-02	-7.070543e-09	2.102483e+00
1.116695e-02	-6.972714e-09	2.102504e+00
1.116071e-02	-6.865010e-09	2.102441e+00
1.115449e-02	-6.745861e-09	2.102298e+00
1.114827e-02	-6.613688e-09	2.102075e+00
1.114206e-02	-6.466927e-09	2.101775e+00
1.113586e-02	-6.304049e-09	2.101398e+00
1.112966e-02	-6.123578e-09	2.100947e+00
1.112347e-02	-5.924118e-09	2.100421e+00
1.111729e-02	-5.704369e-09	2.099822e+00
1.111111e-02	-5.463148e-09	2.099151e+00
1.110494e-02	-5.199412e-09	2.098409e+00
1.109878e-02	-4.912268e-09	2.097598e+00
1.109262e-02	-4.600995e-09	2.096718e+00
1.108647e-02	-4.265051e-09	2.095771e+00
1.108033e-02	-3.904087e-09	2.094760e+00
1.107420e-02	-3.517957e-09	2.093687e+00
1.106807e-02	-3.106717e-09	2.092555e+00
1.106195e-02	-2.670635e-09	2.091368e+00
1.105583e-02	-2.210187e-09	2.090130e+00
1.104972e-02	-1.726056e-09	2.088844e+00
1.104362e-02	-1.219129e-09	2.087516e+00
1.103753e-02	-6.904872e-10	2.086151e+00
1.103144e-02	-1.414011e-10	2.084755e+00
1.102536e-02	4.266820e-10	2.083336e+00
1.101928e-02	1.012152e-09	2.081900e+00
1.101322e-02	1.613246e-09	2.080455e+00
1.100715e-02	2.228069e-09	2.079011e+00
1.100110e-02	2.854607e-09	2.077575e+00
1.099505e-02	3.490744e-09	2.076160e+00
1.098901e-02	4.134287e-09	2.074774e+00
1.098298e-02	4.782977e-09	2.073431e+00
1.097695e-02	5.434517e-09	2.072140e+00
1.097093e-02	6.086588e-09	2.070915e+00
1.096491e-02	6.736869e-09	2.069769e+00
1.095890e-02	7.383061e-09	2.068714e+00
1.095290e-02	8.022901e-09	2.067765e+00
1.094691e-02	8.654189e-09	2.066936e+00
1.094092e-02	9.274797e-09	2.066241e+00
1.093494e-02	9.882693e-09	2.065695e+00
1.092896e-02	1.047595e-08	2.065314e+00
1.092299e-02	1.105277e-08	2.065112e+00
1.091703e-02	1.161149e-08	2.065106e+00
1.091107e-02	1.215057e-08	2.065312e+00
1.090513e-02	1.266863e-08	2.065748e+00
1.089918e-02	1.316447e-08	2.066431e+00
1.089325e-02	1.363701e-08	2.067377e+00
1.088732e-02	1.408534e-08	2.068606e+00
1.088139e-02	1.450869e-08	2.070134e+00
