# Finite Temperature Data for J1J2 Model
# Lx=6, Ly=6, J1=1.0000, J2=0.1250, Fz=0.0000, chi_max=230
# Columns: T | Sigmaz | Cv
# 
2.000000e+01	1.584916e-10	4.284686e-02
1.000000e+01	6.974218e-10	1.637010e-01
6.666667e+00	9.743662e-10	3.504466e-01
5.000000e+00	1.874310e-09	5.905458e-01
4.000000e+00	4.693266e-09	8.714349e-01
3.333333e+00	9.887184e-09	1.180938e+00
2.857143e+00	1.757190e-08	1.507703e+00
2.500000e+00	2.676565e-08	1.841558e+00
2.222222e+00	3.464292e-08	2.173797e+00
2.000000e+00	3.713943e-08	2.497423e+00
1.818182e+00	3.064589e-08	2.807241e+00
1.666667e+00	2.249027e-08	3.099441e+00
1.538462e+00	1.512626e-08	3.371259e+00
1.428571e+00	2.413504e-09	3.621330e+00
1.333333e+00	-1.751548e-08	3.849540e+00
1.250000e+00	-4.247421e-08	4.056604e+00
1.176471e+00	-6.938784e-08	4.243728e+00
1.111111e+00	-9.609359e-08	4.412330e+00
1.052632e+00	-1.219351e-07	4.563998e+00
1.000000e+00	-1.468533e-07	4.700461e+00
9.523810e-01	-1.702205e-07	4.823432e+00
9.090909e-01	-1.907601e-07	4.934544e+00
8.695652e-01	-2.072457e-07	5.035469e+00
8.333333e-01	-2.189020e-07	5.127895e+00
8.000000e-01	-2.254126e-07	5.213429e+00
7.692308e-01	-2.268813e-07	5.293552e+00
7.407407e-01	-2.237254e-07	5.369591e+00
7.142857e-01	-2.165487e-07	5.442673e+00
6.896552e-01	-2.061020e-07	5.513725e+00
6.666667e-01	-1.932955e-07	5.583526e+00
6.451613e-01	-1.791607e-07	5.652754e+00
6.250000e-01	-1.647370e-07	5.721986e+00
6.060606e-01	-1.509399e-07	5.791694e+00
5.882353e-01	-1.384724e-07	5.862269e+00
5.714286e-01	-1.277973e-07	5.934056e+00
5.555556e-01	-1.191527e-07	6.007370e+00
5.405405e-01	-1.125815e-07	6.082495e+00
5.263158e-01	-1.079605e-07	6.159678e+00
5.128205e-01	-1.050248e-07	6.239124e+00
5.000000e-01	-1.033886e-07	6.320989e+00
4.878049e-01	-1.025683e-07	6.405389e+00
4.761905e-01	-1.020084e-07	6.492399e+00
4.651163e-01	-1.011125e-07	6.582064e+00
4.545455e-01	-9.927576e-08	6.674403e+00
4.444444e-01	-9.591710e-08	6.769414e+00
4.347826e-01	-9.050487e-08	6.867085e+00
4.255319e-01	-8.257562e-08	6.967392e+00
4.166667e-01	-7.174412e-08	7.070303e+00
4.081633e-01	-5.770610e-08	7.175784e+00
4.000000e-01	-4.023582e-08	7.283801e+00
3.921569e-01	-1.918066e-08	7.394318e+00
3.846154e-01	5.545115e-09	7.507300e+00
3.773585e-01	3.396638e-08	7.622717e+00
3.703704e-01	6.605204e-08	7.740542e+00
3.636364e-01	1.017187e-07	7.860749e+00
3.571429e-01	1.408335e-07	7.983317e+00
3.508772e-01	1.832154e-07	8.108225e+00
3.448276e-01	2.286368e-07	8.235448e+00
3.389831e-01	2.768232e-07	8.364959e+00
3.333333e-01	3.274541e-07	8.496721e+00
3.278689e-01	3.801615e-07	8.630687e+00
3.225806e-01	4.345306e-07	8.766794e+00
3.174603e-01	4.900994e-07	8.904965e+00
3.125000e-01	5.463599e-07	9.045104e+00
3.076923e-01	6.027618e-07	9.187100e+00
3.030303e-01	6.587173e-07	9.330823e+00
2.985075e-01	7.136095e-07	9.476130e+00
2.941176e-01	7.668035e-07	9.622867e+00
2.898551e-01	8.176588e-07	9.770872e+00
2.857143e-01	8.655444e-07	9.919978e+00
2.816901e-01	9.098538e-07	1.007002e+01
2.777778e-01	9.500178e-07	1.022084e+01
2.739726e-01	9.855147e-07	1.037227e+01
2.702703e-01	1.015876e-06	1.052418e+01
2.666667e-01	1.040684e-06	1.067644e+01
2.631579e-01	1.059574e-06	1.082895e+01
2.597403e-01	1.072225e-06	1.098163e+01
2.564103e-01	1.078358e-06	1.113445e+01
2.531646e-01	1.077738e-06	1.128741e+01
2.500000e-01	1.070174e-06	1.144052e+01
2.469136e-01	1.055524e-06	1.159380e+01
2.439024e-01	1.033698e-06	1.174730e+01
2.409639e-01	1.004657e-06	1.190105e+01
2.380952e-01	9.684192e-07	1.205505e+01
2.352941e-01	9.250562e-07	1.220930e+01
2.325581e-01	8.746929e-07	1.236377e+01
2.298851e-01	8.175100e-07	1.251839e+01
2.272727e-01	7.537462e-07	1.267308e+01
2.247191e-01	6.837023e-07	1.282767e+01
2.222222e-01	6.077418e-07	1.298199e+01
2.197802e-01	5.262851e-07	1.313580e+01
2.173913e-01	4.397920e-07	1.328887e+01
2.150538e-01	3.487344e-07	1.344095e+01
2.127660e-01	2.535627e-07	1.359185e+01
2.105263e-01	1.546745e-07	1.374147e+01
2.083333e-01	5.239431e-08	1.388976e+01
2.061856e-01	-5.303181e-08	1.403674e+01
2.040816e-01	-1.614298e-07	1.418251e+01
2.020202e-01	-2.726836e-07	1.432715e+01
2.000000e-01	-3.867196e-07	1.447074e+01
1.980198e-01	-5.034947e-07	1.461333e+01
1.960784e-01	-6.229855e-07	1.475491e+01
1.941748e-01	-7.451797e-07	1.489541e+01
1.923077e-01	-8.700638e-07	1.503473e+01
1.904762e-01	-9.976094e-07	1.517274e+01
1.886792e-01	-1.127757e-06	1.530928e+01
1.869159e-01	-1.260405e-06	1.544421e+01
1.851852e-01	-1.395397e-06	1.557740e+01
1.834862e-01	-1.532526e-06	1.570872e+01
1.818182e-01	-1.671537e-06	1.583805e+01
1.801802e-01	-1.812138e-06	1.596527e+01
1.785714e-01	-1.954007e-06	1.609024e+01
1.769912e-01	-2.096806e-06	1.621282e+01
1.754386e-01	-2.240182e-06	1.633288e+01
1.739130e-01	-2.383777e-06	1.645025e+01
1.724138e-01	-2.527228e-06	1.656481e+01
1.709402e-01	-2.670168e-06	1.667640e+01
1.694915e-01	-2.812236e-06	1.678492e+01
1.680672e-01	-2.953081e-06	1.689022e+01
1.666667e-01	-3.092372e-06	1.699217e+01
1.652893e-01	-3.229801e-06	1.709058e+01
1.639344e-01	-3.365088e-06	1.718520e+01
1.626016e-01	-3.497967e-06	1.727561e+01
1.612903e-01	-3.628179e-06	1.736130e+01
1.600000e-01	-3.755461e-06	1.744162e+01
1.587302e-01	-3.879546e-06	1.751594e+01
1.574803e-01	-4.000167e-06	1.758371e+01
1.562500e-01	-4.117067e-06	1.764459e+01
1.550388e-01	-4.230010e-06	1.769847e+01
1.538462e-01	-4.338783e-06	1.774533e+01
1.526718e-01	-4.443203e-06	1.778518e+01
1.515152e-01	-4.543114e-06	1.781792e+01
1.503759e-01	-4.638391e-06	1.784329e+01
1.492537e-01	-4.728949e-06	1.786086e+01
1.481481e-01	-4.814738e-06	1.787007e+01
1.470588e-01	-4.895753e-06	1.787031e+01
1.459854e-01	-4.972023e-06	1.786094e+01
1.449275e-01	-5.043589e-06	1.784141e+01
1.438849e-01	-5.110488e-06	1.781128e+01
1.428571e-01	-5.172720e-06	1.777030e+01
1.418440e-01	-5.230238e-06	1.771843e+01
1.408451e-01	-5.282933e-06	1.765588e+01
1.398601e-01	-5.330643e-06	1.758305e+01
1.388889e-01	-5.373160e-06	1.750046e+01
1.379310e-01	-5.410249e-06	1.740870e+01
1.369863e-01	-5.441662e-06	1.730838e+01
1.360544e-01	-5.467156e-06	1.720009e+01
1.351351e-01	-5.486509e-06	1.708436e+01
1.342282e-01	-5.499533e-06	1.696162e+01
1.333333e-01	-5.506086e-06	1.683228e+01
1.324503e-01	-5.506080e-06	1.669665e+01
1.315789e-01	-5.499490e-06	1.655499e+01
1.307190e-01	-5.486353e-06	1.640753e+01
1.298701e-01	-5.466776e-06	1.625449e+01
1.290323e-01	-5.440927e-06	1.609607e+01
1.282051e-01	-5.409032e-06	1.593249e+01
1.273885e-01	-5.371371e-06	1.576405e+01
1.265823e-01	-5.328261e-06	1.559105e+01
1.257862e-01	-5.280055e-06	1.541389e+01
1.250000e-01	-5.227126e-06	1.523302e+01
1.242236e-01	-5.169859e-06	1.504893e+01
1.234568e-01	-5.108647e-06	1.486218e+01
1.226994e-01	-5.043877e-06	1.467330e+01
1.219512e-01	-4.975932e-06	1.448284e+01
1.212121e-01	-4.905180e-06	1.429127e+01
1.204819e-01	-4.831973e-06	1.409901e+01
1.197605e-01	-4.756642e-06	1.390638e+01
1.190476e-01	-4.679494e-06	1.371362e+01
1.183432e-01	-4.600812e-06	1.352090e+01
1.176471e-01	-4.520850e-06	1.332830e+01
1.169591e-01	-4.439834e-06	1.313587e+01
1.162791e-01	-4.357969e-06	1.294361e+01
1.156069e-01	-4.275434e-06	1.275154e+01
1.149425e-01	-4.192395e-06	1.255966e+01
1.142857e-01	-4.109011e-06	1.236804e+01
1.136364e-01	-4.025439e-06	1.217675e+01
1.129944e-01	-3.941845e-06	1.198593e+01
1.123596e-01	-3.858401e-06	1.179571e+01
1.117318e-01	-3.775291e-06	1.160630e+01
1.111111e-01	-3.692699e-06	1.141790e+01
1.104972e-01	-3.610809e-06	1.123079e+01
1.098901e-01	-3.529800e-06	1.104526e+01
1.092896e-01	-3.449841e-06	1.086156e+01
1.086957e-01	-3.371089e-06	1.067982e+01
1.081081e-01	-3.293687e-06	1.049996e+01
1.075269e-01	-3.217759e-06	1.032166e+01
1.069519e-01	-3.143392e-06	1.014443e+01
1.063830e-01	-3.070633e-06	9.967681e+00
1.058201e-01	-2.999472e-06	9.790912e+00
1.052632e-01	-2.929839e-06	9.613768e+00
1.047120e-01	-2.861612e-06	9.436053e+00
1.041667e-01	-2.794633e-06	9.257709e+00
1.036269e-01	-2.728729e-06	9.078812e+00
1.030928e-01	-2.663738e-06	8.899597e+00
1.025641e-01	-2.599522e-06	8.720486e+00
1.020408e-01	-2.535986e-06	8.542062e+00
1.015228e-01	-2.473073e-06	8.364999e+00
1.010101e-01	-2.410768e-06	8.189964e+00
1.005025e-01	-2.349085e-06	8.017542e+00
1.000000e-01	-2.288063e-06	7.848194e+00
9.950249e-02	-2.227753e-06	7.682244e+00
9.900990e-02	-2.168214e-06	7.519888e+00
9.852217e-02	-2.109511e-06	7.361205e+00
9.803922e-02	-2.051704e-06	7.206175e+00
9.756098e-02	-1.994852e-06	7.054698e+00
9.708738e-02	-1.939005e-06	6.906637e+00
9.661836e-02	-1.884208e-06	6.761858e+00
9.615385e-02	-1.830502e-06	6.620268e+00
9.569378e-02	-1.777916e-06	6.481816e+00
9.523810e-02	-1.726480e-06	6.346478e+00
9.478673e-02	-1.676214e-06	6.214239e+00
9.433962e-02	-1.627139e-06	6.085069e+00
9.389671e-02	-1.579271e-06	5.958922e+00
9.345794e-02	-1.532623e-06	5.835731e+00
9.302326e-02	-1.487207e-06	5.715416e+00
9.259259e-02	-1.443032e-06	5.597896e+00
9.216590e-02	-1.400104e-06	5.483088e+00
9.174312e-02	-1.358430e-06	5.370913e+00
9.132420e-02	-1.318013e-06	5.261302e+00
9.090909e-02	-1.278856e-06	5.154190e+00
9.049774e-02	-1.240962e-06	5.049520e+00
9.009009e-02	-1.204328e-06	4.947240e+00
8.968610e-02	-1.168952e-06	4.847305e+00
8.928571e-02	-1.134828e-06	4.749674e+00
8.888889e-02	-1.101946e-06	4.654306e+00
8.849558e-02	-1.070292e-06	4.561161e+00
8.810573e-02	-1.039847e-06	4.470199e+00
8.771930e-02	-1.010586e-06	4.381373e+00
8.733624e-02	-9.824787e-07	4.294631e+00
8.695652e-02	-9.554891e-07	4.209910e+00
8.658009e-02	-9.295771e-07	4.127140e+00
8.620690e-02	-9.046983e-07	4.046242e+00
8.583691e-02	-8.808059e-07	3.967128e+00
8.547009e-02	-8.578513e-07	3.889710e+00
8.510638e-02	-8.357855e-07	3.813904e+00
8.474576e-02	-8.145599e-07	3.739633e+00
8.438819e-02	-7.941266e-07	3.666834e+00
8.403361e-02	-7.744390e-07	3.595456e+00
8.368201e-02	-7.554512e-07	3.525463e+00
8.333333e-02	-7.371184e-07	3.456827e+00
8.298755e-02	-7.193967e-07	3.389533e+00
8.264463e-02	-7.022436e-07	3.323571e+00
8.230453e-02	-6.856180e-07	3.258937e+00
8.196721e-02	-6.694812e-07	3.195631e+00
8.163265e-02	-6.537969e-07	3.133657e+00
8.130081e-02	-6.385321e-07	3.073016e+00
8.097166e-02	-6.236573e-07	3.013707e+00
8.064516e-02	-6.091468e-07	2.955723e+00
8.032129e-02	-5.949789e-07	2.899049e+00
8.000000e-02	-5.811355e-07	2.843659e+00
7.968127e-02	-5.676016e-07	2.789518e+00
7.936508e-02	-5.543654e-07	2.736583e+00
7.905138e-02	-5.414174e-07	2.684804e+00
7.874016e-02	-5.287494e-07	2.634128e+00
7.843137e-02	-5.163548e-07	2.584508e+00
7.812500e-02	-5.042269e-07	2.535900e+00
7.782101e-02	-4.923594e-07	2.488265e+00
7.751938e-02	-4.807456e-07	2.441576e+00
7.722008e-02	-4.693785e-07	2.395808e+00
7.692308e-02	-4.582509e-07	2.350945e+00
7.662835e-02	-4.473559e-07	2.306975e+00
7.633588e-02	-4.366868e-07	2.263890e+00
7.604563e-02	-4.262379e-07	2.221684e+00
7.575758e-02	-4.160043e-07	2.180352e+00
7.547170e-02	-4.059824e-07	2.139887e+00
7.518797e-02	-3.961696e-07	2.100276e+00
7.490637e-02	-3.865642e-07	2.061502e+00
7.462687e-02	-3.771653e-07	2.023536e+00
7.434944e-02	-3.679724e-07	1.986345e+00
7.407407e-02	-3.589852e-07	1.949891e+00
7.380074e-02	-3.502034e-07	1.914137e+00
7.352941e-02	-3.416262e-07	1.879056e+00
7.326007e-02	-3.332527e-07	1.844626e+00
7.299270e-02	-3.250810e-07	1.810840e+00
7.272727e-02	-3.171085e-07	1.777703e+00
7.246377e-02	-3.093316e-07	1.745228e+00
7.220217e-02	-3.017455e-07	1.713439e+00
7.194245e-02	-2.943445e-07	1.682362e+00
7.168459e-02	-2.871215e-07	1.652023e+00
7.142857e-02	-2.800687e-07	1.622447e+00
7.117438e-02	-2.731777e-07	1.593656e+00
7.092199e-02	-2.664400e-07	1.565664e+00
7.067138e-02	-2.598472e-07	1.538478e+00
7.042254e-02	-2.533912e-07	1.512098e+00
7.017544e-02	-2.470648e-07	1.486514e+00
6.993007e-02	-2.408614e-07	1.461709e+00
6.968641e-02	-2.347750e-07	1.437654e+00
6.944444e-02	-2.288000e-07	1.414313e+00
6.920415e-02	-2.229309e-07	1.391640e+00
6.896552e-02	-2.171622e-07	1.369586e+00
6.872852e-02	-2.114882e-07	1.348103e+00
6.849315e-02	-2.059030e-07	1.327147e+00
6.825939e-02	-2.004006e-07	1.306680e+00
6.802721e-02	-1.949752e-07	1.286671e+00
6.779661e-02	-1.896217e-07	1.267099e+00
6.756757e-02	-1.843358e-07	1.247945e+00
6.734007e-02	-1.791145e-07	1.229197e+00
6.711409e-02	-1.739564e-07	1.210845e+00
6.688963e-02	-1.688622e-07	1.192885e+00
6.666667e-02	-1.638339e-07	1.175317e+00
6.644518e-02	-1.588758e-07	1.158151e+00
6.622517e-02	-1.539932e-07	1.141402e+00
6.600660e-02	-1.491931e-07	1.125094e+00
6.578947e-02	-1.444827e-07	1.109253e+00
6.557377e-02	-1.398697e-07	1.093907e+00
6.535948e-02	-1.353616e-07	1.079078e+00
6.514658e-02	-1.309649e-07	1.064780e+00
6.493506e-02	-1.266851e-07	1.051010e+00
6.472492e-02	-1.225259e-07	1.037750e+00
6.451613e-02	-1.184895e-07	1.024966e+00
6.430868e-02	-1.145759e-07	1.012608e+00
6.410256e-02	-1.107832e-07	1.000621e+00
6.389776e-02	-1.071078e-07	9.889481e-01
6.369427e-02	-1.035446e-07	9.775401e-01
6.349206e-02	-1.000876e-07	9.663572e-01
6.329114e-02	-9.672990e-08	9.553714e-01
6.309148e-02	-9.346471e-08	9.445660e-01
6.289308e-02	-9.028527e-08	9.339348e-01
6.269592e-02	-8.718523e-08	9.234807e-01
6.250000e-02	-8.415886e-08	9.132146e-01
6.230530e-02	-8.120109e-08	9.031534e-01
6.211180e-02	-7.830771e-08	8.933181e-01
6.191950e-02	-7.547538e-08	8.837321e-01
6.172840e-02	-7.270175e-08	8.744202e-01
6.153846e-02	-6.998544e-08	8.654073e-01
6.134969e-02	-6.732610e-08	8.567175e-01
6.116208e-02	-6.472428e-08	8.483728e-01
6.097561e-02	-6.218135e-08	8.403914e-01
6.079027e-02	-5.969931e-08	8.327865e-01
6.060606e-02	-5.728064e-08	8.255653e-01
6.042296e-02	-5.492815e-08	8.187286e-01
6.024096e-02	-5.264473e-08	8.122704e-01
6.006006e-02	-5.043316e-08	8.061760e-01
5.988024e-02	-4.829590e-08	8.004215e-01
5.970149e-02	-4.623481e-08	7.949724e-01
5.952381e-02	-4.425105e-08	7.897857e-01
5.934718e-02	-4.234506e-08	7.848128e-01
5.917160e-02	-4.051663e-08	7.800047e-01
5.899705e-02	-3.876510e-08	7.753156e-01
5.882353e-02	-3.708948e-08	7.707054e-01
5.865103e-02	-3.548855e-08	7.661438e-01
5.847953e-02	-3.396083e-08	7.616161e-01
5.830904e-02	-3.250450e-08	7.571280e-01
5.813953e-02	-3.111732e-08	7.527067e-01
5.797101e-02	-2.979660e-08	7.483917e-01
5.780347e-02	-2.853921e-08	7.442217e-01
5.763689e-02	-2.734158e-08	7.402191e-01
5.747126e-02	-2.619983e-08	7.363823e-01
5.730659e-02	-2.510981e-08	7.326861e-01
5.714286e-02	-2.406712e-08	7.290908e-01
5.698006e-02	-2.306707e-08	7.255563e-01
5.681818e-02	-2.210474e-08	7.220544e-01
5.665722e-02	-2.117491e-08	7.185766e-01
5.649718e-02	-2.027228e-08	7.151326e-01
5.633803e-02	-1.939170e-08	7.117389e-01
5.617978e-02	-1.852859e-08	7.084036e-01
5.602241e-02	-1.767944e-08	7.051131e-01
5.586592e-02	-1.684212e-08	7.018347e-01
5.571031e-02	-1.601591e-08	6.985341e-01
5.555556e-02	-1.520127e-08	6.951923e-01
5.540166e-02	-1.439955e-08	6.918079e-01
5.524862e-02	-1.361299e-08	6.883847e-01
5.509642e-02	-1.284482e-08	6.849209e-01
5.494505e-02	-1.209924e-08	6.813995e-01
5.479452e-02	-1.138072e-08	6.777775e-01
5.464481e-02	-1.069271e-08	6.739762e-01
5.449591e-02	-1.003634e-08	6.698969e-01
5.434783e-02	-9.410022e-09	6.654730e-01
5.420054e-02	-8.810269e-09	6.607214e-01
5.405405e-02	-8.232895e-09	6.557404e-01
5.390836e-02	-7.673918e-09	6.506621e-01
5.376344e-02	-7.129933e-09	6.456086e-01
5.361930e-02	-6.598131e-09	6.406755e-01
5.347594e-02	-6.076191e-09	6.359337e-01
5.333333e-02	-5.562158e-09	6.314364e-01
5.319149e-02	-5.054377e-09	6.272253e-01
5.305040e-02	-4.551484e-09	6.233322e-01
5.291005e-02	-4.052443e-09	6.197801e-01
5.277045e-02	-3.556612e-09	6.165826e-01
5.263158e-02	-3.063825e-09	6.137451e-01
5.249344e-02	-2.574466e-09	6.112670e-01
5.235602e-02	-2.089529e-09	6.091441e-01
5.221932e-02	-1.610651e-09	6.073711e-01
5.208333e-02	-1.140110e-09	6.059438e-01
5.194805e-02	-6.807755e-10	6.048602e-01
5.181347e-02	-2.360254e-10	6.041200e-01
5.167959e-02	1.903879e-10	6.037243e-01
5.154639e-02	5.945003e-10	6.036729e-01
5.141388e-02	9.723317e-10	6.039633e-01
5.128205e-02	1.320097e-09	6.045885e-01
5.115090e-02	1.634446e-09	6.055365e-01
5.102041e-02	1.912716e-09	6.067883e-01
5.089059e-02	2.153183e-09	6.083176e-01
5.076142e-02	2.355288e-09	6.100901e-01
5.063291e-02	2.519775e-09	6.120639e-01
5.050505e-02	2.648669e-09	6.141896e-01
5.037783e-02	2.745016e-09	6.164110e-01
5.025126e-02	2.812379e-09	6.186635e-01
5.012531e-02	2.854175e-09	6.208742e-01
5.000000e-02	2.873126e-09	6.229658e-01
4.987531e-02	2.871041e-09	6.248698e-01
4.975124e-02	2.848854e-09	6.265434e-01
4.962779e-02	2.806649e-09	6.279765e-01
4.950495e-02	2.743694e-09	6.291883e-01
4.938272e-02	2.658683e-09	6.302187e-01
4.926108e-02	2.550169e-09	6.311249e-01
4.914005e-02	2.416942e-09	6.319775e-01
4.901961e-02	2.258192e-09	6.328535e-01
4.889976e-02	2.073564e-09	6.338223e-01
4.878049e-02	1.863222e-09	6.349270e-01
4.866180e-02	1.627940e-09	6.361671e-01
4.854369e-02	1.369120e-09	6.374914e-01
4.842615e-02	1.088669e-09	6.388162e-01
4.830918e-02	7.888524e-10	6.400572e-01
4.819277e-02	4.721377e-10	6.411506e-01
4.807692e-02	1.409392e-10	6.420567e-01
4.796163e-02	-2.024970e-10	6.427601e-01
4.784689e-02	-5.556581e-10	6.432647e-01
4.773270e-02	-9.149389e-10	6.435810e-01
4.761905e-02	-1.275040e-09	6.437110e-01
4.750594e-02	-1.629060e-09	6.436384e-01
4.739336e-02	-1.969262e-09	6.433185e-01
4.728132e-02	-2.288102e-09	6.426709e-01
4.716981e-02	-2.578949e-09	6.415913e-01
4.705882e-02	-2.836337e-09	6.399911e-01
4.694836e-02	-3.056219e-09	6.378263e-01
4.683841e-02	-3.236361e-09	6.350880e-01
4.672897e-02	-3.376505e-09	6.317736e-01
4.662005e-02	-3.478196e-09	6.278727e-01
4.651163e-02	-3.544469e-09	6.233688e-01
4.640371e-02	-3.579491e-09	6.182528e-01
4.629630e-02	-3.588150e-09	6.125385e-01
4.618938e-02	-3.575614e-09	6.062711e-01
4.608295e-02	-3.546909e-09	5.995247e-01
4.597701e-02	-3.506607e-09	5.923902e-01
4.587156e-02	-3.458638e-09	5.849634e-01
4.576659e-02	-3.406199e-09	5.773368e-01
4.566210e-02	-3.351707e-09	5.695978e-01
4.555809e-02	-3.296831e-09	5.618310e-01
4.545455e-02	-3.242619e-09	5.541225e-01
4.535147e-02	-3.189717e-09	5.465605e-01
4.524887e-02	-3.138599e-09	5.392313e-01
4.514673e-02	-3.089747e-09	5.322141e-01
4.504505e-02	-3.043723e-09	5.255764e-01
4.494382e-02	-3.001176e-09	5.193732e-01
4.484305e-02	-2.962795e-09	5.136474e-01
4.474273e-02	-2.929245e-09	5.084327e-01
4.464286e-02	-2.901129e-09	5.037577e-01
4.454343e-02	-2.878968e-09	4.996502e-01
4.444444e-02	-2.863203e-09	4.961387e-01
4.434590e-02	-2.854210e-09	4.932525e-01
4.424779e-02	-2.852312e-09	4.910184e-01
4.415011e-02	-2.857778e-09	4.894561e-01
4.405286e-02	-2.870812e-09	4.885747e-01
4.395604e-02	-2.891540e-09	4.883691e-01
4.385965e-02	-2.919983e-09	4.888181e-01
4.376368e-02	-2.956052e-09	4.898837e-01
4.366812e-02	-2.999541e-09	4.915115e-01
4.357298e-02	-3.050162e-09	4.936321e-01
4.347826e-02	-3.107622e-09	4.961648e-01
4.338395e-02	-3.171765e-09	4.990229e-01
4.329004e-02	-3.242789e-09	5.021190e-01
4.319654e-02	-3.321523e-09	5.053696e-01
4.310345e-02	-3.409731e-09	5.086982e-01
4.301075e-02	-3.510366e-09	5.120362e-01
4.291845e-02	-3.627660e-09	5.153242e-01
4.282655e-02	-3.766930e-09	5.185139e-01
4.273504e-02	-3.933976e-09	5.215731e-01
4.264392e-02	-4.134090e-09	5.244919e-01
4.255319e-02	-4.370868e-09	5.272856e-01
4.246285e-02	-4.645210e-09	5.299876e-01
4.237288e-02	-4.954920e-09	5.326347e-01
4.228330e-02	-5.295061e-09	5.352555e-01
4.219409e-02	-5.658817e-09	5.378702e-01
4.210526e-02	-6.038408e-09	5.405035e-01
4.201681e-02	-6.425644e-09	5.431947e-01
4.192872e-02	-6.812038e-09	5.459902e-01
4.184100e-02	-7.188733e-09	5.489215e-01
4.175365e-02	-7.546635e-09	5.519837e-01
4.166667e-02	-7.877070e-09	5.551310e-01
4.158004e-02	-8.172904e-09	5.582891e-01
4.149378e-02	-8.429705e-09	5.613700e-01
4.140787e-02	-8.646279e-09	5.642754e-01
4.132231e-02	-8.824143e-09	5.668903e-01
4.123711e-02	-8.965979e-09	5.690761e-01
4.115226e-02	-9.073693e-09	5.706676e-01
4.106776e-02	-9.146995e-09	5.714820e-01
4.098361e-02	-9.183284e-09	5.713431e-01
4.089980e-02	-9.179019e-09	5.701182e-01
4.081633e-02	-9.131996e-09	5.677487e-01
4.073320e-02	-9.043523e-09	5.642572e-01
4.065041e-02	-8.919763e-09	5.597353e-01
4.056795e-02	-8.771940e-09	5.543250e-01
4.048583e-02	-8.615393e-09	5.481992e-01
4.040404e-02	-8.467601e-09	5.415410e-01
4.032258e-02	-8.345525e-09	5.345273e-01
4.024145e-02	-8.262968e-09	5.273164e-01
4.016064e-02	-8.228685e-09	5.200423e-01
4.008016e-02	-8.245699e-09	5.128116e-01
4.000000e-02	-8.311759e-09	5.057038e-01
3.992016e-02	-8.420534e-09	4.987748e-01
3.984064e-02	-8.563081e-09	4.920626e-01
3.976143e-02	-8.729193e-09	4.855940e-01
3.968254e-02	-8.908472e-09	4.793909e-01
3.960396e-02	-9.091089e-09	4.734752e-01
3.952569e-02	-9.268297e-09	4.678713e-01
3.944773e-02	-9.432757e-09	4.626057e-01
3.937008e-02	-9.578732e-09	4.577035e-01
3.929273e-02	-9.702167e-09	4.531844e-01
3.921569e-02	-9.800653e-09	4.490593e-01
3.913894e-02	-9.873299e-09	4.453295e-01
3.906250e-02	-9.920520e-09	4.419894e-01
3.898635e-02	-9.943769e-09	4.390303e-01
3.891051e-02	-9.945259e-09	4.364436e-01
3.883495e-02	-9.927683e-09	4.342210e-01
3.875969e-02	-9.893955e-09	4.323524e-01
3.868472e-02	-9.847001e-09	4.308231e-01
3.861004e-02	-9.789579e-09	4.296127e-01
3.853565e-02	-9.724144e-09	4.286949e-01
3.846154e-02	-9.652766e-09	4.280386e-01
3.838772e-02	-9.577068e-09	4.276117e-01
3.831418e-02	-9.498222e-09	4.273832e-01
3.824092e-02	-9.416951e-09	4.273254e-01
3.816794e-02	-9.333574e-09	4.274153e-01
3.809524e-02	-9.248042e-09	4.276332e-01
3.802281e-02	-9.159992e-09	4.279613e-01
3.795066e-02	-9.068797e-09	4.283819e-01
3.787879e-02	-8.973615e-09	4.288762e-01
3.780718e-02	-8.873443e-09	4.294237e-01
3.773585e-02	-8.767178e-09	4.300027e-01
3.766478e-02	-8.653681e-09	4.305914e-01
3.759398e-02	-8.531851e-09	4.311692e-01
3.752345e-02	-8.400687e-09	4.317183e-01
3.745318e-02	-8.259345e-09	4.322254e-01
3.738318e-02	-8.107150e-09	4.326835e-01
3.731343e-02	-7.943593e-09	4.330928e-01
3.724395e-02	-7.768280e-09	4.334619e-01
3.717472e-02	-7.580886e-09	4.338069e-01
3.710575e-02	-7.381102e-09	4.341502e-01
3.703704e-02	-7.168620e-09	4.345184e-01
3.696858e-02	-6.943151e-09	4.349390e-01
3.690037e-02	-6.704468e-09	4.354376e-01
3.683241e-02	-6.452482e-09	4.360355e-01
3.676471e-02	-6.187302e-09	4.367473e-01
3.669725e-02	-5.909288e-09	4.375803e-01
3.663004e-02	-5.619081e-09	4.385341e-01
3.656307e-02	-5.317598e-09	4.396008e-01
3.649635e-02	-5.006006e-09	4.407668e-01
3.642987e-02	-4.685672e-09	4.420138e-01
3.636364e-02	-4.358107e-09	4.433213e-01
3.629764e-02	-4.024905e-09	4.446682e-01
3.623188e-02	-3.687689e-09	4.460352e-01
3.616637e-02	-3.348071e-09	4.474069e-01
3.610108e-02	-3.007626e-09	4.487737e-01
3.603604e-02	-2.667875e-09	4.501322e-01
3.597122e-02	-2.330284e-09	4.514866e-01
3.590664e-02	-1.996268e-09	4.528471e-01
3.584229e-02	-1.667188e-09	4.542295e-01
3.577818e-02	-1.344355e-09	4.556523e-01
3.571429e-02	-1.029022e-09	4.571348e-01
3.565062e-02	-7.223705e-10	4.586945e-01
3.558719e-02	-4.254997e-10	4.603458e-01
3.552398e-02	-1.394141e-10	4.620982e-01
3.546099e-02	1.349892e-10	4.639568e-01
3.539823e-02	3.969284e-10	4.659221e-01
3.533569e-02	6.457466e-10	4.679917e-01
3.527337e-02	8.809184e-10	4.701609e-01
3.521127e-02	1.102063e-09	4.724245e-01
3.514938e-02	1.308955e-09	4.747777e-01
3.508772e-02	1.501534e-09	4.772166e-01
3.502627e-02	1.679912e-09	4.797398e-01
3.496503e-02	1.844359e-09	4.823479e-01
3.490401e-02	1.995295e-09	4.850441e-01
3.484321e-02	2.133253e-09	4.878336e-01
3.478261e-02	2.258848e-09	4.907225e-01
3.472222e-02	2.372736e-09	4.937174e-01
3.466205e-02	2.475584e-09	4.968233e-01
3.460208e-02	2.568059e-09	5.000435e-01
3.454231e-02	2.650849e-09	5.033789e-01
3.448276e-02	2.724703e-09	5.068291e-01
3.442341e-02	2.790514e-09	5.103935e-01
3.436426e-02	2.849391e-09	5.140727e-01
3.430532e-02	2.902729e-09	5.178707e-01
3.424658e-02	2.952219e-09	5.217958e-01
3.418803e-02	2.999822e-09	5.258619e-01
3.412969e-02	3.047665e-09	5.300887e-01
3.407155e-02	3.097898e-09	5.345008e-01
3.401361e-02	3.152514e-09	5.391251e-01
3.395586e-02	3.213134e-09	5.439848e-01
3.389831e-02	3.280773e-09	5.490899e-01
3.384095e-02	3.355574e-09	5.544257e-01
3.378378e-02	3.436543e-09	5.599390e-01
3.372681e-02	3.521308e-09	5.655298e-01
3.367003e-02	3.605996e-09	5.710522e-01
3.361345e-02	3.685318e-09	5.763316e-01
3.355705e-02	3.752837e-09	5.811974e-01
3.350084e-02	3.801361e-09	5.855210e-01
3.344482e-02	3.823345e-09	5.892462e-01
3.338898e-02	3.811289e-09	5.924040e-01
3.333333e-02	3.758135e-09	5.951092e-01
3.327787e-02	3.657686e-09	5.975396e-01
3.322259e-02	3.505019e-09	5.999047e-01
3.316750e-02	3.296910e-09	6.024071e-01
3.311258e-02	3.032234e-09	6.052051e-01
3.305785e-02	2.712326e-09	6.083766e-01
3.300330e-02	2.341246e-09	6.118930e-01
3.294893e-02	1.925849e-09	6.156080e-01
3.289474e-02	1.475572e-09	6.192735e-01
3.284072e-02	1.001873e-09	6.225835e-01
3.278689e-02	5.173419e-10	6.252376e-01
3.273322e-02	3.459870e-11	6.270048e-01
3.267974e-02	-4.347720e-10	6.277656e-01
3.262643e-02	-8.809716e-10	6.275198e-01
3.257329e-02	-1.296270e-09	6.263497e-01
3.252033e-02	-1.674852e-09	6.243576e-01
3.246753e-02	-2.012430e-09	6.216136e-01
3.241491e-02	-2.305876e-09	6.181472e-01
3.236246e-02	-2.553052e-09	6.139830e-01
3.231018e-02	-2.752878e-09	6.091912e-01
3.225806e-02	-2.905530e-09	6.039102e-01
3.220612e-02	-3.012667e-09	5.983137e-01
3.215434e-02	-3.077511e-09	5.925415e-01
3.210273e-02	-3.104640e-09	5.866528e-01
3.205128e-02	-3.099427e-09	5.806527e-01
3.200000e-02	-3.067394e-09	5.745529e-01
3.194888e-02	-3.013730e-09	5.683937e-01
3.189793e-02	-2.942958e-09	5.622251e-01
3.184713e-02	-2.858592e-09	5.560920e-01
3.179650e-02	-2.762841e-09	5.500372e-01
3.174603e-02	-2.656449e-09	5.441100e-01
3.169572e-02	-2.538858e-09	5.383743e-01
3.164557e-02	-2.408694e-09	5.329130e-01
3.159558e-02	-2.264458e-09	5.278287e-01
3.154574e-02	-2.105219e-09	5.232351e-01
3.149606e-02	-1.931096e-09	5.192434e-01
3.144654e-02	-1.743430e-09	5.159464e-01
3.139717e-02	-1.544678e-09	5.134051e-01
3.134796e-02	-1.338110e-09	5.116358e-01
3.129890e-02	-1.127401e-09	5.105986e-01
3.125000e-02	-9.161604e-10	5.101931e-01
3.120125e-02	-7.074270e-10	5.102657e-01
3.115265e-02	-5.033157e-10	5.106384e-01
3.110420e-02	-3.049465e-10	5.111533e-01
3.105590e-02	-1.126543e-10	5.117102e-01
3.100775e-02	7.373071e-11	5.122821e-01
3.095975e-02	2.546663e-10	5.129101e-01
3.091190e-02	4.307462e-10	5.136883e-01
3.086420e-02	6.025805e-10	5.147411e-01
3.081664e-02	7.707037e-10	5.161933e-01
3.076923e-02	9.355091e-10	5.181379e-01
3.072197e-02	1.097213e-09	5.206064e-01
3.067485e-02	1.255841e-09	5.235521e-01
3.062787e-02	1.411239e-09	5.268489e-01
3.058104e-02	1.563091e-09	5.303097e-01
3.053435e-02	1.710952e-09	5.337207e-01
3.048780e-02	1.854281e-09	5.368823e-01
3.044140e-02	1.992483e-09	5.396476e-01
3.039514e-02	2.124949e-09	5.419463e-01
3.034901e-02	2.251093e-09	5.437918e-01
3.030303e-02	2.370386e-09	5.452712e-01
3.025719e-02	2.482376e-09	5.465237e-01
3.021148e-02	2.586717e-09	5.477124e-01
3.016591e-02	2.683170e-09	5.489934e-01
3.012048e-02	2.771623e-09	5.504865e-01
3.007519e-02	2.852079e-09	5.522499e-01
3.003003e-02	2.924658e-09	5.542637e-01
2.998501e-02	2.989581e-09	5.564247e-01
2.994012e-02	3.047143e-09	5.585537e-01
2.989537e-02	3.097690e-09	5.604156e-01
2.985075e-02	3.141583e-09	5.617495e-01
2.980626e-02	3.179174e-09	5.623024e-01
2.976190e-02	3.210784e-09	5.618636e-01
2.971768e-02	3.236697e-09	5.602923e-01
2.967359e-02	3.257166e-09	5.575360e-01
2.962963e-02	3.272425e-09	5.536353e-01
2.958580e-02	3.282714e-09	5.487166e-01
2.954210e-02	3.288290e-09	5.429733e-01
2.949853e-02	3.289449e-09	5.366399e-01
2.945508e-02	3.286526e-09	5.299636e-01
2.941176e-02	3.279894e-09	5.231807e-01
2.936858e-02	3.269952e-09	5.164977e-01
2.932551e-02	3.257121e-09	5.100816e-01
2.928258e-02	3.241825e-09	5.040566e-01
2.923977e-02	3.224477e-09	4.985065e-01
2.919708e-02	3.205475e-09	4.934802e-01
2.915452e-02	3.185190e-09	4.889985e-01
2.911208e-02	3.163961e-09	4.850611e-01
2.906977e-02	3.142096e-09	4.816524e-01
2.902758e-02	3.119869e-09	4.787468e-01
2.898551e-02	3.097522e-09	4.763122e-01
2.894356e-02	3.075270e-09	4.743122e-01
2.890173e-02	3.053299e-09	4.727078e-01
2.886003e-02	3.031774e-09	4.714583e-01
2.881844e-02	3.010842e-09	4.705212e-01
2.877698e-02	2.990632e-09	4.698534e-01
2.873563e-02	2.971264e-09	4.694113e-01
2.869440e-02	2.952848e-09	4.691526e-01
2.865330e-02	2.935490e-09	4.690371e-01
2.861230e-02	2.919292e-09	4.690291e-01
2.857143e-02	2.904359e-09	4.690984e-01
2.853067e-02	2.890796e-09	4.692207e-01
2.849003e-02	2.878710e-09	4.693784e-01
2.844950e-02	2.868215e-09	4.695590e-01
2.840909e-02	2.859427e-09	4.697547e-01
2.836879e-02	2.852468e-09	4.699607e-01
2.832861e-02	2.847464e-09	4.701740e-01
2.828854e-02	2.844542e-09	4.703931e-01
2.824859e-02	2.843833e-09	4.706164e-01
2.820874e-02	2.845466e-09	4.708424e-01
2.816901e-02	2.849569e-09	4.710687e-01
2.812940e-02	2.856260e-09	4.712920e-01
2.808989e-02	2.865651e-09	4.715074e-01
2.805049e-02	2.877835e-09	4.717081e-01
2.801120e-02	2.892884e-09	4.718850e-01
2.797203e-02	2.910838e-09	4.720267e-01
2.793296e-02	2.931699e-09	4.721211e-01
2.789400e-02	2.955425e-09	4.721559e-01
2.785515e-02	2.981928e-09	4.721213e-01
2.781641e-02	3.011075e-09	4.720105e-01
2.777778e-02	3.042697e-09	4.718213e-01
2.773925e-02	3.076598e-09	4.715554e-01
2.770083e-02	3.112574e-09	4.712181e-01
2.766252e-02	3.150415e-09	4.708183e-01
2.762431e-02	3.189920e-09	4.703680e-01
2.758621e-02	3.230890e-09	4.698814e-01
2.754821e-02	3.273130e-09	4.693744e-01
2.751032e-02	3.316439e-09	4.688628e-01
2.747253e-02	3.360602e-09	4.683613e-01
2.743484e-02	3.405386e-09	4.678821e-01
2.739726e-02	3.450534e-09	4.674350e-01
2.735978e-02	3.495763e-09	4.670265e-01
2.732240e-02	3.540768e-09	4.666607e-01
2.728513e-02	3.585223e-09	4.663395e-01
2.724796e-02	3.628787e-09	4.660626e-01
2.721088e-02	3.671115e-09	4.658288e-01
2.717391e-02	3.711859e-09	4.656355e-01
2.713704e-02	3.750682e-09	4.654801e-01
2.710027e-02	3.787260e-09	4.653593e-01
2.706360e-02	3.821296e-09	4.652704e-01
2.702703e-02	3.852519e-09	4.652107e-01
2.699055e-02	3.880695e-09	4.651780e-01
2.695418e-02	3.905628e-09	4.651706e-01
2.691790e-02	3.927160e-09	4.651878e-01
2.688172e-02	3.945179e-09	4.652291e-01
2.684564e-02	3.959611e-09	4.652953e-01
2.680965e-02	3.970422e-09	4.653880e-01
2.677376e-02	3.977617e-09	4.655098e-01
2.673797e-02	3.981232e-09	4.656644e-01
2.670227e-02	3.981334e-09	4.658571e-01
2.666667e-02	3.978017e-09	4.660941e-01
2.663116e-02	3.971392e-09	4.663834e-01
2.659574e-02	3.961587e-09	4.667341e-01
2.656042e-02	3.948736e-09	4.671566e-01
2.652520e-02	3.932977e-09	4.676628e-01
2.649007e-02	3.914442e-09	4.682655e-01
2.645503e-02	3.893250e-09	4.689785e-01
2.642008e-02	3.869502e-09	4.698167e-01
2.638522e-02	3.843274e-09	4.707959e-01
2.635046e-02	3.814604e-09	4.719329e-01
2.631579e-02	3.783493e-09	4.732457e-01
2.628121e-02	3.749892e-09	4.747537e-01
2.624672e-02	3.713693e-09	4.764780e-01
2.621232e-02	3.674728e-09	4.784421e-01
2.617801e-02	3.632751e-09	4.806722e-01
2.614379e-02	3.587440e-09	4.831979e-01
2.610966e-02	3.538383e-09	4.860528e-01
2.607562e-02	3.485079e-09	4.892752e-01
2.604167e-02	3.426932e-09	4.929087e-01
2.600780e-02	3.363255e-09	4.970023e-01
2.597403e-02	3.293288e-09	5.016106e-01
2.594034e-02	3.216213e-09	5.067940e-01
2.590674e-02	3.131198e-09	5.126180e-01
2.587322e-02	3.037446e-09	5.191527e-01
2.583979e-02	2.934262e-09	5.264724e-01
2.580645e-02	2.821137e-09	5.346549e-01
2.577320e-02	2.697836e-09	5.437806e-01
2.574003e-02	2.564478e-09	5.539316e-01
2.570694e-02	2.421609e-09	5.651880e-01
2.567394e-02	2.270240e-09	5.776207e-01
2.564103e-02	2.111852e-09	5.912782e-01
2.560819e-02	1.948355e-09	6.061654e-01
2.557545e-02	1.782015e-09	6.222161e-01
2.554278e-02	1.615338e-09	6.392644e-01
2.551020e-02	1.450946e-09	6.570244e-01
2.547771e-02	1.291431e-09	6.750920e-01
2.544529e-02	1.139231e-09	6.929768e-01
2.541296e-02	9.965238e-10	7.101610e-01
2.538071e-02	8.651631e-10	7.261666e-01
2.534854e-02	7.466698e-10	7.406016e-01
2.531646e-02	6.422695e-10	7.531650e-01
2.528445e-02	5.489374e-10	8.457394e-01
2.525253e-02	4.742932e-10	9.137822e-01
2.522068e-02	4.218583e-10	8.848849e-01
2.518892e-02	3.896102e-10	8.621193e-01
2.515723e-02	3.762602e-10	8.429382e-01
2.512563e-02	3.809396e-10	8.256274e-01
2.509410e-02	4.029289e-10	8.091618e-01
2.506266e-02	4.414415e-10	7.930687e-01
2.503129e-02	4.954540e-10	7.772791e-01
2.500000e-02	5.635806e-10	7.619698e-01
2.496879e-02	6.465623e-10	9.085392e-01
2.493766e-02	7.362401e-10	8.607689e-01
2.490660e-02	8.310006e-10	8.180101e-01
2.487562e-02	9.289093e-10	7.843961e-01
2.484472e-02	1.027191e-09	7.578142e-01
2.481390e-02	1.122568e-09	7.366483e-01
2.478315e-02	1.211585e-09	7.196308e-01
2.475248e-02	1.290913e-09	7.057478e-01
2.472188e-02	1.357616e-09	6.941807e-01
2.469136e-02	1.409347e-09	6.842754e-01
2.466091e-02	1.444488e-09	6.755269e-01
2.463054e-02	1.462213e-09	6.675725e-01
2.460025e-02	1.462473e-09	6.601836e-01
2.457002e-02	1.445930e-09	6.532510e-01
2.453988e-02	1.413838e-09	6.467617e-01
2.450980e-02	1.367906e-09	6.407727e-01
2.447980e-02	1.310144e-09	6.353839e-01
2.444988e-02	1.242729e-09	6.307151e-01
2.442002e-02	1.167878e-09	6.268884e-01
2.439024e-02	1.087742e-09	6.240134e-01
2.436054e-02	1.004316e-09	6.221707e-01
2.433090e-02	9.193460e-10	6.213882e-01
2.430134e-02	8.342323e-10	6.216070e-01
2.427184e-02	7.499244e-10	6.226426e-01
2.424242e-02	6.668215e-10	6.241585e-01
2.421308e-02	5.847226e-10	6.256831e-01
2.418380e-02	5.028799e-10	6.266931e-01
2.415459e-02	4.201870e-10	6.267465e-01
2.412545e-02	3.354662e-10	6.256082e-01
2.409639e-02	2.477765e-10	6.232992e-01
2.406739e-02	1.566359e-10	6.200492e-01
2.403846e-02	6.210566e-11	6.161949e-01
2.400960e-02	-3.525907e-11	6.120785e-01
2.398082e-02	-1.345381e-10	6.079856e-01
2.395210e-02	-2.346065e-10	6.041237e-01
2.392344e-02	-3.342790e-10	6.006280e-01
2.389486e-02	-4.324194e-10	5.975790e-01
2.386635e-02	-5.280124e-10	5.950214e-01
2.383790e-02	-6.202009e-10	5.929790e-01
2.380952e-02	-7.082962e-10	5.914653e-01
2.378121e-02	-7.917768e-10	5.904907e-01
2.375297e-02	-8.702689e-10	5.900658e-01
2.372479e-02	-9.435304e-10	5.902035e-01
2.369668e-02	-1.011429e-09	5.909183e-01
2.366864e-02	-1.073924e-09	5.922259e-01
2.364066e-02	-1.131052e-09	5.941406e-01
2.361275e-02	-1.182917e-09	5.966716e-01
2.358491e-02	-1.229684e-09	5.998185e-01
2.355713e-02	-1.271580e-09	6.035661e-01
2.352941e-02	-1.308894e-09	6.078774e-01
2.350176e-02	-1.341993e-09	6.126881e-01
2.347418e-02	-1.371321e-09	6.179008e-01
2.344666e-02	-1.397414e-09	6.233831e-01
2.341920e-02	-1.420904e-09	6.289695e-01
2.339181e-02	-1.442513e-09	6.344701e-01
2.336449e-02	-1.463048e-09	6.396854e-01
2.333722e-02	-1.483373e-09	6.444276e-01
2.331002e-02	-1.504383e-09	6.485441e-01
2.328289e-02	-1.526959e-09	6.519375e-01
2.325581e-02	-1.551933e-09	6.545795e-01
2.322880e-02	-1.580043e-09	6.565118e-01
2.320186e-02	-1.611910e-09	6.578372e-01
2.317497e-02	-1.648017e-09	6.587009e-01
2.314815e-02	-1.688703e-09	6.592681e-01
2.312139e-02	-1.734161e-09	6.597008e-01
2.309469e-02	-1.784452e-09	6.601370e-01
2.306805e-02	-1.839502e-09	6.606733e-01
2.304147e-02	-1.899113e-09	6.613515e-01
2.301496e-02	-1.962956e-09	6.621500e-01
2.298851e-02	-2.030567e-09	6.629814e-01
2.296211e-02	-2.101347e-09	6.636981e-01
2.293578e-02	-2.174557e-09	6.641085e-01
2.290951e-02	-2.249341e-09	6.640036e-01
2.288330e-02	-2.324751e-09	6.631899e-01
2.285714e-02	-2.399799e-09	6.615224e-01
2.283105e-02	-2.473511e-09	6.589285e-01
2.280502e-02	-2.544987e-09	6.554180e-01
2.277904e-02	-2.613453e-09	6.510762e-01
2.275313e-02	-2.678296e-09	6.460452e-01
2.272727e-02	-2.739074e-09	6.404993e-01
2.270148e-02	-2.795518e-09	6.346216e-01
2.267574e-02	-2.847511e-09	6.285850e-01
2.265006e-02	-2.895057e-09	6.225410e-01
2.262443e-02	-2.938254e-09	6.166144e-01
2.259887e-02	-2.977261e-09	6.109026e-01
2.257336e-02	-3.012268e-09	6.054780e-01
2.254791e-02	-3.043486e-09	6.003921e-01
2.252252e-02	-3.071116e-09	5.956790e-01
2.249719e-02	-3.095351e-09	5.913594e-01
2.247191e-02	-3.116365e-09	5.874434e-01
2.244669e-02	-3.134307e-09	5.839334e-01
2.242152e-02	-3.149307e-09	5.808253e-01
2.239642e-02	-3.161472e-09	5.781105e-01
2.237136e-02	-3.170885e-09	5.757761e-01
2.234637e-02	-3.177616e-09	5.738064e-01
2.232143e-02	-3.181712e-09	5.721829e-01
2.229654e-02	-3.183210e-09	5.708852e-01
2.227171e-02	-3.182130e-09	5.698913e-01
2.224694e-02	-3.178482e-09	5.691778e-01
2.222222e-02	-3.172261e-09	5.687204e-01
2.219756e-02	-3.163456e-09	5.684944e-01
2.217295e-02	-3.152044e-09	5.684745e-01
2.214839e-02	-3.137995e-09	5.686353e-01
2.212389e-02	-3.121270e-09	5.689518e-01
2.209945e-02	-3.101823e-09	5.693994e-01
2.207506e-02	-3.079604e-09	5.699544e-01
2.205072e-02	-3.054557e-09	5.705944e-01
2.202643e-02	-3.026620e-09	5.712987e-01
2.200220e-02	-2.995732e-09	5.720489e-01
2.197802e-02	-2.961825e-09	5.728296e-01
2.195390e-02	-2.926719e-09	7.954728e-01
2.192982e-02	-2.884961e-09	7.431287e-01
2.190581e-02	-2.838050e-09	7.032648e-01
2.188184e-02	-2.786853e-09	6.738215e-01
2.185792e-02	-2.731880e-09	6.520181e-01
2.183406e-02	-2.673411e-09	6.358505e-01
2.181025e-02	-2.611572e-09	6.238710e-01
2.178649e-02	-2.546391e-09	6.150318e-01
2.176279e-02	-2.477837e-09	6.085738e-01
2.173913e-02	-2.405843e-09	6.039476e-01
2.171553e-02	-2.330325e-09	6.007560e-01
2.169197e-02	-2.251193e-09	5.987129e-01
2.166847e-02	-2.168353e-09	5.976122e-01
2.164502e-02	-2.081712e-09	5.973056e-01
2.162162e-02	-1.991178e-09	5.976859e-01
2.159827e-02	-1.896658e-09	5.986743e-01
2.157497e-02	-1.798054e-09	6.002110e-01
2.155172e-02	-1.695261e-09	6.022487e-01
2.152853e-02	-1.588166e-09	6.047482e-01
2.150538e-02	-1.476641e-09	6.076748e-01
2.148228e-02	-1.360547e-09	6.109981e-01
2.145923e-02	-1.239726e-09	6.146909e-01
2.143623e-02	-1.114005e-09	6.187305e-01
2.141328e-02	-9.826479e-10	8.600589e-01
2.139037e-02	-8.472031e-10	8.078681e-01
2.136752e-02	-7.066649e-10	7.694830e-01
2.134472e-02	-5.606149e-10	7.425186e-01
2.132196e-02	-4.086934e-10	7.240118e-01
2.129925e-02	-2.505927e-10	7.118235e-01
2.127660e-02	-8.606338e-11	7.043989e-01
2.125399e-02	8.507578e-11	7.005952e-01
2.123142e-02	2.629216e-10	6.995597e-01
2.120891e-02	4.474775e-10	7.006412e-01
2.118644e-02	6.386398e-10	7.033284e-01
2.116402e-02	8.361872e-10	7.072073e-01
2.114165e-02	1.039767e-09	7.119333e-01
2.111932e-02	1.248872e-09	7.172157e-01
2.109705e-02	1.462824e-09	7.228085e-01
2.107482e-02	1.680734e-09	7.285072e-01
2.105263e-02	1.901486e-09	7.341452e-01
2.103049e-02	2.123713e-09	7.395900e-01
2.100840e-02	2.345799e-09	7.447369e-01
2.098636e-02	2.565884e-09	7.495014e-01
2.096436e-02	2.781909e-09	7.538117e-01
2.094241e-02	2.991669e-09	7.576029e-01
2.092050e-02	3.192890e-09	7.608149e-01
2.089864e-02	3.383315e-09	7.633925e-01
2.087683e-02	3.560796e-09	7.652898e-01
2.085506e-02	3.723375e-09	7.664759e-01
2.083333e-02	3.869346e-09	7.669410e-01
2.081165e-02	3.997294e-09	7.667021e-01
2.079002e-02	4.106110e-09	7.658048e-01
2.076843e-02	4.194978e-09	7.643221e-01
2.074689e-02	4.263347e-09	7.623480e-01
2.072539e-02	4.310888e-09	7.599870e-01
2.070393e-02	4.337459e-09	7.573414e-01
2.068252e-02	4.327787e-09	7.962723e-01
2.066116e-02	4.317952e-09	8.195709e-01
2.063983e-02	4.285706e-09	7.983107e-01
2.061856e-02	4.232362e-09	7.819869e-01
2.059732e-02	4.158775e-09	7.691466e-01
2.057613e-02	4.065913e-09	7.587566e-01
2.055498e-02	3.954891e-09	7.500859e-01
2.053388e-02	3.827004e-09	7.426231e-01
2.051282e-02	3.708302e-09	7.784913e-01
2.049180e-02	3.546087e-09	7.991509e-01
2.047083e-02	3.373352e-09	7.752438e-01
2.044990e-02	3.191617e-09	7.567684e-01
2.042901e-02	3.002584e-09	7.422158e-01
2.040816e-02	2.808055e-09	7.305262e-01
2.038736e-02	2.609886e-09	7.209568e-01
2.036660e-02	2.493234e-09	7.560449e-01
2.034588e-02	2.272096e-09	7.763608e-01
2.032520e-02	2.056116e-09	7.519509e-01
2.030457e-02	1.845828e-09	7.334471e-01
2.028398e-02	1.641333e-09	7.191959e-01
2.026342e-02	1.442301e-09	7.080062e-01
2.024291e-02	1.248074e-09	6.990159e-01
2.022245e-02	1.057879e-09	6.916017e-01
2.020202e-02	7.781924e-10	7.290432e-01
2.018163e-02	6.160263e-10	7.515360e-01
2.016129e-02	4.524849e-10	7.276426e-01
2.014099e-02	2.897265e-10	7.094828e-01
2.012072e-02	1.299738e-10	6.954613e-01
2.010050e-02	-2.464164e-11	6.844559e-01
2.008032e-02	-1.722419e-10	6.756710e-01
2.006018e-02	-3.113124e-10	6.685380e-01
2.004008e-02	-4.407320e-10	6.626488e-01
2.002002e-02	-5.597444e-10	6.577112e-01
2.000000e-02	-6.678964e-10	6.535183e-01
1.998002e-02	-7.649906e-10	6.499245e-01
1.996008e-02	-8.510913e-10	6.468216e-01
1.994018e-02	-9.265788e-10	6.441167e-01
1.992032e-02	-9.921895e-10	6.417182e-01
1.990050e-02	-1.048947e-09	6.395405e-01
1.988072e-02	-1.097953e-09	6.375252e-01
1.986097e-02	-1.140139e-09	6.356581e-01
1.984127e-02	-1.176102e-09	6.339652e-01
1.982161e-02	-1.205930e-09	6.324824e-01
1.980198e-02	-1.228922e-09	6.312088e-01
1.978239e-02	-1.243629e-09	6.300873e-01
1.976285e-02	-1.248516e-09	6.290377e-01
1.974334e-02	-1.243027e-09	6.279889e-01
1.972387e-02	-1.228346e-09	6.269475e-01
1.970443e-02	-1.206864e-09	6.259912e-01
1.968504e-02	-1.181724e-09	6.251180e-01
1.966568e-02	-1.155353e-09	6.242549e-01
1.964637e-02	-1.128175e-09	6.234322e-01
1.962709e-02	-1.099886e-09	6.227290e-01
1.960784e-02	-1.070285e-09	6.221691e-01
1.958864e-02	-1.039481e-09	6.217346e-01
1.956947e-02	-1.008144e-09	6.214166e-01
1.955034e-02	-9.770776e-10	6.212125e-01
1.953125e-02	-9.469474e-10	6.211177e-01
1.951220e-02	-9.183100e-10	6.211245e-01
1.949318e-02	-8.917188e-10	6.212230e-01
1.947420e-02	-8.677442e-10	6.213976e-01
1.945525e-02	-8.468815e-10	6.216368e-01
1.943635e-02	-8.295639e-10	6.219346e-01
1.941748e-02	-8.161784e-10	6.222857e-01
1.939864e-02	-8.070775e-10	6.226844e-01
1.937984e-02	-8.025786e-10	6.231248e-01
1.936108e-02	-8.029579e-10	6.236005e-01
1.934236e-02	-8.084433e-10	6.241054e-01
1.932367e-02	-8.192114e-10	6.246332e-01
1.930502e-02	-8.353837e-10	6.251780e-01
1.928640e-02	-8.570230e-10	6.257341e-01
1.926782e-02	-8.841315e-10	6.262961e-01
1.924928e-02	-9.166506e-10	6.268591e-01
1.923077e-02	-9.544620e-10	6.274184e-01
1.921230e-02	-9.973877e-10	6.279700e-01
1.919386e-02	-1.045193e-09	6.285101e-01
1.917546e-02	-1.097592e-09	6.290356e-01
1.915709e-02	-1.154250e-09	6.295437e-01
1.913876e-02	-1.214787e-09	6.300324e-01
1.912046e-02	-1.278782e-09	6.305003e-01
1.910220e-02	-1.345778e-09	6.309469e-01
1.908397e-02	-1.415285e-09	6.313727e-01
1.906578e-02	-1.486782e-09	6.317790e-01
1.904762e-02	-1.559720e-09	6.321684e-01
1.902950e-02	-1.633528e-09	6.325446e-01
1.901141e-02	-1.707612e-09	6.329120e-01
1.899335e-02	-1.781362e-09	6.332756e-01
1.897533e-02	-1.854165e-09	6.336398e-01
1.895735e-02	-1.925421e-09	6.340066e-01
1.893939e-02	-1.994565e-09	6.343739e-01
1.892148e-02	-2.061106e-09	6.347332e-01
1.890359e-02	-2.124656e-09	6.350692e-01
1.888574e-02	-2.184953e-09	6.353616e-01
1.886792e-02	-2.241858e-09	6.355910e-01
1.885014e-02	-2.295315e-09	6.357463e-01
1.883239e-02	-2.345292e-09	6.358294e-01
1.881468e-02	-2.391726e-09	6.358561e-01
1.879699e-02	-2.434490e-09	6.358512e-01
1.877934e-02	-2.473397e-09	6.358431e-01
1.876173e-02	-2.508217e-09	6.358583e-01
1.874414e-02	-2.538715e-09	6.359196e-01
1.872659e-02	-2.564679e-09	6.360456e-01
1.870907e-02	-2.585938e-09	6.362512e-01
1.869159e-02	-2.602380e-09	6.365491e-01
1.867414e-02	-2.613951e-09	6.369505e-01
1.865672e-02	-2.620657e-09	6.374658e-01
1.863933e-02	-2.622560e-09	6.381051e-01
1.862197e-02	-2.619772e-09	6.388786e-01
1.860465e-02	-2.612454e-09	6.397969e-01
1.858736e-02	-2.600806e-09	6.408725e-01
1.857010e-02	-2.585067e-09	6.421204e-01
1.855288e-02	-2.565510e-09	6.435594e-01
1.853568e-02	-2.542433e-09	6.452142e-01
1.851852e-02	-2.516156e-09	6.471156e-01
1.850139e-02	-2.487014e-09	6.493012e-01
1.848429e-02	-2.455348e-09	6.518147e-01
1.846722e-02	-2.421490e-09	6.547043e-01
1.845018e-02	-2.385753e-09	6.580204e-01
1.843318e-02	-2.348418e-09	6.618129e-01
1.841621e-02	-2.309723e-09	6.661273e-01
1.839926e-02	-2.269861e-09	6.710025e-01
1.838235e-02	-2.228992e-09	6.764673e-01
1.836547e-02	-2.187274e-09	6.825378e-01
1.834862e-02	-2.144896e-09	6.892112e-01
1.833181e-02	-2.102115e-09	6.964568e-01
1.831502e-02	-2.059284e-09	7.042050e-01
1.829826e-02	-2.016859e-09	7.123363e-01
1.828154e-02	-1.975403e-09	7.206754e-01
1.826484e-02	-1.935571e-09	7.289941e-01
1.824818e-02	-1.898093e-09	7.370230e-01
1.823154e-02	-1.863747e-09	7.444758e-01
1.821494e-02	-1.833322e-09	7.510812e-01
1.819836e-02	-1.807569e-09	7.566210e-01
1.818182e-02	-1.787151e-09	7.609660e-01
1.816530e-02	-1.772587e-09	7.641012e-01
1.814882e-02	-1.764218e-09	7.661342e-01
1.813237e-02	-1.762180e-09	7.672808e-01
1.811594e-02	-1.766405e-09	7.678320e-01
1.809955e-02	-1.776640e-09	7.681089e-01
1.808318e-02	-1.792477e-09	7.684131e-01
1.806685e-02	-1.819371e-09	7.857609e-01
1.805054e-02	-1.846779e-09	7.964652e-01
1.803427e-02	-1.877430e-09	7.907061e-01
1.801802e-02	-1.896120e-09	8.037703e-01
1.800180e-02	-1.931589e-09	8.119309e-01
1.798561e-02	-1.968366e-09	8.040818e-01
1.796945e-02	-2.005703e-09	7.986239e-01
1.795332e-02	-2.042872e-09	7.944383e-01
1.793722e-02	-2.079196e-09	7.907213e-01
1.792115e-02	-2.114075e-09	7.869316e-01
1.790510e-02	-2.146999e-09	7.827557e-01
1.788909e-02	-2.177556e-09	7.780758e-01
1.787310e-02	-2.205422e-09	7.729309e-01
1.785714e-02	-2.230343e-09	7.674716e-01
1.784121e-02	-2.252131e-09	7.619124e-01
1.782531e-02	-2.270660e-09	7.564883e-01
1.780944e-02	-2.285866e-09	7.514226e-01
1.779359e-02	-2.297751e-09	7.469066e-01
1.777778e-02	-2.339780e-09	7.746412e-01
1.776199e-02	-2.343327e-09	7.631376e-01
1.774623e-02	-2.344298e-09	7.548718e-01
1.773050e-02	-2.342841e-09	7.492992e-01
1.771479e-02	-2.339172e-09	7.459142e-01
1.769912e-02	-2.333560e-09	7.443664e-01
1.768347e-02	-2.326325e-09	7.444045e-01
1.766784e-02	-2.317825e-09	7.458380e-01
1.765225e-02	-2.308454e-09	7.485105e-01
1.763668e-02	-2.298633e-09	7.522776e-01
1.762115e-02	-2.288810e-09	7.569908e-01
1.760563e-02	-2.279457e-09	7.624838e-01
1.759015e-02	-2.271066e-09	7.685638e-01
1.757469e-02	-2.264143e-09	7.750093e-01
1.755926e-02	-2.259199e-09	7.815766e-01
1.754386e-02	-2.256734e-09	7.880154e-01
1.752848e-02	-2.257221e-09	7.940929e-01
1.751313e-02	-2.261099e-09	8.314720e-01
1.749781e-02	-2.274401e-09	8.744132e-01
1.748252e-02	-2.285124e-09	8.762678e-01
1.746725e-02	-2.300164e-09	8.627969e-01
1.745201e-02	-2.319576e-09	8.533562e-01
1.743679e-02	-2.343158e-09	8.467785e-01
1.742160e-02	-2.370448e-09	8.422592e-01
1.740644e-02	-2.400717e-09	8.391923e-01
1.739130e-02	-2.432978e-09	8.370617e-01
1.737619e-02	-2.465994e-09	8.353826e-01
1.736111e-02	-2.498328e-09	8.336850e-01
1.734605e-02	-2.528406e-09	8.315321e-01
1.733102e-02	-2.554609e-09	8.285573e-01
1.731602e-02	-2.575375e-09	8.245065e-01
1.730104e-02	-2.589311e-09	8.192664e-01
1.728608e-02	-2.595274e-09	8.128712e-01
1.727116e-02	-2.592430e-09	8.054830e-01
1.725626e-02	-2.580277e-09	7.973546e-01
1.724138e-02	-2.557758e-09	8.507301e-01
1.722653e-02	-2.526847e-09	8.275497e-01
1.721170e-02	-2.486911e-09	8.075287e-01
1.719690e-02	-2.438269e-09	7.907446e-01
1.718213e-02	-2.381406e-09	7.765981e-01
1.716738e-02	-2.316887e-09	7.646417e-01
1.715266e-02	-2.245294e-09	7.545291e-01
1.713796e-02	-2.167179e-09	7.459826e-01
1.712329e-02	-2.083035e-09	7.387740e-01
1.710864e-02	-1.993278e-09	7.327119e-01
1.709402e-02	-1.898239e-09	7.276343e-01
1.707942e-02	-1.798162e-09	7.234032e-01
1.706485e-02	-1.693207e-09	7.199004e-01
1.705030e-02	-1.583459e-09	7.170246e-01
1.703578e-02	-1.468933e-09	7.146894e-01
1.702128e-02	-1.349585e-09	7.128209e-01
1.700680e-02	-1.225322e-09	7.113557e-01
1.699235e-02	-1.096014e-09	7.102400e-01
1.697793e-02	-9.615041e-10	7.094275e-01
1.696353e-02	-8.216154e-10	7.088790e-01
1.694915e-02	-6.761638e-10	7.085607e-01
1.693480e-02	-5.249668e-10	7.084439e-01
1.692047e-02	-3.678507e-10	7.085037e-01
1.690617e-02	-2.046611e-10	7.087190e-01
1.689189e-02	-3.526792e-11	7.090713e-01
1.687764e-02	1.404241e-10	7.095448e-01
1.686341e-02	3.224722e-10	7.101257e-01
1.684920e-02	5.108864e-10	7.108018e-01
1.683502e-02	7.056263e-10	7.115626e-01
1.682086e-02	9.065954e-10	7.123986e-01
1.680672e-02	1.113636e-09	7.133016e-01
1.679261e-02	1.326529e-09	7.142641e-01
1.677852e-02	1.544986e-09	7.152792e-01
1.676446e-02	1.768653e-09	7.163410e-01
1.675042e-02	1.997109e-09	7.174436e-01
1.673640e-02	2.229861e-09	7.185819e-01
1.672241e-02	2.466349e-09	7.197509e-01
1.670844e-02	2.705950e-09	7.209460e-01
1.669449e-02	2.947975e-09	7.221627e-01
1.668057e-02	3.191676e-09	7.233968e-01
1.666667e-02	3.436250e-09	7.246442e-01
1.665279e-02	3.680845e-09	7.259007e-01
1.663894e-02	3.924564e-09	7.271626e-01
1.662510e-02	4.166471e-09	7.284259e-01
1.661130e-02	4.405603e-09	7.296868e-01
1.659751e-02	4.640972e-09	7.309416e-01
1.658375e-02	4.871576e-09	7.321866e-01
1.657001e-02	5.096408e-09	7.334185e-01
1.655629e-02	5.314463e-09	7.346338e-01
1.654260e-02	5.524750e-09	7.358292e-01
1.652893e-02	5.726298e-09	7.370019e-01
1.651528e-02	5.918167e-09	7.381490e-01
1.650165e-02	6.099455e-09	7.392680e-01
1.648805e-02	6.269312e-09	7.403569e-01
1.647446e-02	6.426941e-09	7.414139e-01
1.646091e-02	6.571614e-09	7.424375e-01
1.644737e-02	6.702671e-09	7.434270e-01
1.643385e-02	6.819534e-09	7.443819e-01
1.642036e-02	6.921712e-09	7.453023e-01
1.640689e-02	7.008802e-09	7.461886e-01
1.639344e-02	7.080499e-09	7.470419e-01
1.638002e-02	7.136594e-09	7.478639e-01
1.636661e-02	7.176983e-09	7.486564e-01
1.635323e-02	7.201662e-09	7.494220e-01
1.633987e-02	7.210731e-09	7.501635e-01
1.632653e-02	7.204393e-09	7.508841e-01
1.631321e-02	7.182950e-09	7.515874e-01
1.629992e-02	7.146804e-09	7.522772e-01
1.628664e-02	7.096448e-09	7.529574e-01
1.627339e-02	7.032467e-09	7.536321e-01
1.626016e-02	6.955528e-09	7.543056e-01
1.624695e-02	6.866376e-09	7.549819e-01
1.623377e-02	6.765829e-09	7.556651e-01
1.622060e-02	6.654766e-09	7.563590e-01
1.620746e-02	6.534124e-09	7.570673e-01
1.619433e-02	6.404890e-09	7.577933e-01
1.618123e-02	6.268090e-09	7.585401e-01
1.616815e-02	6.124781e-09	7.593102e-01
1.615509e-02	5.976048e-09	7.601057e-01
1.614205e-02	5.822989e-09	7.609283e-01
1.612903e-02	5.666711e-09	7.617791e-01
1.611604e-02	5.508322e-09	7.626585e-01
1.610306e-02	5.348918e-09	7.635665e-01
1.609010e-02	5.189584e-09	7.645026e-01
1.607717e-02	5.031378e-09	7.654655e-01
1.606426e-02	4.875325e-09	7.664535e-01
1.605136e-02	4.722415e-09	7.674644e-01
1.603849e-02	4.573588e-09	7.684953e-01
1.602564e-02	4.429734e-09	7.695431e-01
1.601281e-02	4.291680e-09	7.706041e-01
1.600000e-02	4.160189e-09	7.716744e-01
1.598721e-02	4.035953e-09	7.727497e-01
1.597444e-02	3.919587e-09	7.738257e-01
1.596169e-02	3.811625e-09	7.748976e-01
1.594896e-02	3.712515e-09	7.759609e-01
1.593625e-02	3.622622e-09	7.770108e-01
1.592357e-02	3.542220e-09	7.780428e-01
1.591090e-02	3.471497e-09	7.790525e-01
1.589825e-02	3.410549e-09	7.800356e-01
1.588562e-02	3.359390e-09	7.809881e-01
1.587302e-02	3.317949e-09	7.819063e-01
1.586043e-02	3.286076e-09	7.827870e-01
1.584786e-02	3.263548e-09	7.836272e-01
1.583531e-02	3.250074e-09	7.844245e-01
1.582278e-02	3.245302e-09	7.851769e-01
1.581028e-02	3.248824e-09	7.858828e-01
1.579779e-02	3.260190e-09	7.865412e-01
1.578532e-02	3.278910e-09	7.871517e-01
1.577287e-02	3.304465e-09	7.877145e-01
1.576044e-02	3.336315e-09	7.882301e-01
1.574803e-02	3.373910e-09	7.886997e-01
1.573564e-02	3.416691e-09	7.891252e-01
1.572327e-02	3.464103e-09	7.895089e-01
1.571092e-02	3.515602e-09	7.898536e-01
1.569859e-02	3.570657e-09	7.901628e-01
1.568627e-02	3.628760e-09	7.904403e-01
1.567398e-02	3.689426e-09	7.906906e-01
1.566171e-02	3.752202e-09	7.909182e-01
1.564945e-02	3.816666e-09	7.911284e-01
1.563722e-02	3.882433e-09	7.913264e-01
1.562500e-02	3.949154e-09	7.915179e-01
1.561280e-02	4.016520e-09	7.917084e-01
1.560062e-02	4.084260e-09	7.919039e-01
1.558846e-02	4.152141e-09	7.921099e-01
1.557632e-02	4.219971e-09	7.923322e-01
1.556420e-02	4.287594e-09	7.925763e-01
1.555210e-02	4.354891e-09	7.928475e-01
1.554002e-02	4.421776e-09	7.931508e-01
1.552795e-02	4.488200e-09	7.934910e-01
1.551590e-02	4.554140e-09	7.938725e-01
1.550388e-02	4.619604e-09	7.942994e-01
1.549187e-02	4.684624e-09	7.947753e-01
1.547988e-02	4.749255e-09	7.953036e-01
1.546790e-02	4.813571e-09	7.958873e-01
1.545595e-02	4.877661e-09	7.965289e-01
1.544402e-02	4.941630e-09	7.972307e-01
1.543210e-02	5.005588e-09	7.979946e-01
1.542020e-02	5.069654e-09	7.988221e-01
1.540832e-02	5.133946e-09	7.997146e-01
1.539646e-02	5.198580e-09	8.006730e-01
1.538462e-02	5.263668e-09	8.016981e-01
1.537279e-02	5.329311e-09	8.027903e-01
1.536098e-02	5.395594e-09	8.039500e-01
1.534919e-02	5.462587e-09	8.051772e-01
1.533742e-02	5.530338e-09	8.064717e-01
1.532567e-02	5.598869e-09	8.078332e-01
1.531394e-02	5.668173e-09	8.092610e-01
1.530222e-02	5.738213e-09	8.107546e-01
1.529052e-02	5.808917e-09	8.123129e-01
1.527884e-02	5.880175e-09	8.139348e-01
1.526718e-02	5.951840e-09	8.156190e-01
1.525553e-02	6.023722e-09	8.173638e-01
1.524390e-02	6.095592e-09	8.191675e-01
1.523229e-02	6.167176e-09	8.210281e-01
1.522070e-02	6.238160e-09	8.229433e-01
1.520913e-02	6.308189e-09	8.249104e-01
1.519757e-02	6.376867e-09	8.269268e-01
1.518603e-02	6.443762e-09	8.289892e-01
1.517451e-02	6.508406e-09	8.310943e-01
1.516300e-02	6.570301e-09	8.332382e-01
1.515152e-02	6.628924e-09	8.354169e-01
1.514005e-02	6.683729e-09	8.376261e-01
1.512859e-02	6.734156e-09	8.398609e-01
1.511716e-02	6.779636e-09	8.421165e-01
1.510574e-02	6.819596e-09	8.443873e-01
1.509434e-02	6.853472e-09	8.466679e-01
1.508296e-02	6.880712e-09	8.489524e-01
1.507159e-02	6.900785e-09	8.512345e-01
1.506024e-02	6.913189e-09	8.535082e-01
1.504891e-02	6.917461e-09	8.557668e-01
1.503759e-02	6.913184e-09	8.580039e-01
1.502630e-02	6.899991e-09	8.602129e-01
1.501502e-02	6.877578e-09	8.623873e-01
1.500375e-02	6.845707e-09	8.645207e-01
1.499250e-02	6.804212e-09	8.666068e-01
1.498127e-02	6.752984e-09	8.688748e-01
1.497006e-02	6.692054e-09	8.707955e-01
1.495886e-02	6.621473e-09	8.726611e-01
1.494768e-02	6.541397e-09	8.744681e-01
1.493652e-02	6.452067e-09	8.762088e-01
1.492537e-02	6.353805e-09	8.778769e-01
1.491424e-02	6.247012e-09	8.794673e-01
1.490313e-02	6.132164e-09	8.809756e-01
1.489203e-02	6.009807e-09	8.823986e-01
1.488095e-02	5.880551e-09	8.837337e-01
1.486989e-02	5.745059e-09	8.849791e-01
1.485884e-02	5.604038e-09	8.862177e-01
1.484781e-02	5.458255e-09	8.873490e-01
1.483680e-02	5.308483e-09	8.882940e-01
1.482580e-02	5.155526e-09	8.891542e-01
1.481481e-02	5.000198e-09	8.899298e-01
1.480385e-02	4.843318e-09	8.906222e-01
1.479290e-02	4.685698e-09	8.912333e-01
1.478197e-02	4.528136e-09	8.917659e-01
1.477105e-02	4.371410e-09	8.922233e-01
1.476015e-02	4.216271e-09	8.926098e-01
1.474926e-02	4.063434e-09	8.929300e-01
1.473839e-02	3.913581e-09	8.931892e-01
1.472754e-02	3.767348e-09	8.933933e-01
1.471670e-02	3.625331e-09	8.935485e-01
1.470588e-02	3.488076e-09	8.936616e-01
1.469508e-02	3.356085e-09	8.937397e-01
1.468429e-02	3.229810e-09	8.937902e-01
1.467351e-02	3.109657e-09	8.938206e-01
1.466276e-02	2.995985e-09	8.938387e-01
1.465201e-02	2.889108e-09	8.938524e-01
1.464129e-02	2.789294e-09	8.938693e-01
1.463058e-02	2.696771e-09	8.938973e-01
1.461988e-02	2.611725e-09	8.939438e-01
1.460920e-02	2.534306e-09	8.940162e-01
1.459854e-02	2.464623e-09	8.941215e-01
1.458789e-02	2.402754e-09	8.942664e-01
1.457726e-02	2.348743e-09	8.944571e-01
1.456664e-02	2.302601e-09	8.946993e-01
1.455604e-02	2.264310e-09	8.949982e-01
1.454545e-02	2.233824e-09	8.953586e-01
1.453488e-02	2.211068e-09	8.957845e-01
1.452433e-02	2.195943e-09	8.962795e-01
1.451379e-02	2.188324e-09	8.968465e-01
1.450326e-02	2.188059e-09	8.974877e-01
1.449275e-02	2.194977e-09	8.982049e-01
1.448226e-02	2.208883e-09	8.989991e-01
1.447178e-02	2.229560e-09	8.998707e-01
1.446132e-02	2.256772e-09	9.008198e-01
1.445087e-02	2.290264e-09	9.018457e-01
1.444043e-02	2.329761e-09	9.029471e-01
1.443001e-02	2.374975e-09	9.041223e-01
1.441961e-02	2.425598e-09	9.053692e-01
1.440922e-02	2.481312e-09	9.066851e-01
1.439885e-02	2.541784e-09	9.080672e-01
1.438849e-02	2.606670e-09	9.095120e-01
1.437815e-02	2.675619e-09	9.110161e-01
1.436782e-02	2.748269e-09	9.125756e-01
1.435750e-02	2.824254e-09	9.141868e-01
1.434720e-02	2.903202e-09	9.158457e-01
1.433692e-02	2.984739e-09	9.175486e-01
1.432665e-02	3.068490e-09	9.192916e-01
1.431639e-02	3.154079e-09	9.210711e-01
1.430615e-02	3.241133e-09	9.228837e-01
1.429593e-02	3.329281e-09	9.247262e-01
1.428571e-02	3.418158e-09	9.265956e-01
1.427552e-02	3.507402e-09	9.284890e-01
1.426534e-02	3.596662e-09	9.304037e-01
1.425517e-02	3.685592e-09	9.323367e-01
1.424501e-02	3.773855e-09	9.342853e-01
1.423488e-02	3.861125e-09	9.362461e-01
1.422475e-02	3.947087e-09	9.382156e-01
1.421464e-02	4.031437e-09	9.401896e-01
1.420455e-02	4.113882e-09	9.421637e-01
1.419446e-02	4.194145e-09	9.441330e-01
1.418440e-02	4.271961e-09	9.460931e-01
1.417434e-02	4.347081e-09	9.480397e-01
1.416431e-02	4.419270e-09	9.499699e-01
1.415428e-02	4.488311e-09	9.518819e-01
1.414427e-02	4.554004e-09	9.537754e-01
1.413428e-02	4.616169e-09	9.556514e-01
1.412429e-02	4.674644e-09	9.575116e-01
1.411433e-02	4.729292e-09	9.593586e-01
1.410437e-02	4.779995e-09	9.611950e-01
1.409443e-02	4.826664e-09	9.630238e-01
1.408451e-02	4.869235e-09	9.648489e-01
1.407460e-02	4.907672e-09	9.666749e-01
1.406470e-02	4.941970e-09	9.685079e-01
1.405481e-02	4.972156e-09	9.703550e-01
1.404494e-02	4.998291e-09	9.722245e-01
1.403509e-02	5.020474e-09	9.741251e-01
1.402525e-02	5.038837e-09	9.760656e-01
1.401542e-02	5.053554e-09	9.780543e-01
1.400560e-02	5.064840e-09	9.800989e-01
1.399580e-02	5.072950e-09	9.822062e-01
1.398601e-02	5.078179e-09	9.843828e-01
1.397624e-02	5.080866e-09	9.866345e-01
1.396648e-02	5.081390e-09	9.889669e-01
1.395673e-02	5.080171e-09	9.913858e-01
1.394700e-02	5.077664e-09	9.938969e-01
1.393728e-02	5.074357e-09	9.965061e-01
1.392758e-02	5.070768e-09	9.992193e-01
1.391788e-02	5.067433e-09	1.002043e+00
1.390821e-02	5.064899e-09	1.004981e+00
1.389854e-02	5.063711e-09	1.008040e+00
1.388889e-02	5.064401e-09	1.011221e+00
1.387925e-02	5.067472e-09	1.014755e+00
1.386963e-02	5.073388e-09	1.018135e+00
1.386001e-02	5.082564e-09	1.021650e+00
1.385042e-02	5.095370e-09	1.025294e+00
1.384083e-02	5.112137e-09	1.029062e+00
1.383126e-02	5.133168e-09	1.032956e+00
1.382170e-02	5.158759e-09	1.036979e+00
1.381215e-02	5.189215e-09	1.041143e+00
1.380262e-02	5.224846e-09	1.045460e+00
1.379310e-02	5.265973e-09	1.049948e+00
1.378360e-02	5.312910e-09	1.054625e+00
1.377410e-02	5.365946e-09	1.059505e+00
1.376462e-02	5.425333e-09	1.064602e+00
1.375516e-02	5.491266e-09	1.069926e+00
1.374570e-02	5.563878e-09	1.075483e+00
1.373626e-02	5.642830e-09	1.191885e+00
1.372684e-02	5.727507e-09	1.170190e+00
1.371742e-02	5.818261e-09	1.156301e+00
1.370802e-02	5.915215e-09	1.147792e+00
1.369863e-02	6.018301e-09	1.143275e+00
1.368925e-02	6.127269e-09	1.141749e+00
1.367989e-02	6.241689e-09	1.142486e+00
1.367054e-02	6.360961e-09	1.144958e+00
1.366120e-02	6.487152e-09	1.259745e+00
1.365188e-02	6.614132e-09	1.236833e+00
1.364256e-02	6.743719e-09	1.222406e+00
1.363327e-02	6.874598e-09	1.213872e+00
1.362398e-02	7.005471e-09	1.209736e+00
1.361470e-02	7.135058e-09	1.208914e+00
1.360544e-02	7.262101e-09	1.210616e+00
1.359619e-02	7.385364e-09	1.214261e+00
1.358696e-02	7.503643e-09	1.219423e+00
1.357773e-02	7.615769e-09	1.225787e+00
1.356852e-02	7.720615e-09	1.233118e+00
1.355932e-02	7.817108e-09	1.241241e+00
1.355014e-02	7.904233e-09	1.250026e+00
1.354096e-02	7.981045e-09	1.259375e+00
1.353180e-02	8.046684e-09	1.269215e+00
1.352265e-02	8.100382e-09	1.279490e+00
1.351351e-02	8.141479e-09	1.290157e+00
1.350439e-02	8.169437e-09	1.301182e+00
1.349528e-02	8.183847e-09	1.312537e+00
1.348618e-02	8.184451e-09	1.324200e+00
1.347709e-02	8.171146e-09	1.336147e+00
1.346801e-02	8.143997e-09	1.348358e+00
1.345895e-02	8.103249e-09	1.360809e+00
1.344990e-02	8.049330e-09	1.373476e+00
1.344086e-02	7.982859e-09	1.386330e+00
1.343183e-02	7.904651e-09	1.399342e+00
1.342282e-02	7.815707e-09	1.412475e+00
1.341382e-02	7.717219e-09	1.425691e+00
1.340483e-02	7.610557e-09	1.438945e+00
1.339585e-02	7.497257e-09	1.452190e+00
1.338688e-02	7.378999e-09	1.465376e+00
1.337793e-02	7.257591e-09	1.478449e+00
1.336898e-02	7.134936e-09	1.491354e+00
1.336005e-02	7.013001e-09	1.504036e+00
1.335113e-02	6.893785e-09	1.516438e+00
1.334223e-02	6.779275e-09	1.528508e+00
1.333333e-02	6.671411e-09	1.540197e+00
1.332445e-02	6.572040e-09	1.551458e+00
1.331558e-02	6.482880e-09	1.562250e+00
1.330672e-02	6.405478e-09	1.572542e+00
1.329787e-02	6.341177e-09	1.582305e+00
1.328904e-02	6.291083e-09	1.591521e+00
1.328021e-02	6.256041e-09	1.600178e+00
1.327140e-02	6.236615e-09	1.608271e+00
1.326260e-02	6.233073e-09	1.615802e+00
1.325381e-02	6.245387e-09	1.622928e+00
1.324503e-02	6.273222e-09	1.629330e+00
1.323627e-02	6.315959e-09	1.635219e+00
1.322751e-02	6.372699e-09	1.640614e+00
1.321877e-02	6.442289e-09	1.645538e+00
1.321004e-02	6.523346e-09	1.650013e+00
1.320132e-02	6.614292e-09	1.654064e+00
1.319261e-02	6.713383e-09	1.657717e+00
1.318392e-02	6.818761e-09	1.660996e+00
1.317523e-02	6.928481e-09	1.663925e+00
1.316656e-02	7.040567e-09	1.666528e+00
1.315789e-02	7.153048e-09	1.668826e+00
1.314924e-02	7.264006e-09	1.670842e+00
1.314060e-02	7.371608e-09	1.672594e+00
1.313198e-02	7.474153e-09	1.674104e+00
1.312336e-02	7.570093e-09	1.675390e+00
1.311475e-02	7.658057e-09	1.679197e+00
1.310616e-02	7.736904e-09	1.681550e+00
1.309758e-02	7.805677e-09	1.681165e+00
1.308901e-02	7.863696e-09	1.697534e+00
1.308044e-02	7.910440e-09	1.692995e+00
1.307190e-02	7.945619e-09	1.689313e+00
1.306336e-02	7.969096e-09	1.686700e+00
1.305483e-02	7.980913e-09	1.684802e+00
1.304631e-02	7.981265e-09	1.683378e+00
1.303781e-02	7.970467e-09	1.682259e+00
1.302932e-02	7.948919e-09	1.681324e+00
1.302083e-02	7.917081e-09	1.680609e+00
1.301236e-02	7.875418e-09	1.679782e+00
1.300390e-02	7.824412e-09	1.679055e+00
1.299545e-02	7.764902e-09	1.683121e+00
1.298701e-02	7.696546e-09	1.680758e+00
1.297859e-02	7.619956e-09	1.678614e+00
1.297017e-02	7.535335e-09	1.685534e+00
1.296176e-02	7.442895e-09	1.689451e+00
1.295337e-02	7.342574e-09	1.682897e+00
1.294498e-02	7.234142e-09	1.677499e+00
1.293661e-02	7.117307e-09	1.672792e+00
1.292825e-02	6.991723e-09	1.668450e+00
1.291990e-02	6.857003e-09	1.664246e+00
1.291156e-02	6.712744e-09	1.660020e+00
1.290323e-02	6.558550e-09	1.655664e+00
1.289491e-02	6.394066e-09	1.651104e+00
1.288660e-02	6.219004e-09	1.646297e+00
1.287830e-02	6.033173e-09	1.641218e+00
1.287001e-02	5.836501e-09	1.635860e+00
1.286174e-02	5.629055e-09	1.630230e+00
1.285347e-02	5.411051e-09	1.624347e+00
1.284522e-02	5.182861e-09	1.618235e+00
1.283697e-02	4.945010e-09	1.611929e+00
1.282874e-02	4.698174e-09	1.605466e+00
1.282051e-02	4.443160e-09	1.598886e+00
1.281230e-02	4.180901e-09	1.592232e+00
1.280410e-02	3.912429e-09	1.585545e+00
1.279591e-02	3.638860e-09	1.578867e+00
1.278772e-02	3.361372e-09	1.572236e+00
1.277955e-02	3.081187e-09	1.565688e+00
1.277139e-02	2.799547e-09	1.559257e+00
1.276324e-02	2.517702e-09	1.552970e+00
1.275510e-02	2.236893e-09	1.546855e+00
1.274697e-02	1.958335e-09	1.540932e+00
1.273885e-02	1.683208e-09	1.535220e+00
1.273074e-02	1.412647e-09	1.529734e+00
1.272265e-02	1.147730e-09	1.524487e+00
1.271456e-02	8.894788e-10	1.519488e+00
1.270648e-02	6.388442e-10	1.514747e+00
1.269841e-02	3.967126e-10	1.510271e+00
1.269036e-02	1.638972e-10	1.506065e+00
1.268231e-02	-5.885848e-11	1.502136e+00
1.267427e-02	-2.708844e-10	1.498488e+00
1.266624e-02	-4.715785e-10	1.495128e+00
1.265823e-02	-6.604077e-10	1.492059e+00
1.265022e-02	-8.369036e-10	1.489289e+00
1.264223e-02	-1.000659e-09	1.486823e+00
1.263424e-02	-1.151324e-09	1.484667e+00
1.262626e-02	-1.288601e-09	1.482828e+00
1.261830e-02	-1.412242e-09	1.481311e+00
1.261034e-02	-1.522042e-09	1.480123e+00
1.260239e-02	-1.617833e-09	1.479269e+00
1.259446e-02	-1.699481e-09	1.478753e+00
1.258653e-02	-1.766881e-09	1.478579e+00
1.257862e-02	-1.819949e-09	1.478748e+00
1.257071e-02	-1.858620e-09	1.479261e+00
1.256281e-02	-1.882843e-09	1.480116e+00
1.255493e-02	-1.892574e-09	1.481310e+00
1.254705e-02	-1.887776e-09	1.482836e+00
1.253918e-02	-1.868409e-09	1.484686e+00
1.253133e-02	-1.834432e-09	1.486849e+00
1.252348e-02	-1.785797e-09	1.489311e+00
1.251564e-02	-1.722445e-09	1.492055e+00
1.250782e-02	-1.644305e-09	1.495062e+00
1.250000e-02	-1.551294e-09	1.498310e+00
1.249219e-02	-1.443311e-09	1.501776e+00
1.248439e-02	-1.320241e-09	1.505434e+00
1.247661e-02	-1.181953e-09	1.509256e+00
1.246883e-02	-1.028302e-09	1.513215e+00
1.246106e-02	-8.591301e-10	1.517281e+00
1.245330e-02	-6.742737e-10	1.521424e+00
1.244555e-02	-4.735636e-10	1.525617e+00
1.243781e-02	-2.568352e-10	1.529831e+00
1.243008e-02	-2.393376e-11	1.534039e+00
1.242236e-02	2.252774e-10	1.538218e+00
1.241465e-02	4.909046e-10	1.542345e+00
1.240695e-02	7.730140e-10	1.546400e+00
1.239926e-02	1.071621e-09	1.550365e+00
1.239157e-02	1.386674e-09	1.554228e+00
1.238390e-02	1.718046e-09	1.557977e+00
1.237624e-02	2.065518e-09	1.561602e+00
1.236858e-02	2.428768e-09	1.565099e+00
1.236094e-02	2.807361e-09	1.568464e+00
1.235330e-02	3.200738e-09	1.571695e+00
1.234568e-02	3.608204e-09	1.574794e+00
1.233806e-02	4.028930e-09	1.577762e+00
1.233046e-02	4.461942e-09	1.580603e+00
1.232286e-02	4.906124e-09	1.583322e+00
1.231527e-02	5.360219e-09	1.585923e+00
1.230769e-02	5.822833e-09	1.588412e+00
1.230012e-02	6.292445e-09	1.590794e+00
1.229256e-02	6.767416e-09	1.593075e+00
1.228501e-02	7.246005e-09	1.595261e+00
1.227747e-02	7.726382e-09	1.597355e+00
1.226994e-02	8.206647e-09	1.599363e+00
1.226242e-02	8.684849e-09	1.601289e+00
1.225490e-02	9.159007e-09	1.603134e+00
1.224740e-02	9.627130e-09	1.604903e+00
1.223990e-02	1.008724e-08	1.606595e+00
1.223242e-02	1.053739e-08	1.608212e+00
1.222494e-02	1.097569e-08	1.609754e+00
1.221747e-02	1.140031e-08	1.611221e+00
1.221001e-02	1.180952e-08	1.612611e+00
1.220256e-02	1.220170e-08	1.613922e+00
1.219512e-02	1.257534e-08	1.615152e+00
1.218769e-02	1.292904e-08	1.616298e+00
1.218027e-02	1.326158e-08	1.617358e+00
1.217285e-02	1.357186e-08	1.618328e+00
1.216545e-02	1.385892e-08	1.619205e+00
1.215805e-02	1.412199e-08	1.619984e+00
1.215067e-02	1.436041e-08	1.620663e+00
1.214329e-02	1.457370e-08	1.621239e+00
1.213592e-02	1.476153e-08	1.621707e+00
1.212856e-02	1.492370e-08	1.622065e+00
1.212121e-02	1.506015e-08	1.622309e+00
1.211387e-02	1.517097e-08	1.622436e+00
1.210654e-02	1.525636e-08	1.622444e+00
1.209921e-02	1.531663e-08	1.622331e+00
1.209190e-02	1.535222e-08	1.622093e+00
1.208459e-02	1.536366e-08	1.621729e+00
1.207729e-02	1.535156e-08	1.621237e+00
1.207001e-02	1.531662e-08	1.620617e+00
1.206273e-02	1.525963e-08	1.619866e+00
1.205546e-02	1.518142e-08	1.618984e+00
1.204819e-02	1.508289e-08	1.617972e+00
1.204094e-02	1.496499e-08	1.616829e+00
1.203369e-02	1.482870e-08	1.615557e+00
1.202646e-02	1.467505e-08	1.614156e+00
1.201923e-02	1.450509e-08	1.612628e+00
1.201201e-02	1.431988e-08	1.610977e+00
1.200480e-02	1.412052e-08	1.609205e+00
1.199760e-02	1.390808e-08	1.607316e+00
1.199041e-02	1.368366e-08	1.605315e+00
1.198322e-02	1.344836e-08	1.603206e+00
1.197605e-02	1.320326e-08	1.600996e+00
1.196888e-02	1.294943e-08	1.598691e+00
1.196172e-02	1.268793e-08	1.596298e+00
1.195457e-02	1.241979e-08	1.593825e+00
1.194743e-02	1.214602e-08	1.591279e+00
1.194030e-02	1.186761e-08	1.588671e+00
1.193317e-02	1.158552e-08	1.586008e+00
1.192606e-02	1.130067e-08	1.583301e+00
1.191895e-02	1.101396e-08	1.580560e+00
1.191185e-02	1.072624e-08	1.577794e+00
1.190476e-02	1.043834e-08	1.575014e+00
1.189768e-02	1.015104e-08	1.572230e+00
1.189061e-02	9.865099e-09	1.569454e+00
1.188354e-02	9.581219e-09	1.566696e+00
1.187648e-02	9.300077e-09	1.563965e+00
1.186944e-02	9.022311e-09	1.561274e+00
1.186240e-02	8.748522e-09	1.558631e+00
1.185536e-02	8.479275e-09	1.556047e+00
1.184834e-02	8.215100e-09	1.553532e+00
1.184133e-02	7.956497e-09	1.551095e+00
1.183432e-02	7.703931e-09	1.548744e+00
1.182732e-02	7.457837e-09	1.546490e+00
1.182033e-02	7.218621e-09	1.544339e+00
1.181335e-02	6.986661e-09	1.542300e+00
1.180638e-02	6.762312e-09	1.540380e+00
1.179941e-02	6.545901e-09	1.538585e+00
1.179245e-02	6.337733e-09	1.536924e+00
1.178550e-02	6.138092e-09	1.535400e+00
1.177856e-02	5.947243e-09	1.534020e+00
1.177163e-02	5.765430e-09	1.532788e+00
1.176471e-02	5.592879e-09	1.531709e+00
1.175779e-02	5.429801e-09	1.530788e+00
1.175088e-02	5.276389e-09	1.530027e+00
1.174398e-02	5.132820e-09	1.529430e+00
1.173709e-02	4.999255e-09	1.529000e+00
1.173021e-02	4.875839e-09	1.528739e+00
1.172333e-02	4.762704e-09	1.528650e+00
1.171646e-02	4.659961e-09	1.528733e+00
1.170960e-02	4.567706e-09	1.528990e+00
1.170275e-02	4.486016e-09	1.529423e+00
1.169591e-02	4.414948e-09	1.530032e+00
1.168907e-02	4.354539e-09	1.530817e+00
1.168224e-02	4.304802e-09	1.531780e+00
1.167542e-02	4.265723e-09	1.532919e+00
1.166861e-02	4.237262e-09	1.534236e+00
1.166181e-02	4.219349e-09	1.535729e+00
1.165501e-02	4.211881e-09	1.537397e+00
1.164822e-02	4.214717e-09	1.539242e+00
1.164144e-02	4.227680e-09	1.541260e+00
1.163467e-02	4.250549e-09	1.543452e+00
1.162791e-02	4.283060e-09	1.545815e+00
1.162115e-02	4.324901e-09	1.548349e+00
1.161440e-02	4.375709e-09	1.551052e+00
1.160766e-02	4.435069e-09	1.553921e+00
1.160093e-02	4.502512e-09	1.556955e+00
1.159420e-02	4.577516e-09	1.560150e+00
1.158749e-02	4.659500e-09	1.563504e+00
1.158078e-02	4.747829e-09	1.567012e+00
1.157407e-02	4.841815e-09	1.570672e+00
1.156738e-02	4.940719e-09	1.574478e+00
1.156069e-02	5.043749e-09	1.578425e+00
1.155402e-02	5.150071e-09	1.582507e+00
1.154734e-02	5.258808e-09	1.586716e+00
1.154068e-02	5.369045e-09	1.591045e+00
1.153403e-02	5.479834e-09	1.595486e+00
1.152738e-02	5.590196e-09	1.600029e+00
1.152074e-02	5.699125e-09	1.604663e+00
1.151410e-02	5.805591e-09	1.609379e+00
1.150748e-02	5.908540e-09	1.614164e+00
1.150086e-02	6.006897e-09	1.619009e+00
1.149425e-02	6.099565e-09	1.623902e+00
1.148765e-02	6.185437e-09	1.628832e+00
1.148106e-02	6.263390e-09	1.633788e+00
1.147447e-02	6.332304e-09	1.638762e+00
1.146789e-02	6.391068e-09	1.643745e+00
1.146132e-02	6.438596e-09	1.648727e+00
1.145475e-02	6.473845e-09	1.653702e+00
1.144820e-02	6.495836e-09	1.658662e+00
1.144165e-02	6.503673e-09	1.663602e+00
1.143511e-02	6.496565e-09	1.668516e+00
1.142857e-02	6.473845e-09	1.673399e+00
1.142204e-02	6.434990e-09	1.678246e+00
1.141553e-02	6.379630e-09	1.683054e+00
1.140901e-02	6.307568e-09	1.687820e+00
1.140251e-02	6.218781e-09	1.692540e+00
1.139601e-02	6.113425e-09	1.697214e+00
1.138952e-02	5.991839e-09	1.701842e+00
1.138304e-02	5.854537e-09	1.706421e+00
1.137656e-02	5.702206e-09	1.710955e+00
1.137010e-02	5.535692e-09	1.715445e+00
1.136364e-02	5.355994e-09	1.719892e+00
1.135718e-02	5.164247e-09	1.724302e+00
1.135074e-02	4.961707e-09	1.728677e+00
1.134430e-02	4.749739e-09	1.733024e+00
1.133787e-02	4.529791e-09	1.737348e+00
1.133144e-02	4.303387e-09	1.741655e+00
1.132503e-02	4.072099e-09	1.745952e+00
1.131862e-02	3.837536e-09	1.750246e+00
1.131222e-02	3.601320e-09	1.754544e+00
1.130582e-02	3.365074e-09	1.758855e+00
1.129944e-02	3.130401e-09	1.763186e+00
1.129305e-02	2.898866e-09	1.767544e+00
1.128668e-02	2.671987e-09	1.771937e+00
1.128032e-02	2.451211e-09	1.776372e+00
1.127396e-02	2.237908e-09	1.780857e+00
1.126761e-02	2.033358e-09	1.785397e+00
1.126126e-02	1.838736e-09	1.789997e+00
1.125492e-02	1.655105e-09	1.794665e+00
1.124859e-02	1.483412e-09	1.799402e+00
1.124227e-02	1.324475e-09	1.804213e+00
1.123596e-02	1.178986e-09	1.809099e+00
1.122965e-02	1.047505e-09	1.814062e+00
1.122334e-02	9.304578e-10	1.819102e+00
1.121705e-02	8.281429e-10	1.824217e+00
1.121076e-02	7.407302e-10	1.829403e+00
1.120448e-02	6.682680e-10	1.834658e+00
1.119821e-02	6.106881e-10	1.839974e+00
1.119194e-02	5.678153e-10	1.845344e+00
1.118568e-02	5.393762e-10	1.850760e+00
1.117943e-02	5.250080e-10	1.856211e+00
1.117318e-02	5.242722e-10	1.861684e+00
1.116695e-02	5.366642e-10	1.867168e+00
1.116071e-02	5.616250e-10	1.872646e+00
1.115449e-02	5.985532e-10	1.878102e+00
1.114827e-02	6.468163e-10	1.883521e+00
1.114206e-02	7.057600e-10	1.888883e+00
1.113586e-02	7.747181e-10	1.894171e+00
1.112966e-02	8.530191e-10	1.899365e+00
1.112347e-02	9.399945e-10	1.904448e+00
1.111729e-02	1.034981e-09	1.909401e+00
1.111111e-02	1.137324e-09	1.914205e+00
1.110494e-02	1.246381e-09	1.918846e+00
1.109878e-02	1.361517e-09	1.923307e+00
1.109262e-02	1.482108e-09	1.927576e+00
1.108647e-02	1.607532e-09	1.931641e+00
1.108033e-02	1.737170e-09	1.935493e+00
1.107420e-02	1.870398e-09	1.939127e+00
1.106807e-02	2.006582e-09	1.942539e+00
1.106195e-02	2.145078e-09	1.945728e+00
1.105583e-02	2.285219e-09	1.948698e+00
1.104972e-02	2.426317e-09	1.951453e+00
1.104362e-02	2.567658e-09	1.954001e+00
1.103753e-02	2.708498e-09	1.956354e+00
1.103144e-02	2.848065e-09	1.958526e+00
1.102536e-02	2.985556e-09	1.960532e+00
1.101928e-02	3.120141e-09	1.962390e+00
1.101322e-02	3.250964e-09	1.964119e+00
1.100715e-02	3.377148e-09	1.965740e+00
1.100110e-02	3.497800e-09	1.967275e+00
1.099505e-02	3.612020e-09	1.968743e+00
1.098901e-02	3.718904e-09	1.970168e+00
1.098298e-02	3.817556e-09	1.971568e+00
1.097695e-02	3.907098e-09	1.972964e+00
1.097093e-02	3.986678e-09	1.974371e+00
1.096491e-02	4.055481e-09	1.975806e+00
1.095890e-02	4.112744e-09	1.977278e+00
1.095290e-02	4.157765e-09	1.978795e+00
1.094691e-02	4.189912e-09	1.980360e+00
1.094092e-02	4.208643e-09	1.981971e+00
1.093494e-02	4.213511e-09	1.983619e+00
1.092896e-02	4.204177e-09	1.985289e+00
1.092299e-02	4.180423e-09	1.986960e+00
1.091703e-02	4.142155e-09	1.988604e+00
1.091107e-02	4.089415e-09	1.990184e+00
1.090513e-02	4.022380e-09	1.991661e+00
1.089918e-02	3.941367e-09	1.992986e+00
1.089325e-02	3.846827e-09	1.994109e+00
1.088732e-02	3.739341e-09	1.994975e+00
1.088139e-02	3.619603e-09	1.995531e+00
1.087548e-02	3.488415e-09	1.995724e+00
1.086957e-02	3.346658e-09	1.995505e+00
1.086366e-02	3.195279e-09	1.994833e+00
1.085776e-02	3.035265e-09	1.993673e+00
1.085187e-02	2.867621e-09	1.992002e+00
1.084599e-02	2.693347e-09	1.989807e+00
1.084011e-02	2.513421e-09	1.987086e+00
1.083424e-02	2.328783e-09	1.983850e+00
1.082837e-02	2.140320e-09	1.980118e+00
1.082251e-02	1.948860e-09	1.975919e+00
1.081666e-02	1.755169e-09	1.971290e+00
1.081081e-02	1.559952e-09	1.966272e+00
1.080497e-02	1.363849e-09	1.960910e+00
1.079914e-02	1.167447e-09	1.955249e+00
1.079331e-02	9.712785e-10	1.949338e+00
1.078749e-02	7.758256e-10	1.943221e+00
1.078167e-02	5.815238e-10	1.936942e+00
1.077586e-02	3.887620e-10	1.930544e+00
1.077006e-02	1.978814e-10	1.924063e+00
1.076426e-02	9.177409e-12	1.917537e+00
1.075847e-02	-1.771032e-10	1.910999e+00
1.075269e-02	-3.607574e-10	1.904479e+00
1.074691e-02	-5.416248e-10	1.898005e+00
1.074114e-02	-7.195797e-10	1.891602e+00
1.073537e-02	-8.945229e-10	1.885294e+00
1.072961e-02	-1.066373e-09	1.879100e+00
1.072386e-02	-1.235052e-09	1.873038e+00
1.071811e-02	-1.400476e-09	1.867124e+00
1.071237e-02	-1.562545e-09	1.861370e+00
1.070664e-02	-1.721129e-09	1.855787e+00
1.070091e-02	-1.876063e-09	1.850381e+00
1.069519e-02	-2.027141e-09	1.845158e+00
1.068947e-02	-2.174108e-09	1.840120e+00
1.068376e-02	-2.316665e-09	1.835269e+00
1.067806e-02	-2.454463e-09	1.830602e+00
1.067236e-02	-2.587109e-09	1.826117e+00
1.066667e-02	-2.714167e-09	1.821807e+00
1.066098e-02	-2.835165e-09	1.817667e+00
1.065530e-02	-2.949602e-09	1.813688e+00
1.064963e-02	-3.056952e-09	1.809860e+00
1.064396e-02	-3.156678e-09	1.806175e+00
1.063830e-02	-3.248234e-09	1.802620e+00
1.063264e-02	-3.331078e-09	1.799186e+00
1.062699e-02	-3.404682e-09	1.795861e+00
1.062135e-02	-3.468538e-09	1.792635e+00
1.061571e-02	-3.522170e-09	1.789496e+00
1.061008e-02	-3.565137e-09	1.786437e+00
1.060445e-02	-3.597046e-09	1.783447e+00
1.059883e-02	-3.617555e-09	1.780520e+00
1.059322e-02	-3.626378e-09	1.777649e+00
1.058761e-02	-3.623291e-09	1.774829e+00
1.058201e-02	-3.608132e-09	1.772055e+00
1.057641e-02	-3.580803e-09	1.769326e+00
1.057082e-02	-3.541273e-09	1.766639e+00
1.056524e-02	-3.489574e-09	1.763993e+00
1.055966e-02	-3.425800e-09	1.761388e+00
1.055409e-02	-3.350106e-09	1.758825e+00
1.054852e-02	-3.262705e-09	1.756305e+00
1.054296e-02	-3.163863e-09	1.753829e+00
1.053741e-02	-3.053900e-09	1.751398e+00
1.053186e-02	-2.933181e-09	1.749014e+00
1.052632e-02	-2.802119e-09	1.746678e+00
1.052078e-02	-2.661169e-09	1.744393e+00
1.051525e-02	-2.510827e-09	1.742158e+00
1.050972e-02	-2.351627e-09	1.739976e+00
1.050420e-02	-2.184139e-09	1.737847e+00
1.049869e-02	-2.008972e-09	1.735773e+00
1.049318e-02	-1.826765e-09	1.733754e+00
1.048768e-02	-1.638193e-09	1.731790e+00
1.048218e-02	-1.443957e-09	1.729883e+00
1.047669e-02	-1.244792e-09	1.728031e+00
1.047120e-02	-1.041458e-09	1.726235e+00
1.046572e-02	-8.347346e-10	1.724495e+00
1.046025e-02	-6.254258e-10	1.722811e+00
1.045478e-02	-4.143479e-10	1.721182e+00
1.044932e-02	-2.023278e-10	1.719608e+00
1.044386e-02	9.803222e-12	1.718088e+00
1.043841e-02	2.212166e-10	1.716622e+00
1.043297e-02	4.310918e-10	1.715210e+00
1.042753e-02	6.386242e-10	1.713850e+00
1.042209e-02	8.430311e-10	1.712544e+00
1.041667e-02	1.043559e-09	1.711292e+00
1.041124e-02	1.239493e-09	1.710093e+00
1.040583e-02	1.430154e-09	1.708950e+00
1.040042e-02	1.614915e-09	1.707862e+00
1.039501e-02	1.793198e-09	1.706833e+00
1.038961e-02	1.964479e-09	1.705865e+00
1.038422e-02	2.128293e-09	1.704959e+00
1.037883e-02	2.284229e-09	1.704120e+00
1.037344e-02	2.431937e-09	1.703350e+00
1.036807e-02	2.571123e-09	1.702655e+00
1.036269e-02	2.701548e-09	1.702038e+00
1.035733e-02	2.823024e-09	1.701504e+00
1.035197e-02	2.935410e-09	1.701058e+00
1.034661e-02	3.038611e-09	1.700706e+00
1.034126e-02	3.132568e-09	1.700453e+00
1.033592e-02	3.217255e-09	1.700303e+00
1.033058e-02	3.292673e-09	1.700263e+00
1.032525e-02	3.358847e-09	1.700336e+00
1.031992e-02	3.415816e-09	1.700527e+00
1.031460e-02	3.463631e-09	1.700840e+00
1.030928e-02	3.502352e-09	1.701277e+00
1.030397e-02	3.532040e-09	1.701840e+00
1.029866e-02	3.552758e-09	1.702530e+00
1.029336e-02	3.564561e-09	1.703347e+00
1.028807e-02	3.567506e-09	1.704287e+00
1.028278e-02	3.561638e-09	1.705348e+00
1.027749e-02	3.547001e-09	1.706525e+00
1.027221e-02	3.523627e-09	1.707809e+00
1.026694e-02	3.491546e-09	1.709193e+00
1.026167e-02	3.450783e-09	1.710666e+00
1.025641e-02	3.401360e-09	1.712217e+00
1.025115e-02	3.343299e-09	1.713832e+00
1.024590e-02	3.276627e-09	1.715498e+00
1.024066e-02	3.201371e-09	1.717201e+00
1.023541e-02	3.117570e-09	1.718926e+00
1.023018e-02	3.025272e-09	1.720661e+00
1.022495e-02	2.924537e-09	1.722392e+00
1.021972e-02	2.815443e-09	1.724108e+00
1.021450e-02	2.698081e-09	1.725801e+00
1.020929e-02	2.572562e-09	1.727462e+00
1.020408e-02	2.439015e-09	1.729085e+00
1.019888e-02	2.297589e-09	1.730668e+00
1.019368e-02	2.148450e-09	1.732208e+00
1.018849e-02	1.991780e-09	1.733706e+00
1.018330e-02	1.827780e-09	1.735162e+00
1.017812e-02	1.656659e-09	1.736578e+00
1.017294e-02	1.478642e-09	1.737957e+00
1.016777e-02	1.293957e-09	1.739302e+00
1.016260e-02	1.102841e-09	1.740617e+00
1.015744e-02	9.055321e-10	1.741904e+00
1.015228e-02	7.022663e-10	1.743170e+00
1.014713e-02	4.932786e-10	1.744419e+00
1.014199e-02	2.787979e-10	1.745657e+00
1.013685e-02	5.904611e-11	1.746892e+00
1.013171e-02	-1.657619e-10	1.748133e+00
1.012658e-02	-3.954215e-10	1.749390e+00
1.012146e-02	-6.297353e-10	1.750673e+00
1.011634e-02	-8.685139e-10	1.751991e+00
1.011122e-02	-1.111575e-09	1.753357e+00
1.010611e-02	-1.358743e-09	1.754777e+00
1.010101e-02	-1.609840e-09	1.756261e+00
1.009591e-02	-1.864692e-09	1.757813e+00
1.009082e-02	-2.123120e-09	1.759436e+00
1.008573e-02	-2.384936e-09	1.761130e+00
1.008065e-02	-2.649941e-09	1.762895e+00
1.007557e-02	-2.917921e-09	1.764725e+00
1.007049e-02	-3.188641e-09	1.766617e+00
1.006543e-02	-3.461841e-09	1.768567e+00
1.006036e-02	-3.737234e-09	1.770572e+00
1.005530e-02	-4.014500e-09	1.772630e+00
1.005025e-02	-4.293281e-09	1.774743e+00
1.004520e-02	-4.573185e-09	1.776917e+00
1.004016e-02	-4.853776e-09	1.779160e+00
1.003512e-02	-5.134578e-09	1.781484e+00
1.003009e-02	-5.415071e-09	1.783907e+00
1.002506e-02	-5.694693e-09	1.786445e+00
1.002004e-02	-5.972839e-09	1.789119e+00
1.001502e-02	-6.248867e-09	1.791950e+00
1.001001e-02	-6.522091e-09	1.794958e+00
1.000500e-02	-6.791797e-09	1.798164e+00
1.000000e-02	-7.057235e-09	1.801584e+00
